                    mod014                                                      
           1          95           4   1832.0000000000000        1834.0000000000000        1836.0000000000000        1838.0000000000000        1840.0000000000000        1842.0000000000000        1844.0000000000000        1846.0000000000000        1848.0000000000000        1850.0000000000000        1852.0000000000000        1854.0000000000000        1856.0000000000000        1858.0000000000000        1860.0000000000000        1862.0000000000000        1864.0000000000000        1866.0000000000000        1868.0000000000000        1870.0000000000000        1872.0000000000000        1874.0000000000000        1876.0000000000000        1878.0000000000000        1880.0000000000000        1882.0000000000000        1884.0000000000000        1886.0000000000000        1888.0000000000000        1890.0000000000000        1892.0000000000000        1894.0000000000000        1896.0000000000000        1898.0000000000000        1900.0000000000000        1902.0000000000000        1904.0000000000000        1906.0000000000000        1908.0000000000000        1910.0000000000000        1912.0000000000000        1914.0000000000000        1916.0000000000000        1918.0000000000000        1920.0000000000000        1922.0000000000000        1924.0000000000000        1926.0000000000000        1928.0000000000000        1930.0000000000000        1932.0000000000000        1934.0000000000000        1936.0000000000000        1938.0000000000000        1940.0000000000000        1942.0000000000000        1944.0000000000000        1946.0000000000000        1948.0000000000000        1950.0000000000000        1952.0000000000000        1954.0000000000000        1956.0000000000000        1958.0000000000000        1960.0000000000000        1962.0000000000000        1964.0000000000000        1966.0000000000000        1968.0000000000000        1970.0000000000000        1972.0000000000000        1974.0000000000000        1976.0000000000000        1978.0000000000000        1980.0000000000000        1982.0000000000000        1984.0000000000000        1986.0000000000000        1988.0000000000000        1990.0000000000000        1992.0000000000000        1994.0000000000000        1996.0000000000000        1998.0000000000000        2000.0000000000000        2002.0000000000000        2004.0000000000000        2006.0000000000000        2008.0000000000000        2010.0000000000000        2012.0000000000000        2014.0000000000000        2016.0000000000000        2018.0000000000000        2020.0000000000000        2022.0000000000000        2024.0000000000000        2026.0000000000000        2028.0000000000000     
 -0.535877649386E+03  0.119759274120E+03 -0.537629924404E+02  0.224777598116E+02
 -0.875072423598E+01  0.629404654240E+01  0.280212239082E+00 -0.965937541224E+01
  0.549675876910E+01 -0.358224060540E+01  0.329110758683E+01  0.150749292004E+02
 -0.920349207051E+01  0.300775864818E+01  0.730480793023E+01  0.106162975152E+01
  0.160942356595E+02 -0.991546698751E+01 -0.321633778059E+01  0.133640825498E+01
  0.302153601011E+01 -0.203844301507E+01  0.126263382825E+02 -0.142687252733E+02
  0.120444180797E+02  0.115958310868E+01 -0.128000536293E+02  0.193889566827E+02
 -0.209333691874E+02 -0.631909423280E+00 -0.136756743100E+02  0.896899366132E+01
 -0.840863104199E+01  0.249440906906E+02 -0.171823943542E+02  0.248630944835E+01
  0.216716535577E+01 -0.822992098111E+01  0.970106292169E+01  0.270066280915E+02
 -0.958057306620E+01 -0.681903997997E+01 -0.556669576595E+00 -0.139705765279E+02
  0.263725458877E+02 -0.927836920772E+01  0.620381087810E+01 -0.111974387645E+02
  0.715251527824E+01  0.204053361687E+01  0.186879836719E+02 -0.641623719975E+01
  0.361599850130E+01  0.477622488935E+00  0.194484252657E+02  0.407266178613E+01
 -0.431361888708E+01  0.813966000621E+01 -0.122592864125E+02  0.260620473035E+02
 -0.343287227901E+01  0.304760225050E+01 -0.186857448605E+02  0.937577130769E+01
  0.368769376037E+01  0.149249084790E+02 -0.116631029137E+02 -0.326048390820E+00
  0.595551586345E+01 -0.150650398913E+02  0.668520195377E+01 -0.120271854408E+02
  0.582147035598E+01 -0.181569580326E+02 -0.701017100051E+01  0.174243241968E+01
  0.157101435664E+02 -0.182043397788E+02 -0.696588818197E+01 -0.591422096730E+01
  0.109990802640E+02  0.105296994083E+02 -0.118968764439E+02  0.435995005364E+01
 -0.159118062615E+02  0.443663135255E+01  0.272410210821E+01  0.164743922335E+02
 -0.530484863103E+01  0.729652977774E+01  0.140294059780E+02 -0.474066782144E+01
 -0.197047161682E+02  0.460209673273E+02 -0.114956815494E+03
