# lons lats(polar edge) lats(equatorward edge)
0.000000000000000000e+00 6.289629639574599196e+01 5.438216427013959020e+01
5.006954102920723182e-01 6.289853209275344170e+01 5.436612480633174016e+01
1.001390820584144636e+00 6.290033700179657217e+01 5.434951537974995972e+01
1.502086230876216844e+00 6.290171938259902618e+01 5.433235222763812544e+01
2.002781641168289273e+00 6.290268754770337978e+01 5.431465230116758391e+01
2.503477051460361480e+00 6.290324989380721377e+01 5.429643262007105875e+01
3.004172461752433687e+00 6.290341477471926623e+01 5.427771011412666269e+01
3.504867872044505894e+00 6.290319060172882359e+01 5.425850216403253512e+01
4.005563282336578546e+00 6.290258576359596532e+01 5.423882577201723620e+01
4.506258692628650309e+00 6.290160875499245208e+01 5.421869858587042756e+01
5.006954102920722960e+00 6.290026797528375369e+01 5.419813800090804534e+01
5.507649513212795611e+00 6.289857192977328282e+01 5.417716181804890141e+01
6.008344923504867374e+00 6.289652906439263802e+01 5.415578724783959785e+01
6.509040333796940025e+00 6.289414784486402255e+01 5.413403244234619649e+01
7.009735744089011789e+00 6.289143679278438981e+01 5.411191499561165585e+01
7.510431154381083552e+00 6.288840439483990963e+01 5.408945280928308819e+01
8.011126564673157091e+00 6.288505906454318506e+01 5.406666371721871656e+01
8.511821974965229742e+00 6.288140931612772988e+01 5.404356573759906723e+01
9.012517385257300617e+00 6.287746360073684571e+01 5.402017667940100409e+01
9.513212795549373268e+00 6.287323032272284706e+01 5.399651453653787314e+01
1.001390820584144592e+01 6.286871795367220273e+01 5.397259735413794601e+01
1.051460361613352035e+01 6.286393482994058957e+01 5.394844278604230681e+01
1.101529902642559122e+01 6.285888938290996464e+01 5.392406904151776814e+01
1.151599443671766032e+01 6.285358988780318157e+01 5.389949361574018383e+01
1.201668984700973475e+01 6.284804469477886357e+01 5.387473465623722291e+01
1.251738525730180740e+01 6.284226205237710872e+01 5.384980960947949313e+01
1.301808066759388005e+01 6.283625019890233432e+01 5.382473620750700150e+01
1.351877607788595093e+01 6.283001727600559150e+01 5.379953203168128084e+01
1.401947148817802358e+01 6.282357147263213903e+01 5.377421440002053998e+01
1.452016689847009623e+01 6.281692080921460786e+01 5.374880061861604474e+01
1.502086230876216710e+01 6.281007330655086207e+01 5.372330771161809082e+01
1.552155771905424153e+01 6.280303696886976184e+01 5.369775296464662517e+01
1.602225312934631418e+01 6.279581963204536521e+01 5.367215289486183849e+01
1.652294853963838506e+01 6.278842914794795149e+01 5.364652436909808841e+01
1.702364394993045948e+01 6.278087324888433329e+01 5.362088358876634686e+01
1.752433936022252681e+01 6.277315960538503248e+01 5.359524677385827829e+01
1.802503477051460123e+01 6.276529581527896084e+01 5.356963003007317070e+01
1.852573018080667566e+01 6.275728938411660351e+01 5.354404887137556557e+01
1.902642559109874654e+01 6.274914773385219746e+01 5.351851879481489505e+01
1.952712100139081741e+01 6.274087819620463335e+01 5.349305493485098850e+01
2.002781641168289184e+01 6.273248797632250273e+01 5.346767214291411108e+01
2.052851182197496627e+01 6.272398423731347350e+01 5.344238496550040907e+01
2.102920723226704069e+01 6.271537399664126156e+01 5.341720762634901121e+01
2.152990264255910802e+01 6.270666419909289857e+01 5.339215387468321694e+01
2.203059805285118244e+01 6.269786166408053418e+01 5.336723727081108848e+01
2.253129346314325332e+01 6.268897308515775535e+01 5.334247090808369762e+01
2.303198887343532064e+01 6.268000508146784000e+01 5.331786750887239634e+01
2.353268428372739507e+01 6.267096414652657188e+01 5.329343944311985126e+01
2.403337969401946950e+01 6.266185663189277477e+01 5.326919857095309396e+01
2.453407510431154037e+01 6.265268878327221103e+01 5.324515636458360746e+01
2.503477051460361480e+01 6.264346673400611110e+01 5.322132399043330508e+01
2.553546592489568567e+01 6.263419649965989322e+01 5.319771196401137558e+01
2.603616133518776010e+01 6.262488393398861319e+01 5.317433047747630326e+01
2.653685674547983453e+01 6.261553481565250934e+01 5.315118924150867485e+01
2.703755215577190185e+01 6.260615474655686796e+01 5.312829738805753266e+01
2.753824756606397628e+01 6.259674922907187522e+01 5.310566372283352621e+01
2.803894297635604715e+01 6.258732362877971411e+01 5.308329645543548736e+01
2.853963838664812158e+01 6.257788317265499245e+01 5.306120334712356623e+01
2.904033379694019246e+01 6.256843298237276940e+01 5.303939169857625302e+01
2.954102920723226333e+01 6.255897801311425610e+01 5.301786814963637084e+01
3.004172461752433421e+01 6.254952310658758563e+01 5.299663906256685664e+01
3.054242002781640863e+01 6.254007297524061926e+01 5.297571013579089083e+01
3.104311543810848306e+01 6.253063220302736624e+01 5.295508665416323879e+01
3.154381084840055394e+01 6.252120523282927422e+01 5.293477329630492534e+01
3.204450625869262836e+01 6.251179638411984740e+01 5.291477429768988827e+01
3.254520166898469569e+01 6.250240984968799296e+01 5.289509343658905038e+01
3.304589707927677011e+01 6.249304969459730330e+01 5.287573395118660358e+01
3.354659248956884454e+01 6.248371986431551761e+01 5.285669851507766737e+01
3.404728789986091897e+01 6.247442417537344284e+01 5.283798949019758595e+01
3.454798331015298629e+01 6.246516630860527641e+01 5.281960857331871750e+01
3.504867872044505361e+01 6.245594984619744139e+01 5.280155706841269136e+01
3.554937413073713515e+01 6.244677825082257527e+01 5.278383590321736563e+01
3.605006954102920247e+01 6.243765486587003011e+01 5.276644539031487113e+01
3.655076495132127690e+01 6.242858291844535756e+01 5.274938555437140053e+01
3.705146036161335132e+01 6.241956553045903888e+01 5.273265588100112211e+01
3.755215577190541865e+01 6.241060572300349918e+01 5.271625547176009263e+01
3.805285118219749307e+01 6.240170641429878629e+01 5.270018309662157208e+01
3.855354659248956750e+01 6.239287040737119128e+01 5.268443701340170549e+01
3.905424200278163482e+01 6.238410043823543560e+01 5.266901519561041312e+01
3.955493741307371636e+01 6.237539912750955295e+01 5.265391523423826925e+01
4.005563282336578368e+01 6.236676901755865288e+01 5.263913437167543918e+01
4.055632823365785811e+01 6.235821256125356626e+01 5.262466952782565954e+01
4.105702364394993253e+01 6.234973213957866278e+01 5.261051734555954340e+01
4.155771905424199986e+01 6.234133005581108478e+01 5.259667410962143208e+01
4.205841446453408139e+01 6.233300854075943676e+01 5.258313591806361842e+01
4.255910987482614871e+01 6.232476975625624505e+01 5.256989854660494643e+01
4.305980528511821603e+01 6.231661580359806862e+01 5.255695759591324645e+01
4.356050069541029046e+01 6.230854873169457164e+01 5.254430840588318574e+01
4.406119610570236489e+01 6.230057053124775734e+01 5.253194614155907516e+01
4.456189151599443221e+01 6.229268314406519380e+01 5.251986580277551298e+01
4.506258692628650664e+01 6.228488847411946949e+01 5.250806222046483640e+01
4.556328233657857396e+01 6.227718838289158043e+01 5.249653005232792680e+01
4.606397774687064128e+01 6.226958469286338982e+01 5.248526394209582691e+01
4.656467315716272282e+01 6.226207920963653919e+01 5.247425832628030662e+01
4.706536856745479014e+01 6.225467370388807353e+01 5.246350762116597366e+01
4.756606397774686457e+01 6.224736993232519922e+01 5.245300617333376181e+01
4.806675938803893899e+01 6.224016963302867111e+01 5.244274827544180084e+01
4.856745479833100632e+01 6.223307453593017158e+01 5.243272821893518199e+01
4.906815020862308074e+01 6.222608636863307652e+01 5.242294027478968133e+01
4.956884561891514807e+01 6.221920684709922966e+01 5.241337873283376325e+01
5.006954102920722960e+01 6.221243770824523267e+01 5.240403792014879514e+01
5.057023643949929692e+01 6.220578067734615502e+01 5.239491220106904734e+01
5.107093184979137135e+01 6.219923750761674341e+01 5.238599600744967688e+01
5.157162726008345288e+01 6.219280995925666389e+01 5.237728385263656605e+01
5.207232267037552020e+01 6.218649981807695326e+01 5.236877035213004206e+01
5.257301808066758753e+01 6.218030889317171273e+01 5.236045022358487699e+01
5.307371349095966906e+01 6.217423902041056749e+01 5.235231831998865459e+01
5.357440890125173638e+01 6.216829207226120957e+01 5.234436962300426899e+01
5.407510431154380370e+01 6.216246995109551676e+01 5.233659927280135093e+01
5.457579972183587813e+01 6.215677460388698705e+01 5.232900257216718387e+01
5.507649513212795256e+01 6.215120801959139385e+01 5.232157502550583672e+01
5.557719054242002699e+01 6.214577223431271591e+01 5.231431227404576134e+01
5.607788595271209431e+01 6.214046932313587490e+01 5.230721023648405321e+01
5.657858136300416163e+01 6.213530143046747867e+01 5.230026495426321276e+01
5.707927677329624316e+01 6.213027073791246835e+01 5.229347277783566028e+01
5.757997218358831759e+01 6.212537949265035309e+01 5.228683021699728783e+01
5.808066759388038491e+01 6.212063000188729234e+01 5.228033407963997092e+01
5.858136300417245934e+01 6.211602463052778944e+01 5.227398137934690681e+01
5.908205841446452666e+01 6.211156580961480245e+01 5.226776939442489578e+01
5.958275382475660109e+01 6.210725603058173760e+01 5.226169568933798359e+01
6.008344923504866841e+01 6.210309785412911765e+01 5.225575808271784695e+01
6.058414464534074995e+01 6.209909390745971791e+01 5.224995466731613192e+01
6.108484005563281727e+01 6.209524688398752801e+01 5.224428378827994379e+01
6.158553546592489170e+01 6.209155954624813489e+01 5.223874416969735535e+01
6.208623087621696612e+01 6.208803473557574648e+01 5.223333472469491312e+01
6.258692628650903345e+01 6.208467535304018270e+01 5.222805470608237499e+01
6.308762169680110787e+01 6.208148436715939056e+01 5.222290366336765999e+01
6.358831710709318941e+01 6.207846482961551260e+01 5.221788146913341677e+01
6.408901251738525673e+01 6.207561984033029034e+01 5.221298825579839331e+01
6.458970792767732405e+01 6.207295259301255896e+01 5.220822448158146756e+01
6.509040333796939137e+01 6.207046633892397836e+01 5.220359094746386575e+01
6.559109874826147291e+01 6.206816437727476909e+01 5.219908867322226342e+01
6.609179415855354023e+01 6.206605011161238394e+01 5.219471913246525219e+01
6.659248956884562176e+01 6.206412697182324223e+01 5.219048399001601979e+01
6.709318497913768908e+01 6.206239846972104601e+01 5.218638523679979357e+01
6.759388038942975641e+01 6.206086816819671981e+01 5.218242522526739435e+01
6.809457579972183794e+01 6.205953969766662226e+01 5.217860659745647922e+01
6.859527121001390526e+01 6.205841672753260241e+01 5.217493230652837610e+01
6.909596662030597258e+01 6.205750299414896176e+01 5.217140554289042598e+01
6.959666203059803991e+01 6.205680226471551464e+01 5.216802993948047629e+01
7.009735744089010723e+01 6.205631837740440915e+01 5.216480927700584402e+01
7.059805285118218876e+01 6.205605519317543894e+01 5.216174779501481851e+01
7.109874826147427029e+01 6.205601660176910173e+01 5.215884990566146939e+01
7.159944367176633762e+01 6.205620654500819455e+01 5.215612038313147991e+01
7.210013908205840494e+01 6.205662899059518622e+01 5.215356425189591505e+01
7.260083449235048647e+01 6.205728792838328900e+01 5.215118682514943771e+01
7.310152990264255379e+01 6.205818735315972390e+01 5.214899372812428169e+01
7.360222531293462112e+01 6.205933129667812409e+01 5.214699084442176513e+01
7.410292072322670265e+01 6.206072377759539904e+01 5.214518427062077421e+01
7.460361613351876997e+01 6.206236883743272870e+01 5.214358046621801179e+01
7.510431154381083729e+01 6.206427050034122317e+01 5.214218604343859909e+01
7.560500695410290461e+01 6.206643279620053022e+01 5.214100795265845534e+01
7.610570236439498615e+01 6.206885972504110782e+01 5.214005335662602647e+01
7.660639777468706768e+01 6.207155525889439218e+01 5.213932957463055118e+01
7.710709318497913500e+01 6.207452337579061918e+01 5.213884424251605765e+01
7.760778859527120233e+01 6.207776797267334246e+01 5.213860518692686696e+01
7.810848400556326965e+01 6.208129294247092389e+01 5.213862042124924301e+01
7.860917941585533697e+01 6.208510211815783464e+01 5.213889818820713629e+01
7.910987482614743271e+01 6.208919925762066327e+01 5.213944678903682473e+01
7.961057023643950004e+01 6.209358807800063573e+01 5.214027487079565049e+01
8.011126564673156736e+01 6.209827220388879709e+01 5.214139113540713311e+01
8.061196105702363468e+01 6.210325519919470594e+01 5.214280441741411209e+01
8.111265646731571621e+01 6.210854051927063324e+01 5.214452369521170283e+01
8.161335187760779775e+01 6.211413155136588671e+01 5.214655817985419617e+01
8.211404728789986507e+01 6.212003155030734547e+01 5.214891696596059489e+01
8.261474269819193239e+01 6.212624367226496247e+01 5.215160945677747861e+01
8.311543810848399971e+01 6.213277095479540435e+01 5.215464491410153869e+01
8.361613351877606704e+01 6.213961628896910838e+01 5.215803283745054841e+01
8.411682892906816278e+01 6.214678245864021733e+01 5.216178271470164418e+01
8.461752433936023010e+01 6.215427207903813667e+01 5.216590393118133306e+01
8.511821974965229742e+01 6.216208761701237506e+01 5.217040599631184250e+01
8.561891515994436475e+01 6.217023138696787044e+01 5.217529837477053434e+01
8.611961057023643207e+01 6.217870551086490138e+01 5.218059049329434629e+01
8.662030598052849939e+01 6.218751195277546628e+01 5.218629169968602355e+01
8.712100139082058092e+01 6.219665249303885446e+01 5.219241123405930693e+01
8.762169680111264825e+01 6.220612869064039785e+01 5.219895837362436453e+01
8.812239221140472978e+01 6.221594193510951243e+01 5.220594206358818212e+01
8.862308762169679710e+01 6.222609338262883227e+01 5.221337124250779027e+01
8.912378303198886442e+01 6.223658398899316069e+01 5.222125466394463444e+01
8.962447844228094596e+01 6.224741446959852453e+01 5.222960084628698496e+01
9.012517385257301328e+01 6.225858531884624369e+01 5.223841814290882724e+01
9.062586926286508060e+01 6.227009679648800500e+01 5.224771462660253007e+01
9.112656467315714792e+01 6.228194891190979376e+01 5.225749815380591201e+01
9.162726008344921524e+01 6.229414142616685268e+01 5.226777623439598131e+01
9.212795549374128257e+01 6.230667384137456111e+01 5.227855612029722465e+01
9.262865090403337831e+01 6.231954539922122649e+01 5.228984472729034394e+01
9.312934631432544563e+01 6.233275507027252615e+01 5.230164859017800438e+01
9.363004172461751295e+01 6.234630156395547829e+01 5.231397385290617308e+01
9.413073713490958028e+01 6.236018330906341589e+01 5.232682629284678910e+01
9.463143254520164760e+01 6.237439845251913084e+01 5.234021125781598016e+01
9.513212795549372913e+01 6.238894484787863348e+01 5.235413362692358419e+01
9.563282336578581067e+01 6.240382009284815013e+01 5.236859779705768858e+01
9.613351877607787799e+01 6.241902145888900577e+01 5.238360771374831870e+01
9.663421418636994531e+01 6.243454595893865644e+01 5.239916678318422072e+01
9.713490959666201263e+01 6.245039028447365581e+01 5.241527788141410582e+01
9.763560500695409416e+01 6.246655085419490661e+01 5.243194331215362780e+01
9.813630041724616149e+01 6.248302378521486844e+01 5.244916486439238668e+01
9.863699582753822881e+01 6.249980489785968985e+01 5.246694369630249355e+01
9.913769123783029613e+01 6.251688972178101267e+01 5.248528035654189239e+01
9.963838664812239188e+01 6.253427349049218265e+01 5.250417484274635171e+01
1.001390820584144592e+02 6.255195114314176408e+01 5.252362638783210969e+01
1.006397774687065265e+02 6.256991733822417245e+01 5.254363375408843240e+01
1.011404728789985938e+02 6.258816643643569932e+01 5.256419490250095805e+01
1.016411682892906754e+02 6.260669251405545310e+01 5.258530723819150410e+01
1.021418636995827427e+02 6.262548938128077225e+01 5.260696738745359369e+01
1.026425591098748242e+02 6.264455054861230110e+01 5.262917137957423108e+01
1.031432545201669058e+02 6.266386927080077385e+01 5.265191459000355678e+01
1.036439499304589731e+02 6.268343852747420897e+01 5.267519158432854454e+01
1.041446453407510404e+02 6.270325103951108758e+01 5.269899635348131994e+01
1.046453407510431077e+02 6.272329926667225664e+01 5.272332214231332159e+01
1.051460361613351751e+02 6.274357541640711133e+01 5.274816156777282572e+01
1.056467315716272708e+02 6.276407146304336493e+01 5.277350649206388766e+01
1.061474269819193381e+02 6.278477913410824840e+01 5.279934815772421075e+01
1.066481223922114054e+02 6.280568993011911516e+01 5.282567711256987764e+01
1.071488178025034728e+02 6.282679512924005394e+01 5.285248326655258211e+01
1.076495132127955401e+02 6.284808580125172739e+01 5.287975587062740601e+01
1.081502086230876074e+02 6.286955280056645279e+01 5.290748350255590537e+01
1.086509040333796889e+02 6.289118680231695180e+01 5.293565417105320137e+01
1.091515994436717563e+02 6.291297827208836679e+01 5.296425525961659275e+01
1.096522948539638236e+02 6.293491751743204077e+01 5.299327351200609826e+01
1.101529902642559051e+02 6.295699466341829975e+01 5.302269517055229642e+01
1.106536856745479724e+02 6.297919968465066631e+01 5.305250585869053737e+01
1.111543810848400540e+02 6.300152239711678703e+01 5.308269068922946587e+01
1.116550764951321213e+02 6.302395248525499483e+01 5.311323426601880726e+01
1.121557719054241886e+02 6.304647949729769607e+01 5.314412068047964510e+01
1.126564673157162559e+02 6.306909286622612854e+01 5.317533358403885302e+01
1.131571627260083233e+02 6.309178191209866782e+01 5.320685612209480553e+01
1.136578581363004190e+02 6.311453585718481918e+01 5.323867107913237362e+01
1.141585535465924863e+02 6.313734383295013686e+01 5.327076080834366678e+01
1.146592489568845536e+02 6.316019488936944981e+01 5.330310730726331769e+01
1.151599443671766352e+02 6.318307801006085356e+01 5.333569222243376373e+01
1.156606397774686883e+02 6.320598211694232305e+01 5.336849687268831133e+01
1.161613351877607698e+02 6.322889608129116823e+01 5.340150229979180097e+01
1.166620305980528229e+02 6.325180873538556625e+01 5.343468927658967971e+01
1.171627260083449187e+02 6.327470887948948075e+01 5.346803833611183165e+01
1.176634214186370002e+02 6.329758529058381100e+01 5.350152979718394874e+01
1.181641168289290533e+02 6.332042673924661358e+01 5.353514380400874018e+01
1.186648122392211349e+02 6.334322198630616185e+01 5.356886033788022417e+01
1.191655076495132022e+02 6.336595979855701444e+01 5.360265924483236688e+01
1.196662030598052695e+02 6.338862896331193042e+01 5.363652027565684932e+01
1.201668984700973368e+02 6.341121828083487344e+01 5.367042309259694832e+01
1.206675938803894041e+02 6.343371658951582504e+01 5.370434731715057808e+01
1.211682892906814999e+02 6.345611276587078464e+01 5.373827251610045153e+01
1.216689847009735672e+02 6.347839572250450146e+01 5.377217827369157988e+01
1.221696801112656345e+02 6.350055443605015171e+01 5.380604418772163910e+01
1.226703755215577019e+02 6.352257793843818945e+01 5.383984988517950399e+01
1.231710709318497834e+02 6.354445532795580220e+01 5.387357505001018865e+01
1.236717663421418507e+02 6.356617577273937059e+01 5.390719947367797715e+01
1.241724617524339322e+02 6.358772853522168589e+01 5.394070302098880632e+01
1.246731571627260138e+02 6.360910293822598760e+01 5.397406569237246288e+01
1.251738525730180669e+02 6.363028841851701145e+01 5.400726761222399830e+01
1.256745479833101484e+02 6.365127448867497151e+01 5.404028908834375500e+01
1.261752433936022157e+02 6.367205078424376552e+01 5.407311058531104209e+01
1.266759388038942831e+02 6.369260701992971008e+01 5.410571274042649748e+01
1.271766342141863788e+02 6.371293303966012900e+01 5.413807641481707833e+01
1.276773296244784177e+02 6.373301879213613574e+01 5.417018269072013936e+01
1.281780250347705135e+02 6.375285434363831882e+01 5.420201284694212518e+01
1.286787204450625950e+02 6.377242988035504823e+01 5.423354843747529230e+01
1.291794158553546481e+02 6.379173571769570117e+01 5.426477123400870539e+01
1.296801112656467296e+02 6.381076228806705330e+01 5.429566329088477517e+01
1.301808066759387827e+02 6.382950016764880274e+01 5.432620695805229616e+01
1.306815020862308643e+02 6.384794003448405419e+01 5.435638482251891901e+01
1.311821974965229458e+02 6.386607272435867344e+01 5.438617976883182337e+01
1.316828929068149989e+02 6.388388920926445280e+01 5.441557494027296116e+01
1.321835883171070805e+02 6.390138059237642665e+01 5.444455387261720603e+01
1.326842837273991336e+02 6.391853810617021736e+01 5.447310032048854112e+01
1.331849791376912435e+02 6.393535313059828695e+01 5.450119837795013211e+01
1.336856745479833251e+02 6.395181717214427408e+01 5.452883242185335178e+01
1.341863699582753782e+02 6.396792189547113594e+01 5.455598719688849485e+01
1.346870653685674597e+02 6.398365910726852235e+01 5.458264772447306257e+01
1.351877607788595128e+02 6.399902073122348156e+01 5.460879934244781708e+01
1.356884561891515943e+02 6.401399885138516765e+01 5.463442774015479131e+01
1.361891515994436759e+02 6.402858568888177615e+01 5.465951884622685952e+01
1.366898470097357290e+02 6.404277359617253751e+01 5.468405905483156459e+01
1.371905424200278105e+02 6.405655508789777741e+01 5.470803496221994067e+01
1.376912378303198636e+02 6.406992278921961770e+01 5.473143351062211082e+01
1.381919332406119452e+02 6.408286948778220449e+01 5.475424193575057075e+01
1.386926286509039983e+02 6.409538808834292922e+01 5.477644788248474583e+01
1.391933240611960798e+02 6.410747164921610874e+01 5.479803917696520443e+01
1.396940194714881613e+02 6.411911336317075438e+01 5.481900410590689887e+01
1.401947148817802145e+02 6.413030654273370601e+01 5.483933110614536588e+01
1.406954102920723244e+02 6.414104463730382122e+01 5.485900907204715793e+01
1.411961057023643775e+02 6.415132124239774214e+01 5.487802708647443239e+01
1.416968011126564591e+02 6.416113007843689786e+01 5.489637457955261368e+01
1.421974965229485406e+02 6.417046497547728734e+01 5.491404130123321181e+01
1.426981919332405937e+02 6.417931992530596119e+01 5.493101726972776078e+01
1.431988873435326752e+02 6.418768900125526500e+01 5.494729276568321552e+01
1.436995827538247283e+02 6.419556644656934452e+01 5.496285837896793680e+01
1.442002781641168099e+02 6.420294658192672443e+01 5.497770492722398217e+01
1.447009735744088914e+02 6.420982387236092848e+01 5.499182367216566547e+01
1.452016689847009729e+02 6.421619290623283405e+01 5.500520599991764925e+01
1.457023643949930261e+02 6.422204837243400277e+01 5.501784351756957392e+01
1.462030598052851076e+02 6.422738507399127172e+01 5.502972822055322411e+01
1.467037552155771891e+02 6.423219794707630115e+01 5.504085234512909608e+01
1.472044506258692422e+02 6.423648200662128716e+01 5.505120830670999510e+01
1.477051460361613238e+02 6.424023238645887091e+01 5.506078885929080968e+01
1.482058414464534053e+02 6.424344434539213466e+01 5.506958689390511097e+01
1.487065368567454584e+02 6.424611323271071228e+01 5.507759568604295453e+01
1.492072322670375399e+02 6.424823447635750995e+01 5.508480863502835234e+01
1.497079276773296215e+02 6.424980364684778067e+01 5.509121940448449095e+01
1.502086230876216746e+02 6.425081638594198807e+01 5.509682186973135742e+01
1.507093184979137845e+02 6.425126843036102287e+01 5.510161015314196220e+01
1.512100139082058092e+02 6.425115562857078544e+01 5.510557860778823169e+01
1.517107093184979192e+02 6.425047390881351816e+01 5.510872182424242283e+01
1.522114047287899723e+02 6.424921928692035067e+01 5.511103447686870993e+01
1.527121001390820538e+02 6.424738787600196588e+01 5.511251162922511071e+01
1.532127955493741354e+02 6.424497586867060761e+01 5.511314843034872979e+01
1.537134909596661885e+02 6.424197954317774872e+01 5.511294021281088362e+01
1.542141863699582700e+02 6.423839526952347967e+01 5.511188261094423524e+01
1.547148817802503231e+02 6.423421948036802576e+01 5.510997133471232701e+01
1.552155771905424047e+02 6.422944870131712491e+01 5.510720242296410731e+01
1.557162726008344862e+02 6.422407956206397728e+01 5.510357198234015641e+01
1.562169680111265393e+02 6.421810869148370671e+01 5.509907627639546490e+01
1.567176634214186208e+02 6.421153288762920397e+01 5.509371197052813329e+01
1.572183588317106739e+02 6.420434894451713603e+01 5.508747560161968693e+01
1.577190542420027555e+02 6.419655377487966064e+01 5.508036412892241174e+01
1.582197496522948654e+02 6.418814435586125455e+01 5.507237463153290946e+01
1.587204450625868901e+02 6.417911771669776044e+01 5.506350415621122352e+01
1.592211404728790001e+02 6.416947094708473287e+01 5.505375023327907513e+01
1.597218358831710532e+02 6.415920122744307719e+01 5.504311043267627213e+01
1.602225312934631347e+02 6.414830581502781115e+01 5.503158233976860458e+01
1.607232267037552162e+02 6.413678198339181336e+01 5.501916394156047829e+01
1.612239221140472694e+02 6.412462712421567801e+01 5.500585318098252685e+01
1.617246175243393509e+02 6.411183864608726424e+01 5.499164838190587545e+01
1.622253129346314324e+02 6.409841404241130647e+01 5.497654777856475050e+01
1.627260083449234855e+02 6.408435085646797802e+01 5.496054988841457600e+01
1.632267037552155955e+02 6.406964670026664521e+01 5.494365351397006236e+01
1.637273991655076486e+02 6.405429922077323113e+01 5.492585741222758600e+01
1.642280945757997301e+02 6.403830618423079102e+01 5.490716045152036884e+01
1.647287899860917832e+02 6.402166533575062601e+01 5.488756187821175558e+01
1.652294853963838648e+02 6.400437452452159448e+01 5.486706099277833459e+01
1.657301808066759463e+02 6.398643163011777801e+01 5.484565714075395704e+01
1.662308762169679994e+02 6.396783463577688877e+01 5.482334995287125423e+01
1.667315716272600810e+02 6.394858150138045971e+01 5.480013919991522187e+01
1.672322670375521341e+02 6.392867032677625616e+01 5.477602469732204327e+01
1.677329624478442156e+02 6.390809919924234350e+01 5.475100647657436070e+01
1.682336578581363256e+02 6.388686631137180427e+01 5.472508473321121869e+01
1.687343532684283502e+02 6.386496985593485931e+01 5.469825982612078974e+01
1.692350486787204602e+02 6.384240814281302789e+01 5.467053220350850040e+01
1.697357440890125133e+02 6.381917946153797061e+01 5.464190246376229254e+01
1.702364394993045948e+02 6.379528222360411860e+01 5.461237138791010182e+01
1.707371349095966480e+02 6.377071487934122729e+01 5.458193992918357651e+01
1.712378303198887295e+02 6.374547590119267682e+01 5.455060913590249072e+01
1.717385257301808110e+02 6.371956384285435604e+01 5.451838019622545062e+01
1.722392211404728641e+02 6.369297731678084062e+01 5.448525450959881766e+01
1.727399165507649457e+02 6.366571496543554076e+01 5.445123354852161413e+01
1.732406119610569988e+02 6.363777550545717077e+01 5.441631897818578523e+01
1.737413073713490803e+02 6.360915771353387527e+01 5.438051259766388057e+01
1.742420027816411618e+02 6.357986041329053251e+01 5.434381638388066449e+01
1.747426981919332150e+02 6.354988249863293959e+01 5.430623235949774141e+01
1.752433936022252965e+02 6.351922291273280052e+01 5.426776284436833464e+01
1.757440890125173496e+02 6.348788062806909238e+01 5.422841021195721112e+01
1.762447844228094596e+02 6.345585472879668032e+01 5.418817697444295334e+01
1.767454798331015411e+02 6.342314434601787809e+01 5.414706579916485651e+01
1.772461752433935942e+02 6.338974863678132010e+01 5.410507956822603148e+01
1.777468706536856757e+02 6.335566686055996399e+01 5.406222121357150456e+01
1.782475660639777288e+02 6.332089832806401830e+01 5.401849393576658542e+01
1.787482614742698104e+02 6.328544240496582063e+01 5.397390091635561760e+01
1.792489568845618919e+02 6.324929855117103727e+01 5.392844559470763954e+01
1.797496522948539450e+02 6.321246625208820547e+01 5.388213152214085966e+01
1.802503477051460266e+02 6.317494506883028293e+01 5.383496237695494813e+01
1.807510431154380797e+02 6.313673468474823380e+01 5.378694207322537579e+01
1.812517385257301612e+02 6.309783479978953835e+01 5.373807457543318833e+01
1.817524339360222427e+02 6.305824518707389359e+01 5.368836397104966807e+01
1.822531293463142958e+02 6.301796573019394998e+01 5.363781459196540879e+01
1.827538247566063774e+02 6.297699637751385637e+01 5.358643079293469214e+01
1.832545201668984305e+02 6.293533710628572919e+01 5.353421715331320740e+01
1.837552155771905404e+02 6.289298806893162919e+01 5.348117829055152583e+01
1.842559109874825651e+02 6.284994940926145546e+01 5.342731908533349383e+01
1.847566063977746751e+02 6.280622139061625830e+01 5.337264449820590073e+01
1.852573018080667566e+02 6.276180439175396941e+01 5.331715957738788347e+01
1.857579972183588097e+02 6.271669881017379566e+01 5.326086962145534187e+01
1.862586926286508913e+02 6.267090519840968454e+01 5.320377982942284234e+01
1.867593880389429444e+02 6.262442415909282545e+01 5.314589573101268627e+01
1.872600834492350259e+02 6.257725641460530142e+01 5.308722293945659487e+01
1.877607788595271074e+02 6.252940278050920142e+01 5.302776717595801870e+01
1.882614742698191606e+02 6.248086415271458804e+01 5.296753423216506462e+01
1.887621696801112421e+02 6.243164153577012598e+01 5.290653009010284791e+01
1.892628650904032952e+02 6.238173607078564942e+01 5.284476079028748075e+01
1.897635605006953767e+02 6.233114894694365660e+01 5.278223257055988427e+01
1.902642559109874583e+02 6.227988153328836063e+01 5.271895168131568710e+01
1.907649513212795114e+02 6.222793523087814549e+01 5.265492449714271572e+01
1.912656467315716213e+02 6.217531162005100498e+01 5.259015753127255266e+01
1.917663421418636460e+02 6.212201239236277672e+01 5.252465746267785107e+01
1.922670375521557560e+02 6.206803930618447396e+01 5.245843096538533246e+01
1.927677329624478375e+02 6.201339433130455348e+01 5.239148468927371027e+01
1.932684283727398906e+02 6.195807947123070392e+01 5.232382572149876410e+01
1.937691237830319722e+02 6.190209692591095347e+01 5.225546098876324663e+01
1.942698191933240253e+02 6.184544903240400515e+01 5.218639752003733179e+01
1.947705146036161068e+02 6.178813820455495431e+01 5.211664251136230064e+01
1.952712100139081883e+02 6.173016706473725890e+01 5.204620325090931487e+01
1.957719054242002414e+02 6.167153833891796921e+01 5.197508703535903862e+01
1.962726008344923230e+02 6.161225488634380554e+01 5.190330131427060678e+01
1.967732962447844045e+02 6.155231980569959660e+01 5.183085349584131052e+01
1.972739916550764576e+02 6.149173624485564460e+01 5.175775122442409781e+01
1.977746870653685392e+02 6.143050758640464437e+01 5.168400218353035314e+01
1.982753824756605923e+02 6.136863733066428495e+01 5.160961394772293431e+01
1.987760778859527022e+02 6.130612917789670746e+01 5.153459443586307032e+01
1.992767732962447838e+02 6.124298696892645921e+01 5.145895144131111465e+01
1.997774687065368369e+02 6.117921476270197445e+01 5.138269296080324011e+01
2.002781641168289184e+02 6.111481677758632713e+01 5.130582695029261231e+01
2.007788595271209999e+02 6.104979740007905775e+01 5.122836156026144749e+01
2.012795549374130530e+02 6.098416124237351710e+01 5.115030491952032321e+01
2.017802503477051346e+02 6.091791308484621936e+01 5.107166519561265261e+01
2.022809457579971877e+02 6.085105794017286485e+01 5.099245079882339837e+01
2.027816411682892692e+02 6.078360097965280318e+01 5.091267009360277029e+01
2.032823365785813508e+02 6.071554763725082182e+01 5.083233147717575662e+01
2.037830319888734039e+02 6.064690350804532670e+01 5.075144358881399853e+01
2.042837273991654854e+02 6.057767447797679949e+01 5.067001502931699974e+01
2.047844228094575953e+02 6.050786660299269926e+01 5.058805453147611786e+01
2.052851182197496485e+02 6.043748620052571141e+01 5.050557089302797920e+01
2.057858136300417300e+02 6.036653980699117028e+01 5.042257307420128143e+01
2.062865090403338115e+02 6.029503421391342499e+01 5.033907002102229455e+01
2.067872044506258646e+02 6.022297647558180245e+01 5.025507097742253393e+01
2.072878998609179462e+02 6.015037388782975825e+01 5.017058518738864592e+01
2.077885952712099993e+02 6.007723401334278890e+01 5.008562197059305987e+01
2.082892906815020808e+02 6.000356469919115909e+01 5.000019091076043765e+01
2.087899860917941623e+02 5.992937405550738106e+01 4.991430157222056607e+01
2.092906815020862155e+02 5.985467047242100591e+01 4.982796387947551864e+01
2.097913769123782970e+02 5.977946265383043567e+01 4.974118771239440662e+01
2.102920723226703501e+02 5.970375957824729340e+01 4.965398322316340796e+01
2.107927677329624316e+02 5.962757053943789742e+01 4.956636071708722113e+01
2.112934631432545416e+02 5.955090515212361879e+01 4.947833080381039395e+01
2.117941585535465663e+02 5.947377334711347885e+01 4.938990403357315984e+01
2.122948539638386762e+02 5.939618536879436306e+01 4.930109146779564355e+01
2.127955493741307293e+02 5.931815181419381133e+01 4.921190421708109852e+01
2.132962447844228109e+02 5.923968364016047872e+01 4.912235369585620504e+01
2.137969401947148924e+02 5.916079213534260361e+01 4.903245158755387934e+01
2.142976356050069455e+02 5.908148894243652194e+01 4.894220975229235648e+01
2.147983310152990271e+02 5.900178609049191891e+01 4.885164045616866701e+01
2.152990264255910802e+02 5.892169599844976347e+01 4.876075620291521773e+01
2.157997218358831617e+02 5.884123144338275324e+01 4.866956986970264154e+01
2.163004172461752148e+02 5.876040562625178154e+01 4.857809459808278518e+01
2.168011126564672963e+02 5.867923213510778169e+01 4.848634389326392125e+01
2.173018080667593779e+02 5.859772497780625145e+01 4.839433165298368067e+01
2.178025034770514310e+02 5.851589860408978438e+01 4.830207220542769164e+01
2.183031988873435125e+02 5.843376785705743259e+01 4.820958013328308311e+01
2.188038942976355656e+02 5.835134806649705297e+01 4.811687061800283516e+01
2.193045897079276472e+02 5.826865498514791852e+01 4.802395915607232268e+01
2.198052851182197571e+02 5.818570484712667223e+01 4.793086172076183971e+01
2.203059805285118102e+02 5.810251432947383421e+01 4.783759479405600246e+01
2.208066759388038918e+02 5.801910060454078177e+01 4.774417533533902258e+01
2.213073713490959449e+02 5.793548135563641210e+01 4.765062075277579368e+01
2.218080667593880264e+02 5.785167471982448717e+01 4.755694905465257705e+01
2.223087621696801079e+02 5.776769937725647708e+01 4.746317877068702273e+01
2.228094575799721611e+02 5.768357450752945681e+01 4.736932897574864398e+01
2.233101529902642426e+02 5.759931982144907181e+01 4.727541929675315657e+01
2.238108484005562957e+02 5.751495556284852739e+01 4.718147004063756356e+01
2.243115438108483772e+02 5.743050251466401335e+01 4.708750203292400727e+01
2.248122392211404588e+02 5.734598201311372634e+01 4.699353675427663291e+01
2.253129346314325119e+02 5.726141594660647627e+01 4.689959630381564182e+01
2.258136300417245934e+02 5.717682678097106930e+01 4.680570348872065267e+01
2.263143254520166465e+02 5.709223753850154992e+01 4.671188172016995566e+01
2.268150208623087565e+02 5.700767183229972090e+01 4.661815511708850579e+01
2.273157162726008380e+02 5.692315386161853041e+01 4.652454848563280621e+01
2.278164116828928911e+02 5.683870840138469305e+01 4.643108731996250071e+01
2.283171070931849727e+02 5.675436084643651213e+01 4.633779783196729340e+01
2.288178025034770258e+02 5.667013717019644048e+01 4.624470697179418721e+01
2.293184979137691073e+02 5.658606395726737048e+01 4.615184237789577537e+01
2.298191933240611604e+02 5.650216840343263414e+01 4.605923245793889009e+01
2.303198887343532704e+02 5.641847831099939015e+01 4.596690633932809078e+01
2.308205841446453235e+02 5.633502208996277716e+01 4.587489390413026058e+01
2.313212795549373766e+02 5.625182876266252663e+01 4.578322577190334641e+01
2.318219749652294297e+02 5.616892795912634995e+01 4.569193331657658064e+01
2.323226703755215397e+02 5.608634992405485775e+01 4.560104865713725530e+01
2.328233657858135928e+02 5.600412549819510843e+01 4.551060465530241572e+01
2.333240611961056459e+02 5.592228613231044676e+01 4.542063492716039264e+01
2.338247566063977843e+02 5.584086386855405237e+01 4.533117382305277943e+01
2.343254520166898374e+02 5.575989133814063337e+01 4.524225642655579804e+01
2.348261474269818621e+02 5.567940175668981340e+01 4.515391854320256471e+01
2.353268428372740004e+02 5.559942891025629308e+01 4.506619670499418362e+01
2.358275382475660535e+02 5.552000714834493067e+01 4.497912813596741444e+01
2.363282336578581067e+02 5.544117136528429057e+01 4.489275078005704245e+01
2.368289290681501882e+02 5.536295699324172404e+01 4.480710323616477808e+01
2.373296244784422697e+02 5.528539998592522409e+01 4.472222477088763526e+01
2.378303198887343228e+02 5.520853679297205474e+01 4.463815530653192809e+01
2.383310152990264044e+02 5.513240435296383168e+01 4.455493541791184953e+01
2.388317107093184859e+02 5.505704005897486297e+01 4.447260623084416409e+01
2.393324061196105390e+02 5.498248174969548074e+01 4.439120949347538669e+01
2.398331015299026205e+02 5.490876767036014883e+01 4.431078752604348381e+01
2.403337969401946737e+02 5.483593646328871785e+01 4.423138315951887023e+01
2.408344923504867552e+02 5.476402712062908051e+01 4.415303972130145382e+01
2.413351877607788083e+02 5.469307897038733302e+01 4.407580108922643092e+01
2.418358831710709183e+02 5.462313162287672696e+01 4.399971147143018868e+01
2.423365785813629998e+02 5.455422496111340536e+01 4.392481564706748998e+01
2.428372739916550529e+02 5.448639908144458843e+01 4.385115865314936912e+01
2.433379694019471344e+02 5.441969428714573098e+01 4.377878588954253303e+01
2.438386648122392160e+02 5.435415098168222414e+01 4.370774314137442218e+01
2.443393602225312691e+02 5.428980971178306447e+01 4.363807647166929371e+01
2.448400556328233506e+02 5.422671107067061769e+01 4.356983204690429545e+01
2.453407510431154037e+02 5.416489564305437909e+01 4.350305639583773143e+01
2.458414464534074853e+02 5.410440399734569894e+01 4.343779608557474603e+01
2.463421418636995668e+02 5.404527658567702986e+01 4.337409785906152138e+01
2.468428372739916199e+02 5.398755374073688529e+01 4.331200845487761342e+01
2.473435326842837014e+02 5.393127558927689336e+01 4.325157471421594835e+01
2.478442280945758114e+02 5.387648200092543505e+01 4.319284339855845190e+01
2.483449235048678645e+02 5.382321254757870577e+01 4.313586116257543779e+01
2.488456189151599460e+02 5.377150642278310499e+01 4.308067459867653781e+01
2.493463143254520276e+02 5.372140237654265604e+01 4.302733008495292211e+01
2.498470097357440807e+02 5.367293870004631628e+01 4.297587372370057324e+01
2.503477051460361338e+02 5.362615310049422135e+01 4.292635138701005815e+01
2.508484005563282153e+02 5.358108269522007561e+01 4.287880856647096550e+01
2.513490959666202968e+02 5.353776388632640248e+01 4.283329032406616932e+01
2.518497913769123500e+02 5.349623234773561364e+01 4.278984131336618191e+01
2.523504867872044315e+02 5.345652293826960033e+01 4.274850558069009310e+01
2.528511821974965130e+02 5.341866961621350640e+01 4.270932662811536318e+01
2.533518776077885661e+02 5.338270543651675837e+01 4.267234726794048072e+01
2.538525730180806477e+02 5.334866238803586214e+01 4.263760963439754903e+01
2.543532684283727576e+02 5.331657139630040376e+01 4.260515499146468699e+01
2.548539638386647823e+02 5.328646227763017862e+01 4.257502380912147544e+01
2.553546592489568354e+02 5.325836357044097724e+01 4.254725554238581253e+01
2.558553546592489738e+02 5.323230258503970447e+01 4.252188867170175968e+01
2.563560500695410269e+02 5.320830526152492723e+01 4.249896059038533735e+01
2.568567454798330800e+02 5.318639615872741899e+01 4.247850749803674830e+01
2.573574408901251900e+02 5.316659834208765290e+01 4.246056439018060757e+01
2.578581363004172431e+02 5.314893340722990445e+01 4.244516489570300166e+01
2.583588317107092962e+02 5.313342129377049616e+01 4.243234125440280025e+01
2.588595271210013493e+02 5.312008035633114389e+01 4.242212419893361641e+01
2.593602225312934593e+02 5.310892726092932037e+01 4.241454287869159145e+01
2.598609179415855124e+02 5.309997692269605807e+01 4.240962481548321250e+01
2.603616133518775655e+02 5.309324244850388652e+01 4.240739576698683777e+01
2.608623087621696754e+02 5.308873515574335045e+01 4.240787964494370499e+01
2.613630041724617286e+02 5.308646446610538305e+01 4.241109851927899399e+01
2.618636995827537817e+02 5.308643791278910840e+01 4.241707230858122557e+01
2.623643949930458916e+02 5.308866108222019875e+01 4.242581904808542959e+01
2.628650904033379447e+02 5.309313757876253703e+01 4.243735442462860874e+01
2.633657858136299978e+02 5.309986902815609255e+01 4.245169202857456980e+01
2.638664812239220510e+02 5.310885506587538885e+01 4.246884301365159331e+01
2.643671766342141609e+02 5.312009325156424211e+01 4.248881620764538525e+01
2.648678720445062140e+02 5.313357914121326075e+01 4.251161793656453369e+01
2.653685674547982671e+02 5.314930622720595466e+01 4.253725200912762716e+01
2.658692628650904339e+02 5.316726597033294865e+01 4.256571959492598012e+01
2.663699582753824870e+02 5.318744778640422055e+01 4.259701923372071519e+01
2.668706536856744833e+02 5.320983903722918740e+01 4.263114674843004082e+01
2.673713490959666501e+02 5.323442507999317286e+01 4.266809519275179241e+01
2.678720445062587032e+02 5.326118928378747341e+01 4.270785477689210552e+01
2.683727399165507563e+02 5.329011301564861469e+01 4.275041291759558248e+01
2.688734353268428094e+02 5.332117570257906891e+01 4.279575418222671601e+01
2.693741307371349194e+02 5.335435485161070801e+01 4.284386016901558492e+01
2.698748261474269725e+02 5.338962611494281418e+01 4.289470963877656118e+01
2.703755215577190256e+02 5.342696328668608885e+01 4.294827844946675555e+01
2.708762169680111356e+02 5.346633837579503279e+01 4.300453956168902891e+01
2.713769123783031887e+02 5.350772167267933810e+01 4.306346301850689429e+01
2.718776077885952418e+02 5.355108178398296559e+01 4.312501607043495255e+01
2.723783031988873518e+02 5.359638568420706406e+01 4.318916311592155921e+01
2.728789986091794049e+02 5.364359882135687485e+01 4.325586575355382024e+01
2.733796940194714580e+02 5.369268512061609044e+01 4.332508292321116983e+01
2.738803894297635111e+02 5.374360712069830015e+01 4.339677086837704678e+01
2.743810848400556210e+02 5.379632599243706181e+01 4.347088323712463875e+01
2.748817802503476742e+02 5.385080165127220653e+01 4.354737120486910840e+01
2.753824756606397273e+02 5.390699281254711650e+01 4.362618351161594887e+01
2.758831710709318372e+02 5.396485708347682930e+01 4.370726659700389405e+01
2.763838664812238903e+02 5.402435103008684791e+01 4.379056468063149055e+01
2.768845618915159434e+02 5.408543027398337699e+01 4.387601989709887107e+01
2.773852573018079966e+02 5.414804956336666919e+01 4.396357239845323761e+01
2.778859527121001065e+02 5.421216286645432092e+01 4.405316048923063477e+01
2.783866481223921596e+02 5.427772344249461867e+01 4.414472075800526341e+01
2.788873435326842127e+02 5.434468393373464323e+01 4.423818820544633468e+01
2.793880389429763227e+02 5.441299644691099502e+01 4.433349639100137551e+01
2.798887343532683758e+02 5.448261263474051930e+01 4.443057758190784057e+01
2.803894297635604289e+02 5.455348377042611219e+01 4.452936287193674048e+01
2.808901251738525957e+02 5.462556084078897811e+01 4.462978235543354799e+01
2.813908205841446488e+02 5.469879460913290359e+01 4.473176526352412452e+01
2.818915159944367019e+02 5.477313569673498250e+01 4.483524011429048528e+01
2.823922114047287550e+02 5.484853466899295427e+01 4.494013481987289538e+01
2.828929068150208650e+02 5.492494208664794542e+01 4.504637690707690467e+01
2.833936022253129181e+02 5.500230859658842064e+01 4.515389358838669409e+01
2.838942976356049712e+02 5.508058496852100916e+01 4.526261194317395109e+01
2.843949930458970812e+02 5.515972219858014114e+01 4.537245901009792703e+01
2.848956884561891343e+02 5.523967154570783578e+01 4.548336194778025288e+01
2.853963838664811874e+02 5.532038458753305576e+01 4.559524819670409101e+01
2.858970792767732974e+02 5.540181330768319867e+01 4.570804547934011453e+01
2.863977746870653505e+02 5.548391008938125424e+01 4.582168208796127828e+01
2.868984700973574036e+02 5.556662783680877737e+01 4.593608681007816585e+01
2.873991655076494567e+02 5.564991997317363825e+01 4.605118918293572960e+01
2.878998609179415666e+02 5.573374048990694973e+01 4.616691950042894632e+01
2.884005563282336198e+02 5.581804400790383625e+01 4.628320893538347036e+01
2.889012517385257297e+02 5.590278578878746885e+01 4.639998962371254265e+01
2.894019471488177828e+02 5.598792180375562566e+01 4.651719475525791836e+01
2.899026425591098359e+02 5.607340873408497828e+01 4.663475860209186408e+01
2.904033379694019459e+02 5.615920399970741528e+01 4.675261663571913573e+01
2.909040333796939990e+02 5.624526580519409436e+01 4.687070549233131089e+01
2.914047287899860521e+02 5.633155317147861751e+01 4.698896319254392040e+01
2.919054242002781621e+02 5.641802591352438867e+01 4.710732903970030350e+01
2.924061196105702152e+02 5.650464469065605044e+01 4.722574365032465238e+01
2.929068150208622683e+02 5.659137100527709663e+01 4.734414909673483152e+01
2.934075104311543782e+02 5.667816726804426253e+01 4.746248891515857338e+01
2.939082058414464314e+02 5.676499670437344491e+01 4.758070804117447494e+01
2.944089012517384845e+02 5.685182348774553418e+01 4.769875289781434446e+01
2.949095966620305944e+02 5.693861261861904666e+01 4.781657142591126330e+01
2.954102920723226475e+02 5.702533006119203662e+01 4.793411299612768062e+01
2.959109874826147006e+02 5.711194264153613176e+01 4.805132847833873200e+01
2.964116828929068106e+02 5.719841807319187410e+01 4.816817035318534579e+01
2.969123783031988637e+02 5.728472500147051960e+01 4.828459249134310483e+01
2.974130737134909168e+02 5.737083296181754122e+01 4.840055030577225637e+01
2.979137691237830268e+02 5.745671238174782047e+01 4.851600061675802067e+01
2.984144645340750799e+02 5.754233458522594447e+01 4.863090190854555317e+01
2.989151599443671330e+02 5.762767174957207317e+01 4.874521385674589169e+01
2.994158553546592429e+02 5.771269696043691511e+01 4.885889780946207850e+01
2.999165507649512961e+02 5.779738418036959047e+01 4.897191637430326239e+01
3.004172461752433492e+02 5.788170820050527254e+01 4.908423365094706980e+01
3.009179415855354023e+02 5.796564467665393749e+01 4.919581515986055820e+01
3.014186369958275691e+02 5.804917013686736027e+01 4.930662762645215480e+01
3.019193324061196222e+02 5.813226184642974204e+01 4.941663919296208007e+01
3.024200278164116185e+02 5.821489798731693099e+01 4.952581931539205584e+01
3.029207232267037853e+02 5.829705747689206419e+01 4.963413876000122116e+01
3.034214186369958384e+02 5.837872004995790576e+01 4.974156947342787305e+01
3.039221140472878915e+02 5.845986620498354114e+01 4.984808462817379393e+01
3.044228094575799446e+02 5.854047721809240556e+01 4.995365868224713779e+01
3.049235048678720545e+02 5.862053510591852046e+01 5.005826713744926337e+01
3.054242002781641077e+02 5.870002260523381210e+01 5.016188677804525753e+01
3.059248956884561608e+02 5.877892317571297554e+01 5.026449527995642086e+01
3.064255910987482707e+02 5.885722101521298555e+01 5.036607158797229999e+01
3.069262865090403238e+02 5.893490092885986087e+01 5.046659555465699043e+01
3.074269819193323769e+02 5.901194849108659923e+01 5.056604828001968599e+01
3.079276773296244869e+02 5.908834984767591436e+01 5.066441156665736401e+01
3.084283727399165400e+02 5.916409184466456850e+01 5.076166841431926002e+01
3.089290681502085931e+02 5.923916194763860688e+01 5.085780250131389835e+01
3.094297635605006462e+02 5.931354820606811984e+01 5.095279879276864676e+01
3.099304589707927562e+02 5.938723928173585875e+01 5.104664267148106660e+01
3.104311543810848093e+02 5.946022442612088810e+01 5.113932079999219127e+01
3.109318497913768624e+02 5.953249342802339328e+01 5.123082035988633720e+01
3.114325452016689724e+02 5.960403668342226524e+01 5.132112948991357371e+01
3.119332406119610255e+02 5.967484506598933081e+01 5.141023710217378095e+01
3.124339360222530786e+02 5.974490999061028162e+01 5.149813268617543827e+01
3.129346314325451885e+02 5.981422342741838349e+01 5.158480672428770930e+01
3.134353268428372417e+02 5.988277775302587713e+01 5.167025016686395134e+01
3.139360222531292948e+02 5.995056592941453744e+01 5.175445476377873888e+01
3.144367176634213479e+02 6.001758126294468809e+01 5.183741294493437124e+01
3.149374130737134578e+02 6.008381762319793040e+01 5.191911772553929438e+01
3.154381084840055109e+02 6.014926928106312687e+01 5.199956262184792877e+01
3.159388038942975641e+02 6.021393090039390472e+01 5.207874193812131125e+01
3.164394993045897309e+02 6.027779759733888909e+01 5.215665042089598558e+01
3.169401947148817840e+02 6.034086492455868722e+01 5.223328346475024375e+01
3.174408901251737802e+02 6.040312874926858910e+01 5.230863689999092969e+01
3.179415855354659470e+02 6.046458535692327985e+01 5.238270724074948248e+01
3.184422809457580001e+02 6.052523144851112136e+01 5.245549122475540571e+01
3.189429763560500533e+02 6.058506397395069598e+01 5.252698629072855852e+01
3.194436717663421064e+02 6.064408028129950878e+01 5.259719028447936751e+01
3.199443671766342163e+02 6.070227810744658825e+01 5.266610149138789154e+01
3.204450625869262694e+02 6.075965544635811000e+01 5.273371856373304922e+01
3.209457579972183225e+02 6.081621062455188564e+01 5.280004081088154066e+01
3.214464534075104325e+02 6.087194227713473538e+01 5.286506759705532943e+01
3.219471488178024856e+02 6.092684931665564818e+01 5.292879899727807924e+01
3.224478442280945387e+02 6.098093100320608073e+01 5.299123530431783990e+01
3.229485396383865918e+02 6.103418675648165248e+01 5.305237723122189664e+01
3.234492350486787018e+02 6.108661639601942284e+01 5.311222571429169648e+01
3.239499304589707549e+02 6.113821993039019276e+01 5.317078220356145835e+01
3.244506258692628649e+02 6.118899764881498982e+01 5.322804844810011105e+01
3.249513212795549180e+02 6.123894999715994913e+01 5.328402647900540501e+01
3.254520166898469711e+02 6.128807780491722212e+01 5.333871858344934935e+01
3.259527121001390810e+02 6.133638200450678823e+01 5.339212752984096255e+01
3.264534075104311910e+02 6.138386382821937559e+01 5.344425620935260213e+01
3.269541029207232441e+02 6.143052469431341933e+01 5.349510788425320129e+01
3.274547983310152972e+02 6.147636621915989963e+01 5.354468598163728643e+01
3.279554937413073503e+02 6.152139020343565790e+01 5.359299446822244306e+01
3.284561891515994603e+02 6.156559874151488998e+01 5.364003721331297925e+01
3.289568845618915134e+02 6.160899397182865300e+01 5.368581861026281388e+01
3.294575799721835665e+02 6.165157834090413758e+01 5.373034319620417421e+01
3.299582753824756765e+02 6.169335440401920323e+01 5.377361576153407441e+01
3.304589707927677296e+02 6.173432491910216413e+01 5.381564133158457253e+01
3.309596662030597827e+02 6.177449280411519794e+01 5.385642517630738269e+01
3.314603616133518926e+02 6.181386113371399915e+01 5.389597281443643340e+01
3.319610570236439457e+02 6.185243317379460137e+01 5.393428994601933368e+01
3.324617524339359989e+02 6.189021229284222159e+01 5.397138243799849988e+01
3.329624478442280520e+02 6.192720201338048014e+01 5.400725670997495342e+01
3.334631432545201619e+02 6.196340609813448452e+01 5.404191882489696752e+01
3.339638386648122150e+02 6.199882829455918909e+01 5.407537539846306629e+01
3.344645340751042681e+02 6.203347262820490471e+01 5.410763330299387519e+01
3.349652294853963781e+02 6.206734317034307935e+01 5.413869947068857869e+01
3.354659248956884312e+02 6.210044416445772697e+01 5.416858107250745036e+01
3.359666203059804843e+02 6.213277998227160026e+01 5.419728548432331650e+01
3.364673157162726511e+02 6.216435512249950079e+01 5.422482013540920320e+01
3.369680111265647042e+02 6.219517416973243940e+01 5.425119295089139371e+01
3.374687065368567005e+02 6.222524186423410697e+01 5.427641195520811834e+01
3.379694019471487536e+02 6.225456302347024007e+01 5.430048507520201895e+01
3.384700973574409204e+02 6.228314264977608161e+01 5.432342074407368671e+01
3.389707927677329735e+02 6.231098576095814678e+01 5.434522749172128897e+01
3.394714881780250266e+02 6.233809752967727036e+01 5.436591391698993903e+01
3.399721835883171366e+02 6.236448331382644028e+01 5.438548902558932241e+01
3.404728789986091897e+02 6.239014838905796267e+01 5.440396173245811440e+01
3.409735744089012428e+02 6.241509829325646308e+01 5.442134149027016576e+01
3.414742698191932959e+02 6.243933860352395016e+01 5.443763764229620961e+01
3.419749652294854059e+02 6.246287502966490024e+01 5.445285975263054468e+01
3.424756606397774590e+02 6.248571331600305712e+01 5.446701769944559146e+01
3.429763560500695121e+02 6.250785934963050750e+01 5.448012154761875081e+01
3.434770514603616220e+02 6.252931907098067654e+01 5.449218139320201715e+01
3.439777468706536752e+02 6.255009854203800046e+01 5.450320760135150522e+01
3.444784422809457283e+02 6.257020392490925076e+01 5.451321071999238654e+01
3.449791376912378382e+02 6.258964143788078616e+01 5.452220155698987014e+01
3.454798331015298913e+02 6.260841738835156889e+01 5.453019098220201499e+01
3.459805285118219444e+02 6.262653820619166822e+01 5.453719013454251296e+01
3.464812239221139976e+02 6.264401033924838202e+01 5.454321026420079477e+01
3.469819193324061075e+02 6.266084035780335171e+01 5.454826295595046304e+01
3.474826147426981606e+02 6.267703492581898672e+01 5.455235970890950625e+01
3.479833101529902137e+02 6.269260078649989509e+01 5.455551264998268834e+01
3.484840055632823237e+02 6.270754468685302641e+01 5.455773364712683815e+01
3.489847009735743768e+02 6.272187354221337330e+01 5.455903495547127591e+01
3.494853963838664299e+02 6.273559428599364196e+01 5.455942909473218094e+01
3.499860917941585399e+02 6.274871394816962322e+01 5.455892857090036330e+01
3.504867872044505930e+02 6.276123967118429903e+01 5.455754627488232700e+01
3.509874826147426461e+02 6.277317856596441459e+01 5.455529524737846714e+01
3.514881780250346992e+02 6.278453788805275337e+01 5.455218861680975806e+01
3.519888734353268660e+02 6.279532496610437420e+01 5.454823975306103989e+01
3.524895688456189191e+02 6.280554715075078320e+01 5.454346235156995704e+01
3.529902642559109154e+02 6.281521193214241805e+01 5.453787011363594672e+01
3.534909596662030822e+02 6.282432673641268650e+01 5.453147683903567611e+01
3.539916550764951353e+02 6.283289918818299213e+01 5.452429700322450401e+01
3.544923504867871884e+02 6.284093686521545408e+01 5.451634443959613918e+01
3.549930458970792415e+02 6.284844752490812425e+01 5.450763415948141244e+01
3.554937413073713515e+02 6.285543886335858588e+01 5.449818061536790026e+01
3.559944367176634046e+02 6.286191870318505437e+01 5.448799863919357733e+01
3.564951321279554577e+02 6.286789486976120145e+01 5.447710335770496215e+01
3.569958275382475676e+02 6.287337531083781528e+01 5.446550993684610376e+01
3.574965229485396208e+02 6.287836797283549117e+01 5.445323385264742910e+01
3.579972183588316739e+02 6.288288086401169608e+01 5.444029068522353043e+01
3.584979137691237838e+02 6.288692200304811308e+01 5.442669617195745957e+01
3.589986091794158369e+02 6.289049954412266175e+01 5.441246614043731711e+01
3.594993045897078900e+02 6.289362161766266013e+01 5.439761681783294023e+01
3.600000000000000000e+02 6.289629639588756049e+01 5.438216428371291045e+01
