# lons lats(polar edge) lats(equatorward edge)
0.000000000000000000e+00 -6.703426744361334499e+01 -4.909767281061640176e+01
5.006954102920723182e-01 -6.695541698535217279e+01 -4.906727412616510264e+01
1.001390820584144636e+00 -6.687620209594165033e+01 -4.903775338635431069e+01
1.502086230876216844e+00 -6.679661715445540437e+01 -4.900904576250864864e+01
2.002781641168289273e+00 -6.671665644373710791e+01 -4.898108592533770889e+01
2.503477051460361480e+00 -6.663631366666372458e+01 -4.895380964780591171e+01
3.004172461752433687e+00 -6.655558252807672659e+01 -4.892715162213384872e+01
3.504867872044505894e+00 -6.647445623863454500e+01 -4.890104753934900828e+01
4.005563282336578546e+00 -6.639292794527413832e+01 -4.887543393594764041e+01
4.506258692628650309e+00 -6.631099044594803615e+01 -4.885024697357548007e+01
5.006954102920722960e+00 -6.622863627288381849e+01 -4.882542410084307960e+01
5.507649513212795611e+00 -6.614585777091917862e+01 -4.880090348339786033e+01
6.008344923504867374e+00 -6.606264711490608477e+01 -4.877662403327103391e+01
6.509040333796940025e+00 -6.597899631962887668e+01 -4.875252537247897067e+01
7.009735744089011789e+00 -6.589489704314642893e+01 -4.872854813748278957e+01
7.510431154381083552e+00 -6.581034092818967451e+01 -4.870463458635954623e+01
8.011126564673157091e+00 -6.572531939255654265e+01 -4.868072742628778826e+01
8.511821974965229742e+00 -6.563982374388373842e+01 -4.865677078678055523e+01
9.012517385257300617e+00 -6.555384514253532302e+01 -4.863271018149760039e+01
9.513212795549373268e+00 -6.546737467745046501e+01 -4.860849194695541087e+01
1.001390820584144592e+01 -6.538040323057872172e+01 -4.858406443615743342e+01
1.051460361613352035e+01 -6.529292166749189619e+01 -4.855937663924841274e+01
1.101529902642559122e+01 -6.520492079252551321e+01 -4.853437938161617637e+01
1.151599443671766032e+01 -6.511639139141595933e+01 -4.850902464606291176e+01
1.201668984700973475e+01 -6.502732409011048276e+01 -4.848326601570420280e+01
1.251738525730180740e+01 -6.493770957763872786e+01 -4.845705797664913916e+01
1.301808066759388005e+01 -6.484753857528257015e+01 -4.843035731230111196e+01
1.351877607788595093e+01 -6.475680167948293331e+01 -4.840312177546444161e+01
1.401947148817802358e+01 -6.466548955919189723e+01 -4.837531050774762775e+01
1.452016689847009623e+01 -6.457359303749309731e+01 -4.834688413155895148e+01
1.502086230876216710e+01 -6.448110276431913235e+01 -4.831780482180710123e+01
1.552155771905424153e+01 -6.438800968352376231e+01 -4.828803613441039033e+01
1.602225312934631418e+01 -6.429430469061850317e+01 -4.825754311934281304e+01
1.652294853963838506e+01 -6.419997879426597365e+01 -4.822629219332986850e+01
1.702364394993045948e+01 -6.410502314653363953e+01 -4.819425141850763339e+01
1.752433936022252681e+01 -6.400942906823125611e+01 -4.816138964686601298e+01
1.802503477051460123e+01 -6.391318792275420435e+01 -4.812767790704710080e+01
1.852573018080667566e+01 -6.381629137122740048e+01 -4.809308821409335621e+01
1.902642559109874654e+01 -6.371873112017578933e+01 -4.805759402027665317e+01
1.952712100139081741e+01 -6.362049920004733394e+01 -4.802117011574870276e+01
2.002781641168289184e+01 -6.352158775011571379e+01 -4.798379256687994143e+01
2.052851182197496627e+01 -6.342198928567609073e+01 -4.794543868210497806e+01
2.102920723226704069e+01 -6.332169636440607974e+01 -4.790608753863367042e+01
2.152990264255910802e+01 -6.322070196272503040e+01 -4.786571880284283509e+01
2.203059805285118244e+01 -6.311899933965574405e+01 -4.782431420780892495e+01
2.253129346314325332e+01 -6.301658190788398883e+01 -4.778185632936482818e+01
2.303198887343532064e+01 -6.291344361488231129e+01 -4.773832854742228449e+01
2.353268428372739507e+01 -6.280957853530057378e+01 -4.769371628016581610e+01
2.403337969401946950e+01 -6.270498128651215097e+01 -4.764800570267000523e+01
2.453407510431154037e+01 -6.259964667547411921e+01 -4.760118431914381176e+01
2.503477051460361480e+01 -6.249356996554799082e+01 -4.755324079633308543e+01
2.553546592489568567e+01 -6.238674694089115746e+01 -4.750416499633362832e+01
2.603616133518776010e+01 -6.227917357443797641e+01 -4.745394783630929680e+01
2.653685674547983453e+01 -6.217084646073485033e+01 -4.740258166011268770e+01
2.703755215577190185e+01 -6.206176260334754602e+01 -4.735005966779142739e+01
2.753824756606397628e+01 -6.195191942075635438e+01 -4.729637614777256260e+01
2.803894297635604715e+01 -6.184131493712212091e+01 -4.724152699497008712e+01
2.853963838664812158e+01 -6.172994762579347139e+01 -4.718550845320908138e+01
2.904033379694019246e+01 -6.161781640716381503e+01 -4.712831854489476768e+01
2.954102920723226333e+01 -6.150492094450183345e+01 -4.706995618525144209e+01
3.004172461752433421e+01 -6.139126127451473280e+01 -4.701042128956680699e+01
3.054242002781640863e+01 -6.127683811612604359e+01 -4.694971487628315288e+01
3.104311543810848306e+01 -6.116165281385127628e+01 -4.688783915484343368e+01
3.154381084840055394e+01 -6.104570723362292028e+01 -4.682479732150801510e+01
3.204450625869262836e+01 -6.092900398585504718e+01 -4.676059372972606809e+01
3.254520166898469569e+01 -6.081154625060783303e+01 -4.669523376506955969e+01
3.304589707927677011e+01 -6.069333796810390425e+01 -4.662872400529982997e+01
3.354659248956884454e+01 -6.057438367700235915e+01 -4.656107182572324632e+01
3.404728789986091897e+01 -6.045468870188271637e+01 -4.649228595038592005e+01
3.454798331015298629e+01 -6.033425908333701670e+01 -4.642237608218790967e+01
3.504867872044505361e+01 -6.021310154146594584e+01 -4.635135300759073118e+01
3.554937413073713515e+01 -6.009122367746276439e+01 -4.627922860372788705e+01
3.605006954102920247e+01 -5.996863374750253683e+01 -4.620601576221626772e+01
3.655076495132127690e+01 -5.984534084594932324e+01 -4.613172840028521193e+01
3.705146036161335132e+01 -5.972135496249219955e+01 -4.605638179629561080e+01
3.755215577190541865e+01 -5.959668677222670397e+01 -4.597999211358592220e+01
3.805285118219749307e+01 -5.947134791977993018e+01 -4.590257639838137038e+01
3.855354659248956750e+01 -5.934535080205938584e+01 -4.582415320635527678e+01
3.905424200278163482e+01 -5.921870870326827685e+01 -4.574474196141324001e+01
3.955493741307371636e+01 -5.909143585957579603e+01 -4.566436293663338120e+01
4.005563282336578368e+01 -5.896354731418185224e+01 -4.558303790636915664e+01
4.055632823365785811e+01 -5.883505909947430723e+01 -4.550078945373581973e+01
4.105702364394993253e+01 -5.870598808174705141e+01 -4.541764131828034579e+01
4.155771905424199986e+01 -5.857635210046296947e+01 -4.533361831668068476e+01
4.205841446453408139e+01 -5.844616988350040288e+01 -4.524874625417120910e+01
4.255910987482614871e+01 -5.831546114199595365e+01 -4.516305215055335509e+01
4.305980528511821603e+01 -5.818424650375531826e+01 -4.507656387401628706e+01
4.356050069541029046e+01 -5.805254756382423409e+01 -4.498931046225014541e+01
4.406119610570236489e+01 -5.792038679963665970e+01 -4.490132198384414153e+01
4.456189151599443221e+01 -5.778778776435869702e+01 -4.481262952728695836e+01
4.506258692628650664e+01 -5.765477485620399989e+01 -4.472326517530757428e+01
4.556328233657857396e+01 -5.752137344889283099e+01 -4.463326201384961678e+01
4.606397774687064128e+01 -5.738760987963243565e+01 -4.454265393595778733e+01
4.656467315716272282e+01 -5.725351136436853494e+01 -4.445147611470775928e+01
4.706536856745479014e+01 -5.711910614580004619e+01 -4.435976442539714526e+01
4.756606397774686457e+01 -5.698442326345569597e+01 -4.426755565119567848e+01
4.806675938803893899e+01 -5.684949278496672775e+01 -4.417488749751987598e+01
4.856745479833100632e+01 -5.671434556846973862e+01 -4.408179858514790794e+01
4.906815020862308074e+01 -5.657901340527926948e+01 -4.398832821102557489e+01
4.956884561891514807e+01 -5.644352889983450439e+01 -4.389451665753973941e+01
5.006954102920722960e+01 -5.630792551921216216e+01 -4.380040467053861164e+01
5.057023643949929692e+01 -5.617223751978484358e+01 -4.370603394391665120e+01
5.107093184979137135e+01 -5.603649997981732156e+01 -4.361144674759442807e+01
5.157162726008345288e+01 -5.590074864769916019e+01 -4.351668590482354659e+01
5.207232267037552020e+01 -5.576502005918653992e+01 -4.342179494587996658e+01
5.257301808066758753e+01 -5.562935141264232186e+01 -4.332681777564182823e+01
5.307371349095966906e+01 -5.549378053605094863e+01 -4.323179890167958206e+01
5.357440890125173638e+01 -5.535834589361682845e+01 -4.313678306700589360e+01
5.407510431154380370e+01 -5.522308649815157366e+01 -4.304181556303214506e+01
5.457579972183587813e+01 -5.508804188429847670e+01 -4.294694180515793391e+01
5.507649513212795256e+01 -5.495325205236211730e+01 -4.285220752509357567e+01
5.557719054242002699e+01 -5.481875742384600869e+01 -4.275765857698442574e+01
5.607788595271209431e+01 -5.468459882374473580e+01 -4.266334095501233037e+01
5.657858136300416163e+01 -5.455081733417783596e+01 -4.256930062962875638e+01
5.707927677329624316e+01 -5.441745436303732220e+01 -4.247558355201272207e+01
5.757997218358831759e+01 -5.428455146514293972e+01 -4.238223557143030007e+01
5.808066759388038491e+01 -5.415215038948132076e+01 -4.228930231999561329e+01
5.858136300417245934e+01 -5.402029290539699957e+01 -4.219682915944736123e+01
5.908205841446452666e+01 -5.388902085439382006e+01 -4.210486119490246892e+01
5.958275382475660109e+01 -5.375837600396094729e+01 -4.201344303300152205e+01
6.008344923504866841e+01 -5.362840001761411202e+01 -4.192261884382311621e+01
6.058414464534074995e+01 -5.349913438737472404e+01 -4.183243221996669092e+01
6.108484005563281727e+01 -5.337062034594906379e+01 -4.174292617055904486e+01
6.158553546592489170e+01 -5.324289883558718373e+01 -4.165414294596999412e+01
6.208623087621696612e+01 -5.311601040778383265e+01 -4.156612404307239217e+01
6.258692628650903345e+01 -5.298999517060052256e+01 -4.147891012956975487e+01
6.308762169680110787e+01 -5.286489273023958901e+01 -4.139254094572393683e+01
6.358831710709318941e+01 -5.274074210213198910e+01 -4.130705525565431913e+01
6.408901251738525673e+01 -5.261758167655840168e+01 -4.122249078883911011e+01
6.458970792767732405e+01 -5.249544912202451030e+01 -4.113888415687839029e+01
6.509040333796939137e+01 -5.237438135033640663e+01 -4.105627082468132016e+01
6.559109874826147291e+01 -5.225441444849762718e+01 -4.097468502999404905e+01
6.609179415855354023e+01 -5.213558359721842805e+01 -4.089415972766587970e+01
6.659248956884562176e+01 -5.201792305985632936e+01 -4.081472657451527652e+01
6.709318497913768908e+01 -5.190146607997063199e+01 -4.073641584027214435e+01
6.759388038942975641e+01 -5.178624485745727668e+01 -4.065925639593629626e+01
6.809457579972183794e+01 -5.167229050256479184e+01 -4.058327566139055875e+01
6.859527121001390526e+01 -5.155963297186586658e+01 -4.050849957396863488e+01
6.909596662030597258e+01 -5.144830103915352026e+01 -4.043495256575411645e+01
6.959666203059803991e+01 -5.133832224596459071e+01 -4.036265752399927464e+01
7.009735744089010723e+01 -5.122972288120705286e+01 -4.029163577948352781e+01
7.059805285118218876e+01 -5.112252792993727724e+01 -4.022190708555868355e+01
7.109874826147427029e+01 -5.101676105939019124e+01 -4.015348961465647903e+01
7.159944367176633762e+01 -5.091244458638298909e+01 -4.008639993002219626e+01
7.210013908205840494e+01 -5.080959945170376102e+01 -4.002065299400641152e+01
7.260083449235048647e+01 -5.070824522709641258e+01 -3.995626215399028069e+01
7.310152990264255379e+01 -5.060840006054546336e+01 -3.989323916421056992e+01
7.360222531293462112e+01 -5.051008070887233714e+01 -3.983159421519161469e+01
7.410292072322670265e+01 -5.041330250513907174e+01 -3.977133583901235170e+01
7.460361613351876997e+01 -5.031807936330493192e+01 -3.971247108567553141e+01
7.510431154381083729e+01 -5.022442378870378832e+01 -3.965500539608981967e+01
7.560500695410290461e+01 -5.013234686174597243e+01 -3.959894269970462233e+01
7.610570236439498615e+01 -5.004185827982779244e+01 -3.954428541972518474e+01
7.660639777468706768e+01 -4.995296633986923496e+01 -3.949103449926113285e+01
7.710709318497913500e+01 -4.986567796159702937e+01 -3.943918946450210683e+01
7.760778859527120233e+01 -4.977999872945416371e+01 -3.938874836796529166e+01
7.810848400556326965e+01 -4.969593287048097352e+01 -3.933970792470134370e+01
7.860917941585533697e+01 -4.961348332649264137e+01 -3.929206352000690572e+01
7.910987482614743271e+01 -4.953265174942258398e+01 -3.924580922022940399e+01
7.961057023643950004e+01 -4.945343854788858096e+01 -3.920093780564351960e+01
8.011126564673156736e+01 -4.937584290174469004e+01 -3.915744090352819740e+01
8.061196105702363468e+01 -4.929986282610967407e+01 -3.911530890347495415e+01
8.111265646731571621e+01 -4.922549517951607356e+01 -3.907453112747599278e+01
8.161335187760779775e+01 -4.915273572328202079e+01 -3.903509576673523895e+01
8.211404728789986507e+01 -4.908157914886884043e+01 -3.899699003507986106e+01
8.261474269819193239e+01 -4.901201913376040409e+01 -3.896020011568462849e+01
8.311543810848399971e+01 -4.894404835536020926e+01 -3.892471128650144863e+01
8.361613351877606704e+01 -4.887765857742975584e+01 -3.889050794791914711e+01
8.411682892906816278e+01 -4.881284066178464798e+01 -3.885757365799877050e+01
8.461752433936023010e+01 -4.874958462715709118e+01 -3.882589119115282017e+01
8.511821974965229742e+01 -4.868787970329263715e+01 -3.879544258677769619e+01
8.561891515994436475e+01 -4.862771435808950571e+01 -3.876620920702252704e+01
8.611961057023643207e+01 -4.856907635629737285e+01 -3.873817181309122759e+01
8.662030598052849939e+01 -4.851195281772503165e+01 -3.871131056607133303e+01
8.712100139082058092e+01 -4.845633024023241830e+01 -3.868560503157219443e+01
8.762169680111264825e+01 -4.840219457278122661e+01 -3.866103442149629643e+01
8.812239221140472978e+01 -4.834953124162835536e+01 -3.863757742224741776e+01
8.862308762169679710e+01 -4.829832521027979908e+01 -3.861521237185705502e+01
8.912378303198886442e+01 -4.824856101994497237e+01 -3.859391724195980089e+01
8.962447844228094596e+01 -4.820022282649857459e+01 -3.857366975135556686e+01
9.012517385257301328e+01 -4.815329446683732328e+01 -3.855444737215913165e+01
9.062586926286508060e+01 -4.810775947750640569e+01 -3.853622735449499714e+01
9.112656467315714792e+01 -4.806360116454867182e+01 -3.851898682129382223e+01
9.162726008344921524e+01 -4.802080262751529460e+01 -3.850270279989041455e+01
9.212795549374128257e+01 -4.797934678798752373e+01 -3.848735221036173471e+01
9.262865090403337831e+01 -4.793921646597424058e+01 -3.847291196687956472e+01
9.312934631432544563e+01 -4.790039440086671618e+01 -3.845935903481085916e+01
9.363004172461751295e+01 -4.786286326177047101e+01 -3.844667039919522722e+01
9.413073713490958028e+01 -4.782660573772714940e+01 -3.843482319369877587e+01
9.463143254520164760e+01 -4.779160452576375917e+01 -3.842379464641135201e+01
9.513212795549372913e+01 -4.775784240139670089e+01 -3.841356216934082113e+01
9.563282336578581067e+01 -4.772530221415705398e+01 -3.840410339335529954e+01
9.613351877607787799e+01 -4.769396696275121883e+01 -3.839539622916281303e+01
9.663421418636994531e+01 -4.766381977365141154e+01 -3.838741883383390530e+01
9.713490959666201263e+01 -4.763484398375054241e+01 -3.838014968855331688e+01
9.763560500695409416e+01 -4.760702312930276037e+01 -3.837356766799329932e+01
9.813630041724616149e+01 -4.758034098899712205e+01 -3.836765197097221858e+01
9.863699582753822881e+01 -4.755478160746802985e+01 -3.836238226030042142e+01
9.913769123783029613e+01 -4.753032930951972901e+01 -3.835773859460537949e+01
9.963838664812239188e+01 -4.750696872768399714e+01 -3.835370155804490366e+01
1.001390820584144592e+02 -4.748468484671262502e+01 -3.835025220931207457e+01
1.006397774687065265e+02 -4.746346297723836472e+01 -3.834737214634593272e+01
1.011404728789985938e+02 -4.744328881663865616e+01 -3.834504351627479934e+01
1.016411682892906754e+02 -4.742414843079065179e+01 -3.834324902778540434e+01
1.021418636995827427e+02 -4.740602831144248341e+01 -3.834197201456923665e+01
1.026425591098748242e+02 -4.738891534760956858e+01 -3.834119642891970159e+01
1.031432545201669058e+02 -4.737279686530133915e+01 -3.834090684345092370e+01
1.036439499304589731e+02 -4.735766063945381177e+01 -3.834108855336189947e+01
1.041446453407510404e+02 -4.734349489247439635e+01 -3.834172747542716309e+01
1.046453407510431077e+02 -4.733028831694288385e+01 -3.834281026976050555e+01
1.051460361613351751e+02 -4.731803006993619931e+01 -3.834432426788303871e+01
1.056467315716272708e+02 -4.730670979863977266e+01 -3.834625758178923149e+01
1.061474269819193381e+02 -4.729631763161638958e+01 -3.834859904646769735e+01
1.066481223922114054e+02 -4.728684419306706843e+01 -3.835133826173738214e+01
1.071488178025034728e+02 -4.727828060050275383e+01 -3.835446557016858549e+01
1.076495132127955401e+02 -4.727061847580377218e+01 -3.835797213121112748e+01
1.081502086230876074e+02 -4.726384994230944869e+01 -3.836184988023377684e+01
1.086509040333796889e+02 -4.725796762743745205e+01 -3.836609152370728282e+01
1.091515994436717563e+02 -4.725296466122860295e+01 -3.837069059423301098e+01
1.096522948539638236e+02 -4.724883467867518050e+01 -3.837564143068242117e+01
1.101529902642559051e+02 -4.724557181564638597e+01 -3.838093915139118906e+01
1.106536856745479724e+02 -4.724317070772418958e+01 -3.838657972519079919e+01
1.111543810848400540e+02 -4.724162648409152609e+01 -3.839255988815942544e+01
1.116550764951321213e+02 -4.724093476520398838e+01 -3.839887721682110566e+01
1.121557719054241886e+02 -4.724109165696906132e+01 -3.840553007539504904e+01
1.126564673157162559e+02 -4.724209374376120252e+01 -3.841251764142747049e+01
1.131571627260083233e+02 -4.724393808143692297e+01 -3.841983987180377369e+01
1.136578581363004190e+02 -4.724662219151402098e+01 -3.842749753663177614e+01
1.141585535465924863e+02 -4.725014404836589677e+01 -3.843549216793711309e+01
1.146592489568845536e+02 -4.725450207223663313e+01 -3.844382607074315672e+01
1.151599443671766352e+02 -4.725969511759946329e+01 -3.845250231725025003e+01
1.156606397774686883e+02 -4.726572246733600480e+01 -3.846152471889602964e+01
1.161613351877607698e+02 -4.727258381178150159e+01 -3.847089782053465967e+01
1.166620305980528229e+02 -4.728027924406821114e+01 -3.848062688646699314e+01
1.171627260083449187e+02 -4.728880924499141258e+01 -3.849071787599335437e+01
1.176634214186370002e+02 -4.729817466787541491e+01 -3.850117743642861967e+01
1.181641168289290533e+02 -4.730837672460371834e+01 -3.851201286934177404e+01
1.186648122392211349e+02 -4.731941697630578858e+01 -3.852323212153372367e+01
1.191655076495132022e+02 -4.733129731123814565e+01 -3.853484374982166116e+01
1.196662030598052695e+02 -4.734401992848621887e+01 -3.854685690907011519e+01
1.201668984700973368e+02 -4.735758733214358074e+01 -3.855928133225482668e+01
1.206675938803894041e+02 -4.737200230453642291e+01 -3.857212727290992405e+01
1.211682892906814999e+02 -4.738726789691033048e+01 -3.858540552098041587e+01
1.216689847009735672e+02 -4.740338740265475792e+01 -3.859912733955773945e+01
1.221696801112656345e+02 -4.742036435148226303e+01 -3.861330445798579092e+01
1.226703755215577019e+02 -4.743820248381713611e+01 -3.862794902740482428e+01
1.231710709318497834e+02 -4.745690574344668278e+01 -3.864307359076541104e+01
1.236717663421418507e+02 -4.747647824608908707e+01 -3.865869106591183879e+01
1.241724617524339322e+02 -4.749692426906155163e+01 -3.867481469974357822e+01
1.246731571627260138e+02 -4.751824824198112651e+01 -3.869145801826583408e+01
1.251738525730180669e+02 -4.754045470268894746e+01 -3.870863483513879544e+01
1.256745479833101484e+02 -4.756354831363270819e+01 -3.872635917501108338e+01
1.261752433936022157e+02 -4.758753382630376905e+01 -3.874464527933876923e+01
1.266759388038942831e+02 -4.761241604836388319e+01 -3.876350752366259655e+01
1.271766342141863788e+02 -4.763819986634618431e+01 -3.878296039239056370e+01
1.276773296244784177e+02 -4.766489020068976856e+01 -3.880301854133857375e+01
1.281780250347705135e+02 -4.769249197780001737e+01 -3.882369659427193653e+01
1.286787204450625950e+02 -4.772101015071231700e+01 -3.884500922732011929e+01
1.291794158553546481e+02 -4.775044965776007189e+01 -3.886697109303393916e+01
1.296801112656467296e+02 -4.778081540924151227e+01 -3.888959681129971102e+01
1.301808066759387827e+02 -4.781211227153082177e+01 -3.891290090347364128e+01
1.306815020862308643e+02 -4.784434506644149110e+01 -3.893689778933956802e+01
1.311821974965229458e+02 -4.787751854197242096e+01 -3.896160170154369951e+01
1.316828929068149989e+02 -4.791163736882455737e+01 -3.898702675641241910e+01
1.321835883171070805e+02 -4.794670611019122930e+01 -3.901318682522240522e+01
1.326842837273991336e+02 -4.798272923984208660e+01 -3.904009549585065031e+01
1.331849791376912435e+02 -4.801971109419704931e+01 -3.906776617420537434e+01
1.336856745479833251e+02 -4.805765589069218890e+01 -3.909621195137577843e+01
1.341863699582753782e+02 -4.809656770688783922e+01 -3.912544552670868825e+01
1.346870653685674597e+02 -4.813645046138853445e+01 -3.915547933601618524e+01
1.351877607788595128e+02 -4.817730791000948898e+01 -3.918632542330237811e+01
1.356884561891515943e+02 -4.821914364649282447e+01 -3.921799542463782018e+01
1.361891515994436759e+02 -4.826196110188911348e+01 -3.925050057521239921e+01
1.366898470097357290e+02 -4.830576347466384846e+01 -3.928385170908099155e+01
1.371905424200278105e+02 -4.835055382473919394e+01 -3.931805918362681496e+01
1.376912378303198636e+02 -4.839633496961022274e+01 -3.935313292004232011e+01
1.381919332406119452e+02 -4.844310956383986877e+01 -3.938908238093065961e+01
1.386926286509039983e+02 -4.849088001373155521e+01 -3.942591647567221003e+01
1.391933240611960798e+02 -4.853964853408677982e+01 -3.946364368261217237e+01
1.396940194714881613e+02 -4.858941709948213372e+01 -3.950227201986028547e+01
1.401947148817802145e+02 -4.864018749423267707e+01 -3.954180885641737575e+01
1.406954102920723244e+02 -4.869196125283779963e+01 -3.958226114101027804e+01
1.411961057023643775e+02 -4.874473968114538991e+01 -3.962363537223572507e+01
1.416968011126564591e+02 -4.879852387024907046e+01 -3.966593734698980711e+01
1.421974965229485406e+02 -4.885331465728408773e+01 -3.970917251209326082e+01
1.426981919332405937e+02 -4.890911266027937643e+01 -3.975334566072857001e+01
1.431988873435326752e+02 -4.896591826104081235e+01 -3.979846120126435949e+01
1.436995827538247283e+02 -4.902373158138611586e+01 -3.984452290298773391e+01
1.442002781641168099e+02 -4.908255251759594273e+01 -3.989153405505564365e+01
1.447009735744088914e+02 -4.914238076900385011e+01 -3.993949746334325823e+01
1.452016689847009729e+02 -4.920321570952675927e+01 -3.998841545872099346e+01
1.457023643949930261e+02 -4.926505656941610312e+01 -4.003828979686775824e+01
1.462030598052851076e+02 -4.932790225167575215e+01 -4.008912175551930090e+01
1.467037552155771891e+02 -4.939175149105305707e+01 -4.014091215406554625e+01
1.472044506258692422e+02 -4.945660274388085043e+01 -4.019366139848881403e+01
1.477051460361613238e+02 -4.952245423864137308e+01 -4.024736938435108868e+01
1.482058414464534053e+02 -4.958930395851989203e+01 -4.030203545608839022e+01
1.487065368567454584e+02 -4.965714965527335778e+01 -4.035765862409772353e+01
1.492072322670375399e+02 -4.972598887327517048e+01 -4.041423749497734264e+01
1.497079276773296215e+02 -4.979581884351584620e+01 -4.047177013678118840e+01
1.502086230876216746e+02 -4.986663664002928442e+01 -4.053025429870986329e+01
1.507093184979137845e+02 -4.993843906767590113e+01 -4.058968726602871868e+01
1.512100139082058092e+02 -5.001122270556332694e+01 -4.065006590899372441e+01
1.517107093184979192e+02 -5.008498388538394863e+01 -4.071138684113691397e+01
1.522114047287899723e+02 -5.015971870357428486e+01 -4.077364617644170153e+01
1.527121001390820538e+02 -5.023542303798716091e+01 -4.083683970996550272e+01
1.532127955493741354e+02 -5.031209253418022342e+01 -4.090096292766672548e+01
1.537134909596661885e+02 -5.038972262213358988e+01 -4.096601089445115917e+01
1.542141863699582700e+02 -5.046830844752425094e+01 -4.103197837230922573e+01
1.547148817802503231e+02 -5.054784499028632183e+01 -4.109885986069215846e+01
1.552155771905424047e+02 -5.062832694420070823e+01 -4.116664938717980249e+01
1.557162726008344862e+02 -5.070974883905702768e+01 -4.123534094560154983e+01
1.562169680111265393e+02 -5.079210491571186026e+01 -4.130492795276593654e+01
1.567176634214186208e+02 -5.087538922488106152e+01 -4.137540377694320171e+01
1.572183588317106739e+02 -5.095959557757537084e+01 -4.144676120961399590e+01
1.577190542420027555e+02 -5.104471759476523118e+01 -4.151899317886227436e+01
1.582197496522948654e+02 -5.113074861642103031e+01 -4.159209198838121324e+01
1.587204450625868901e+02 -5.121768180803567816e+01 -4.166604986468351512e+01
1.592211404728790001e+02 -5.130551012758301965e+01 -4.174085884246646572e+01
1.597218358831710532e+02 -5.139422626294332019e+01 -4.181651059429763961e+01
1.602225312934631347e+02 -5.148382273853427193e+01 -4.189299658064865639e+01
1.607232267037552162e+02 -5.157429183754798885e+01 -4.197030815412028204e+01
1.612239221140472694e+02 -5.166562564563433568e+01 -4.204843635786536993e+01
1.617246175243393509e+02 -5.175781604726294916e+01 -4.212737207416657270e+01
1.622253129346314324e+02 -5.185085472535944007e+01 -4.220710604600729710e+01
1.627260083449234855e+02 -5.194473314732857716e+01 -4.228762862860716609e+01
1.632267037552155955e+02 -5.203944259407960260e+01 -4.236893026314361066e+01
1.637273991655076486e+02 -5.213497413872723030e+01 -4.245100102077854842e+01
1.642280945757997301e+02 -5.223131870761748985e+01 -4.253383092284103384e+01
1.647287899860917832e+02 -5.232846698447177403e+01 -4.261740981243370641e+01
1.652294853963838648e+02 -5.242640951371798508e+01 -4.270172742011334321e+01
1.657301808066759463e+02 -5.252513666309015150e+01 -4.278677327796310692e+01
1.662308762169679994e+02 -5.262463861748175020e+01 -4.287253685533494263e+01
1.667315716272600810e+02 -5.272490537280746992e+01 -4.295900743693323420e+01
1.672322670375521341e+02 -5.282592683764151786e+01 -4.304617423496095796e+01
1.677329624478442156e+02 -5.292769268354378198e+01 -4.313402644197130087e+01
1.682336578581363256e+02 -5.303019249763552523e+01 -4.322255303874509025e+01
1.687343532684283502e+02 -5.313341569572899914e+01 -4.331174297853532096e+01
1.692350486787204602e+02 -5.323735153719881907e+01 -4.340158512198844676e+01
1.697357440890125133e+02 -5.334198920771869723e+01 -4.349206832547326940e+01
1.702364394993045948e+02 -5.344731773270602559e+01 -4.358318140610765568e+01
1.707371349095966480e+02 -5.355332600188255299e+01 -4.367491296255519728e+01
1.712378303198887295e+02 -5.366000285743403708e+01 -4.376725174240543481e+01
1.717385257301808110e+02 -5.376733697856428762e+01 -4.386018649661694724e+01
1.722392211404728641e+02 -5.387531699540713248e+01 -4.395370569998179633e+01
1.727399165507649457e+02 -5.398393141027381148e+01 -4.404779811542944401e+01
1.732406119610569988e+02 -5.409316867162314679e+01 -4.414245236352549284e+01
1.737413073713490803e+02 -5.420301714950082328e+01 -4.423765703668090055e+01
1.742420027816411618e+02 -5.431346512670469906e+01 -4.433340087165329635e+01
1.747426981919332150e+02 -5.442450084987106607e+01 -4.442967247011634413e+01
1.752433936022252965e+02 -5.453611251230361745e+01 -4.452646060311818133e+01
1.757440890125173496e+02 -5.464828824320468925e+01 -4.462375402229756105e+01
1.762447844228094596e+02 -5.476101614172696941e+01 -4.472154151893138874e+01
1.767454798331015411e+02 -5.487428427777379625e+01 -4.481981196225522979e+01
1.772461752433935942e+02 -5.498808069869303949e+01 -4.491855423151004345e+01
1.777468706536856757e+02 -5.510239340497540184e+01 -4.501775733699436444e+01
1.782475660639777288e+02 -5.521721041893945880e+01 -4.511741026808853405e+01
1.787482614742698104e+02 -5.533251973610538244e+01 -4.521750226393463379e+01
1.792489568845618919e+02 -5.544830935118886828e+01 -4.531802236804080053e+01
1.797496522948539450e+02 -5.556456726445765071e+01 -4.541895995988734569e+01
1.802503477051460266e+02 -5.568128147447430365e+01 -4.552030440102983277e+01
1.807510431154380797e+02 -5.579844002662218827e+01 -4.562204513614823043e+01
1.812517385257301612e+02 -5.591603094158278964e+01 -4.572417169493512290e+01
1.817524339360222427e+02 -5.603404229418890736e+01 -4.582667378317939466e+01
1.822531293463142958e+02 -5.615246216566245607e+01 -4.592954114998367032e+01
1.827538247566063774e+02 -5.627127868126788712e+01 -4.603276362194566929e+01
1.832545201668984305e+02 -5.639047998880212731e+01 -4.613633115809381735e+01
1.837552155771905404e+02 -5.651005429510203726e+01 -4.624023386212531506e+01
1.842559109874825651e+02 -5.662998981137005217e+01 -4.634446188044268666e+01
1.847566063977746751e+02 -5.675027482200474083e+01 -4.644900553096627505e+01
1.852573018080667566e+02 -5.687089764734790265e+01 -4.655385516752099306e+01
1.857579972183588097e+02 -5.699184663815483987e+01 -4.665900129290913867e+01
1.862586926286508913e+02 -5.711311020826340723e+01 -4.676443457108678103e+01
1.867593880389429444e+02 -5.723467680796400714e+01 -4.687014568102301837e+01
1.872600834492350259e+02 -5.735653495470413077e+01 -4.697612545300914633e+01
1.877607788595271074e+02 -5.747867319554441679e+01 -4.708236486149660038e+01
1.882614742698191606e+02 -5.760108011534410366e+01 -4.718885491786014086e+01
1.887621696801112421e+02 -5.772374437881606468e+01 -4.729558681358591343e+01
1.892628650904032952e+02 -5.784665466977256187e+01 -4.740255178172904493e+01
1.897635605006953767e+02 -5.796979972153874883e+01 -4.750974126729946079e+01
1.902642559109874583e+02 -5.809316831167760142e+01 -4.761714668116826488e+01
1.907649513212795114e+02 -5.821674926198991784e+01 -4.772475966778745260e+01
1.912656467315716213e+02 -5.834053141988786706e+01 -4.783257188865707121e+01
1.917663421418636460e+02 -5.846450368749881932e+01 -4.794057515108750067e+01
1.922670375521557560e+02 -5.858865497509921738e+01 -4.804876131581283971e+01
1.927677329624478375e+02 -5.871297423560261564e+01 -4.815712246084319759e+01
1.932684283727398906e+02 -5.883745043836623267e+01 -4.826565062917768500e+01
1.937691237830319722e+02 -5.896207257472067909e+01 -4.837433805484113236e+01
1.942698191933240253e+02 -5.908682964923880832e+01 -4.848317703940170986e+01
1.947705146036161068e+02 -5.921171067813500599e+01 -4.859215996936160309e+01
1.952712100139081883e+02 -5.933670468460857705e+01 -4.870127935196666158e+01
1.957719054242002414e+02 -5.946180069185882644e+01 -4.881052777172459400e+01
1.962726008344923230e+02 -5.958698771260768012e+01 -4.891989792131613513e+01
1.967732962447844045e+02 -5.971225475259214477e+01 -4.902938257453757842e+01
1.972739916550764576e+02 -5.983759080125108198e+01 -4.913897461332408056e+01
1.977746870653685392e+02 -5.996298482474028901e+01 -4.924866700911675821e+01
1.982753824756605923e+02 -6.008842576127588586e+01 -4.935845279086802861e+01
1.987760778859527022e+02 -6.021390251414939598e+01 -4.946832512010215055e+01
1.992767732962447838e+02 -6.033940394707113342e+01 -4.957827722867105535e+01
1.997774687065368369e+02 -6.046491887718528346e+01 -4.968830241103742651e+01
2.002781641168289184e+02 -6.059043607041328983e+01 -4.979839408983555415e+01
2.007788595271209999e+02 -6.071594423214062886e+01 -4.990854574420684742e+01
2.012795549374130530e+02 -6.084143200605265633e+01 -5.001875091979475485e+01
2.017802503477051346e+02 -6.096688796249307529e+01 -5.012900325874018392e+01
2.022809457579971877e+02 -6.109230060137431906e+01 -5.023929647577990920e+01
2.027816411682892692e+02 -6.121765833937186585e+01 -5.034962435428117544e+01
2.032823365785813508e+02 -6.134294950526762591e+01 -5.045998075453628928e+01
2.037830319888734039e+02 -6.146816234111409472e+01 -5.057035959733714492e+01
2.042837273991654854e+02 -6.159328498884659098e+01 -5.068075485702668459e+01
2.047844228094575953e+02 -6.171830549377571629e+01 -5.079116058245365650e+01
2.052851182197496485e+02 -6.184321179993074225e+01 -5.090157086670463116e+01
2.057858136300417300e+02 -6.196799173958223150e+01 -5.101197985758138032e+01
2.062865090403338115e+02 -6.209263303324203775e+01 -5.112238174595934481e+01
2.067872044506258646e+02 -6.221712329431991861e+01 -5.123277075880271525e+01
2.072878998609179462e+02 -6.234145001981030987e+01 -5.134314117197011740e+01
2.077885952712099993e+02 -6.246560059262063191e+01 -5.145348727412586243e+01
2.082892906815020808e+02 -6.258956225828822539e+01 -5.156380337954563231e+01
2.087899860917941623e+02 -6.271332217649413110e+01 -5.167408382036758496e+01
2.092906815020862155e+02 -6.283686735587050975e+01 -5.178432293387761831e+01
2.097913769123782970e+02 -6.296018471511868597e+01 -5.189451505857580571e+01
2.102920723226703501e+02 -6.308326103760717274e+01 -5.200465453383078795e+01
2.107927677329624316e+02 -6.320608300309484662e+01 -5.211473566074421626e+01
2.112934631432545416e+02 -6.332863716997761117e+01 -5.222475274210030705e+01
2.117941585535465663e+02 -6.345090999391484843e+01 -5.233470001805888216e+01
2.122948539638386762e+02 -6.357288781676996337e+01 -5.244457172006566736e+01
2.127955493741307293e+02 -6.369455689687836752e+01 -5.255436199755838800e+01
2.132962447844228109e+02 -6.381590338663752959e+01 -5.266406495191820625e+01
2.137969401947148924e+02 -6.393691334182020114e+01 -5.277367458455462668e+01
2.142976356050069455e+02 -6.405757274718578742e+01 -5.288318487845988614e+01
2.147983310152990271e+02 -6.417786751142355683e+01 -5.299258962991605415e+01
2.152990264255910802e+02 -6.429778346788023669e+01 -5.310188260640150304e+01
2.157997218358831617e+02 -6.441730639937102865e+01 -5.321105743537818000e+01
2.163004172461752148e+02 -6.453642202581048082e+01 -5.332010758179866627e+01
2.168011126564672963e+02 -6.465511604295696202e+01 -5.342902641588342760e+01
2.173018080667593779e+02 -6.477337409709232929e+01 -5.353780713985078421e+01
2.178025034770514310e+02 -6.489118183697226527e+01 -5.364644278723383053e+01
2.183031988873435125e+02 -6.500852487699174276e+01 -5.375492623492711886e+01
2.188038942976355656e+02 -6.512538886114069214e+01 -5.386325017034643992e+01
2.193045897079276472e+02 -6.524175942447780585e+01 -5.397140707284142991e+01
2.198052851182197571e+02 -6.535762224932594222e+01 -5.407938924096220035e+01
2.203059805285118102e+02 -6.547296304456293115e+01 -5.418718871648002278e+01
2.208066759388038918e+02 -6.558776757865896911e+01 -5.429479735890913616e+01
2.213073713490959449e+02 -6.570202167797586412e+01 -5.440220677732418153e+01
2.218080667593880264e+02 -6.581571126077076883e+01 -5.450940833429035592e+01
2.223087621696801079e+02 -6.592882233748721887e+01 -5.461639311166612742e+01
2.228094575799721611e+02 -6.604134100431591037e+01 -5.472315199675171016e+01
2.233101529902642426e+02 -6.615325350256651404e+01 -5.482967553545853434e+01
2.238108484005562957e+02 -6.626454619865879181e+01 -5.493595404850287878e+01
2.243115438108483772e+02 -6.637520560063902053e+01 -5.504197754223265093e+01
2.248122392211404588e+02 -6.648521838360946390e+01 -5.514773574798732625e+01
2.253129346314325119e+02 -6.659457140253405782e+01 -5.525321812041843117e+01
2.258136300417245934e+02 -6.670325167554918266e+01 -5.535841379892997338e+01
2.263143254520166465e+02 -6.681124644664603807e+01 -5.546331162269677861e+01
2.268150208623087565e+02 -6.691854315160097144e+01 -5.556790013488250679e+01
2.273157162726008380e+02 -6.702512946261347793e+01 -5.567216759325572184e+01
2.278164116828928911e+02 -6.713099328777869346e+01 -5.577610191725537447e+01
2.283171070931849727e+02 -6.723612276420763578e+01 -5.587969075084541259e+01
2.288178025034770258e+02 -6.734050630466381904e+01 -5.598292143211577354e+01
2.293184979137691073e+02 -6.744413256985436078e+01 -5.608578101219021050e+01
2.298191933240611604e+02 -6.754699051400248777e+01 -5.618825622424103017e+01
2.303198887343532704e+02 -6.764906936956404593e+01 -5.629033354635870978e+01
2.308205841446453235e+02 -6.775035866119733896e+01 -5.639199914411696568e+01
2.313212795549373766e+02 -6.785084821740466055e+01 -5.649323892362266974e+01
2.318219749652294297e+02 -6.795052817780825194e+01 -5.659403851670795405e+01
2.323226703755215397e+02 -6.804938897365073558e+01 -5.669438328776159608e+01
2.328233657858135928e+02 -6.814742139415184852e+01 -5.679425839749747240e+01
2.333240611961056459e+02 -6.824461651840547916e+01 -5.689364867564556505e+01
2.338247566063977843e+02 -6.834096577242317494e+01 -5.699253882328314091e+01
2.343254520166898374e+02 -6.843646092436839012e+01 -5.709091326144964285e+01
2.348261474269818621e+02 -6.853109405354271644e+01 -5.718875623926044227e+01
2.353268428372740004e+02 -6.862485760102654808e+01 -5.728605182109231464e+01
2.358275382475660535e+02 -6.871774433857436293e+01 -5.738278385242364266e+01
2.363282336578581067e+02 -6.880974737090664917e+01 -5.747893605968482689e+01
2.368289290681501882e+02 -6.890086016130308622e+01 -5.757449203624372558e+01
2.373296244784422697e+02 -6.899107649900625461e+01 -5.766943521319871024e+01
2.378303198887343228e+02 -6.908039052561858284e+01 -5.776374891693347990e+01
2.383310152990264044e+02 -6.916879671682605135e+01 -5.785741641268192836e+01
2.388317107093184859e+02 -6.925628987896257627e+01 -5.795042083913561726e+01
2.393324061196105390e+02 -6.934286516565830993e+01 -5.804274530464884663e+01
2.398331015299026205e+02 -6.942851805074010940e+01 -5.813437287482632598e+01
2.403337969401946737e+02 -6.951324434133053387e+01 -5.822528660394458200e+01
2.408344923504867552e+02 -6.959704016448736752e+01 -5.831546949086917664e+01
2.413351877607788083e+02 -6.967990197471149827e+01 -5.840490460980366549e+01
2.418358831710709183e+02 -6.976182652708158116e+01 -5.849357501082270971e+01
2.423365785813629998e+02 -6.984281089693322997e+01 -5.858146380877973058e+01
2.428372739916550529e+02 -6.992285244685118073e+01 -5.866855418554426649e+01
2.433379694019471344e+02 -7.000194886286263340e+01 -5.875482937100262859e+01
2.438386648122392160e+02 -7.008009809573050575e+01 -5.884027278761298874e+01
2.443393602225312691e+02 -7.015729840417262153e+01 -5.892486781769979132e+01
2.448400556328233506e+02 -7.023354828977826969e+01 -5.900859808040398491e+01
2.453407510431154037e+02 -7.030884655521586524e+01 -5.909144734454888237e+01
2.458414464534074853e+02 -7.038319225519299493e+01 -5.917339942374813688e+01
2.463421418636995668e+02 -7.045658469616537900e+01 -5.925443842323578281e+01
2.468428372739916199e+02 -7.052902342935195179e+01 -5.933454855578450804e+01
2.473435326842837014e+02 -7.060050826004808755e+01 -5.941371428431442325e+01
2.478442280945758114e+02 -7.067103920920854421e+01 -5.949192019529139941e+01
2.483449235048678645e+02 -7.074061653556637452e+01 -5.956915116345474814e+01
2.488456189151599460e+02 -7.080924069348814953e+01 -5.964539226577902298e+01
2.493463143254520276e+02 -7.087691236069052536e+01 -5.972062881545502933e+01
2.498470097357440807e+02 -7.094363241238146145e+01 -5.979484633503238911e+01
2.503477051460361338e+02 -7.100940191143284608e+01 -5.986803068274389261e+01
2.508484005563282153e+02 -7.107422210698108245e+01 -5.994016787521763945e+01
2.513490959666202968e+02 -7.113809441871102024e+01 -6.001124425820967190e+01
2.518497913769123500e+02 -7.120102043918426205e+01 -6.008124641173466784e+01
2.523504867872044315e+02 -7.126300190735467766e+01 -6.015016118626348884e+01
2.528511821974965130e+02 -7.132404073534392808e+01 -6.021797574159045041e+01
2.533518776077885661e+02 -7.138413895896495376e+01 -6.028467747332051374e+01
2.538525730180806477e+02 -7.144329875751257930e+01 -6.035025408673554637e+01
2.543532684283727576e+02 -7.150152244183094297e+01 -6.041469354131713487e+01
2.548539638386647823e+02 -7.155881243976158146e+01 -6.047798411018156628e+01
2.553546592489568354e+02 -7.161517129032266382e+01 -6.054011431318649272e+01
2.558553546592489738e+02 -7.167060164021653179e+01 -6.060107294580468817e+01
2.563560500695410269e+02 -7.172510623917308692e+01 -6.066084912622848435e+01
2.568567454798330800e+02 -7.177868792772618178e+01 -6.071943218702593015e+01
2.573574408901251900e+02 -7.183134962615416441e+01 -6.077681177906136156e+01
2.578581363004172431e+02 -7.188309434146479759e+01 -6.083297779651850590e+01
2.583588317107092962e+02 -7.193392515226126704e+01 -6.088792039415359625e+01
2.588595271210013493e+02 -7.198384519942895565e+01 -6.094162999986231455e+01
2.593602225312934593e+02 -7.203285768438921366e+01 -6.099409729576230177e+01
2.598609179415855124e+02 -7.208096587259181831e+01 -6.104531319010952473e+01
2.603616133518775655e+02 -7.212817306557529662e+01 -6.109526885629115611e+01
2.608623087621696754e+02 -7.217448261028015111e+01 -6.114395567986598223e+01
2.613630041724617286e+02 -7.221989789904885981e+01 -6.119136531367352916e+01
2.618636995827537817e+02 -7.226442235099942479e+01 -6.123748958572200252e+01
2.623643949930458916e+02 -7.230805941449919771e+01 -6.128232056012443252e+01
2.628650904033379447e+02 -7.235081255959788393e+01 -6.132585052138260551e+01
2.633657858136299978e+02 -7.239268527191573810e+01 -6.136807191854408927e+01
2.638664812239220510e+02 -7.243368105788225364e+01 -6.140897742908514090e+01
2.643671766342141609e+02 -7.247380342858353686e+01 -6.144855988515978140e+01
2.648678720445062140e+02 -7.251305589743400049e+01 -6.148681231299910621e+01
2.653685674547982671e+02 -7.255144198366882335e+01 -6.152372789502173589e+01
2.658692628650904339e+02 -7.258896519837411176e+01 -6.155929996565014051e+01
2.663699582753824870e+02 -7.262562905380012523e+01 -6.159352203032817386e+01
2.668706536856744833e+02 -7.266143704473482501e+01 -6.162638771473488930e+01
2.673713490959666501e+02 -7.269639265432464015e+01 -6.165789079279697660e+01
2.678720445062587032e+02 -7.273049935407446753e+01 -6.168802514477924603e+01
2.683727399165507563e+02 -7.276376058754952680e+01 -6.171678478635207910e+01
2.688734353268428094e+02 -7.279617978201689255e+01 -6.174416383301199573e+01
2.693741307371349194e+02 -7.282776033680396210e+01 -6.177015649775334794e+01
2.698748261474269725e+02 -7.285850562329845559e+01 -6.179475709018156238e+01
2.703755215577190256e+02 -7.288841898029180300e+01 -6.181796000259787149e+01
2.708762169680111356e+02 -7.291750372329236995e+01 -6.183975970642499931e+01
2.713769123783031887e+02 -7.294576311425747406e+01 -6.186015073479943283e+01
2.718776077885952418e+02 -7.297320040001044106e+01 -6.187912768721439249e+01
2.723783031988873518e+02 -7.299981876793002300e+01 -6.189668521787830002e+01
2.728789986091794049e+02 -7.302562138116603307e+01 -6.191281802756570585e+01
2.733796940194714580e+02 -7.305061134560649805e+01 -6.192752085663236983e+01
2.738803894297635111e+02 -7.307479173461591415e+01 -6.194078848152280159e+01
2.743810848400556210e+02 -7.309816557033603601e+01 -6.195261570312872834e+01
2.748817802503476742e+02 -7.312073582368587665e+01 -6.196299735843062706e+01
2.753824756606397273e+02 -7.314250542876810357e+01 -6.197192827567782558e+01
2.758831710709318372e+02 -7.316347725405624658e+01 -6.197940331909926215e+01
2.763838664812238903e+02 -7.318365413382683471e+01 -6.198541734595714559e+01
2.768845618915159434e+02 -7.320303884167491049e+01 -6.198996521760641087e+01
2.773852573018079966e+02 -7.322163409440666726e+01 -6.199304179516552438e+01
2.778859527121001065e+02 -7.323944256760999849e+01 -6.199464193773387422e+01
2.783866481223921596e+02 -7.325646686953380993e+01 -6.199476048168655495e+01
2.788873435326842127e+02 -7.327270957062840750e+01 -6.199339226067765196e+01
2.793880389429763227e+02 -7.328817316683829119e+01 -6.199053208523197611e+01
2.798887343532683758e+02 -7.330286011058792894e+01 -6.198617476450978359e+01
2.803894297635604289e+02 -7.331677280325398272e+01 -6.198031505982159217e+01
2.808901251738525957e+02 -7.332991357386067932e+01 -6.197294773014961322e+01
2.813908205841446488e+02 -7.334228471113324588e+01 -6.196406752283452590e+01
2.818915159944367019e+02 -7.335388843917731094e+01 -6.195366913399426778e+01
2.823922114047287550e+02 -7.336472693847004223e+01 -6.194174724403070798e+01
2.828929068150208650e+02 -7.337480230680644411e+01 -6.192829652922115713e+01
2.833936022253129181e+02 -7.338411662090234699e+01 -6.191331162815801292e+01
2.838942976356049712e+02 -7.339267187405508253e+01 -6.189678716705999761e+01
2.843949930458970812e+02 -7.340047001492362710e+01 -6.187871775356940418e+01
2.848956884561891343e+02 -7.340751294631584756e+01 -6.185909798019453376e+01
2.853963838664811874e+02 -7.341380250744944647e+01 -6.183792242430969566e+01
2.858970792767732974e+02 -7.341934048340729646e+01 -6.181518563171154312e+01
2.863977746870653505e+02 -7.342412860397982399e+01 -6.179088222517636098e+01
2.868984700973574036e+02 -7.342816856023657124e+01 -6.176500673129227437e+01
2.873991655076494567e+02 -7.343146197239204298e+01 -6.173755376323130406e+01
2.878998609179415666e+02 -7.343401042950628721e+01 -6.170851792157010607e+01
2.884005563282336198e+02 -7.343581546726110787e+01 -6.167789380712748937e+01
2.889012517385257297e+02 -7.343687856295784400e+01 -6.164567606238962583e+01
2.894019471488177828e+02 -7.343720115507150581e+01 -6.161185940442921094e+01
2.899026425591098359e+02 -7.343678462105000904e+01 -6.157643858982678609e+01
2.904033379694019459e+02 -7.343563033258928385e+01 -6.153940841787456861e+01
2.909040333796939990e+02 -7.343373956959280235e+01 -6.150076375278035812e+01
2.914047287899860521e+02 -7.343111360700444834e+01 -6.146049957419701570e+01
2.919054242002781621e+02 -7.342775364661233084e+01 -6.141861096624008098e+01
2.924061196105702152e+02 -7.342366089310584698e+01 -6.137509310547694952e+01
2.929068150208622683e+02 -7.341883647220296893e+01 -6.132994130416274459e+01
2.934075104311543782e+02 -7.341328149160457883e+01 -6.128315104034892613e+01
2.939082058414464314e+02 -7.340699704328639541e+01 -6.123471794044827732e+01
2.944089012517384845e+02 -7.339998413773341213e+01 -6.118463785044379222e+01
2.949095966620305944e+02 -7.339224382180820783e+01 -6.113290675892723414e+01
2.954102920723226475e+02 -7.338377705535951634e+01 -6.107952092736343275e+01
2.959109874826147006e+02 -7.337458480841580410e+01 -6.102447687610367666e+01
2.964116828929068106e+02 -7.336466801579210539e+01 -6.096777138857180489e+01
2.969123783031988637e+02 -7.335402756792011303e+01 -6.090940153373014709e+01
2.974130737134909168e+02 -7.334266439408513349e+01 -6.084936474867721756e+01
2.979137691237830268e+02 -7.333057933815273088e+01 -6.078765875211833247e+01
2.984144645340750799e+02 -7.331777328022273821e+01 -6.072428171975117550e+01
2.989151599443671330e+02 -7.330424706547609048e+01 -6.065923223958817800e+01
2.994158553546592429e+02 -7.329000151972257981e+01 -6.059250931946192509e+01
2.999165507649512961e+02 -7.327503750822478423e+01 -6.052411238379389147e+01
3.004172461752433492e+02 -7.325935583817744146e+01 -6.045404157379724097e+01
3.009179415855354023e+02 -7.324295733346963289e+01 -6.038229735306822477e+01
3.014186369958275691e+02 -7.322584285623753431e+01 -6.030888091613314828e+01
3.019193324061196222e+02 -7.320801320712354254e+01 -6.023379405800960740e+01
3.024200278164116185e+02 -7.318946923181221109e+01 -6.015703924092714772e+01
3.029207232267037853e+02 -7.317021181335013580e+01 -6.007861961473172130e+01
3.034214186369958384e+02 -7.315024179865878295e+01 -5.999853909809519337e+01
3.039221140472878915e+02 -7.312956006772884621e+01 -5.991680251862122475e+01
3.044228094575799446e+02 -7.310816754686248942e+01 -5.983341539240642248e+01
3.049235048678720545e+02 -7.308606515009279292e+01 -5.974838414894473715e+01
3.054242002781641077e+02 -7.306325383320773881e+01 -5.966171623115950240e+01
3.059248956884561608e+02 -7.303973462007098760e+01 -5.957342008036174263e+01
3.064255910987482707e+02 -7.301550850400310821e+01 -5.948350513261355843e+01
3.069262865090403238e+02 -7.299057653789425615e+01 -5.939198190395654819e+01
3.074269819193323769e+02 -7.296493985199852261e+01 -5.929886203312220516e+01
3.079276773296244869e+02 -7.293859959090589484e+01 -5.920415839665466251e+01
3.084283727399165400e+02 -7.291155693093863022e+01 -5.910788510475670421e+01
3.089290681502085931e+02 -7.288381316179469138e+01 -5.901005757888292180e+01
3.094297635605006462e+02 -7.285536957880761122e+01 -5.891069246370811641e+01
3.099304589707927562e+02 -7.282622754549886679e+01 -5.880980802381877481e+01
3.104311543810848093e+02 -7.279638848738325407e+01 -5.870742378431076247e+01
3.109318497913768624e+02 -7.276585392891941240e+01 -5.860356081468397349e+01
3.114325452016689724e+02 -7.273462544911279792e+01 -5.849824168329449492e+01
3.119332406119610255e+02 -7.270270469033829386e+01 -5.839149052818598307e+01
3.124339360222530786e+02 -7.267009338524103157e+01 -5.828333335538687265e+01
3.129346314325451885e+02 -7.263679336775716422e+01 -5.817379745730491436e+01
3.134353268428372417e+02 -7.260280653213307289e+01 -5.806291216590827275e+01
3.139360222531292948e+02 -7.256813486940849600e+01 -5.795070827545052339e+01
3.144367176634213479e+02 -7.253278047583968657e+01 -5.783721867274948636e+01
3.149374130737134578e+02 -7.249674555183254654e+01 -5.772247785598382563e+01
3.154381084840055109e+02 -7.246003241663665051e+01 -5.760652204667793796e+01
3.159388038942975641e+02 -7.242264340667624367e+01 -5.748938961230766154e+01
3.164394993045897309e+02 -7.238458110986847771e+01 -5.737112050347563752e+01
3.169401947148817840e+02 -7.234584808849183446e+01 -5.725175683934554627e+01
3.174408901251737802e+02 -7.230644714586821920e+01 -5.713134226434648610e+01
3.179415855354659470e+02 -7.226638110216561017e+01 -5.700992276299679418e+01
3.184422809457580001e+02 -7.222565293639752326e+01 -5.688754576338213553e+01
3.189429763560500533e+02 -7.218426579288041012e+01 -5.676426083139712375e+01
3.194436717663421064e+02 -7.214222288869144961e+01 -5.664011933169882695e+01
3.199443671766342163e+02 -7.209952757610528806e+01 -5.651517445112241944e+01
3.204450625869262694e+02 -7.205618341450801267e+01 -5.638948107081300520e+01
3.209457579972183225e+02 -7.201219399517114539e+01 -5.626309593370346818e+01
3.214464534075104325e+02 -7.196756308055213935e+01 -5.613607755442168923e+01
3.219471488178024856e+02 -7.192229461596669182e+01 -5.600848602642324181e+01
3.224478442280945387e+02 -7.187639263664694056e+01 -5.588038302538004132e+01
3.229485396383865918e+02 -7.182986132075400576e+01 -5.575183161982319291e+01
3.234492350486787018e+02 -7.178270498838770663e+01 -5.562289677593636839e+01
3.239499304589707549e+02 -7.173492817666868859e+01 -5.549364425274272605e+01
3.244506258692628649e+02 -7.168653542455354000e+01 -5.536414166944761917e+01
3.249513212795549180e+02 -7.163753152576327921e+01 -5.523445748174839309e+01
3.254520166898469711e+02 -7.158792137851060033e+01 -5.510466140145712188e+01
3.259527121001390810e+02 -7.153770997928313591e+01 -5.497482348586304113e+01
3.264534075104311910e+02 -7.148690253406040540e+01 -5.484501597362633163e+01
3.269541029207232441e+02 -7.143550431282446311e+01 -5.471531076713527852e+01
3.274547983310152972e+02 -7.138352078312263416e+01 -5.458578083090640121e+01
3.279554937413073503e+02 -7.133095748711011197e+01 -5.445649943042386099e+01
3.284561891515994603e+02 -7.127782011858752753e+01 -5.432754037942034131e+01
3.289568845618915134e+02 -7.122411448438751336e+01 -5.419897788481905820e+01
3.294575799721835665e+02 -7.116984654148208733e+01 -5.407088573950289856e+01
3.299582753824756765e+02 -7.111502234987082716e+01 -5.394333824715006642e+01
3.304589707927677296e+02 -7.105964803428544485e+01 -5.381640911301958852e+01
3.309596662030597827e+02 -7.100372984365715467e+01 -5.369017212498448544e+01
3.314603616133518926e+02 -7.094727412848945391e+01 -5.356470035963434384e+01
3.319610570236439457e+02 -7.089028736627417970e+01 -5.344006618593098779e+01
3.324617524339359989e+02 -7.083277605280377998e+01 -5.331634150532048011e+01
3.329624478442280520e+02 -7.077474682430980124e+01 -5.319359684077063832e+01
3.334631432545201619e+02 -7.071620627079529697e+01 -5.307190235415453117e+01
3.339638386648122150e+02 -7.065716116578683170e+01 -5.295132653448069959e+01
3.344645340751042681e+02 -7.059761829860254068e+01 -5.283193668342924809e+01
3.349652294853963781e+02 -7.053758441930729362e+01 -5.271379845431815170e+01
3.354659248956884312e+02 -7.047706643579628860e+01 -5.259697604208062671e+01
3.359666203059804843e+02 -7.041607114015248214e+01 -5.248153183388147625e+01
3.364673157162726511e+02 -7.035460537364768641e+01 -5.236752626073631234e+01
3.369680111265647042e+02 -7.029267608353391950e+01 -5.225501816102899966e+01
3.374687065368567005e+02 -7.023029003923282687e+01 -5.214406347729983793e+01
3.379694019471487536e+02 -7.016745409336861883e+01 -5.203471654196290785e+01
3.384700973574409204e+02 -7.010417502339321061e+01 -5.192702912827044770e+01
3.389707927677329735e+02 -7.004045952451262735e+01 -5.182104968195423567e+01
3.394714881780250266e+02 -6.997631425319589482e+01 -5.171682567241430206e+01
3.399721835883171366e+02 -6.991174580016048878e+01 -5.161440012980061454e+01
3.404728789986091897e+02 -6.984676062751204029e+01 -5.151381448496988469e+01
3.409735744089012428e+02 -6.978136514716437944e+01 -5.141510645515394629e+01
3.414742698191932959e+02 -6.971556562409672608e+01 -5.131831119424772680e+01
3.419749652294854059e+02 -6.964936813643041091e+01 -5.122346016234827459e+01
3.424756606397774590e+02 -6.958277868876072603e+01 -5.113058264780816842e+01
3.429763560500695121e+02 -6.951580314734789567e+01 -5.103970356304499489e+01
3.434770514603616220e+02 -6.944844718270948647e+01 -5.095084499631693120e+01
3.439777468706536752e+02 -6.938071615242412804e+01 -5.086402567166541644e+01
3.444784422809457283e+02 -6.931261542432940814e+01 -5.077926085590024741e+01
3.449791376912378382e+02 -6.924415006233627423e+01 -5.069656239310735657e+01
3.454798331015298913e+02 -6.917532488926096335e+01 -5.061593832402016346e+01
3.459805285118219444e+02 -6.910614447557448159e+01 -5.053739335851393832e+01
3.464812239221139976e+02 -6.903661320446862248e+01 -5.046092870853540546e+01
3.469819193324061075e+02 -6.896673517762555150e+01 -5.038654210252371968e+01
3.474826147426981606e+02 -6.889651419822929768e+01 -5.031422773329705933e+01
3.479833101529902137e+02 -6.882595388446806339e+01 -5.024397618456515602e+01
3.484840055632823237e+02 -6.875505741462565368e+01 -5.017577439293123120e+01
3.489847009735743768e+02 -6.868382778046670012e+01 -5.010960627092893560e+01
3.494853963838664299e+02 -6.861226763138564877e+01 -5.004545200332621846e+01
3.499860917941585399e+02 -6.854037936339172177e+01 -4.998328895955900464e+01
3.504867872044505930e+02 -6.846816482497798972e+01 -4.992309055948034313e+01
3.509874826147426461e+02 -6.839562588492027828e+01 -4.986482747263957549e+01
3.514881780250346992e+02 -6.832276381912107865e+01 -4.980846727486202496e+01
3.519888734353268660e+02 -6.824957959553741205e+01 -4.975397477142080049e+01
3.524895688456189191e+02 -6.817607387974189237e+01 -4.970131153464164697e+01
3.529902642559109154e+02 -6.810224701309255124e+01 -4.965043640020678595e+01
3.534909596662030822e+02 -6.802809892212789578e+01 -4.960130597635588856e+01
3.539916550764951353e+02 -6.795362917478595932e+01 -4.955387408781980696e+01
3.544923504867871884e+02 -6.787883703834769733e+01 -4.950809242068446281e+01
3.549930458970792415e+02 -6.780372140037130180e+01 -4.946391044463425146e+01
3.554937413073713515e+02 -6.772828072164097080e+01 -4.942127510686242431e+01
3.559944367176634046e+02 -6.765251319768262306e+01 -4.938013247941114514e+01
3.564951321279554577e+02 -6.757641658984320543e+01 -4.934042556719114714e+01
3.569958275382475676e+02 -6.749998835712867162e+01 -4.930209685610201120e+01
3.574965229485396208e+02 -6.742322561606181353e+01 -4.926508766393702388e+01
3.579972183588316739e+02 -6.734612504315572323e+01 -4.922933675151703881e+01
3.584979137691237838e+02 -6.726868304292966627e+01 -4.919478276577456199e+01
3.589986091794158369e+02 -6.719089569128830419e+01 -4.916136288390255515e+01
3.594993045897078900e+02 -6.711275869263941729e+01 -4.912901440143370735e+01
3.600000000000000000e+02 -6.703426742204085542e+01 -4.909767308831963817e+01
