# lons lats(polar edge) lats(equatorward edge)
0.000000000000000000e+00 6.249411522456735923e+01 5.417739040216989110e+01
5.006954102920723182e-01 6.248353459598203585e+01 5.414903323186597106e+01
1.001390820584144636e+00 6.247249128954192088e+01 5.412009573562106368e+01
1.502086230876216844e+00 6.246099332612740795e+01 5.409059262872939655e+01
2.002781641168289273e+00 6.244904871363925736e+01 5.406053887988365148e+01
2.503477051460361480e+00 6.243666564784173545e+01 5.402994939430628563e+01
3.004172461752433687e+00 6.242385227102597867e+01 5.399883941141020216e+01
3.504867872044505894e+00 6.241061687029680627e+01 5.396722410199295439e+01
4.005563282336578546e+00 6.239696779143226024e+01 5.393511888559211798e+01
4.506258692628650309e+00 6.238291343750749718e+01 5.390253921729754438e+01
5.006954102920722960e+00 6.236846227118024899e+01 5.386950066179431929e+01
5.507649513212795611e+00 6.235362284332171612e+01 5.383601901453383221e+01
6.008344923504867374e+00 6.233840372860089474e+01 5.380211015797623020e+01
6.509040333796940025e+00 6.232281361513078366e+01 5.376778973860369604e+01
7.009735744089011789e+00 6.230686117191244477e+01 5.373307402407185407e+01
7.510431154381083552e+00 6.229055519957807974e+01 5.369797895823971601e+01
8.011126564673157091e+00 6.227390449999927569e+01 5.366252066610927329e+01
8.511821974965229742e+00 6.225691792129634905e+01 5.362671549114267577e+01
9.012517385257300617e+00 6.223960440664937721e+01 5.359057961512392865e+01
9.513212795549373268e+00 6.222197287650385533e+01 5.355412950908416292e+01
1.001390820584144592e+01 6.220403235815381038e+01 5.351738141107639990e+01
1.051460361613352035e+01 6.218579184436930518e+01 5.348035183720377006e+01
1.101529902642559122e+01 6.216726042410381581e+01 5.344305718051478493e+01
1.151599443671766032e+01 6.214844719619772206e+01 5.340551401222333538e+01
1.201668984700973475e+01 6.212936123664998433e+01 5.336773878150118833e+01
1.251738525730180740e+01 6.211001172959380767e+01 5.332974801450824032e+01
1.301808066759388005e+01 6.209040784146704084e+01 5.329155828139725770e+01
1.351877607788595093e+01 6.207055872350532866e+01 5.325318593861702254e+01
1.401947148817802358e+01 6.205047360290627267e+01 5.321464758976355824e+01
1.452016689847009623e+01 6.203016165313164265e+01 5.317595958262543832e+01
1.502086230876216710e+01 6.200963210306873918e+01 5.313713847538680568e+01
1.552155771905424153e+01 6.198889415936356784e+01 5.309820050380032797e+01
1.602225312934631418e+01 6.196795701599690176e+01 5.305916210486918771e+01
1.652294853963838506e+01 6.194682988990983574e+01 5.302003940417165495e+01
1.702364394993045948e+01 6.192552197340567943e+01 5.298084865181388636e+01
1.752433936022252681e+01 6.190404245245893833e+01 5.294160587004037666e+01
1.802503477051460123e+01 6.188240046694566843e+01 5.290232699703076946e+01
1.852573018080667566e+01 6.186060517160696293e+01 5.286302803302632469e+01
1.902642559109874654e+01 6.183866569605199004e+01 5.282372468369530338e+01
1.952712100139081741e+01 6.181659111037417631e+01 5.278443260725987329e+01
2.002781641168289184e+01 6.179439046573943983e+01 5.274516719069248438e+01
2.052851182197496627e+01 6.177207281035489927e+01 5.270594391268872414e+01
2.102920723226704069e+01 6.174964709785044903e+01 5.266677787781277686e+01
2.152990264255910802e+01 6.172712225956090037e+01 5.262768405046588782e+01
2.203059805285118244e+01 6.170450719562538211e+01 5.258867731806165580e+01
2.253129346314325332e+01 6.168181075273579950e+01 5.254977237514029298e+01
2.303198887343532064e+01 6.165904169461256856e+01 5.251098352676686432e+01
2.353268428372739507e+01 6.163620873782335252e+01 5.247232513028771450e+01
2.403337969401946950e+01 6.161332058217155350e+01 5.243381107233165039e+01
2.453407510431154037e+01 6.159038578319083967e+01 5.239545510591359800e+01
2.503477051460361480e+01 6.156741290460601590e+01 5.235727078734674933e+01
2.553546592489568567e+01 6.154441041113436484e+01 5.231927138740906003e+01
2.603616133518776010e+01 6.152138666655496024e+01 5.228146981719764597e+01
2.653685674547983453e+01 6.149834999994774876e+01 5.224387886860544938e+01
2.703755215577190185e+01 6.147530864045016585e+01 5.220651091978743352e+01
2.753824756606397628e+01 6.145227075140915929e+01 5.216937810816799015e+01
2.803894297635604715e+01 6.142924440494731186e+01 5.213249226734970421e+01
2.853963838664812158e+01 6.140623757085755585e+01 5.209586491746988202e+01
2.904033379694019246e+01 6.138325816421762227e+01 5.205950716801991973e+01
2.954102920723226333e+01 6.136031400348052500e+01 5.202342996687177390e+01
3.004172461752433421e+01 6.133741280043246036e+01 5.198764376199638093e+01
3.054242002781640863e+01 6.131456218901071509e+01 5.195215879624039701e+01
3.104311543810848306e+01 6.129176969808391107e+01 5.191698477269848411e+01
3.154381084840055394e+01 6.126904279162040723e+01 5.188213126418457932e+01
3.204450625869262836e+01 6.124638879840127004e+01 5.184760731329487271e+01
3.254520166898469569e+01 6.122381499182662168e+01 5.181342158148174804e+01
3.304589707927677011e+01 6.120132853343646673e+01 5.177958253419892287e+01
3.354659248956884454e+01 6.117893648338187518e+01 5.174609814135598640e+01
3.404728789986091897e+01 6.115664581537450317e+01 5.171297588453079186e+01
3.454798331015298629e+01 6.113446341538539741e+01 5.168022301231873428e+01
3.504867872044505361e+01 6.111239606254704881e+01 5.164784640416650063e+01
3.554937413073713515e+01 6.109045044295518778e+01 5.161585243557959757e+01
3.605006954102920247e+01 6.106863315895927258e+01 5.158424722315525912e+01
3.655076495132127690e+01 6.104695072021306146e+01 5.155303635919248961e+01
3.705146036161335132e+01 6.102540954571188081e+01 5.152222518953654173e+01
3.755215577190541865e+01 6.100401597327126524e+01 5.149181860003216116e+01
3.805285118219749307e+01 6.098277623558223581e+01 5.146182113762540666e+01
3.855354659248956750e+01 6.096169649649218059e+01 5.143223692949075598e+01
3.905424200278163482e+01 6.094078283550024366e+01 5.140306984508205801e+01
3.955493741307371636e+01 6.092004126196533775e+01 5.137432323271026746e+01
4.005563282336578368e+01 6.089947768047258592e+01 5.134600026734815970e+01
4.055632823365785811e+01 6.087909795078721231e+01 5.131810362656240443e+01
4.105702364394993253e+01 6.085890785060163921e+01 5.129063572812044924e+01
4.155771905424199986e+01 6.083891308666770215e+01 5.126359869367983890e+01
4.205841446453408139e+01 6.081911929916222448e+01 5.123699425117517592e+01
4.255910987482614871e+01 6.079953207100024315e+01 5.121082390159781994e+01
4.305980528511821603e+01 6.078015692929020020e+01 5.118508880692016305e+01
4.356050069541029046e+01 6.076099933987697455e+01 5.115978986457403721e+01
4.406119610570236489e+01 6.074206472102068233e+01 5.113492772415685295e+01
4.456189151599443221e+01 6.072335844354219603e+01 5.111050277201039194e+01
4.506258692628650664e+01 6.070488583489768075e+01 5.108651515977081203e+01
4.556328233657857396e+01 6.068665217917859422e+01 5.106296481048312330e+01
4.606397774687064128e+01 6.066866272904425728e+01 5.103985147616450035e+01
4.656467315716272282e+01 6.065092270513977724e+01 5.101717468787947496e+01
4.706536856745479014e+01 6.063343729842435437e+01 5.099493382935443719e+01
4.756606397774686457e+01 6.061621167482789474e+01 5.097312813770523121e+01
4.806675938803893899e+01 6.059925098456423598e+01 5.095175668973561756e+01
4.856745479833100632e+01 6.058256035689245778e+01 5.093081847209569446e+01
4.906815020862308074e+01 6.056614491408672052e+01 5.091031235087748996e+01
4.956884561891514807e+01 6.055000976445134597e+01 5.089023712660528531e+01
5.006954102920722960e+01 6.053416002094726878e+01 5.087059153347618690e+01
5.057023643949929692e+01 6.051860078256558495e+01 5.085137426025576701e+01
5.107093184979137135e+01 6.050333716226722913e+01 5.083258396583951821e+01
5.157162726008345288e+01 6.048837427534144240e+01 5.081421930941397136e+01
5.207232267037552020e+01 6.047371724842795970e+01 5.079627894812838917e+01
5.257301808066758753e+01 6.045937121602455022e+01 5.077876157842220550e+01
5.307371349095966906e+01 6.044534133154647293e+01 5.076166592205518668e+01
5.357440890125173638e+01 6.043163276965478303e+01 5.074499077762121146e+01
5.407510431154380370e+01 6.041825072363698723e+01 5.072873501705581134e+01
5.457579972183587813e+01 6.040520040773535015e+01 5.071289758650928547e+01
5.507649513212795256e+01 6.039248706995257976e+01 5.069747757212135753e+01
5.557719054242002699e+01 6.038011597866406532e+01 5.068247414925318139e+01
5.607788595271209431e+01 6.036809242953003718e+01 5.066788665750246423e+01
5.657858136300416163e+01 6.035642176557720973e+01 5.065371455417371749e+01
5.707927677329624316e+01 6.034510933950932099e+01 5.063995749133064805e+01
5.757997218358831759e+01 6.033416055299730374e+01 5.062661528030767499e+01
5.808066759388038491e+01 6.032358084263668729e+01 5.061368789416442837e+01
5.858136300417245934e+01 6.031337566132114603e+01 5.060117556589923993e+01
5.908205841446452666e+01 6.030355052015201522e+01 5.058907866818097432e+01
5.958275382475660109e+01 6.029411095118538810e+01 5.057739783477801154e+01
6.008344923504866841e+01 6.028506251325288190e+01 5.056613388172182511e+01
6.058414464534074995e+01 6.027641080476732327e+01 5.055528788528236817e+01
6.108484005563281727e+01 6.026816146837936117e+01 5.054486114931124519e+01
6.158553546592489170e+01 6.026032014193751252e+01 5.053485522446054290e+01
6.208623087621696612e+01 6.025289253039652237e+01 5.052527190469037066e+01
6.258692628650903345e+01 6.024588432787702175e+01 5.051611324653808310e+01
6.308762169680110787e+01 6.023930128590556876e+01 5.050738150586082043e+01
6.358831710709318941e+01 6.023314914127233521e+01 5.049907928068247998e+01
6.408901251738525673e+01 6.022743366130718812e+01 5.049120936518423264e+01
6.458970792767732405e+01 6.022216062814088389e+01 5.048377480284823093e+01
6.509040333796939137e+01 6.021733582539575025e+01 5.047677896123514074e+01
6.559109874826147291e+01 6.021296503949535861e+01 5.047022538009525761e+01
6.609179415855354023e+01 6.020905406210196986e+01 5.046411792497576698e+01
6.659248956884562176e+01 6.020560867886608492e+01 5.045846065425519100e+01
6.709318497913768908e+01 6.020263463992243658e+01 5.045325791149605266e+01
6.759388038942975641e+01 6.020013769425069938e+01 5.044851426252660076e+01
6.809457579972183794e+01 6.019812357414132009e+01 5.044423449303519646e+01
6.859527121001390526e+01 6.019659795931595170e+01 5.044042371002109348e+01
6.909596662030597258e+01 6.019556651025133931e+01 5.043708711341801632e+01
6.959666203059803991e+01 6.019503481353687846e+01 5.043423020939101775e+01
7.009735744089010723e+01 6.019500843871840345e+01 5.043185867644481846e+01
7.059805285118218876e+01 6.019549286149897682e+01 5.042997845723861872e+01
7.109874826147427029e+01 6.019649351172604668e+01 5.042859555256386273e+01
7.159944367176633762e+01 6.019801571125327655e+01 5.042771629790738075e+01
7.210013908205840494e+01 6.020006473247605072e+01 5.042734708605937044e+01
7.260083449235048647e+01 6.020264573466675984e+01 5.042749454701461786e+01
7.310152990264255379e+01 6.020576374676721798e+01 5.042816542202511698e+01
7.360222531293462112e+01 6.020942373272674786e+01 5.042936660072436439e+01
7.410292072322670265e+01 6.021363049744223872e+01 5.043110509692428423e+01
7.460361613351876997e+01 6.021838870996390369e+01 5.043338800917058506e+01
7.510431154381083729e+01 6.022370292388615098e+01 5.043622261515497485e+01
7.560500695410290461e+01 6.022957751809400406e+01 5.043961619194026014e+01
7.610570236439498615e+01 6.023601671962779847e+01 5.044357613827462217e+01
7.660639777468706768e+01 6.024302455879698925e+01 5.044810989340204799e+01
7.710709318497913500e+01 6.025060491104561322e+01 5.045322492622814536e+01
7.760778859527120233e+01 6.025876143451789346e+01 5.045892882530621648e+01
7.810848400556326965e+01 6.026749760814020362e+01 5.046522910816491958e+01
7.860917941585533697e+01 6.027681667327890125e+01 5.047213327696596252e+01
7.910987482614743271e+01 6.028672164276251522e+01 5.047964886384215788e+01
7.961057023643950004e+01 6.029721532918522087e+01 5.048778341438072914e+01
8.011126564673156736e+01 6.030830026822279422e+01 5.049654430992893595e+01
8.061196105702363468e+01 6.031997874364371626e+01 5.050593896324505749e+01
8.111265646731571621e+01 6.033225277132650888e+01 5.051597469031524668e+01
8.161335187760779775e+01 6.034512412020767158e+01 5.052665865728317840e+01
8.211404728789986507e+01 6.035859424838626808e+01 5.053799802418599540e+01
8.261474269819193239e+01 6.037266430662775463e+01 5.054999967021372242e+01
8.311543810848399971e+01 6.038733518928374622e+01 5.056267048482636994e+01
8.361613351877606704e+01 6.040260744992728803e+01 5.057601710090168012e+01
8.411682892906816278e+01 6.041848130449970711e+01 5.059004598687793930e+01
8.461752433936023010e+01 6.043495667267443139e+01 5.060476341150648238e+01
8.511821974965229742e+01 6.045203312749826807e+01 5.062017546007866997e+01
8.561891515994436475e+01 6.046970989946593988e+01 5.063628791639787607e+01
8.611961057023643207e+01 6.048798585527428884e+01 5.065310641089668309e+01
8.662030598052849939e+01 6.050685952634403009e+01 5.067063616420028893e+01
8.712100139082058092e+01 6.052632905992531676e+01 5.068888228217957703e+01
8.762169680111264825e+01 6.054639224649598361e+01 5.070784937566598671e+01
8.812239221140472978e+01 6.056704649573383392e+01 5.072754190827139098e+01
8.862308762169679710e+01 6.058828884025295736e+01 5.074796387562007283e+01
8.912378303198886442e+01 6.061011593660531105e+01 5.076911895637809380e+01
8.962447844228094596e+01 6.063252403243403421e+01 5.079101050327768974e+01
9.012517385257301328e+01 6.065550900831020442e+01 5.081364134338105032e+01
9.062586926286508060e+01 6.067906634954759681e+01 5.083701403823101828e+01
9.112656467315714792e+01 6.070319112928608263e+01 5.086113057576471874e+01
9.162726008344921524e+01 6.072787804136076772e+01 5.088599261857471845e+01
9.212795549374128257e+01 6.075312137560011649e+01 5.091160128388456485e+01
9.262865090403337831e+01 6.077891502550208713e+01 5.093795720982743092e+01
9.312934631432544563e+01 6.080525250194931175e+01 5.096506061527324505e+01
9.363004172461751295e+01 6.083212689750233437e+01 5.099291107186625993e+01
9.413073713490958028e+01 6.085953093038277473e+01 5.102150770208434949e+01
9.463143254520164760e+01 6.088745692867540527e+01 5.105084908499246410e+01
9.513212795549372913e+01 6.091589682625361490e+01 5.108093318451957998e+01
9.563282336578581067e+01 6.094484218053274560e+01 5.111175744857925451e+01
9.613351877607787799e+01 6.097428416141063678e+01 5.114331868540782011e+01
9.663421418636994531e+01 6.100421358582842402e+01 5.117561313416396729e+01
9.713490959666201263e+01 6.103462088662944041e+01 5.120863638918260108e+01
9.763560500695409416e+01 6.106549614675621740e+01 5.124238341649673600e+01
9.813630041724616149e+01 6.109682909444835275e+01 5.127684861543899331e+01
9.863699582753822881e+01 6.112860911000915110e+01 5.131202566054626857e+01
9.913769123783029613e+01 6.116082524355896055e+01 5.134790760235603102e+01
9.963838664812239188e+01 6.119346621969178557e+01 5.138448682355203800e+01
1.001390820584144592e+02 6.122652044460572540e+01 5.142175507239983290e+01
1.006397774687065265e+02 6.125997601017751037e+01 5.145970340731821580e+01
1.011404728789985938e+02 6.129382072190217912e+01 5.149832221043611469e+01
1.016411682892906754e+02 6.132804209772892534e+01 5.153760118705535831e+01
1.021418636995827427e+02 6.136262738319508969e+01 5.157752939038759621e+01
1.026425591098748242e+02 6.139756356306769192e+01 5.161809519410739711e+01
1.031432545201669058e+02 6.143283736832835018e+01 5.165928628453615090e+01
1.036439499304589731e+02 6.146843530411295831e+01 5.170108972042429230e+01
1.041446453407510404e+02 6.150434364389091968e+01 5.174349187366645708e+01
1.046453407510431077e+02 6.154054846209781715e+01 5.178647847673811100e+01
1.051460361613351751e+02 6.157703562700497457e+01 5.183003463610030792e+01
1.056467315716272708e+02 6.161379083586233207e+01 5.187414478804963380e+01
1.061474269819193381e+02 6.165079961358877370e+01 5.191879278263182584e+01
1.066481223922114054e+02 6.168804733609157154e+01 5.196396187009337098e+01
1.071488178025034728e+02 6.172551923608715185e+01 5.200963470156817436e+01
1.076495132127955401e+02 6.176320042871246585e+01 5.205579335338948965e+01
1.081502086230876074e+02 6.180107591618160257e+01 5.210241935219197273e+01
1.086509040333796889e+02 6.183913061106885323e+01 5.214949368968187571e+01
1.091515994436717563e+02 6.187734933980117091e+01 5.219699685465126038e+01
1.096522948539638236e+02 6.191571686943369457e+01 5.224490883181384504e+01
1.101529902642559051e+02 6.195421791579882154e+01 5.229320914837113321e+01
1.106536856745479724e+02 6.199283715281943330e+01 5.234187688798225224e+01
1.111543810848400540e+02 6.203155924044857272e+01 5.239089071171871126e+01
1.116550764951321213e+02 6.207036881884867796e+01 5.244022889880976379e+01
1.121557719054241886e+02 6.210925054913694510e+01 5.248986935348180793e+01
1.126564673157162559e+02 6.214818909126641699e+01 5.253978965850943439e+01
1.131571627260083233e+02 6.218716915553976321e+01 5.258996708525624797e+01
1.136578581363004190e+02 6.222617548514698171e+01 5.264037861746270153e+01
1.141585535465924863e+02 6.226519288468715274e+01 5.269100100466981473e+01
1.146592489568845536e+02 6.230420622482505166e+01 5.274181077112795890e+01
1.151599443671766352e+02 6.234320046120863879e+01 5.279278425588624657e+01
1.156606397774686883e+02 6.238216063679736578e+01 5.284389762401285395e+01
1.161613351877607698e+02 6.242107190428122010e+01 5.289512694199099485e+01
1.166620305980528229e+02 6.245991952022357907e+01 5.294644814825883827e+01
1.171627260083449187e+02 6.249868887207387758e+01 5.299783713094225845e+01
1.176634214186370002e+02 6.253736547856507855e+01 5.304926972746184788e+01
1.181641168289290533e+02 6.257593499693004446e+01 5.310072176037359526e+01
1.186648122392211349e+02 6.261438324312595682e+01 5.315216911843329939e+01
1.191655076495132022e+02 6.265269618619615244e+01 5.320358763259613255e+01
1.196662030598052695e+02 6.269085996852683706e+01 5.325495332755857447e+01
1.201668984700973368e+02 6.272886089686960531e+01 5.330624222100490073e+01
1.206675938803894041e+02 6.276668546427697493e+01 5.335743054112648309e+01
1.211682892906814999e+02 6.280432035199379470e+01 5.340849459467684568e+01
1.216689847009735672e+02 6.284175243259238641e+01 5.345941091252719701e+01
1.221696801112656345e+02 6.287896876719611328e+01 5.351015615747711252e+01
1.226703755215577019e+02 6.291595665176470220e+01 5.356070732295903269e+01
1.231710709318497834e+02 6.295270354856808126e+01 5.361104148809373271e+01
1.236717663421418507e+02 6.298919716288406789e+01 5.366113614007645083e+01
1.241724617524339322e+02 6.302542540038854213e+01 5.371096891877756718e+01
1.246731571627260138e+02 6.306137638433580150e+01 5.376051782925731004e+01
1.251738525730180669e+02 6.309703846263442983e+01 5.380976115061218934e+01
1.256745479833101484e+02 6.313240019893424915e+01 5.385867752059868963e+01
1.261752433936022157e+02 6.316745040179381476e+01 5.390724586015141995e+01
1.266759388038942831e+02 6.320217808295052464e+01 5.395544553605117244e+01
1.271766342141863788e+02 6.323657250054890255e+01 5.400325613525905055e+01
1.276773296244784177e+02 6.327062312856793369e+01 5.405065773794218842e+01
1.281780250347705135e+02 6.330431967298278551e+01 5.409763073822274748e+01
1.286787204450625950e+02 6.333765205775631557e+01 5.414415597272478919e+01
1.291794158553546481e+02 6.337061045661043579e+01 5.419021460502371212e+01
1.296801112656467296e+02 6.340318525412526185e+01 5.423578830479458190e+01
1.301808066759387827e+02 6.343536706960462368e+01 5.428085903129543510e+01
1.306815020862308643e+02 6.346714673888745040e+01 5.432540925650685892e+01
1.311821974965229458e+02 6.349851533603431619e+01 5.436942173599094019e+01
1.316828929068149989e+02 6.352946413746612109e+01 5.441287986666723953e+01
1.321835883171070805e+02 6.355998467952521480e+01 5.445576719469698901e+01
1.326842837273991336e+02 6.359006866063499785e+01 5.449806789901089132e+01
1.331849791376912435e+02 6.361970803080627945e+01 5.453976651227181094e+01
1.336856745479833251e+02 6.364889495269896713e+01 5.458084785549631590e+01
1.341863699582753782e+02 6.367762180509889447e+01 5.462129743182892128e+01
1.346870653685674597e+02 6.370588113916601003e+01 5.466110090127367016e+01
1.351877607788595128e+02 6.373366576516563953e+01 5.470024448220790703e+01
1.356884561891515943e+02 6.376096863811658011e+01 5.473871481818454754e+01
1.361891515994436759e+02 6.378778294706538077e+01 5.477649881747160521e+01
1.366898470097357290e+02 6.381410209125598954e+01 5.481358392900800425e+01
1.371905424200278105e+02 6.383991960739757587e+01 5.484995793382039153e+01
1.376912378303198636e+02 6.386522928556468059e+01 5.488560894894625619e+01
1.381919332406119452e+02 6.389002503039068870e+01 5.492052564409540594e+01
1.386926286509039983e+02 6.391430099928970776e+01 5.495469686353820293e+01
1.391933240611960798e+02 6.393805145720239125e+01 5.498811200024533719e+01
1.396940194714881613e+02 6.396127091150833621e+01 5.502076070841157218e+01
1.401947148817802145e+02 6.398395398527486577e+01 5.505263298436271668e+01
1.406954102920723244e+02 6.400609548041234120e+01 5.508371927316134986e+01
1.411961057023643775e+02 6.402769038800602175e+01 5.511401031198526823e+01
1.416968011126564591e+02 6.404873380847152475e+01 5.514349711741867566e+01
1.421974965229485406e+02 6.406922103315469030e+01 5.517217116327846327e+01
1.426981919332405937e+02 6.408914749993004989e+01 5.520002415592215073e+01
1.431988873435326752e+02 6.410850876980862267e+01 5.522704806170848713e+01
1.436995827538247283e+02 6.412730056763649600e+01 5.525323532863011167e+01
1.442002781641168099e+02 6.414551875582704099e+01 5.527857850673460405e+01
1.447009735744088914e+02 6.416315930031284154e+01 5.530307056973757085e+01
1.452016689847009729e+02 6.418021835057312785e+01 5.532670480177617378e+01
1.457023643949930261e+02 6.419669211039742152e+01 5.534947462019702868e+01
1.462030598052851076e+02 6.421257698951671955e+01 5.537137381268600222e+01
1.467037552155771891e+02 6.422786945358819821e+01 5.539239640479956961e+01
1.472044506258692422e+02 6.424256609486977254e+01 5.541253662712698258e+01
1.477051460361613238e+02 6.425666364592191826e+01 5.543178913751908965e+01
1.482058414464534053e+02 6.427015890272971887e+01 5.545014850781591065e+01
1.487065368567454584e+02 6.428304879426153207e+01 5.546760990219146947e+01
1.492072322670375399e+02 6.429533034516455814e+01 5.548416844485718968e+01
1.497079276773296215e+02 6.430700070178093597e+01 5.549981965340242596e+01
1.502086230876216746e+02 6.431805701743780901e+01 5.551455904336812353e+01
1.507093184979137845e+02 6.432849664058505823e+01 5.552838258762022861e+01
1.512100139082058092e+02 6.433831694818883307e+01 5.554128630242104236e+01
1.517107093184979192e+02 6.434751541636734373e+01 5.555326637965558234e+01
1.522114047287899723e+02 6.435608958992025919e+01 5.556431933670531009e+01
1.527121001390820538e+02 6.436403710095993347e+01 5.557444174207041954e+01
1.532127955493741354e+02 6.437135566010081789e+01 5.558363032230494127e+01
1.537134909596661885e+02 6.437804304047429582e+01 5.559188204420107127e+01
1.542141863699582700e+02 6.438409707493090650e+01 5.559919402537231292e+01
1.547148817802503231e+02 6.438951565868163129e+01 5.560556360762760164e+01
1.552155771905424047e+02 6.439429680158835367e+01 5.561098811098182182e+01
1.557162726008344862e+02 6.439843851735111002e+01 5.561546520677202921e+01
1.562169680111265393e+02 6.440193886993688466e+01 5.561899246166373700e+01
1.567176634214186208e+02 6.440479602678682625e+01 5.562156777257423812e+01
1.572183588317106739e+02 6.440700818871722788e+01 5.562318919426270725e+01
1.577190542420027555e+02 6.440857356270119283e+01 5.562385475462741624e+01
1.582197496522948654e+02 6.440949048004388544e+01 5.562356276608278449e+01
1.587204450625868901e+02 6.440975724204078290e+01 5.562231155474324851e+01
1.592211404728790001e+02 6.440937226342398958e+01 5.562009953056895029e+01
1.597218358831710532e+02 6.440833392983506656e+01 5.561692534806830679e+01
1.602225312934631347e+02 6.440664072485844827e+01 5.561278772504151391e+01
1.607232267037552162e+02 6.440429113440870879e+01 5.560768543255377949e+01
1.612239221140472694e+02 6.440128368892430899e+01 5.560161737012877836e+01
1.617246175243393509e+02 6.439761693356956584e+01 5.559458257191226949e+01
1.622253129346314324e+02 6.439328947691535632e+01 5.558658019229416425e+01
1.627260083449234855e+02 6.438829995352143953e+01 5.557760938028015119e+01
1.632267037552155955e+02 6.438264699787914935e+01 5.556766948619998914e+01
1.637273991655076486e+02 6.437632928055059267e+01 5.555675981327044610e+01
1.642280945757997301e+02 6.436934551836323237e+01 5.554488004331138029e+01
1.647287899860917832e+02 6.436169444497076597e+01 5.553202964426137100e+01
1.652294853963838648e+02 6.435337477027937325e+01 5.551820827072683073e+01
1.657301808066759463e+02 6.434438529083070080e+01 5.550341575134164884e+01
1.662308762169679994e+02 6.433472479876161287e+01 5.548765180010899201e+01
1.667315716272600810e+02 6.432439208446358236e+01 5.547091646872321746e+01
1.672322670375521341e+02 6.431338596286894926e+01 5.545320966680931463e+01
1.677329624478442156e+02 6.430170529069090435e+01 5.543453155916807873e+01
1.682336578581363256e+02 6.428934892740547014e+01 5.541488226120988259e+01
1.687343532684283502e+02 6.427631571991359749e+01 5.539426199244032034e+01
1.692350486787204602e+02 6.426260454668071986e+01 5.537267120553387656e+01
1.697357440890125133e+02 6.424821433771857926e+01 5.535011015374414001e+01
1.702364394993045948e+02 6.423314397325729885e+01 5.532657936499538209e+01
1.707371349095966480e+02 6.421739239324442394e+01 5.530207941240780656e+01
1.712378303198887295e+02 6.420095851781870522e+01 5.527661101886600648e+01
1.717385257301808110e+02 6.418384127455612997e+01 5.525017468252748642e+01
1.722392211404728641e+02 6.416603964798271420e+01 5.522277141290869906e+01
1.727399165507649457e+02 6.414755257822692158e+01 5.519440192714182558e+01
1.732406119610569988e+02 6.412837905800196836e+01 5.516506723729270334e+01
1.737413073713490803e+02 6.410851805711453721e+01 5.513476839019195097e+01
1.742420027816411618e+02 6.408796857328079000e+01 5.510350647957646686e+01
1.747426981919332150e+02 6.406672964205890253e+01 5.507128265348535479e+01
1.752433936022252965e+02 6.404480021923868094e+01 5.503809813506869375e+01
1.757440890125173496e+02 6.402217939972970839e+01 5.500395443454600297e+01
1.762447844228094596e+02 6.399886617913935538e+01 5.496885281862438433e+01
1.767454798331015411e+02 6.397485961843634072e+01 5.493279481413736676e+01
1.772461752433935942e+02 6.395015878176803881e+01 5.489578204336082479e+01
1.777468706536856757e+02 6.392476277465488010e+01 5.485781625582202992e+01
1.782475660639777288e+02 6.389867062659992314e+01 5.481889911309335162e+01
1.787482614742698104e+02 6.387188150061352587e+01 5.477903250918242861e+01
1.792489568845618919e+02 6.384439448617864343e+01 5.473821836968059529e+01
1.797496522948539450e+02 6.381620873301865515e+01 5.469645865499802539e+01
1.802503477051460266e+02 6.378732338906162624e+01 5.465375558033302639e+01
1.807510431154380797e+02 6.375773764224619811e+01 5.461011136559011447e+01
1.812517385257301612e+02 6.372745067088659709e+01 5.456552819767667017e+01
1.817524339360222427e+02 6.369646171553472414e+01 5.452000857682108403e+01
1.822531293463142958e+02 6.366476998120492681e+01 5.447355502802368221e+01
1.827538247566063774e+02 6.363237477673396825e+01 5.442617002013692229e+01
1.832545201668984305e+02 6.359927538647015410e+01 5.437785639498004286e+01
1.837552155771905404e+02 6.356547110345844942e+01 5.432861689687861428e+01
1.842559109874825651e+02 6.353096132031340915e+01 5.427845441051040609e+01
1.847566063977746751e+02 6.349574541793096216e+01 5.422737197459481706e+01
1.852573018080667566e+02 6.345982283473837526e+01 5.417537272878360000e+01
1.857579972183588097e+02 6.342319299629231466e+01 5.412245996299506601e+01
1.862586926286508913e+02 6.338585543608566297e+01 5.406863696621543625e+01
1.867593880389429444e+02 6.334780973042576591e+01 5.401390731097652065e+01
1.872600834492350259e+02 6.330905544697522203e+01 5.395827450668892311e+01
1.877607788595271074e+02 6.326959225998940894e+01 5.390174233235190115e+01
1.882614742698191606e+02 6.322941987260925600e+01 5.384431459717431778e+01
1.887621696801112421e+02 6.318853802464651892e+01 5.378599540965494441e+01
1.892628650904032952e+02 6.314694656941789219e+01 5.372678881224359770e+01
1.897635605006953767e+02 6.310464540657200416e+01 5.366669909858300969e+01
1.902642559109874583e+02 6.306163449422504641e+01 5.360573063137762517e+01
1.907649513212795114e+02 6.301791386562902630e+01 5.354388803004238184e+01
1.912656467315716213e+02 6.297348362030382418e+01 5.348117608930293443e+01
1.917663421418636460e+02 6.292834399836058878e+01 5.341759954932454946e+01
1.922670375521557560e+02 6.288249526681786961e+01 5.335316347605311194e+01
1.927677329624478375e+02 6.283593781938924394e+01 5.328787310230308094e+01
1.932684283727398906e+02 6.278867213556215177e+01 5.322173385220199293e+01
1.937691237830319722e+02 6.274069881578319041e+01 5.315475119607927468e+01
1.942698191933240253e+02 6.269201854289852349e+01 5.308693091282529508e+01
1.947705146036161068e+02 6.264263213163351907e+01 5.301827894759988169e+01
1.952712100139081883e+02 6.259254055141337858e+01 5.294880140334952046e+01
1.957719054242002414e+02 6.254174485620336554e+01 5.287850472838270832e+01
1.962726008344923230e+02 6.249024625951341250e+01 5.280739525793704559e+01
1.967732962447844045e+02 6.243804609661373206e+01 5.273547996754935241e+01
1.972739916550764576e+02 6.238514588003516792e+01 5.266276570255855916e+01
1.977746870653685392e+02 6.233154728431208014e+01 5.258925980316634252e+01
1.982753824756605923e+02 6.227725212816102385e+01 5.251496968173671576e+01
1.987760778859527022e+02 6.222226240587650636e+01 5.243990304171899197e+01
1.992767732962447838e+02 6.216658031264903173e+01 5.236406790286859803e+01
1.997774687065368369e+02 6.211020823974487115e+01 5.228747254431804947e+01
2.002781641168289184e+02 6.205314873149129085e+01 5.221012549752335019e+01
2.007788595271209999e+02 6.199540459553483629e+01 5.213203549715207430e+01
2.012795549374130530e+02 6.193697883924744474e+01 5.205321174910740467e+01
2.017802503477051346e+02 6.187787468023873316e+01 5.197366370351109310e+01
2.022809457579971877e+02 6.181809561969987499e+01 5.189340106248982920e+01
2.027816411682892692e+02 6.175764534777829340e+01 5.181243391975021950e+01
2.032823365785813508e+02 6.169652786646895493e+01 5.173077276144202585e+01
2.037830319888734039e+02 6.163474740943331653e+01 5.164842833849299808e+01
2.042837273991654854e+02 6.157230852334453175e+01 5.156541182140885127e+01
2.047844228094575953e+02 6.150921601761589841e+01 5.148173476138583737e+01
2.052851182197496485e+02 6.144547501843996429e+01 5.139740905090722833e+01
2.057858136300417300e+02 6.138109096125342035e+01 5.131244707998693855e+01
2.062865090403338115e+02 6.131606962825978258e+01 5.122686156828994797e+01
2.067872044506258646e+02 6.125041708861981249e+01 5.114066574314040281e+01
2.072878998609179462e+02 6.118413981562052584e+01 5.105387324058813192e+01
2.077885952712099993e+02 6.111724462631821098e+01 5.096649811831882460e+01
2.082892906815020808e+02 6.104973870543028625e+01 5.087855494926331801e+01
2.087899860917941623e+02 6.098162962952275734e+01 5.079005877599699659e+01
2.092906815020862155e+02 6.091292536714692574e+01 5.070102515093324769e+01
2.097913769123782970e+02 6.084363431735684458e+01 5.061147014371434238e+01
2.102920723226703501e+02 6.077376528736553496e+01 5.052141028985812454e+01
2.107927677329624316e+02 6.070332753740134990e+01 5.043086270421713380e+01
2.112934631432545416e+02 6.063233076891978612e+01 5.033984504265096405e+01
2.117941585535465663e+02 6.056078513898940230e+01 5.024837548285726996e+01
2.122948539638386762e+02 6.048870131464612143e+01 5.015647286456082554e+01
2.127955493741307293e+02 6.041609040960140931e+01 5.006415646579324630e+01
2.132962447844228109e+02 6.034296406931646573e+01 4.997144626047881388e+01
2.137969401947148924e+02 6.026933445096604203e+01 4.987836278791289146e+01
2.142976356050069455e+02 6.019521422884083961e+01 4.978492716246061889e+01
2.147983310152990271e+02 6.012061661251011913e+01 4.969116115189241611e+01
2.152990264255910802e+02 6.004555537972721879e+01 4.959708713202152808e+01
2.157997218358831617e+02 5.997004484986776163e+01 4.950272806832080619e+01
2.163004172461752148e+02 5.989409995035914847e+01 4.940810761988777244e+01
2.168011126564672963e+02 5.981773614537617334e+01 4.931325002216595976e+01
2.173018080667593779e+02 5.974096953639475771e+01 4.921818015497166243e+01
2.178025034770514310e+02 5.966381679990975329e+01 4.912292356032168072e+01
2.183031988873435125e+02 5.958629525037197538e+01 4.902750638092157942e+01
2.188038942976355656e+02 5.950842279711453386e+01 4.893195540364587259e+01
2.193045897079276472e+02 5.943021801070956656e+01 4.883629806060099554e+01
2.198052851182197571e+02 5.935170006701612522e+01 4.874056239332759333e+01
2.203059805285118102e+02 5.927288881906663676e+01 4.864477705862128687e+01
2.208066759388038918e+02 5.919380474773591061e+01 4.854897132271190685e+01
2.213073713490959449e+02 5.911446899579262038e+01 4.845317506242764694e+01
2.218080667593880264e+02 5.903490336549823780e+01 4.835741873143462044e+01
2.223087621696801079e+02 5.895513032500987549e+01 4.826173336489347321e+01
2.228094575799721611e+02 5.887517299208214183e+01 4.816615055559424263e+01
2.233101529902642426e+02 5.879505516666343112e+01 4.807070244289690208e+01
2.238108484005562957e+02 5.871480130761285920e+01 4.797542168770206672e+01
2.243115438108483772e+02 5.863443653270026346e+01 4.788034145731700164e+01
2.248122392211404588e+02 5.855398662559112211e+01 4.778549541403236844e+01
2.253129346314325119e+02 5.847347802420502205e+01 4.769091765662352600e+01
2.258136300417245934e+02 5.839293781838735242e+01 4.759664274305151821e+01
2.263143254520166465e+02 5.831239374525269170e+01 4.750270563662098766e+01
2.268150208623087565e+02 5.823187417637912233e+01 4.740914167509055233e+01
2.273157162726008380e+02 5.815140811315161784e+01 4.731598654434657192e+01
2.278164116828928911e+02 5.807102517512051065e+01 4.722327627937289662e+01
2.283171070931849727e+02 5.799075558370334704e+01 4.713104717954507805e+01
2.288178025034770258e+02 5.791063015403581460e+01 4.703933583274107377e+01
2.293184979137691073e+02 5.783068028100190361e+01 4.694817902258705544e+01
2.298191933240611604e+02 5.775093791362253626e+01 4.685761371358580618e+01
2.303198887343532704e+02 5.767143554574234088e+01 4.676767710853260951e+01
2.308205841446453235e+02 5.759220619507489403e+01 4.667840644159247177e+01
2.313212795549373766e+02 5.751328337759134968e+01 4.658983908268515961e+01
2.318219749652294297e+02 5.743470109355060060e+01 4.650201245880943191e+01
2.323226703755215397e+02 5.735649379315675844e+01 4.641496397002391916e+01
2.328233657858135928e+02 5.727869636258931507e+01 4.632873111203986127e+01
2.333240611961056459e+02 5.720134408558608641e+01 4.624335118834602554e+01
2.338247566063977843e+02 5.712447262714506735e+01 4.615886152987110336e+01
2.343254520166898374e+02 5.704811800151021828e+01 4.607529926302555623e+01
2.348261474269818621e+02 5.697231654190348138e+01 4.599270148857209506e+01
2.353268428372740004e+02 5.689710485221242209e+01 4.591110501439794689e+01
2.358275382475660535e+02 5.682251980699022909e+01 4.583054649761430710e+01
2.363282336578581067e+02 5.674859850001469397e+01 4.575106236539635063e+01
2.368289290681501882e+02 5.667537820683294569e+01 4.567268876280489565e+01
2.373296244784422697e+02 5.660289635108286177e+01 4.559546162070455466e+01
2.378303198887343228e+02 5.653119048494347965e+01 4.551941645998243757e+01
2.383310152990264044e+02 5.646029822911744134e+01 4.544458855017086307e+01
2.388317107093184859e+02 5.639025725749463902e+01 4.537101283625909787e+01
2.393324061196105390e+02 5.632110523705280514e+01 4.529872386152028696e+01
2.398331015299026205e+02 5.625287981446975039e+01 4.522775582395736649e+01
2.403337969401946737e+02 5.618561855245873460e+01 4.515814253414175994e+01
2.408344923504867552e+02 5.611935892571212037e+01 4.508991741860411651e+01
2.413351877607788083e+02 5.605413823351712210e+01 4.502311353856823928e+01
2.418358831710709183e+02 5.598999361994658841e+01 4.495776347138856011e+01
2.423365785813629998e+02 5.592696199098584486e+01 4.489389950547304409e+01
2.428372739916550529e+02 5.586507997773453837e+01 4.483155345591042362e+01
2.433379694019471344e+02 5.580438393233210093e+01 4.477075675607947858e+01
2.438386648122392160e+02 5.574490985433187973e+01 4.471154043076266760e+01
2.443393602225312691e+02 5.568669335736474579e+01 4.465393517229810527e+01
2.448400556328233506e+02 5.562976966315461880e+01 4.459797123801533303e+01
2.453407510431154037e+02 5.557417353318585640e+01 4.454367853742721195e+01
2.458414464534074853e+02 5.551993921266246446e+01 4.449108662125416913e+01
2.463421418636995668e+02 5.546710045974494108e+01 4.444022462351389891e+01
2.468428372739916199e+02 5.541569044779778608e+01 4.439112146442667495e+01
2.473435326842837014e+02 5.536574175237917927e+01 4.434380562102333556e+01
2.478442280945758114e+02 5.531728632397315693e+01 4.429830534208477388e+01
2.483449235048678645e+02 5.527035545206925349e+01 4.425464850442395459e+01
2.488456189151599460e+02 5.522497967466077284e+01 4.421286273747128348e+01
2.493463143254520276e+02 5.518118885583274391e+01 4.417297536565391169e+01
2.498470097357440807e+02 5.513901206038381986e+01 4.413501340817266794e+01
2.503477051460361338e+02 5.509847754451867274e+01 4.409900372474699282e+01
2.508484005563282153e+02 5.505961271249644540e+01 4.406497281512277198e+01
2.513490959666202968e+02 5.502244414542757056e+01 4.403294695991479557e+01
2.518497913769123500e+02 5.498699748673344345e+01 4.400295222628318470e+01
2.523504867872044315e+02 5.495329743734428973e+01 4.397501441642633324e+01
2.528511821974965130e+02 5.492136776173821033e+01 4.394915900187514524e+01
2.533518776077885661e+02 5.489123120284466495e+01 4.392541124468623082e+01
2.538525730180806477e+02 5.486290948757277874e+01 4.390379622096149603e+01
2.543532684283727576e+02 5.483642329545800465e+01 4.388433858888235761e+01
2.548539638386647823e+02 5.481179219322056895e+01 4.386706276932743265e+01
2.553546592489568354e+02 5.478903462950965775e+01 4.385199279630698754e+01
2.558553546592489738e+02 5.476816792347362650e+01 4.383915244707979753e+01
2.563560500695410269e+02 5.474920819819799078e+01 4.382856498578705384e+01
2.568567454798330800e+02 5.473217035950055731e+01 4.382025334159054353e+01
2.573574408901251900e+02 5.471706811470339460e+01 4.381423993659012694e+01
2.578581363004172431e+02 5.470391385854581756e+01 4.381054663252911041e+01
2.583588317107092962e+02 5.469271872174003590e+01 4.380919479918560455e+01
2.588595271210013493e+02 5.468349250020337138e+01 4.381020504399970150e+01
2.593602225312934593e+02 5.467624364480370502e+01 4.381359738997019804e+01
2.598609179415855124e+02 5.467097921356553059e+01 4.381939104003267005e+01
2.603616133518775655e+02 5.466770492088043909e+01 4.382760429985809481e+01
2.608623087621696754e+02 5.466642500732204724e+01 4.383825458623093141e+01
2.613630041724617286e+02 5.466714226794947251e+01 4.385135829485577119e+01
2.618636995827537817e+02 5.466985804532241389e+01 4.386693071712713277e+01
2.623643949930458916e+02 5.467457219937868729e+01 4.388498586741249596e+01
2.628650904033379447e+02 5.468128307236410990e+01 4.390553652695004416e+01
2.633657858136299978e+02 5.468998749487154498e+01 4.392859398773495627e+01
2.638664812239220510e+02 5.470068073578231349e+01 4.395416812831669517e+01
2.643671766342141609e+02 5.471335652089264556e+01 4.398226711992307969e+01
2.648678720445062140e+02 5.472800703027614588e+01 4.401289737178146311e+01
2.653685674547982671e+02 5.474462285935742045e+01 4.404606349752084782e+01
2.658692628650904339e+02 5.476319303102654601e+01 4.408176816054420044e+01
2.663699582753824870e+02 5.478370497901350689e+01 4.412001190723840693e+01
2.668706536856744833e+02 5.480614457220353586e+01 4.416079313300470233e+01
2.673713490959666501e+02 5.483049610803418261e+01 4.420410794215904104e+01
2.678720445062587032e+02 5.485674229391433698e+01 4.424995007934676039e+01
2.683727399165507563e+02 5.488486429901085728e+01 4.429831077354778301e+01
2.688734353268428094e+02 5.491484173272992564e+01 4.434917868457036150e+01
2.693741307371349194e+02 5.494665268275211645e+01 4.440253984408685994e+01
2.698748261474269725e+02 5.498027372571895910e+01 4.445837755230573407e+01
2.703755215577190256e+02 5.501567995573650194e+01 4.451667226794089061e+01
2.708762169680111356e+02 5.505284500473435116e+01 4.457740162966220510e+01
2.713769123783031887e+02 5.509174108203778530e+01 4.464054036421148908e+01
2.718776077885952418e+02 5.513233900698223522e+01 4.470606024844019544e+01
2.723783031988873518e+02 5.517460825084098985e+01 4.477393011985842008e+01
2.728789986091794049e+02 5.521851696702042034e+01 4.484411581144232173e+01
2.733796940194714580e+02 5.526403204933130553e+01 4.491658020489413161e+01
2.738803894297635111e+02 5.531111917853677085e+01 4.499128321841854472e+01
2.743810848400556210e+02 5.535974286193349769e+01 4.506818185052398462e+01
2.748817802503476742e+02 5.540986651600660196e+01 4.514723021029058714e+01
2.753824756606397273e+02 5.546145249204100480e+01 4.522837959653261919e+01
2.758831710709318372e+02 5.551446216226877084e+01 4.531157854902122040e+01
2.763838664812238903e+02 5.556885596061447075e+01 4.539677294452704359e+01
2.768845618915159434e+02 5.562459347000667265e+01 4.548390610414062962e+01
2.773852573018079966e+02 5.568163347360068371e+01 4.557291887971078381e+01
2.778859527121001065e+02 5.573993402695604971e+01 4.566374981685407874e+01
2.783866481223921596e+02 5.579945252672159484e+01 4.575633525583293704e+01
2.788873435326842127e+02 5.586014578746953418e+01 4.585060949172225264e+01
2.793880389429763227e+02 5.592197010455974748e+01 4.594650492737423519e+01
2.798887343532683758e+02 5.598488133330219796e+01 4.604395225843768458e+01
2.803894297635604289e+02 5.604883494949289968e+01 4.614288056818190853e+01
2.808901251738525957e+02 5.611378614021786859e+01 4.624321762846861361e+01
2.813908205841446488e+02 5.617968984656299369e+01 4.634488993866156648e+01
2.818915159944367019e+02 5.624650086444061969e+01 4.644782304296981579e+01
2.823922114047287550e+02 5.631417389661264394e+01 4.655194159594188363e+01
2.828929068150208650e+02 5.638266362446783830e+01 4.665716965221449186e+01
2.833936022253129181e+02 5.645192476069978227e+01 4.676343076460157988e+01
2.838942976356049712e+02 5.652191216206601609e+01 4.687064820963983891e+01
2.843949930458970812e+02 5.659258081192574252e+01 4.697874518873264549e+01
2.848956884561891343e+02 5.666388595964717467e+01 4.708764496089986551e+01
2.853963838664811874e+02 5.673578313690568109e+01 4.719727099456275710e+01
2.858970792767732974e+02 5.680822822113013615e+01 4.730754728012169608e+01
2.863977746870653505e+02 5.688117749603888740e+01 4.741839822240311264e+01
2.868984700973574036e+02 5.695458769485439632e+01 4.752974905518908599e+01
2.873991655076494567e+02 5.702841604979793999e+01 4.764152584112775912e+01
2.878998609179415666e+02 5.710262032522250308e+01 4.775365559681385719e+01
2.884005563282336198e+02 5.717715889395576312e+01 4.786606652940429285e+01
2.889012517385257297e+02 5.725199075212940159e+01 4.797868805285357041e+01
2.894019471488177828e+02 5.732707554410325201e+01 4.809145084133884041e+01
2.899026425591098359e+02 5.740237361687348994e+01 4.820428711845120517e+01
2.904033379694019459e+02 5.747784604254292162e+01 4.831713052100435846e+01
2.909040333796939990e+02 5.755345466482566508e+01 4.842991637138493388e+01
2.914047287899860521e+02 5.762916207554980019e+01 4.854258161172508323e+01
2.919054242002781621e+02 5.770493168130514050e+01 4.865506488964199150e+01
2.924061196105702152e+02 5.778072771593969037e+01 4.876730661995422622e+01
2.929068150208622683e+02 5.785651524528901746e+01 4.887924906376878198e+01
2.934075104311543782e+02 5.793226015615317692e+01 4.899083632615669615e+01
2.939082058414464314e+02 5.800792924404090911e+01 4.910201426194288388e+01
2.944089012517384845e+02 5.808349013182164811e+01 4.921273076505639210e+01
2.949095966620305944e+02 5.815891134700491705e+01 4.932293557570075393e+01
2.954102920723226475e+02 5.823416228553965368e+01 4.943258018116868868e+01
2.959109874826147006e+02 5.830921321323826589e+01 4.954161816161820298e+01
2.964116828929068106e+02 5.838403529635384359e+01 4.965000481229969864e+01
2.969123783031988637e+02 5.845860059003491926e+01 4.975769737038524454e+01
2.974130737134909168e+02 5.853288200314302969e+01 4.986465493480670830e+01
2.979137691237830268e+02 5.860685334076727315e+01 4.997083833183982904e+01
2.984144645340750799e+02 5.868048925434443674e+01 5.007621029832569093e+01
2.989151599443671330e+02 5.875376526538056510e+01 5.018073519783007441e+01
2.994158553546592429e+02 5.882665776225120169e+01 5.028437925191809654e+01
2.999165507649512961e+02 5.889914394865125757e+01 5.038711027249277663e+01
3.004172461752433492e+02 5.897120184541061860e+01 5.048889773510140344e+01
3.009179415855354023e+02 5.904281034934182060e+01 5.058971280242167268e+01
3.014186369958275691e+02 5.911394910096363731e+01 5.068952805372282455e+01
3.019193324061196222e+02 5.918459857038955363e+01 5.078831777888443355e+01
3.024200278164116185e+02 5.925473995546610695e+01 5.088605760252993093e+01
3.029207232267037853e+02 5.932435530368672971e+01 5.098272457638454114e+01
3.034214186369958384e+02 5.939342729459404779e+01 5.107829719701480542e+01
3.039221140472878915e+02 5.946193943647323010e+01 5.117275532794900528e+01
3.044228094575799446e+02 5.952987589792849121e+01 5.126608003229272015e+01
3.049235048678720545e+02 5.959722154122341919e+01 5.135825372439533965e+01
3.054242002781641077e+02 5.966396192357701977e+01 5.144925987129434475e+01
3.059248956884561608e+02 5.973008329313118736e+01 5.153908320869682314e+01
3.064255910987482707e+02 5.979557252291488112e+01 5.162770961456998009e+01
3.069262865090403238e+02 5.986041706090691150e+01 5.171512595685527458e+01
3.074269819193323769e+02 5.992460505417562899e+01 5.180132001931062291e+01
3.079276773296244869e+02 5.998812518191721210e+01 5.188628085673315127e+01
3.084283727399165400e+02 6.005096675471600065e+01 5.196999816706863839e+01
3.089290681502085931e+02 6.011311958653118381e+01 5.205246268439566393e+01
3.094297635605006462e+02 6.017457406138440490e+01 5.213366605011580646e+01
3.099304589707927562e+02 6.023532114093562484e+01 5.221360052462901535e+01
3.104311543810848093e+02 6.029535223133301258e+01 5.229225935872844389e+01
3.109318497913768624e+02 6.035465923242121278e+01 5.236963647621476525e+01
3.114325452016689724e+02 6.041323457497604466e+01 5.244572651800392293e+01
3.119332406119610255e+02 6.047107110224736459e+01 5.252052467499007093e+01
3.124339360222530786e+02 6.052816215566005553e+01 5.259402699951161253e+01
3.129346314325451885e+02 6.058450146765559907e+01 5.266623002996433911e+01
3.134353268428372417e+02 6.064008324594348665e+01 5.273713088648165126e+01
3.139360222531292948e+02 6.069490201023074860e+01 5.280672721353502652e+01
3.144367176634213479e+02 6.074895280252947316e+01 5.287501723933776532e+01
3.149374130737134578e+02 6.080223092723677780e+01 5.294199978558010855e+01
3.154381084840055109e+02 6.085473211454753084e+01 5.300767389315026890e+01
3.159388038942975641e+02 6.090645241880267236e+01 5.307203931775498518e+01
3.164394993045897309e+02 6.095738822836139548e+01 5.313509611949523048e+01
3.169401947148817840e+02 6.100753635089787963e+01 5.319684464160222603e+01
3.174408901251737802e+02 6.105689377186463673e+01 5.325728579934607865e+01
3.179415855354659470e+02 6.110545787499559367e+01 5.331642086632258781e+01
3.184422809457580001e+02 6.115322630391729319e+01 5.337425139268249552e+01
3.189429763560500533e+02 6.120019703642738307e+01 5.343077919537296339e+01
3.194436717663421064e+02 6.124636820991729280e+01 5.348600651258057326e+01
3.199443671766342163e+02 6.129173833567142538e+01 5.353993577013530114e+01
3.204450625869262694e+02 6.133630613291462907e+01 5.359256984803717216e+01
3.209457579972183225e+02 6.138007058919176018e+01 5.364391164926412614e+01
3.214464534075104325e+02 6.142303089797498217e+01 5.369396454385396567e+01
3.219471488178024856e+02 6.146518646925689211e+01 5.374273196527596497e+01
3.224478442280945387e+02 6.150653702174385273e+01 5.379021772913796440e+01
3.229485396383865918e+02 6.154708237238300228e+01 5.383642567828154313e+01
3.234492350486787018e+02 6.158682263636582377e+01 5.388136012899957450e+01
3.239499304589707549e+02 6.162575801083423244e+01 5.392502530085161538e+01
3.244506258692628649e+02 6.166388901974818992e+01 5.396742570922448579e+01
3.249513212795549180e+02 6.170121627805377784e+01 5.400856621587998063e+01
3.254520166898469711e+02 6.173774062601472679e+01 5.404845147883803236e+01
3.259527121001390810e+02 6.177346302332584571e+01 5.408708674624845969e+01
3.264534075104311910e+02 6.180838464590931380e+01 5.412447707517398499e+01
3.269541029207232441e+02 6.184250678892962583e+01 5.416062787960018454e+01
3.274547983310152972e+02 6.187583096598640964e+01 5.419554452820131019e+01
3.279554937413073503e+02 6.190835875965089485e+01 5.422923281309914501e+01
3.284561891515994603e+02 6.194009193958150661e+01 5.426169829922365295e+01
3.289568845618915134e+02 6.197103241038284693e+01 5.429294694043201730e+01
3.294575799721835665e+02 6.200118224904080932e+01 5.432298474164296209e+01
3.299582753824756765e+02 6.203054360357718622e+01 5.435181781616068974e+01
3.304589707927677296e+02 6.205911878170621065e+01 5.437945245049580478e+01
3.309596662030597827e+02 6.208691023309835089e+01 5.440589495220797289e+01
3.314603616133518926e+02 6.211392050577524060e+01 5.443115175243048043e+01
3.319610570236439457e+02 6.214015226070368669e+01 5.445522946341937143e+01
3.324617524339359989e+02 6.216560829452387793e+01 5.447813479277115789e+01
3.329624478442280520e+02 6.219029150924794180e+01 5.449987449126652450e+01
3.334631432545201619e+02 6.221420489185871361e+01 5.452045552983042853e+01
3.339638386648122150e+02 6.223735160638624109e+01 5.453988485003965536e+01
3.344645340751042681e+02 6.225973484966856120e+01 5.455816963073192483e+01
3.349652294853963781e+02 6.228135796076236375e+01 5.457531702665144735e+01
3.354659248956884312e+02 6.230222439205823548e+01 5.459133443251988638e+01
3.359666203059804843e+02 6.232233762553511269e+01 5.460622930776838757e+01
3.364673157162726511e+02 6.234170137095280495e+01 5.462000906919813303e+01
3.369680111265647042e+02 6.236031930084355679e+01 5.463268150489284380e+01
3.374687065368567005e+02 6.237819523908603969e+01 5.464425431987079662e+01
3.379694019471487536e+02 6.239533312079039717e+01 5.465473542452426159e+01
3.384700973574409204e+02 6.241173694285839701e+01 5.466413274869890415e+01
3.389707927677329735e+02 6.242741085033208037e+01 5.467245440090162845e+01
3.394714881780250266e+02 6.244235900104197867e+01 5.467970861316993592e+01
3.399721835883171366e+02 6.245658570790693886e+01 5.468590374266258891e+01
3.404728789986091897e+02 6.247009531468570742e+01 5.469104825724262753e+01
3.409735744089012428e+02 6.248289232481688771e+01 5.469515053756455814e+01
3.414742698191932959e+02 6.249498126231733863e+01 5.469821950586353410e+01
3.419749652294854059e+02 6.250636680429775538e+01 5.470026392291489969e+01
3.424756606397774590e+02 6.251705366564888777e+01 5.470129268511844600e+01
3.429763560500695121e+02 6.252704664387889011e+01 5.470131481392604655e+01
3.434770514603616220e+02 6.253635069027691884e+01 5.470033955046891094e+01
3.439777468706536752e+02 6.254497077654085047e+01 5.469837627353004450e+01
3.444784422809457283e+02 6.255291196956737565e+01 5.469543442122657950e+01
3.449791376912378382e+02 6.256017945421749005e+01 5.469152353740717842e+01
3.454798331015298913e+02 6.256677849806268910e+01 5.468665354921903088e+01
3.459805285118219444e+02 6.257271441287716129e+01 5.468083412694370793e+01
3.464812239221139976e+02 6.257799262752322988e+01 5.467407541722907638e+01
3.469819193324061075e+02 6.258261868370263414e+01 5.466638761014594650e+01
3.474826147426981606e+02 6.258659814939279897e+01 5.465776639432401396e+01
3.479833101529902137e+02 6.258993675455828054e+01 5.464822965115776299e+01
3.484840055632823237e+02 6.259264024812313210e+01 5.463785315440324553e+01
3.489847009735743768e+02 6.259471449907454144e+01 5.462655338035253294e+01
3.494853963838664299e+02 6.259616544891574108e+01 5.461437769610665782e+01
3.499860917941585399e+02 6.259699913626145928e+01 5.460133710830588427e+01
3.504867872044505930e+02 6.259722168293929201e+01 5.458744275884758679e+01
3.509874826147426461e+02 6.259683931403169765e+01 5.457270614843095302e+01
3.514881780250346992e+02 6.259585831872389861e+01 5.455713885298024479e+01
3.519888734353268660e+02 6.259428509556163078e+01 5.454075254381992011e+01
3.524895688456189191e+02 6.259212610356915718e+01 5.452355914565274020e+01
3.529902642559109154e+02 6.258938786615024696e+01 5.450557067799066147e+01
3.534909596662030822e+02 6.258607710825734216e+01 5.448679945686066617e+01
3.539916550764951353e+02 6.258220049660158679e+01 5.446725772599884863e+01
3.544923504867871884e+02 6.257776488635718692e+01 5.444695809728311531e+01
3.549930458970792415e+02 6.257277717899560798e+01 5.442591329909778608e+01
3.554937413073713515e+02 6.256724439647078384e+01 5.440413615574263417e+01
3.559944367176634046e+02 6.256117355164170135e+01 5.438163972542291447e+01
3.564951321279554577e+02 6.255457184932627968e+01 5.435843710404733997e+01
3.569958275382475676e+02 6.254744651450981507e+01 5.433454175689578847e+01
3.574965229485396208e+02 6.253980492663548318e+01 5.430996731040090708e+01
3.579972183588316739e+02 6.253165447575018732e+01 5.428472724487207302e+01
3.584979137691237838e+02 6.252300267529652444e+01 5.425883541762588891e+01
3.589986091794158369e+02 6.251385705029295536e+01 5.423230598635670674e+01
3.594993045897078900e+02 6.250422533696453797e+01 5.420515283734619061e+01
3.600000000000000000e+02 6.249411524164659681e+01 5.417739040763447633e+01
