# lons lats(polar edge) lats(equatorward edge)
0.000000000000000000e+00 -6.479035370239577674e+01 -4.650986266882227227e+01
5.006954102920723182e-01 -6.469355812554934460e+01 -4.645753050369134485e+01
1.001390820584144636e+00 -6.459659233648088161e+01 -4.640644896884789716e+01
1.502086230876216844e+00 -6.449945665854775712e+01 -4.635656273557221141e+01
2.002781641168289273e+00 -6.440215086185381210e+01 -4.630781642599347947e+01
2.503477051460361480e+00 -6.430467446185706137e+01 -4.626015473712588744e+01
3.004172461752433687e+00 -6.420702661937131950e+01 -4.621352306267657184e+01
3.504867872044505894e+00 -6.410920613270893398e+01 -4.616786711700689239e+01
4.005563282336578546e+00 -6.401121146773365922e+01 -4.612313341169046055e+01
4.506258692628650309e+00 -6.391304090415505357e+01 -4.607926908581904968e+01
5.006954102920722960e+00 -6.381469226587941534e+01 -4.603622216134867529e+01
5.507649513212795611e+00 -6.371616332216257206e+01 -4.599394114769239650e+01
6.008344923504867374e+00 -6.361745151774973550e+01 -4.595237571840044666e+01
6.509040333796940025e+00 -6.351855413507726666e+01 -4.591147612641093190e+01
7.009735744089011789e+00 -6.341946827370063033e+01 -4.587119473490692201e+01
7.510431154381083552e+00 -6.332019084030419265e+01 -4.583148370530383886e+01
8.011126564673157091e+00 -6.322071866671520013e+01 -4.579229692150417463e+01
8.511821974965229742e+00 -6.312104847371571736e+01 -4.575358953005628848e+01
9.012517385257300617e+00 -6.302117685721563589e+01 -4.571531799480760583e+01
9.513212795549373268e+00 -6.292110046597039741e+01 -4.567743970424675126e+01
1.001390820584144592e+01 -6.282081585835507553e+01 -4.563991336617168315e+01
1.051460361613352035e+01 -6.272031957215185116e+01 -4.560269897233655456e+01
1.101529902642559122e+01 -6.261960828724804173e+01 -4.556575840762779706e+01
1.151599443671766032e+01 -6.251867856818316227e+01 -4.552905399212316695e+01
1.201668984700973475e+01 -6.241752727944489720e+01 -4.549254986317529870e+01
1.251738525730180740e+01 -6.231615117570558482e+01 -4.545621218965692378e+01
1.301808066759388005e+01 -6.221454735207989017e+01 -4.542000682200493600e+01
1.351877607788595093e+01 -6.211271289084022840e+01 -4.538390289200803807e+01
1.401947148817802358e+01 -6.201064523292210140e+01 -4.534786954720487984e+01
1.452016689847009623e+01 -6.190834186995054722e+01 -4.531187764814012553e+01
1.502086230876216710e+01 -6.180580066610046686e+01 -4.527589974751312241e+01
1.552155771905424153e+01 -6.170301961847427208e+01 -4.523990971167280151e+01
1.602225312934631418e+01 -6.159999712505224068e+01 -4.520388241322631018e+01
1.652294853963838506e+01 -6.149673189783867144e+01 -4.516779405543782389e+01
1.702364394993045948e+01 -6.139322288179469922e+01 -4.513162250832829159e+01
1.752433936022252681e+01 -6.128946938854993221e+01 -4.509534687024515165e+01
1.802503477051460123e+01 -6.118547121639663544e+01 -4.505894707460046789e+01
1.852573018080667566e+01 -6.108122840834936085e+01 -4.502240487085745713e+01
1.902642559109874654e+01 -6.097674157075913115e+01 -4.498570301281378647e+01
1.952712100139081741e+01 -6.087201161457788601e+01 -4.494882557736386275e+01
2.002781641168289184e+01 -6.076703993867722886e+01 -4.491175743199966064e+01
2.052851182197496627e+01 -6.066182834709778149e+01 -4.487448529515751261e+01
2.102920723226704069e+01 -6.055637927408228904e+01 -4.483699650679119486e+01
2.152990264255910802e+01 -6.045069544607672185e+01 -4.479927967128652710e+01
2.203059805285118244e+01 -6.034478024852620592e+01 -4.476132466411308997e+01
2.253129346314325332e+01 -6.023863747048397954e+01 -4.472312197061003758e+01
2.303198887343532064e+01 -6.013227152246722085e+01 -4.468466370168511048e+01
2.353268428372739507e+01 -6.002568724195739946e+01 -4.464594253538832902e+01
2.403337969401946950e+01 -5.991889002676495579e+01 -4.460695233250004321e+01
2.453407510431154037e+01 -5.981188583131321934e+01 -4.456768794788185062e+01
2.503477051460361480e+01 -5.970468118051670103e+01 -4.452814505051728133e+01
2.553546592489568567e+01 -5.959728307723132446e+01 -4.448832022320490864e+01
2.603616133518776010e+01 -5.948969918935624435e+01 -4.444821093847264137e+01
2.653685674547983453e+01 -5.938193753062812164e+01 -4.440781534209551751e+01
2.703755215577190185e+01 -5.927400685666610514e+01 -4.436713286242985532e+01
2.753824756606397628e+01 -5.916591632782197507e+01 -4.432616301372192424e+01
2.803894297635604715e+01 -5.905767576183505696e+01 -4.428490675429358703e+01
2.853963838664812158e+01 -5.894929538484610987e+01 -4.424336529893636794e+01
2.904033379694019246e+01 -5.884078600897700539e+01 -4.420154064037846808e+01
2.954102920723226333e+01 -5.873215900372962039e+01 -4.415943559942159879e+01
3.004172461752433421e+01 -5.862342604511142952e+01 -4.411705346347115153e+01
3.054242002781640863e+01 -5.851459958665729744e+01 -4.407439817001123572e+01
3.104311543810848306e+01 -5.840569227168674615e+01 -4.403147418307088401e+01
3.154381084840055394e+01 -5.829671737423853983e+01 -4.398828674603070965e+01
3.204450625869262836e+01 -5.818768859061168541e+01 -4.394484123981433754e+01
3.254520166898469569e+01 -5.807861996886134648e+01 -4.390114381758959894e+01
3.304589707927677011e+01 -5.796952607181668782e+01 -4.385720088435161301e+01
3.354659248956884454e+01 -5.786042169739306473e+01 -4.381301969685789288e+01
3.404728789986091897e+01 -5.775132217516005539e+01 -4.376860738409719431e+01
3.454798331015298629e+01 -5.764224301017063112e+01 -4.372397181422445556e+01
3.504867872044505361e+01 -5.753320020328229134e+01 -4.367912103895325515e+01
3.554937413073713515e+01 -5.742420990947121595e+01 -4.363406361786876175e+01
3.605006954102920247e+01 -5.731528860512608503e+01 -4.358880821390305016e+01
3.655076495132127690e+01 -5.720645299235312109e+01 -4.354336379764329479e+01
3.705146036161335132e+01 -5.709772002698005622e+01 -4.349773987200880754e+01
3.755215577190541865e+01 -5.698910684139551108e+01 -4.345194578059084733e+01
3.805285118219749307e+01 -5.688063072781974938e+01 -4.340599126972794863e+01
3.855354659248956750e+01 -5.677230910790915175e+01 -4.335988644835146033e+01
3.905424200278163482e+01 -5.666415950443426652e+01 -4.331364108806074853e+01
3.955493741307371636e+01 -5.655619959041308675e+01 -4.326726569419325585e+01
4.005563282336578368e+01 -5.644844697191678051e+01 -4.322077061842661294e+01
4.055632823365785811e+01 -5.634091942905730832e+01 -4.317416617042850646e+01
4.105702364394993253e+01 -5.623363462582280192e+01 -4.312746283925604018e+01
4.155771905424199986e+01 -5.612661027655053658e+01 -4.308067148372981592e+01
4.205841446453408139e+01 -5.601986399687962148e+01 -4.303380254450976850e+01
4.255910987482614871e+01 -5.591341333532670888e+01 -4.298686680418988715e+01
4.305980528511821603e+01 -5.580727577278355511e+01 -4.293987489316741346e+01
4.356050069541029046e+01 -5.570146854098072708e+01 -4.289283756529261638e+01
4.406119610570236489e+01 -5.559600890560193420e+01 -4.284576546763350535e+01
4.456189151599443221e+01 -5.549091382138374229e+01 -4.279866915298556762e+01
4.506258692628650664e+01 -5.538620005547943492e+01 -4.275155937401531503e+01
4.556328233657857396e+01 -5.528188422508480926e+01 -4.270444650305331891e+01
4.606397774687064128e+01 -5.517798268189596911e+01 -4.265734116300295398e+01
4.656467315716272282e+01 -5.507451144487029637e+01 -4.261025361489338081e+01
4.706536856745479014e+01 -5.497148635989589138e+01 -4.256319423541263802e+01
4.756606397774686457e+01 -5.486892295495209737e+01 -4.251617314396263225e+01
4.806675938803893899e+01 -5.476683638483820005e+01 -4.246920051123824180e+01
4.856745479833100632e+01 -5.466524158753173879e+01 -4.242228625412717236e+01
4.906815020862308074e+01 -5.456415307507569423e+01 -4.237544032699115348e+01
4.956884561891514807e+01 -5.446358505376019821e+01 -4.232867232029840920e+01
5.006954102920722960e+01 -5.436355139334091291e+01 -4.228199195225336382e+01
5.057023643949929692e+01 -5.426406556556253236e+01 -4.223540869650726393e+01
5.107093184979137135e+01 -5.416514066795016902e+01 -4.218893184697783738e+01
5.157162726008345288e+01 -5.406678945631384181e+01 -4.214257066808590935e+01
5.207232267037552020e+01 -5.396902424157259759e+01 -4.209633421997955338e+01
5.257301808066758753e+01 -5.387185702207160887e+01 -4.205023147319684540e+01
5.307371349095966906e+01 -5.377529936716634040e+01 -4.200427119759046946e+01
5.357440890125173638e+01 -5.367936242966381144e+01 -4.195846214643078298e+01
5.407510431154380370e+01 -5.358405702177834939e+01 -4.191281285180581762e+01
5.457579972183587813e+01 -5.348939354478490316e+01 -4.186733173749288994e+01
5.507649513212795256e+01 -5.339538201520328187e+01 -4.182202713641217429e+01
5.557719054242002699e+01 -5.330203206265424853e+01 -4.177690727267231807e+01
5.607788595271209431e+01 -5.320935294950460559e+01 -4.173198023441996440e+01
5.657858136300416163e+01 -5.311735354933036035e+01 -4.168725402658125745e+01
5.707927677329624316e+01 -5.302604237441984480e+01 -4.164273652737078635e+01
5.757997218358831759e+01 -5.293542759421826815e+01 -4.159843558934566943e+01
5.808066759388038491e+01 -5.284551699108989453e+01 -4.155435890681160060e+01
5.858136300417245934e+01 -5.275631805345030045e+01 -4.151051416317982046e+01
5.908205841446452666e+01 -5.266783787797750449e+01 -4.146690892311794130e+01
5.958275382475660109e+01 -5.258008328049756130e+01 -4.142355072218974499e+01
6.008344923504866841e+01 -5.249306075058258614e+01 -4.138044702145320741e+01
6.058414464534074995e+01 -5.240677646377436361e+01 -4.133760524704170791e+01
6.108484005563281727e+01 -5.232123631654532403e+01 -4.129503277866801625e+01
6.158553546592489170e+01 -5.223644591654876024e+01 -4.125273695486298209e+01
6.208623087621696612e+01 -5.215241059971732795e+01 -4.121072509596756106e+01
6.258692628650903345e+01 -5.206913544990813136e+01 -4.116900448492428666e+01
6.308762169680110787e+01 -5.198662529428249002e+01 -4.112758240234738594e+01
6.358831710709318941e+01 -5.190488473240976930e+01 -4.108646608461326366e+01
6.408901251738525673e+01 -5.182391813335699737e+01 -4.104566279370969539e+01
6.458970792767732405e+01 -5.174372965897192955e+01 -4.100517975320512676e+01
6.509040333796939137e+01 -5.166432326155474186e+01 -4.096502418849381399e+01
6.559109874826147291e+01 -5.158570270248448253e+01 -4.092520330782546978e+01
6.609179415855354023e+01 -5.150787156968137026e+01 -4.088572432968332748e+01
6.659248956884562176e+01 -5.143083326945772171e+01 -4.084659446712150555e+01
6.709318497913768908e+01 -5.135459105212932229e+01 -4.080782088783136885e+01
6.759388038942975641e+01 -5.127914801317957938e+01 -4.076941076994528146e+01
6.809457579972183794e+01 -5.120450710257274807e+01 -4.073137128122736783e+01
6.859527121001390526e+01 -5.113067113872376979e+01 -4.069370955557216973e+01
6.909596662030597258e+01 -5.105764280616996587e+01 -4.065643270730274139e+01
6.959666203059803991e+01 -5.098542466852224209e+01 -4.061954774993122896e+01
7.009735744089010723e+01 -5.091401917195754834e+01 -4.058306175258789494e+01
7.059805285118218876e+01 -5.084342865540521927e+01 -4.054698164869645893e+01
7.109874826147427029e+01 -5.077365535112905093e+01 -4.051131431308189690e+01
7.159944367176633762e+01 -5.070470139418604560e+01 -4.047606658048775330e+01
7.210013908205840494e+01 -5.063656881020280309e+01 -4.044124514927331404e+01
7.260083449235048647e+01 -5.056925953633027859e+01 -4.040685662199918227e+01
7.310152990264255379e+01 -5.050277542473624237e+01 -4.037290747412568237e+01
7.360222531293462112e+01 -5.043711822165052183e+01 -4.033940403857356216e+01
7.410292072322670265e+01 -5.037228959297637232e+01 -4.030635250401770975e+01
7.460361613351876997e+01 -5.030829111264894493e+01 -4.027375888947189253e+01
7.510431154381083729e+01 -5.024512425681452044e+01 -4.024162900577849200e+01
7.560500695410290461e+01 -5.018279042289351821e+01 -4.020996844340649545e+01
7.610570236439498615e+01 -5.012129091386670154e+01 -4.017878258778316081e+01
7.660639777468706768e+01 -5.006062691993066949e+01 -4.014807657050502598e+01
7.710709318497913500e+01 -5.000079956100309175e+01 -4.011785525831461996e+01
7.760778859527120233e+01 -4.994180984058404249e+01 -4.008812322982655019e+01
7.810848400556326965e+01 -4.988365866816822347e+01 -4.005888474920993758e+01
7.860917941585533697e+01 -4.982634683421566990e+01 -4.003014379935393663e+01
7.910987482614743271e+01 -4.976987504682257679e+01 -4.000190396430441808e+01
7.961057023643950004e+01 -4.971424386187210587e+01 -3.997416850595146798e+01
8.011126564673156736e+01 -4.965945376365199593e+01 -3.994694034040054476e+01
8.061196105702363468e+01 -4.960550508045345453e+01 -3.992022194254292344e+01
8.111265646731571621e+01 -4.955239803113728669e+01 -3.989401537945427378e+01
8.161335187760779775e+01 -4.950013271106855939e+01 -3.986832240689696505e+01
8.211404728789986507e+01 -4.944870907714631869e+01 -3.984314417548202414e+01
8.261474269819193239e+01 -4.939812695276033594e+01 -3.981848159092291439e+01
8.311543810848399971e+01 -4.934838601185548157e+01 -3.979433496847362051e+01
8.361613351877606704e+01 -4.929948581245641037e+01 -3.977070420916865601e+01
8.411682892906816278e+01 -4.925142573917925404e+01 -3.974758878286669983e+01
8.461752433936023010e+01 -4.920420506319261733e+01 -3.972498763929556276e+01
8.511821974965229742e+01 -4.915782287299863640e+01 -3.970289932997124538e+01
8.561891515994436475e+01 -4.911227814206996811e+01 -3.968132186648594484e+01
8.611961057023643207e+01 -4.906756966628815064e+01 -3.966025288948307548e+01
8.662030598052849939e+01 -4.902369611452083120e+01 -3.963968944055335442e+01
8.712100139082058092e+01 -4.898065597975143248e+01 -3.961962822930030370e+01
8.762169680111264825e+01 -4.893844764118763635e+01 -3.960006547294864276e+01
8.812239221140472978e+01 -4.889706931389152089e+01 -3.958099690371267343e+01
8.862308762169679710e+01 -4.885651906085765006e+01 -3.956241793104521776e+01
8.912378303198886442e+01 -4.881679482590040209e+01 -3.954432346057549807e+01
8.962447844228094596e+01 -4.877789441095298173e+01 -3.952670800499276993e+01
9.012517385257301328e+01 -4.873981547982911877e+01 -3.950956574058750448e+01
9.062586926286508060e+01 -4.870255558028365783e+01 -3.949289052193876159e+01
9.112656467315714792e+01 -4.866611213264040714e+01 -3.947667576823393176e+01
9.162726008344921524e+01 -4.863048245505414968e+01 -3.946091462843131126e+01
9.212795549374128257e+01 -4.859566376756252737e+01 -3.944559996090563914e+01
9.262865090403337831e+01 -4.856165318230328865e+01 -3.943072439691871978e+01
9.312934631432544563e+01 -4.852844773737875528e+01 -3.941628029750364703e+01
9.363004172461751295e+01 -4.849604438921947747e+01 -3.940225982296699669e+01
9.413073713490958028e+01 -4.846444003055499650e+01 -3.938865494867232542e+01
9.463143254520164760e+01 -4.843363151119132226e+01 -3.937545757844330296e+01
9.513212795549372913e+01 -4.840361562233096038e+01 -3.936265941192903028e+01
9.563282336578581067e+01 -4.837438913843737964e+01 -3.935025209968426907e+01
9.613351877607787799e+01 -4.834594882874893074e+01 -3.933822730928096689e+01
9.663421418636994531e+01 -4.831829143538283233e+01 -3.932657665508469336e+01
9.713490959666201263e+01 -4.829141371672716332e+01 -3.931529170768931181e+01
9.763560500695409416e+01 -4.826531247839551497e+01 -3.930436427637464192e+01
9.813630041724616149e+01 -4.823998455649228845e+01 -3.929378611321018866e+01
9.863699582753822881e+01 -4.821542681462500468e+01 -3.928354916479176495e+01
9.913769123783029613e+01 -4.819163622016202453e+01 -3.927364554106928551e+01
9.963838664812239188e+01 -4.816860980501513723e+01 -3.926406751121133709e+01
1.001390820584144592e+02 -4.814634469947958451e+01 -3.925480770583473600e+01
1.006397774687065265e+02 -4.812483816116053958e+01 -3.924585893603885722e+01
1.011404728789985938e+02 -4.810408754914004703e+01 -3.923721427901750758e+01
1.016411682892906754e+02 -4.808409039425367837e+01 -3.922886721429517820e+01
1.021418636995827427e+02 -4.806484435480723505e+01 -3.922081161883238565e+01
1.026425591098748242e+02 -4.804634728468425919e+01 -3.921304168832034520e+01
1.031432545201669058e+02 -4.802859720453324144e+01 -3.920555206406174875e+01
1.036439499304589731e+02 -4.801159232912522157e+01 -3.919833792759686730e+01
1.041446453407510404e+02 -4.799533109121892949e+01 -3.919139484958637354e+01
1.046453407510431077e+02 -4.797981215116504927e+01 -3.918471895045573206e+01
1.051460361613351751e+02 -4.796503439021233817e+01 -3.917830685456736717e+01
1.056467315716272708e+02 -4.795099693706714561e+01 -3.917215580423824406e+01
1.061474269819193381e+02 -4.793769918214519521e+01 -3.916626352654300547e+01
1.066481223922114054e+02 -4.792514078151424428e+01 -3.916062842659182763e+01
1.071488178025034728e+02 -4.791332165535703780e+01 -3.915524949696016677e+01
1.076495132127955401e+02 -4.790224201802328707e+01 -3.915012635317732759e+01
1.081502086230876074e+02 -4.789190236769780995e+01 -3.914525924865240825e+01
1.086509040333796889e+02 -4.788230350066140772e+01 -3.914064909000383352e+01
1.091515994436717563e+02 -4.787344652475138673e+01 -3.913629750903903926e+01
1.096522948539638236e+02 -4.786533284335445160e+01 -3.913220671188294375e+01
1.101529902642559051e+02 -4.785796418654780382e+01 -3.912837968334224570e+01
1.106536856745479724e+02 -4.785134258781607741e+01 -3.912482003455119184e+01
1.111543810848400540e+02 -4.784547041999456951e+01 -3.912153209333376935e+01
1.116550764951321213e+02 -4.784035035306868622e+01 -3.911852088930793059e+01
1.121557719054241886e+02 -4.783598539550138184e+01 -3.911579212813414586e+01
1.126564673157162559e+02 -4.783237887298736268e+01 -3.911335219337381375e+01
1.131571627260083233e+02 -4.782953443223658496e+01 -3.911120817707562480e+01
1.136578581363004190e+02 -4.782745603689971858e+01 -3.910936785136293281e+01
1.141585535465924863e+02 -4.782614797338891321e+01 -3.910783966314049565e+01
1.146592489568845536e+02 -4.782561483428861493e+01 -3.910663270684601400e+01
1.151599443671766352e+02 -4.782586152301217908e+01 -3.910575674674184654e+01
1.156606397774686883e+02 -4.782689324681695098e+01 -3.910522218592170418e+01
1.161613351877607698e+02 -4.782871550749104017e+01 -3.910504004294573122e+01
1.166620305980528229e+02 -4.783133409786086077e+01 -3.910522196749745660e+01
1.171627260083449187e+02 -4.783475509247790569e+01 -3.910578018827884250e+01
1.176634214186370002e+02 -4.783898484063382739e+01 -3.910672750865380465e+01
1.181641168289290533e+02 -4.784402995355475241e+01 -3.910807730123671888e+01
1.186648122392211349e+02 -4.784989729799843872e+01 -3.910984346253137289e+01
1.191655076495132022e+02 -4.785659398403066689e+01 -3.911204041057537495e+01
1.196662030598052695e+02 -4.786412735251059303e+01 -3.911468304652991890e+01
1.201668984700973368e+02 -4.787250496679615708e+01 -3.911778673721748589e+01
1.206675938803894041e+02 -4.788173459688249523e+01 -3.912136729067462682e+01
1.211682892906814999e+02 -4.789182421037975246e+01 -3.912544092355567216e+01
1.216689847009735672e+02 -4.790278194690171176e+01 -3.913002423784966766e+01
1.221696801112656345e+02 -4.791461612257688785e+01 -3.913513420458222924e+01
1.226703755215577019e+02 -4.792733520894825006e+01 -3.914078809657659974e+01
1.231710709318497834e+02 -4.794094779688447261e+01 -3.914700350609784607e+01
1.236717663421418507e+02 -4.795546262219130540e+01 -3.915379829308442083e+01
1.241724617524339322e+02 -4.797088852115547297e+01 -3.916119053330696431e+01
1.246731571627260138e+02 -4.798723440580641864e+01 -3.916919853374785987e+01
1.251738525730180669e+02 -4.800450927541231749e+01 -3.917784077555188560e+01
1.256745479833101484e+02 -4.802272220221919952e+01 -3.918713585738805705e+01
1.261752433936022157e+02 -4.804188227360708652e+01 -3.919710251533918210e+01
1.266759388038942831e+02 -4.806199861711928634e+01 -3.920775956985683308e+01
1.271766342141863788e+02 -4.808308036783824946e+01 -3.921912584499598609e+01
1.276773296244784177e+02 -4.810513665685544993e+01 -3.923122021881074772e+01
1.281780250347705135e+02 -4.812817657152305628e+01 -3.924406159251097392e+01
1.286787204450625950e+02 -4.815220917800704115e+01 -3.925766870892707061e+01
1.291794158553546481e+02 -4.817724348271528356e+01 -3.927206037148002338e+01
1.296801112656467296e+02 -4.820328840287490380e+01 -3.928725517287588787e+01
1.301808066759387827e+02 -4.823035276342213251e+01 -3.930327159466273201e+01
1.306815020862308643e+02 -4.825844529790717274e+01 -3.932012798258242015e+01
1.311821974965229458e+02 -4.828757460003632218e+01 -3.933784245390583578e+01
1.316828929068149989e+02 -4.831774912215075801e+01 -3.935643291522764287e+01
1.321835883171070805e+02 -4.834897715962456743e+01 -3.937591701100707553e+01
1.326842837273991336e+02 -4.838126684030017088e+01 -3.939631211916109521e+01
1.331849791376912435e+02 -4.841462608383467625e+01 -3.941763526192931977e+01
1.336856745479833251e+02 -4.844906262078752945e+01 -3.943990319778220055e+01
1.341863699582753782e+02 -4.848458395487200789e+01 -3.946313232033359952e+01
1.346870653685674597e+02 -4.852119734076354973e+01 -3.948733853818841055e+01
1.351877607788595128e+02 -4.855890982189835370e+01 -3.951253750305971835e+01
1.356884561891515943e+02 -4.859772812441265444e+01 -3.953874430281564401e+01
1.361891515994436759e+02 -4.863765873414224927e+01 -3.956597364235483383e+01
1.366898470097357290e+02 -4.867870781096856092e+01 -3.959423975601713153e+01
1.371905424200278105e+02 -4.872088124792783503e+01 -3.962355631702880032e+01
1.376912378303198636e+02 -4.876418456878157315e+01 -3.965393658577956160e+01
1.381919332406119452e+02 -4.880862300428846368e+01 -3.968539316057719191e+01
1.386926286509039983e+02 -4.885420144291475708e+01 -3.971793816646381003e+01
1.391933240611960798e+02 -4.890092438103084760e+01 -3.975158316219234678e+01
1.396940194714881613e+02 -4.894879598304970614e+01 -3.978633903021217577e+01
1.401947148817802145e+02 -4.899782001301292667e+01 -3.982221613831566742e+01
1.406954102920723244e+02 -4.904799985028448361e+01 -3.985922415861492141e+01
1.411961057023643775e+02 -4.909933851097166269e+01 -3.989737219297890647e+01
1.416968011126564591e+02 -4.915183855510721855e+01 -3.993666863953617963e+01
1.421974965229485406e+02 -4.920550215522698068e+01 -3.997712127836318530e+01
1.426981919332405937e+02 -4.926033104808320218e+01 -4.001873704322045455e+01
1.431988873435326752e+02 -4.931632656314130259e+01 -4.006152246611435430e+01
1.436995827538247283e+02 -4.937348957334714328e+01 -4.010548308915714699e+01
1.442002781641168099e+02 -4.943182052275469118e+01 -4.015062397653493065e+01
1.447009735744088914e+02 -4.949131938791205698e+01 -4.019694922791988745e+01
1.452016689847009729e+02 -4.955198569385638052e+01 -4.024446249826641520e+01
1.457023643949930261e+02 -4.961381857276373353e+01 -4.029316643261094555e+01
1.462030598052851076e+02 -4.967681660775051000e+01 -4.034306306400080189e+01
1.467037552155771891e+02 -4.974097800899252775e+01 -4.039415366490106862e+01
1.472044506258692422e+02 -4.980630042023912551e+01 -4.044643883455978539e+01
1.477051460361613238e+02 -4.987278114065483692e+01 -4.049991820743275639e+01
1.482058414464534053e+02 -4.994041693331163856e+01 -4.055459088619431895e+01
1.487065368567454584e+02 -5.000920411133628818e+01 -4.061045506952427786e+01
1.492072322670375399e+02 -5.007913854838770362e+01 -4.066750819872237344e+01
1.497079276773296215e+02 -5.015021566545019027e+01 -4.072574707173777142e+01
1.502086230876216746e+02 -5.022243039925942298e+01 -4.078516762845544008e+01
1.507093184979137845e+02 -5.029577726628386358e+01 -4.084576516550446001e+01
1.512100139082058092e+02 -5.037025033393629769e+01 -4.090753414879655736e+01
1.517107093184979192e+02 -5.044584324975485856e+01 -4.097046828086004666e+01
1.522114047287899723e+02 -5.052254918471521705e+01 -4.103456066958979420e+01
1.527121001390820538e+02 -5.060036093887734410e+01 -4.109980362938013343e+01
1.532127955493741354e+02 -5.067927089945274588e+01 -4.116618880541290082e+01
1.537134909596661885e+02 -5.075927101978098221e+01 -4.123370725666414671e+01
1.542141863699582700e+02 -5.084035285603252419e+01 -4.130234908462992394e+01
1.547148817802503231e+02 -5.092250761406151582e+01 -4.137210402788494434e+01
1.552155771905424047e+02 -5.100572612083172430e+01 -4.144296106916752365e+01
1.557162726008344862e+02 -5.108999881548928101e+01 -4.151490863824835742e+01
1.562169680111265393e+02 -5.117531582659697165e+01 -4.158793458074102034e+01
1.567176634214186208e+02 -5.126166692183008422e+01 -4.166202614648933888e+01
1.572183588317106739e+02 -5.134904154202789073e+01 -4.173717001627434797e+01
1.577190542420027555e+02 -5.143742887334840930e+01 -4.181335238855777447e+01
1.582197496522948654e+02 -5.152681775888029847e+01 -4.189055908214352542e+01
1.587204450625868901e+02 -5.161719677302588138e+01 -4.196877531276315665e+01
1.592211404728790001e+02 -5.170855424863819394e+01 -4.204798587341558402e+01
1.597218358831710532e+02 -5.180087823110116574e+01 -4.212817531293141826e+01
1.602225312934631347e+02 -5.189415655240227920e+01 -4.220932759717122451e+01
1.607232267037552162e+02 -5.198837685307297818e+01 -4.229142658915968411e+01
1.612239221140472694e+02 -5.208352655459208336e+01 -4.237445568004369534e+01
1.617246175243393509e+02 -5.217959286462615864e+01 -4.245839815860342981e+01
1.622253129346314324e+02 -5.227656285910967426e+01 -4.254323686553446748e+01
1.627260083449234855e+02 -5.237442343109620424e+01 -4.262895460576655182e+01
1.632267037552155955e+02 -5.247316134727627457e+01 -4.271553399835786990e+01
1.637273991655076486e+02 -5.257276322886939113e+01 -4.280295754043746115e+01
1.642280945757997301e+02 -5.267321560726161067e+01 -4.289120753917791262e+01
1.647287899860917832e+02 -5.277450491872188820e+01 -4.298026633000411323e+01
1.652294853963838648e+02 -5.287661747178974281e+01 -4.307011615385711423e+01
1.657301808066759463e+02 -5.297953955001177917e+01 -4.316073935847732912e+01
1.662308762169679994e+02 -5.308325736752196633e+01 -4.325211813164477803e+01
1.667315716272600810e+02 -5.318775709692020826e+01 -4.334423492005169010e+01
1.672322670375521341e+02 -5.329302483502873145e+01 -4.343707213444854176e+01
1.677329624478442156e+02 -5.339904670075257798e+01 -4.353061238570357716e+01
1.682336578581363256e+02 -5.350580878958780318e+01 -4.362483842011501167e+01
1.687343532684283502e+02 -5.361329719827253371e+01 -4.371973306729756814e+01
1.692350486787204602e+02 -5.372149800819087773e+01 -4.381527942222098204e+01
1.697357440890125133e+02 -5.383039735194969921e+01 -4.391146077957650107e+01
1.702364394993045948e+02 -5.393998131005318442e+01 -4.400826069120206796e+01
1.707371349095966480e+02 -5.405023610447059923e+01 -4.410566296604342540e+01
1.712378303198887295e+02 -5.416114789513230221e+01 -4.420365172746137716e+01
1.717385257301808110e+02 -5.427270294566696407e+01 -4.430221120203391649e+01
1.722392211404728641e+02 -5.438488753446435453e+01 -4.440132616391912279e+01
1.727399165507649457e+02 -5.449768802565230885e+01 -4.450098168409004984e+01
1.732406119610569988e+02 -5.461109078903390923e+01 -4.460116289382516186e+01
1.737413073713490803e+02 -5.472508230686626973e+01 -4.470185562487164077e+01
1.742420027816411618e+02 -5.483964909307103142e+01 -4.480304582218052190e+01
1.747426981919332150e+02 -5.495477774532189130e+01 -4.490471991480119129e+01
1.752433936022252965e+02 -5.507045491950263738e+01 -4.500686454822100302e+01
1.757440890125173496e+02 -5.518666733415813042e+01 -4.510946682584189205e+01
1.762447844228094596e+02 -5.530340177599356366e+01 -4.521251421812506521e+01
1.767454798331015411e+02 -5.542064510878191186e+01 -4.531599458831529148e+01
1.772461752433935942e+02 -5.553838428011005135e+01 -4.541989595193319929e+01
1.777468706536856757e+02 -5.565660625597303124e+01 -4.552420700468054804e+01
1.782475660639777288e+02 -5.577529811550704153e+01 -4.562891650280030831e+01
1.787482614742698104e+02 -5.589444698824337365e+01 -4.573401368523693122e+01
1.792489568845618919e+02 -5.601404005720070245e+01 -4.583948809024580839e+01
1.797496522948539450e+02 -5.613406457245858405e+01 -4.594532956725291228e+01
1.802503477051460266e+02 -5.625450784403264493e+01 -4.605152833263855428e+01
1.807510431154380797e+02 -5.637535722523361414e+01 -4.615807487441908563e+01
1.812517385257301612e+02 -5.649660015346861996e+01 -4.626496000975660650e+01
1.817524339360222427e+02 -5.661822406792461493e+01 -4.637217470332797120e+01
1.822531293463142958e+02 -5.674021648626884939e+01 -4.647971035044227506e+01
1.827538247566063774e+02 -5.686256496044742903e+01 -4.658755849178511710e+01
1.832545201668984305e+02 -5.698525707512114025e+01 -4.669571091912450811e+01
1.837552155771905404e+02 -5.710828044610049403e+01 -4.680415975395339956e+01
1.842559109874825651e+02 -5.723162273132426492e+01 -4.691289718731901814e+01
1.847566063977746751e+02 -5.735527161114102057e+01 -4.702191562028416172e+01
1.852573018080667566e+02 -5.747921479354796759e+01 -4.713120772261332547e+01
1.857579972183588097e+02 -5.760343998625127426e+01 -4.724076621548938704e+01
1.862586926286508913e+02 -5.772793493886662475e+01 -4.735058405142260085e+01
1.867593880389429444e+02 -5.785268738762194118e+01 -4.746065420716965377e+01
1.872600834492350259e+02 -5.797768508469768278e+01 -4.757096988767291634e+01
1.877607788595271074e+02 -5.810291579146020524e+01 -4.768152436159500951e+01
1.882614742698191606e+02 -5.822836725659750812e+01 -4.779231094647896327e+01
1.887621696801112421e+02 -5.835402724951588027e+01 -4.790332300641223640e+01
1.892628650904032952e+02 -5.847988349189132862e+01 -4.801455402799531669e+01
1.897635605006953767e+02 -5.860592372577254139e+01 -4.812599753671631220e+01
1.902642559109874583e+02 -5.873213566701475941e+01 -4.823764704926244917e+01
1.907649513212795114e+02 -5.885850701342884861e+01 -4.834949611513249579e+01
1.912656467315716213e+02 -5.898502543547716925e+01 -4.846153829714283034e+01
1.917663421418636460e+02 -5.911167858496834526e+01 -4.857376713816682923e+01
1.922670375521557560e+02 -5.923845408463445494e+01 -4.868617621073873636e+01
1.927677329624478375e+02 -5.936533951878142545e+01 -4.879875898126421419e+01
1.932684283727398906e+02 -5.949232244610381315e+01 -4.891150901790558692e+01
1.937691237830319722e+02 -5.961939038105835209e+01 -4.902441976357101794e+01
1.942698191933240253e+02 -5.974653079983023929e+01 -4.913748458724319335e+01
1.947705146036161068e+02 -5.987373113043783235e+01 -4.925069686754636678e+01
1.952712100139081883e+02 -6.000097876291899013e+01 -4.936404992352368026e+01
1.957719054242002414e+02 -6.012826103128669786e+01 -4.947753702514933138e+01
1.962726008344923230e+02 -6.025556522298781204e+01 -4.959115135134584307e+01
1.967732962447844045e+02 -6.038287856726152825e+01 -4.970488602983482451e+01
1.972739916550764576e+02 -6.051018824212430047e+01 -4.981873411441870303e+01
1.977746870653685392e+02 -6.063748136738492178e+01 -4.993268864793202511e+01
1.982753824756605923e+02 -6.076474500115206467e+01 -5.004674252220860353e+01
1.987760778859527022e+02 -6.089196614099843430e+01 -5.016088861866457194e+01
1.992767732962447838e+02 -6.101913172046830880e+01 -5.027511973759693831e+01
1.997774687065368369e+02 -6.114622861024169254e+01 -5.038942859577083766e+01
2.002781641168289184e+02 -6.127324361697016286e+01 -5.050380786484176099e+01
2.007788595271209999e+02 -6.140016347279949116e+01 -5.061825017164530038e+01
2.012795549374130530e+02 -6.152697485283194112e+01 -5.073274802587413035e+01
2.017802503477051346e+02 -6.165366435766397046e+01 -5.084729392383316338e+01
2.022809457579971877e+02 -6.178021851775180551e+01 -5.096188029238625461e+01
2.027816411682892692e+02 -6.190662380097843709e+01 -5.107649949887992591e+01
2.032823365785813508e+02 -6.203286659926585855e+01 -5.119114386142747719e+01
2.037830319888734039e+02 -6.215893323905244472e+01 -5.130580563788818438e+01
2.042837273991654854e+02 -6.228480998100191357e+01 -5.142047705237338562e+01
2.047844228094575953e+02 -6.241048302640616896e+01 -5.153515027013192196e+01
2.052851182197496485e+02 -6.253593849099185320e+01 -5.164981741683142502e+01
2.057858136300417300e+02 -6.266116244682986292e+01 -5.176447056953612957e+01
2.062865090403338115e+02 -6.278614089788813146e+01 -5.187910176602009926e+01
2.067872044506258646e+02 -6.291085978934485468e+01 -5.199370300287547764e+01
2.072878998609179462e+02 -6.303530500817056748e+01 -5.210826623143795189e+01
2.077885952712099993e+02 -6.315946239244136962e+01 -5.222278336364844620e+01
2.082892906815020808e+02 -6.328331772813750433e+01 -5.233724626082995712e+01
2.087899860917941623e+02 -6.340685676427735018e+01 -5.245164676289142847e+01
2.092906815020862155e+02 -6.353006519661927598e+01 -5.256597664858283281e+01
2.097913769123782970e+02 -6.365292869792962449e+01 -5.268022762982447205e+01
2.102920723226703501e+02 -6.377543291339885911e+01 -5.279439140947808085e+01
2.107927677329624316e+02 -6.389756344754484019e+01 -5.290845963077892122e+01
2.112934631432545416e+02 -6.401930590946928135e+01 -5.302242384197462854e+01
2.117941585535465663e+02 -6.414064587211238688e+01 -5.313627557129475321e+01
2.122948539638386762e+02 -6.426156892707719237e+01 -5.325000628129455293e+01
2.127955493741307293e+02 -6.438206065879991513e+01 -5.336360735002781297e+01
2.132962447844228109e+02 -6.450210667183479529e+01 -5.347707007550379643e+01
2.137969401947148924e+02 -6.462169257579284931e+01 -5.359038569430563115e+01
2.142976356050069455e+02 -6.474080403485481838e+01 -5.370354534989896678e+01
2.147983310152990271e+02 -6.485942672069563741e+01 -5.381654007921618188e+01
2.152990264255910802e+02 -6.497754637970524527e+01 -5.392936084515106643e+01
2.157997218358831617e+02 -6.509514880253868796e+01 -5.404199844547397902e+01
2.163004172461752148e+02 -6.521221983133750655e+01 -5.415444364944497124e+01
2.168011126564672963e+02 -6.532874542562035458e+01 -5.426668702565157787e+01
2.173018080667593779e+02 -6.544471160253260678e+01 -5.437871904882163676e+01
2.178025034770514310e+02 -6.556010448176630234e+01 -5.449053006594445492e+01
2.183031988873435125e+02 -6.567491028966423983e+01 -5.460211024036075855e+01
2.188038942976355656e+02 -6.578911539675709719e+01 -5.471344960188039863e+01
2.193045897079276472e+02 -6.590270626634401196e+01 -5.482453803204454346e+01
2.198052851182197571e+02 -6.601566953511019165e+01 -5.493536522051773829e+01
2.203059805285118102e+02 -6.612799197859339984e+01 -5.504592068467581356e+01
2.208066759388038918e+02 -6.623966054483526023e+01 -5.515619377216034991e+01
2.213073713490959449e+02 -6.635066233999305041e+01 -5.526617363673403815e+01
2.218080667593880264e+02 -6.646098467014007838e+01 -5.537584920348272988e+01
2.223087621696801079e+02 -6.657061502295755417e+01 -5.548520923730357879e+01
2.228094575799721611e+02 -6.667954111430071862e+01 -5.559424231200813438e+01
2.233101529902642426e+02 -6.678775086025689234e+01 -5.570293675781562115e+01
2.238108484005562957e+02 -6.689523241440747370e+01 -5.581128066776438601e+01
2.243115438108483772e+02 -6.700197412603836256e+01 -5.591926195563866031e+01
2.248122392211404588e+02 -6.710796464249676774e+01 -5.602686831632746589e+01
2.253129346314325119e+02 -6.721319283330507233e+01 -5.613408720920847372e+01
2.258136300417245934e+02 -6.731764783781909500e+01 -5.624090588520334677e+01
2.263143254520166465e+02 -6.742131905096084665e+01 -5.634731132405863718e+01
2.268150208623087565e+02 -6.752419617424220633e+01 -5.645329037981849751e+01
2.273157162726008380e+02 -6.762626915868784749e+01 -5.655882961755690985e+01
2.278164116828928911e+02 -6.772752827008551435e+01 -5.666391539106865594e+01
2.283171070931849727e+02 -6.782796403339196445e+01 -5.676853386405169033e+01
2.288178025034770258e+02 -6.792756732732121350e+01 -5.687267096403998323e+01
2.293184979137691073e+02 -6.802632928997502404e+01 -5.697631249633373329e+01
2.298191933240611604e+02 -6.812424139524102884e+01 -5.707944395911722779e+01
2.303198887343532704e+02 -6.822129542645291167e+01 -5.718205077067791819e+01
2.308205841446453235e+02 -6.831748345574544601e+01 -5.728411806505319248e+01
2.313212795549373766e+02 -6.841279791637737162e+01 -5.738563088292649184e+01
2.318219749652294297e+02 -6.850723152949888117e+01 -5.748657410091182385e+01
2.323226703755215397e+02 -6.860077735475590544e+01 -5.758693243437019760e+01
2.328233657858135928e+02 -6.869342876193206848e+01 -5.768669043727723533e+01
2.333240611961056459e+02 -6.878517946289014162e+01 -5.778583255656523932e+01
2.338247566063977843e+02 -6.887602346718870194e+01 -5.788434316813302871e+01
2.343254520166898374e+02 -6.896595513217710050e+01 -5.798220650702072021e+01
2.348261474269818621e+02 -6.905496911547663785e+01 -5.807940667839616822e+01
2.353268428372740004e+02 -6.914306039741779841e+01 -5.817592782080069469e+01
2.358275382475660535e+02 -6.923022426854834066e+01 -5.827175395655585532e+01
2.363282336578581067e+02 -6.931645633930122585e+01 -5.836686907428456550e+01
2.368289290681501882e+02 -6.940175253913287179e+01 -5.846125714316626443e+01
2.373296244784422697e+02 -6.948610907203067200e+01 -5.855490214088972323e+01
2.378303198887343228e+02 -6.956952248948175566e+01 -5.864778799546598975e+01
2.383310152990264044e+02 -6.965198960403461115e+01 -5.873989870131134694e+01
2.388317107093184859e+02 -6.973350751461941854e+01 -5.883121830469002589e+01
2.393324061196105390e+02 -6.981407363215942041e+01 -5.892173090222735254e+01
2.398331015299026205e+02 -6.989368564701101150e+01 -5.901142058482771802e+01
2.403337969401946737e+02 -6.997234149156531657e+01 -5.910027162697775793e+01
2.408344923504867552e+02 -7.005003941846473481e+01 -5.918826835417779364e+01
2.413351877607788083e+02 -7.012677789575282361e+01 -5.927539519237689092e+01
2.418358831710709183e+02 -7.020255567242050176e+01 -5.936163669636759721e+01
2.423365785813629998e+02 -7.027737173373527924e+01 -5.944697763508035848e+01
2.428372739916550529e+02 -7.035122532591988431e+01 -5.953140282098974012e+01
2.433379694019471344e+02 -7.042411590727927262e+01 -5.961489730643060625e+01
2.438386648122392160e+02 -7.049604316858524555e+01 -5.969744631450575412e+01
2.443393602225312691e+02 -7.056700704828320170e+01 -5.977903521515381158e+01
2.448400556328233506e+02 -7.063700763717709208e+01 -5.985964961226217440e+01
2.453407510431154037e+02 -7.070604530372141028e+01 -5.993927532675883185e+01
2.458414464534074853e+02 -7.077412056014357233e+01 -6.001789839819906547e+01
2.463421418636995668e+02 -7.084123412472611392e+01 -6.009550504951533867e+01
2.468428372739916199e+02 -7.090738689852362597e+01 -6.017208180976325593e+01
2.473435326842837014e+02 -7.097257995517641405e+01 -6.024761537850594095e+01
2.478442280945758114e+02 -7.103681453567180881e+01 -6.032209275030567142e+01
2.483449235048678645e+02 -7.110009204543150929e+01 -6.039550116025878879e+01
2.488456189151599460e+02 -7.116241403307488156e+01 -6.046782810918423934e+01
2.493463143254520276e+02 -7.122378219418881429e+01 -6.053906132679040297e+01
2.498470097357440807e+02 -7.128419835649386016e+01 -6.060918883575470772e+01
2.503477051460361338e+02 -7.134366447867780892e+01 -6.067819892330919629e+01
2.508484005563282153e+02 -7.140218263322442738e+01 -6.074608016690365275e+01
2.513490959666202968e+02 -7.145975502736821738e+01 -6.081282134217292423e+01
2.518497913769123500e+02 -7.151638395798347858e+01 -6.087841154142044786e+01
2.523504867872044315e+02 -7.157207182438999382e+01 -6.094284012920471127e+01
2.528511821974965130e+02 -7.162682112136810986e+01 -6.100609675534049359e+01
2.533518776077885661e+02 -7.168063443217381803e+01 -6.106817125250434231e+01
2.538525730180806477e+02 -7.173351441340476242e+01 -6.112905379385259153e+01
2.543532684283727576e+02 -7.178546379150778023e+01 -6.118873478234084473e+01
2.548539638386647823e+02 -7.183648538693564944e+01 -6.124720485270293580e+01
2.553546592489568354e+02 -7.188658203963900917e+01 -6.130445491202911512e+01
2.558553546592489738e+02 -7.193575667251612060e+01 -6.136047613051431426e+01
2.563560500695410269e+02 -7.198401225837774575e+01 -6.141525987012954602e+01
2.568567454798330800e+02 -7.203135178989801091e+01 -6.146879774926873097e+01
2.573574408901251900e+02 -7.207777832792676520e+01 -6.152108165378393778e+01
2.578581363004172431e+02 -7.212329493993497920e+01 -6.157210360733387233e+01
2.583588317107092962e+02 -7.216790472664474976e+01 -6.162185588372466327e+01
2.588595271210013493e+02 -7.221161081962823403e+01 -6.167033100197926387e+01
2.593602225312934593e+02 -7.225441635162174236e+01 -6.171752161054513408e+01
2.598609179415855124e+02 -7.229632449261448812e+01 -6.176342059566280795e+01
2.603616133518775655e+02 -7.233733839047677350e+01 -6.180802098067118777e+01
2.608623087621696754e+02 -7.237746121767163743e+01 -6.185131602712169752e+01
2.613630041724617286e+02 -7.241669613080053125e+01 -6.189329908952311143e+01
2.618636995827537817e+02 -7.245504629010288511e+01 -6.193396375306144819e+01
2.623643949930458916e+02 -7.249251484199380968e+01 -6.197330367310144084e+01
2.628650904033379447e+02 -7.252910491862753872e+01 -6.201131270058624523e+01
2.633657858136299978e+02 -7.256481964051677380e+01 -6.204798479370766984e+01
2.638664812239220510e+02 -7.259966209907038603e+01 -6.208331401440774755e+01
2.643671766342141609e+02 -7.263363537056325470e+01 -6.211729457000730292e+01
2.648678720445062140e+02 -7.266674249343527947e+01 -6.214992074155817647e+01
2.653685674547982671e+02 -7.269898647993291263e+01 -6.218118694472651953e+01
2.658692628650904339e+02 -7.273037031378085260e+01 -6.221108762641976853e+01
2.663699582753824870e+02 -7.276089693970466499e+01 -6.223961732794138868e+01
2.668706536856744833e+02 -7.279056925178925042e+01 -6.226677067868892834e+01
2.673713490959666501e+02 -7.281939011385152583e+01 -6.229254235804562256e+01
2.678720445062587032e+02 -7.284736235012719874e+01 -6.231692707340714321e+01
2.683727399165507563e+02 -7.287448871733109002e+01 -6.233991959772554026e+01
2.688734353268428094e+02 -7.290077194191003684e+01 -6.236151471497707632e+01
2.693741307371349194e+02 -7.292621468511829619e+01 -6.238170725289948848e+01
2.698748261474269725e+02 -7.295081957095722203e+01 -6.240049203825047641e+01
2.703755215577190256e+02 -7.297458915125066881e+01 -6.241786391907236009e+01
2.708762169680111356e+02 -7.299752593067428563e+01 -6.243381774485906988e+01
2.713769123783031887e+02 -7.301963234812906478e+01 -6.244834834822550818e+01
2.718776077885952418e+02 -7.304091078780079727e+01 -6.246145055613557417e+01
2.723783031988873518e+02 -7.306136356519023423e+01 -6.247311915720889886e+01
2.728789986091794049e+02 -7.308099293700838928e+01 -6.248334893709135685e+01
2.733796940194714580e+02 -7.309980109302746598e+01 -6.249213461516512780e+01
2.738803894297635111e+02 -7.311779015666293446e+01 -6.249947090851230769e+01
2.743810848400556210e+02 -7.313496218264522497e+01 -6.250535245271487383e+01
2.748817802503476742e+02 -7.315131915701972787e+01 -6.250977383518340957e+01
2.753824756606397273e+02 -7.316686299831094686e+01 -6.251272960041399074e+01
2.758831710709318372e+02 -7.318159555286588613e+01 -6.251421420310373378e+01
2.763838664812238903e+02 -7.319551859485405032e+01 -6.251422205648134423e+01
2.768845618915159434e+02 -7.320863382393913810e+01 -6.251274747016574906e+01
2.773852573018079966e+02 -7.322094287459226791e+01 -6.250978469324033426e+01
2.778859527121001065e+02 -7.323244729979383294e+01 -6.250532787699918913e+01
2.783866481223921596e+02 -7.324314857801842038e+01 -6.249937109619347098e+01
2.788873435326842127e+02 -7.325304812021973078e+01 -6.249190832443852628e+01
2.793880389429763227e+02 -7.326214726051735227e+01 -6.248293344352711642e+01
2.798887343532683758e+02 -7.327044725037599449e+01 -6.247244024139214957e+01
2.803894297635604289e+02 -7.327794927257532720e+01 -6.246042239842788035e+01
2.808901251738525957e+02 -7.328465443247883115e+01 -6.244687349258308018e+01
2.813908205841446488e+02 -7.329056375978002791e+01 -6.243178699819688404e+01
2.818915159944367019e+02 -7.329567820966663305e+01 -6.241515628716294373e+01
2.823922114047287550e+02 -7.329999865699979011e+01 -6.239697461903412545e+01
2.828929068150208650e+02 -7.330352590722800699e+01 -6.237723514160458649e+01
2.833936022253129181e+02 -7.330626068358147052e+01 -6.235593090022300089e+01
2.838942976356049712e+02 -7.330820363784046378e+01 -6.233305482847933376e+01
2.843949930458970812e+02 -7.330935534829809797e+01 -6.230859975868222023e+01
2.848956884561891343e+02 -7.330971631728648674e+01 -6.228255841021743322e+01
2.853963838664811874e+02 -7.330928696826636326e+01 -6.225492339129411334e+01
2.858970792767732974e+02 -7.330806765514030587e+01 -6.222568722688444609e+01
2.863977746870653505e+02 -7.330605866661831271e+01 -6.219484232961983139e+01
2.868984700973574036e+02 -7.330326020060643089e+01 -6.216238101608902866e+01
2.873991655076494567e+02 -7.329967239651200828e+01 -6.212829551324099953e+01
2.878998609179415666e+02 -7.329529532476631459e+01 -6.209257797236384135e+01
2.884005563282336198e+02 -7.329012897667458049e+01 -6.205522043295965773e+01
2.889012517385257297e+02 -7.328417327853135532e+01 -6.201621488260749970e+01
2.894019471488177828e+02 -7.327742809562228388e+01 -6.197555323655430470e+01
2.899026425591098359e+02 -7.326989320995967603e+01 -6.193322735514990995e+01
2.904033379694019459e+02 -7.326156835960905767e+01 -6.188922902245573709e+01
2.909040333796939990e+02 -7.325245319008577383e+01 -6.184355000878164788e+01
2.914047287899860521e+02 -7.324254731721926248e+01 -6.179618202073422140e+01
2.919054242002781621e+02 -7.323185026742085313e+01 -6.174711676361718560e+01
2.924061196105702152e+02 -7.322036151870652532e+01 -6.169634591835298920e+01
2.929068150208622683e+02 -7.320808049853458499e+01 -6.164386120715741413e+01
2.934075104311543782e+02 -7.319500654566600417e+01 -6.158965427955942573e+01
2.939082058414464314e+02 -7.318113899420514201e+01 -6.153371692464085640e+01
2.944089012517384845e+02 -7.316647708512410020e+01 -6.147604091154741468e+01
2.949095966620305944e+02 -7.315102001748546456e+01 -6.141661807633258263e+01
2.954102920723226475e+02 -7.313476694029323255e+01 -6.135544038349084417e+01
2.959109874826147006e+02 -7.311771697111926471e+01 -6.129249983190294415e+01
2.964116828929068106e+02 -7.309986916749512886e+01 -6.122778859862211220e+01
2.969123783031988637e+02 -7.308122255286907887e+01 -6.116129902221349823e+01
2.974130737134909168e+02 -7.306177609105834847e+01 -6.109302354102328536e+01
2.979137691237830268e+02 -7.304152873781750088e+01 -6.102295485207650927e+01
2.984144645340750799e+02 -7.302047940291704720e+01 -6.095108586801261197e+01
2.989151599443671330e+02 -7.299862696644159143e+01 -6.087740974007219563e+01
2.994158553546592429e+02 -7.297597025667091941e+01 -6.080191988711128204e+01
2.999165507649512961e+02 -7.295250811527257895e+01 -6.072461005730465899e+01
3.004172461752433492e+02 -7.292823932978099322e+01 -6.064547441398765670e+01
3.009179415855354023e+02 -7.290316269471550470e+01 -6.056450735160190391e+01
3.014186369958275691e+02 -7.287727696268594002e+01 -6.048170386254362541e+01
3.019193324061196222e+02 -7.285058089794365799e+01 -6.039705922629016754e+01
3.024200278164116185e+02 -7.282307326124931990e+01 -6.031056940357464669e+01
3.029207232267037853e+02 -7.279475276332244960e+01 -6.022223072703269509e+01
3.034214186369958384e+02 -7.276561816196669952e+01 -6.013204025750070514e+01
3.039221140472878915e+02 -7.273566820981693581e+01 -6.003999559147722209e+01
3.044228094575799446e+02 -7.270490167054128960e+01 -5.994609508136726106e+01
3.049235048678720545e+02 -7.267331728219767228e+01 -5.985033776146417495e+01
3.054242002781641077e+02 -7.264091386111510928e+01 -5.975272345749566227e+01
3.059248956884561608e+02 -7.260769019370025035e+01 -5.965325289274026943e+01
3.064255910987482707e+02 -7.257364514168409642e+01 -5.955192764999105748e+01
3.069262865090403238e+02 -7.253877755255496140e+01 -5.944875022170913326e+01
3.074269819193323769e+02 -7.250308633550127979e+01 -5.934372421259176633e+01
3.079276773296244869e+02 -7.246657043865661763e+01 -5.923685422877191797e+01
3.084283727399165400e+02 -7.242922888336715914e+01 -5.912814605393272416e+01
3.089290681502085931e+02 -7.239106068550529471e+01 -5.901760662958317027e+01
3.094297635605006462e+02 -7.235206500178821898e+01 -5.890524426112882850e+01
3.099304589707927562e+02 -7.231224097524649608e+01 -5.879106843481770284e+01
3.104311543810848093e+02 -7.227158787800466655e+01 -5.867509026225525304e+01
3.109318497913768624e+02 -7.223010503827130435e+01 -5.855732211744543747e+01
3.114325452016689724e+02 -7.218779189186753342e+01 -5.843777807912920252e+01
3.119332406119610255e+02 -7.214464790832789731e+01 -5.831647361297291354e+01
3.124339360222530786e+02 -7.210067271867001182e+01 -5.819342619361383129e+01
3.129346314325451885e+02 -7.205586605881717333e+01 -5.806865480230362664e+01
3.134353268428372417e+02 -7.201022772265869776e+01 -5.794218028492969097e+01
3.139360222531292948e+02 -7.196375766645002159e+01 -5.781402547441626893e+01
3.144367176634213479e+02 -7.191645595979576910e+01 -5.768421494371533242e+01
3.149374130737134578e+02 -7.186832284372582080e+01 -5.755277559363617002e+01
3.154381084840055109e+02 -7.181935863649056273e+01 -5.741973614850250840e+01
3.159388038942975641e+02 -7.176956383203001621e+01 -5.728512758104329805e+01
3.164394993045897309e+02 -7.171893910894947055e+01 -5.714898297276485550e+01
3.169401947148817840e+02 -7.166748531095851149e+01 -5.701133788729529783e+01
3.174408901251737802e+02 -7.161520337386224355e+01 -5.687222995958799743e+01
3.179415855354659470e+02 -7.156209453699514711e+01 -5.673169919441072295e+01
3.184422809457580001e+02 -7.150816011933014238e+01 -5.658978814292360937e+01
3.189429763560500533e+02 -7.145340168840587580e+01 -5.644654155746700042e+01
3.194436717663421064e+02 -7.139782101548260584e+01 -5.630200676657857173e+01
3.199443671766342163e+02 -7.134142006492115229e+01 -5.615623362517560224e+01
3.204450625869262694e+02 -7.128420101223386496e+01 -5.600927421435314102e+01
3.209457579972183225e+02 -7.122616632050200280e+01 -5.586118343015256471e+01
3.214464534075104325e+02 -7.116731859865132037e+01 -5.571201845110597617e+01
3.219471488178024856e+02 -7.110766075494208849e+01 -5.556183887209220984e+01
3.224478442280945387e+02 -7.104719592468453015e+01 -5.541070695530100920e+01
3.229485396383865918e+02 -7.098592749075604047e+01 -5.525868725526555636e+01
3.234492350486787018e+02 -7.092385908252109061e+01 -5.510584653300276159e+01
3.239499304589707549e+02 -7.086099466030501048e+01 -5.495225415217275611e+01
3.244506258692628649e+02 -7.079733837886553260e+01 -5.479798172283697966e+01
3.249513212795549180e+02 -7.073289472169082615e+01 -5.464310271465576818e+01
3.254520166898469711e+02 -7.066766842497091261e+01 -5.448769303454454871e+01
3.259527121001390810e+02 -7.060166455796793628e+01 -5.433183046671678085e+01
3.264534075104311910e+02 -7.053488843502839245e+01 -5.417559470215513784e+01
3.269541029207232441e+02 -7.046734564109866028e+01 -5.401906714099813200e+01
3.274547983310152972e+02 -7.039904213591820792e+01 -5.386233088969844118e+01
3.279554937413073503e+02 -7.032998416654176310e+01 -5.370547053813594118e+01
3.284561891515994603e+02 -7.026017823367052983e+01 -5.354857207207032843e+01
3.289568845618915134e+02 -7.018963113823868127e+01 -5.339172259769325990e+01
3.294575799721835665e+02 -7.011835008790679069e+01 -5.323501022397464055e+01
3.299582753824756765e+02 -7.004634247427186722e+01 -5.307852385663819916e+01
3.304589707927677296e+02 -6.997361608767843677e+01 -5.292235298916754971e+01
3.309596662030597827e+02 -6.990017895689670979e+01 -5.276658790092460549e+01
3.314603616133518926e+02 -6.982603945872251927e+01 -5.261131850609913840e+01
3.319610570236439457e+02 -6.975120623389497609e+01 -5.245663530034219946e+01
3.324617524339359989e+02 -6.967568822675613660e+01 -5.230262804937962073e+01
3.329624478442280520e+02 -6.959949466746704161e+01 -5.214938665062260270e+01
3.334631432545201619e+02 -6.952263507371182527e+01 -5.199699977456741351e+01
3.339638386648122150e+02 -6.944511929103438774e+01 -5.184555558212036885e+01
3.344645340751042681e+02 -6.936695729395407284e+01 -5.169514069948786528e+01
3.349652294853963781e+02 -6.928815948729604202e+01 -5.154584125677497752e+01
3.354659248956884312e+02 -6.920873640494389178e+01 -5.139774078827795734e+01
3.359666203059804843e+02 -6.912869884903773254e+01 -5.125092182633173366e+01
3.364673157162726511e+02 -6.904805789027011542e+01 -5.110546387125444312e+01
3.369680111265647042e+02 -6.896682476881539969e+01 -5.096144559255711215e+01
3.374687065368567005e+02 -6.888501086528992801e+01 -5.081894221178166049e+01
3.379694019471487536e+02 -6.880262794554188588e+01 -5.067802627873837196e+01
3.384700973574409204e+02 -6.871968770435091756e+01 -5.053876797385488828e+01
3.389707927677329735e+02 -6.863620215771258870e+01 -5.040123412917341739e+01
3.394714881780250266e+02 -6.855218340491698825e+01 -5.026548856375052310e+01
3.399721835883171366e+02 -6.846764359457583282e+01 -5.013159159415418742e+01
3.404728789986091897e+02 -6.838259514488444779e+01 -4.999959993953113724e+01
3.409735744089012428e+02 -6.829705033751369569e+01 -4.986956660241746420e+01
3.414742698191932959e+02 -6.821102161260486696e+01 -4.974154124196978444e+01
3.419749652294854059e+02 -6.812452156639150758e+01 -4.961556912327543500e+01
3.424756606397774590e+02 -6.803756256140725611e+01 -4.949169219530318742e+01
3.429763560500695121e+02 -6.795015719475880189e+01 -4.936994736361336322e+01
3.434770514603616220e+02 -6.786231786234959884e+01 -4.925036832081474358e+01
3.439777468706536752e+02 -6.777405699471667333e+01 -4.913298375295794074e+01
3.444784422809457283e+02 -6.768538690860127360e+01 -4.901781958485209145e+01
3.449791376912378382e+02 -6.759631979649643085e+01 -4.890489612385300688e+01
3.454798331015298913e+02 -6.750686779868746612e+01 -4.879423001507929314e+01
3.459805285118219444e+02 -6.741704287662814465e+01 -4.868583376529753082e+01
3.464812239221139976e+02 -6.732685679293881265e+01 -4.857971595086749517e+01
3.469819193324061075e+02 -6.723632122463259009e+01 -4.847588018924734854e+01
3.474826147426981606e+02 -6.714544742310479819e+01 -4.837432758098988472e+01
3.479833101529902137e+02 -6.705424665699027287e+01 -4.827505401454092748e+01
3.484840055632823237e+02 -6.696272972882141516e+01 -4.817805226471169533e+01
3.489847009735743768e+02 -6.687090726127236451e+01 -4.808331051962822755e+01
3.494853963838664299e+02 -6.677878958836990364e+01 -4.799081409467615345e+01
3.499860917941585399e+02 -6.668638663099008568e+01 -4.790054523154415733e+01
3.504867872044505930e+02 -6.659370809373157840e+01 -4.781248138188793462e+01
3.509874826147426461e+02 -6.650076325285881751e+01 -4.772659765156804212e+01
3.514881780250346992e+02 -6.640756103444546454e+01 -4.764286594005668007e+01
3.519888734353268660e+02 -6.631410997433955856e+01 -4.756125585880594997e+01
3.524895688456189191e+02 -6.622041819196307699e+01 -4.748173269962987320e+01
3.529902642559109154e+02 -6.612649339987252972e+01 -4.740426063120042954e+01
3.534909596662030822e+02 -6.603234292931003324e+01 -4.732880075043597401e+01
3.539916550764951353e+02 -6.593797363332781458e+01 -4.725531209802450405e+01
3.544923504867871884e+02 -6.584339188463137305e+01 -4.718375105953040816e+01
3.549930458970792415e+02 -6.574860366570854353e+01 -4.711407263374154297e+01
3.554937413073713515e+02 -6.565361457804308998e+01 -4.704622966262829209e+01
3.559944367176634046e+02 -6.555842955669712069e+01 -4.698017423961363193e+01
3.564951321279554577e+02 -6.546305325826043031e+01 -4.691585604090293771e+01
3.569958275382475676e+02 -6.536748987666304345e+01 -4.685322444634375927e+01
3.574965229485396208e+02 -6.527174301722060079e+01 -4.679222676749641607e+01
3.579972183588316739e+02 -6.517581586613322031e+01 -4.673280977262177771e+01
3.584979137691237838e+02 -6.507971128099489988e+01 -4.667491960078832847e+01
3.589986091794158369e+02 -6.498343154351351814e+01 -4.661850178489416408e+01
3.594993045897078900e+02 -6.488697853383092706e+01 -4.656350128704701774e+01
3.600000000000000000e+02 -6.479035372591062014e+01 -4.650986254319802526e+01
