# lons lats(polar edge) lats(equatorward edge)
0.000000000000000000e+00 6.200684690458615478e+01 5.349401999700516797e+01
5.006954102920723182e-01 6.201582168770869430e+01 5.348465811493480260e+01
1.001390820584144636e+00 6.202438347189952594e+01 5.347473826541316555e+01
1.502086230876216844e+00 6.203253883209099229e+01 5.346427610676997233e+01
2.002781641168289273e+00 6.204029435069074339e+01 5.345328753504156793e+01
2.503477051460361480e+00 6.204765664772607181e+01 5.344178862560251275e+01
3.004172461752433687e+00 6.205463233048034510e+01 5.342979550517806331e+01
3.504867872044505894e+00 6.206122802942230976e+01 5.341732454716603229e+01
4.005563282336578546e+00 6.206745040374484290e+01 5.340439216390467436e+01
4.506258692628650309e+00 6.207330607813459267e+01 5.339101506061429347e+01
5.006954102920722960e+00 6.207880172915960770e+01 5.337720991707915630e+01
5.507649513212795611e+00 6.208394398697632255e+01 5.336299342698926296e+01
6.008344923504867374e+00 6.208873953687938752e+01 5.334838266337915513e+01
6.509040333796940025e+00 6.209319500104751910e+01 5.333339449104546759e+01
7.009735744089011789e+00 6.209731703189892471e+01 5.331804601707450786e+01
7.510431154381083552e+00 6.210111227834647707e+01 5.330235432016588959e+01
8.011126564673157091e+00 6.210458736650696210e+01 5.328633664290340732e+01
8.511821974965229742e+00 6.210774888497314805e+01 5.327001022996901725e+01
9.012517385257300617e+00 6.211060345446173869e+01 5.325339223331175731e+01
9.513212795549373268e+00 6.211315761593584739e+01 5.323649993268415415e+01
1.001390820584144592e+01 6.211541798239056789e+01 5.321935053233323742e+01
1.051460361613352035e+01 6.211739104499800135e+01 5.320196132429337865e+01
1.101529902642559122e+01 6.211908334222614769e+01 5.318434944908368323e+01
1.151599443671766032e+01 6.212050130864015784e+01 5.316653211233665388e+01
1.201668984700973475e+01 6.212165146408013072e+01 5.314852636041948131e+01
1.251738525730180740e+01 6.212254016161054437e+01 5.313034924470761666e+01
1.301808066759388005e+01 6.212317381929791793e+01 5.311201768719077165e+01
1.351877607788595093e+01 6.212355880476719960e+01 5.309354862100956041e+01
1.401947148817802358e+01 6.212370139953917203e+01 5.307495862044413570e+01
1.452016689847009623e+01 6.212360790508226671e+01 5.305626438321318972e+01
1.502086230876216710e+01 6.212328454020733659e+01 5.303748228851013380e+01
1.552155771905424153e+01 6.212273751858218418e+01 5.301862863155911043e+01
1.602225312934631418e+01 6.212197295047870682e+01 5.299971953206725317e+01
1.652294853963838506e+01 6.212099696458379583e+01 5.298077092678315836e+01
1.702364394993045948e+01 6.211981561915079908e+01 5.296179847560784992e+01
1.752433936022252681e+01 6.211843490316594796e+01 5.294281772838085232e+01
1.802503477051460123e+01 6.211686080503339724e+01 5.292384393082340921e+01
1.852573018080667566e+01 6.211509918972068078e+01 5.290489207492323942e+01
1.902642559109874654e+01 6.211315596072152800e+01 5.288597703450730592e+01
1.952712100139081741e+01 6.211103689331820021e+01 5.286711319762187600e+01
2.002781641168289184e+01 6.210874774772121043e+01 5.284831478672938943e+01
2.052851182197496627e+01 6.210629424009850652e+01 5.282959579698170671e+01
2.102920723226704069e+01 6.210368196293158860e+01 5.281096979332458830e+01
2.152990264255910802e+01 6.210091655406897360e+01 5.279244999511091407e+01
2.203059805285118244e+01 6.209800352373319754e+01 5.277404948679190966e+01
2.253129346314325332e+01 6.209494836168677523e+01 5.275578081392609420e+01
2.303198887343532064e+01 6.209175646776647284e+01 5.273765618460883786e+01
2.353268428372739507e+01 6.208843323292742866e+01 5.271968761938295245e+01
2.403337969401946950e+01 6.208498393068796872e+01 5.270188670153544308e+01
2.453407510431154037e+01 6.208141384529656648e+01 5.268426444164363431e+01
2.503477051460361480e+01 6.207772815899606655e+01 5.266683172218026243e+01
2.553546592489568567e+01 6.207393199504967640e+01 5.264959887887404477e+01
2.603616133518776010e+01 6.207003045195396851e+01 5.263257593525862887e+01
2.653685674547983453e+01 6.206602856016051817e+01 5.261577253373307883e+01
2.703755215577190185e+01 6.206193127627305728e+01 5.259919781987402132e+01
2.753824756606397628e+01 6.205774352490810486e+01 5.258286059060698392e+01
2.803894297635604715e+01 6.205347016968265450e+01 5.256676921933528490e+01
2.853963838664812158e+01 6.204911600261515048e+01 5.255093164057691979e+01
2.904033379694019246e+01 6.204468580357318785e+01 5.253535542087414001e+01
2.954102920723226333e+01 6.204018424581339275e+01 5.252004765356349480e+01
3.004172461752433421e+01 6.203561600000033138e+01 5.250501500441049529e+01
3.054242002781640863e+01 6.203098565508047102e+01 5.249026373026241288e+01
3.104311543810848306e+01 6.202629776461184008e+01 5.247579982169597201e+01
3.154381084840055394e+01 6.202155682077066956e+01 5.246162859393322719e+01
3.204450625869262836e+01 6.201676728045389098e+01 5.244775509730365570e+01
3.254520166898469569e+01 6.201193353815800435e+01 5.243418396660976555e+01
3.304589707927677011e+01 6.200705995972133167e+01 5.242091933795866510e+01
3.354659248956884454e+01 6.200215086529827602e+01 5.240796508066819115e+01
3.404728789986091897e+01 6.199721049240655191e+01 5.239532459007318721e+01
3.454798331015298629e+01 6.199224309438908165e+01 5.238300077432381840e+01
3.504867872044505361e+01 6.198725283440329292e+01 5.237099630205440803e+01
3.554937413073713515e+01 6.198224386080003967e+01 5.235931339577540200e+01
3.605006954102920247e+01 6.197722027132589062e+01 5.234795388432988972e+01
3.655076495132127690e+01 6.197218613171320101e+01 5.233691926472832989e+01
3.705146036161335132e+01 6.196714546205588192e+01 5.232621060809924529e+01
3.755215577190541865e+01 6.196210225252546877e+01 5.231582868969871924e+01
3.805285118219749307e+01 6.195706045394875616e+01 5.230577393531439157e+01
3.855354659248956750e+01 6.195202398573859170e+01 5.229604642013192972e+01
3.905424200278163482e+01 6.194699673442049459e+01 5.228664585117122954e+01
3.955493741307371636e+01 6.194198255654303864e+01 5.227757168450672509e+01
4.005563282336578368e+01 6.193698526587216691e+01 5.226882301952038290e+01
4.055632823365785811e+01 6.193200866045775399e+01 5.226039868537874611e+01
4.105702364394993253e+01 6.192705651332038030e+01 5.225229721478358158e+01
4.155771905424199986e+01 6.192213255268801220e+01 5.224451687437252190e+01
4.205841446453408139e+01 6.191724049695697829e+01 5.223705565807179596e+01
4.255910987482614871e+01 6.191238402691600129e+01 5.222991128073559253e+01
4.305980528511821603e+01 6.190756681794231042e+01 5.222308126830981223e+01
4.356050069541029046e+01 6.190279250102979347e+01 5.221656284629503375e+01
4.406119610570236489e+01 6.189806469902326569e+01 5.221035308670039399e+01
4.456189151599443221e+01 6.189338701264863118e+01 5.220444881345670751e+01
4.506258692628650664e+01 6.188876301963976800e+01 5.219884670327942899e+01
4.556328233657857396e+01 6.188419628201448575e+01 5.219354317511957220e+01
4.606397774687064128e+01 6.187969034374621913e+01 5.218853454238596612e+01
4.656467315716272282e+01 6.187524873367441103e+01 5.218381692583503195e+01
4.706536856745479014e+01 6.187087496346724436e+01 5.217938632792507292e+01
4.756606397774686457e+01 6.186657252791268036e+01 5.217523858737845899e+01
4.806675938803893899e+01 6.186234491714206740e+01 5.217136944499512197e+01
4.856745479833100632e+01 6.185819560033199593e+01 5.216777451191742898e+01
4.906815020862308074e+01 6.185412803967413709e+01 5.216444932567438286e+01
4.956884561891514807e+01 6.185014568339032337e+01 5.216138932100048464e+01
5.006954102920722960e+01 6.184625197271746799e+01 5.215858986429421407e+01
5.057023643949929692e+01 6.184245034190756485e+01 5.215604626867471438e+01
5.107093184979137135e+01 6.183874421124276921e+01 5.215375379371008080e+01
5.157162726008345288e+01 6.183513699751277670e+01 5.215170766055135232e+01
5.207232267037552020e+01 6.183163211401482329e+01 5.214990306925838581e+01
5.257301808066758753e+01 6.182823296356876597e+01 5.214833520516631893e+01
5.307371349095966906e+01 6.182494294433784887e+01 5.214699925203686348e+01
5.357440890125173638e+01 6.182176545564946935e+01 5.214589040540968767e+01
5.407510431154380370e+01 6.181870389333856508e+01 5.214500387421222172e+01
5.457579972183587813e+01 6.181576164276269481e+01 5.214433490637102864e+01
5.507649513212795256e+01 6.181294209510018334e+01 5.214387878648349783e+01
5.557719054242002699e+01 6.181024863570858940e+01 5.214363086259336910e+01
5.607788595271209431e+01 6.180768465809454426e+01 5.214358653163881741e+01
5.657858136300416163e+01 6.180525354154018203e+01 5.214374128019781551e+01
5.707927677329624316e+01 6.180295867889729777e+01 5.214409066120506964e+01
5.757997218358831759e+01 6.180080345672398323e+01 5.214463033469738207e+01
5.808066759388038491e+01 6.179879126678063983e+01 5.214535605340725510e+01
5.858136300417245934e+01 6.179692550170078391e+01 5.214626369012049167e+01
5.908205841446452666e+01 6.179520955615519995e+01 5.214734924909944880e+01
5.958275382475660109e+01 6.179364682947128529e+01 5.214860882795701968e+01
6.008344923504866841e+01 6.179224071864813084e+01 5.215003871544550407e+01
6.058414464534074995e+01 6.179099462999805326e+01 5.215163529037536705e+01
6.108484005563281727e+01 6.178991197041544581e+01 5.215339513555673534e+01
6.158553546592489170e+01 6.178899615436169768e+01 5.215531496915073717e+01
6.208623087621696612e+01 6.178825058640289569e+01 5.215739168810696924e+01
6.258692628650903345e+01 6.178767869613442087e+01 5.215962238204787127e+01
6.308762169680110787e+01 6.178728389423416445e+01 5.216200428240603060e+01
6.358831710709318941e+01 6.178706961087958405e+01 5.216453485580763072e+01
6.408901251738525673e+01 6.178703927493846493e+01 5.216721175632022778e+01
6.458970792767732405e+01 6.178719630865747092e+01 5.217003281859155095e+01
6.509040333796939137e+01 6.178754414716171084e+01 5.217299611945875881e+01
6.559109874826147291e+01 6.178808621706342308e+01 5.217609991922657287e+01
6.609179415855354023e+01 6.178882595814432932e+01 5.217934274269488526e+01
6.659248956884562176e+01 6.178976679883565737e+01 5.218272329462912751e+01
6.709318497913768908e+01 6.179091216844174994e+01 5.218624051639331185e+01
6.759388038942975641e+01 6.179226549190137519e+01 5.218989363384885394e+01
6.809457579972183794e+01 6.179383020230237378e+01 5.219368202663595468e+01
6.859527121001390526e+01 6.179560971177782847e+01 5.219760539265828925e+01
6.909596662030597258e+01 6.179760743362497522e+01 5.220166361564318436e+01
6.959666203059803991e+01 6.179982676746224968e+01 5.220585687077098669e+01
7.009735744089010723e+01 6.180227111319912581e+01 5.221018556030438162e+01
7.059805285118218876e+01 6.180494384600682167e+01 5.221465033527900346e+01
7.109874826147427029e+01 6.180784833843721060e+01 5.221925211828173019e+01
7.159944367176633762e+01 6.181098792928172259e+01 5.222399206153320961e+01
7.210013908205840494e+01 6.181436595907801745e+01 5.222887156956607413e+01
7.260083449235048647e+01 6.181798573052877543e+01 5.223389235288654930e+01
7.310152990264255379e+01 6.182185052945645509e+01 5.223905628845230353e+01
7.360222531293462112e+01 6.182596360854152806e+01 5.224436559546873582e+01
7.410292072322670265e+01 6.183032818975992484e+01 5.224982267076326536e+01
7.460361613351876997e+01 6.183494746591098590e+01 5.225543024780405688e+01
7.510431154381083729e+01 6.183982459206821147e+01 5.226119120363206605e+01
7.560500695410290461e+01 6.184496267310099427e+01 5.226710874578044752e+01
7.610570236439498615e+01 6.185036476662138227e+01 5.227318627954288388e+01
7.660639777468706768e+01 6.185603388778621081e+01 5.227942746327086354e+01
7.710709318497913500e+01 6.186197299936542038e+01 5.228583620124324227e+01
7.760778859527120233e+01 6.186818500010052446e+01 5.229241660486273702e+01
7.810848400556326965e+01 6.187467271670105617e+01 5.229917301502005955e+01
7.860917941585533697e+01 6.188143891970615584e+01 5.230610997107156379e+01
7.910987482614743271e+01 6.188848629816423852e+01 5.231323230004214508e+01
7.961057023643950004e+01 6.189581747368013964e+01 5.232054491284280573e+01
8.011126564673156736e+01 6.190343496707303927e+01 5.232805303462292557e+01
8.061196105702363468e+01 6.191134122057847122e+01 5.233576198064410789e+01
8.111265646731571621e+01 6.191953857232746827e+01 5.234367730983221634e+01
8.161335187760779775e+01 6.192802926328894841e+01 5.235180470238024952e+01
8.211404728789986507e+01 6.193681543787405985e+01 5.236015001126848745e+01
8.261474269819193239e+01 6.194589910308295089e+01 5.236871924022612745e+01
8.311543810848399971e+01 6.195528216172405678e+01 5.237751855286238367e+01
8.361613351877606704e+01 6.196496639029518860e+01 5.238655415022127215e+01
8.411682892906816278e+01 6.197495343025238412e+01 5.239583244205765311e+01
8.461752433936023010e+01 6.198524478218914169e+01 5.240535985336953217e+01
8.511821974965229742e+01 6.199584180350811380e+01 5.241514289526583070e+01
8.561891515994436475e+01 6.200674570010832554e+01 5.242518819893810189e+01
8.611961057023643207e+01 6.201795752645793414e+01 5.243550239393799473e+01
8.662030598052849939e+01 6.202947815550814425e+01 5.244609213115937507e+01
8.712100139082058092e+01 6.204130830845187461e+01 5.245696410538685939e+01
8.762169680111264825e+01 6.205344851730714595e+01 5.246812498198879382e+01
8.812239221140472978e+01 6.206589912433500444e+01 5.247958145339099190e+01
8.862308762169679710e+01 6.207866030532258605e+01 5.249134009240252396e+01
8.912378303198886442e+01 6.209173201366738226e+01 5.250340744651234104e+01
8.962447844228094596e+01 6.210511402010396864e+01 5.251578998908493645e+01
9.012517385257301328e+01 6.211880587523282315e+01 5.252849409631048161e+01
9.062586926286508060e+01 6.213280692712814357e+01 5.254152599435961690e+01
9.112656467315714792e+01 6.214711629103803148e+01 5.255489179578340497e+01
9.162726008344921524e+01 6.216173286828379219e+01 5.256859745254892857e+01
9.212795549374128257e+01 6.217665532766076808e+01 5.258264867479134352e+01
9.262865090403337831e+01 6.219188210250976567e+01 5.259705101018147388e+01
9.312934631432544563e+01 6.220741139770652239e+01 5.261180978144471965e+01
9.363004172461751295e+01 6.222324115852060800e+01 5.262693004858425638e+01
9.413073713490958028e+01 6.223936909971925502e+01 5.264241658513276434e+01
9.463143254520164760e+01 6.225579267762768154e+01 5.265827388145373789e+01
9.513212795549372913e+01 6.227250909594985728e+01 5.267450611428705542e+01
9.563282336578581067e+01 6.228951530809681003e+01 5.269111711383891361e+01
9.613351877607787799e+01 6.230680799623186772e+01 5.270811036258528759e+01
9.663421418636994531e+01 6.232438360444902514e+01 5.272548894660140206e+01
9.713490959666201263e+01 6.234223829686342810e+01 5.274325555452669789e+01
9.763560500695409416e+01 6.236036797623782491e+01 5.276141248133576767e+01
9.813630041724616149e+01 6.237876829795240496e+01 5.277996154894431413e+01
9.863699582753822881e+01 6.239743463362501075e+01 5.279890414658162001e+01
9.913769123783029613e+01 6.241636210719988753e+01 5.281824118277847901e+01
9.963838664812239188e+01 6.243554557341084887e+01 5.283797306163273788e+01
1.001390820584144592e+02 6.245497962593034913e+01 5.285809970642243627e+01
1.006397774687065265e+02 6.247465859998882820e+01 5.287862049829949740e+01
1.011404728789985938e+02 6.249457657703132440e+01 5.289953429200490120e+01
1.016411682892906754e+02 6.251472738704578092e+01 5.292083941813633885e+01
1.021418636995827427e+02 6.253510459459320714e+01 5.294253360311576273e+01
1.026425591098748242e+02 6.255570153373227527e+01 5.296461404598393585e+01
1.031432545201669058e+02 6.257651128473625590e+01 5.298707735555560561e+01
1.036439499304589731e+02 6.259752669621192922e+01 5.300991957023122580e+01
1.041446453407510404e+02 6.261874037578635921e+01 5.303313612885155948e+01
1.046453407510431077e+02 6.264014471484514957e+01 5.305672187708730547e+01
1.051460361613351751e+02 6.266173187063358796e+01 5.308067108089496600e+01
1.056467315716272708e+02 6.268349379186801684e+01 5.310497741032784091e+01
1.061474269819193381e+02 6.270542221495233548e+01 5.312963392403369056e+01
1.066481223922114054e+02 6.272750867882095349e+01 5.315463311788086997e+01
1.071488178025034728e+02 6.274974452450223339e+01 5.317996687480520279e+01
1.076495132127955401e+02 6.277212090908832920e+01 5.320562652071278364e+01
1.081502086230876074e+02 6.279462880806349290e+01 5.323160278071630103e+01
1.086509040333796889e+02 6.281725903276637268e+01 5.325788583300057155e+01
1.091515994436717563e+02 6.284000222806170655e+01 5.328446530517869917e+01
1.096522948539638236e+02 6.286284889096677375e+01 5.331133026225036531e+01
1.101529902642559051e+02 6.288578937065139485e+01 5.333846925236760228e+01
1.106536856745479724e+02 6.290881388590022993e+01 5.336587029919503777e+01
1.111543810848400540e+02 6.293191253442600441e+01 5.339352093930831700e+01
1.116550764951321213e+02 6.295507529170535577e+01 5.342140821451796739e+01
1.121557719054241886e+02 6.297829203193359149e+01 5.344951870330153554e+01
1.126564673157162559e+02 6.300155253966622126e+01 5.347783854175834506e+01
1.131571627260083233e+02 6.302484650865480376e+01 5.350635343874348848e+01
1.136578581363004190e+02 6.304816355698093844e+01 5.353504870147919803e+01
1.141585535465924863e+02 6.307149323869779778e+01 5.356390925418129711e+01
1.146592489568845536e+02 6.309482505779996586e+01 5.359291966367057114e+01
1.151599443671766352e+02 6.311814846473097873e+01 5.362206416381998508e+01
1.156606397774686883e+02 6.314145288192193561e+01 5.365132667301698177e+01
1.161613351877607698e+02 6.316472770059007757e+01 5.368069082908807843e+01
1.166620305980528229e+02 6.318796229310791546e+01 5.371014000210455208e+01
1.171627260083449187e+02 6.321114603657733255e+01 5.373965733512780218e+01
1.176634214186370002e+02 6.323426829878698641e+01 5.376922576283580213e+01
1.181641168289290533e+02 6.325731846265952640e+01 5.379882802796676344e+01
1.186648122392211349e+02 6.328028593367307053e+01 5.382844671216919608e+01
1.191655076495132022e+02 6.330316014277158843e+01 5.385806429042607135e+01
1.196662030598052695e+02 6.332593056528239117e+01 5.388766308856322951e+01
1.201668984700973368e+02 6.334858671464061786e+01 5.391722539518998758e+01
1.206675938803894041e+02 6.337111816072464876e+01 5.394673340317315535e+01
1.211682892906814999e+02 6.339351453411254056e+01 5.397616930833540039e+01
1.216689847009735672e+02 6.341576553415833928e+01 5.400551527011148778e+01
1.221696801112656345e+02 6.343786093988782682e+01 5.403475348161182978e+01
1.226703755215577019e+02 6.345979060628778257e+01 5.406386615943009133e+01
1.231710709318497834e+02 6.348154448322347321e+01 5.409283560532048796e+01
1.236717663421418507e+02 6.350311261602072932e+01 5.412164416461155270e+01
1.241724617524339322e+02 6.352448514313763894e+01 5.415027431674404568e+01
1.246731571627260138e+02 6.354565231711930551e+01 5.417870865664839641e+01
1.251738525730180669e+02 6.356660450459784784e+01 5.420692992336940108e+01
1.256745479833101484e+02 6.358733217814332761e+01 5.423492099680829881e+01
1.261752433936022157e+02 6.360782593954681374e+01 5.426266495762634179e+01
1.266759388038942831e+02 6.362807651982038237e+01 5.429014507469991457e+01
1.271766342141863788e+02 6.364807477810572323e+01 5.431734481324247099e+01
1.276773296244784177e+02 6.366781168945053082e+01 5.434424787257603384e+01
1.281780250347705135e+02 6.368727839646780353e+01 5.437083821241547810e+01
1.286787204450625950e+02 6.370646614907029459e+01 5.439709999998487433e+01
1.291794158553546481e+02 6.372536636981833169e+01 5.442301770199011912e+01
1.296801112656467296e+02 6.374397059296909163e+01 5.444857601152509119e+01
1.301808066759387827e+02 6.376227052742335388e+01 5.447375994368232455e+01
1.306815020862308643e+02 6.378025802643689701e+01 5.449855479291019833e+01
1.311821974965229458e+02 6.379792507379617916e+01 5.452294618701880324e+01
1.316828929068149989e+02 6.381526382281747090e+01 5.454691997142826665e+01
1.321835883171070805e+02 6.383226656580602310e+01 5.457046241767163508e+01
1.326842837273991336e+02 6.384892576017675481e+01 5.459356002311612599e+01
1.331849791376912435e+02 6.386523401008246026e+01 5.461619967391675345e+01
1.336856745479833251e+02 6.388118408682286997e+01 5.463836854375861662e+01
1.341863699582753782e+02 6.389676889196236687e+01 5.466005411982499140e+01
1.346870653685674597e+02 6.391198148975347237e+01 5.468124429808366926e+01
1.351877607788595128e+02 6.392681510212098317e+01 5.470192720266157949e+01
1.356884561891515943e+02 6.394126310154062764e+01 5.472209141557203793e+01
1.361891515994436759e+02 6.395531901299220578e+01 5.474172572698842032e+01
1.366898470097357290e+02 6.396897649998975055e+01 5.476081932988414280e+01
1.371905424200278105e+02 6.398222940245288726e+01 5.477936178304695147e+01
1.376912378303198636e+02 6.399507167221456427e+01 5.479734291533839041e+01
1.381919332406119452e+02 6.400749743854105134e+01 5.481475291068217359e+01
1.386926286509039983e+02 6.401950096540387847e+01 5.483158224488160215e+01
1.391933240611960798e+02 6.403107664406518040e+01 5.484782176224796757e+01
1.396940194714881613e+02 6.404221902460078297e+01 5.486346263661715739e+01
1.401947148817802145e+02 6.405292280670066418e+01 5.487849635207746246e+01
1.406954102920723244e+02 6.406318281032410766e+01 5.489291463629854206e+01
1.411961057023643775e+02 6.407299397175931688e+01 5.490670962841761593e+01
1.416968011126564591e+02 6.408235140802474916e+01 5.491987371817742769e+01
1.421974965229485406e+02 6.409125032328205407e+01 5.493239960985981440e+01
1.426981919332405937e+02 6.409968607126842244e+01 5.494428022982781101e+01
1.431988873435326752e+02 6.410765412117925166e+01 5.495550893501665257e+01
1.436995827538247283e+02 6.411515007581201075e+01 5.496607919579483337e+01
1.442002781641168099e+02 6.412216964032140254e+01 5.497598490102328128e+01
1.447009735744088914e+02 6.412870866159082084e+01 5.498522016099111909e+01
1.452016689847009729e+02 6.413476307806712384e+01 5.499377925715914728e+01
1.457023643949930261e+02 6.414032894337077551e+01 5.500165691205945961e+01
1.462030598052851076e+02 6.414540243485470228e+01 5.500884791972018917e+01
1.467037552155771891e+02 6.414997983239680934e+01 5.501534738953316150e+01
1.472044506258692422e+02 6.415405748859137702e+01 5.502115072461285195e+01
1.477051460361613238e+02 6.415763190474189059e+01 5.502625345962562164e+01
1.482058414464534053e+02 6.416069963910211982e+01 5.503065136948958980e+01
1.487065368567454584e+02 6.416325736754168929e+01 5.503434052452628578e+01
1.492072322670375399e+02 6.416530184411038817e+01 5.503731711553339778e+01
1.497079276773296215e+02 6.416682992268414409e+01 5.503957753609191172e+01
1.502086230876216746e+02 6.416783852917086506e+01 5.504111847310288397e+01
1.507093184979137845e+02 6.416832467839066112e+01 5.504193667237036891e+01
1.512100139082058092e+02 6.416828547385756565e+01 5.504202914863292762e+01
1.517107093184979192e+02 6.416771809504975010e+01 5.504139303955861351e+01
1.522114047287899723e+02 6.416661977003936101e+01 5.504002568602049905e+01
1.527121001390820538e+02 6.416498783211831380e+01 5.503792458025981205e+01
1.532127955493741354e+02 6.416281965553902467e+01 5.503508738046929238e+01
1.537134909596661885e+02 6.416011270361163099e+01 5.503151188644250169e+01
1.542141863699582700e+02 6.415686447864540298e+01 5.502719595587957713e+01
1.547148817802503231e+02 6.415307257084317882e+01 5.502213776136893841e+01
1.552155771905424047e+02 6.414873458874320988e+01 5.501633540078391604e+01
1.557162726008344862e+02 6.414384824972950128e+01 5.500978727623432007e+01
1.562169680111265393e+02 6.413841128108907697e+01 5.500249181497919437e+01
1.567176634214186208e+02 6.413242147439797236e+01 5.499444756431927317e+01
1.572183588317106739e+02 6.412587667019744231e+01 5.498565316324544483e+01
1.577190542420027555e+02 6.411877473951955153e+01 5.497610742006742157e+01
1.582197496522948654e+02 6.411111361843003920e+01 5.496580911579798112e+01
1.587204450625868901e+02 6.410289126797542281e+01 5.495475729610689086e+01
1.592211404728790001e+02 6.409410569234714217e+01 5.494295095940971407e+01
1.597218358831710532e+02 6.408475495296406166e+01 5.493038914082021051e+01
1.602225312934631347e+02 6.407483707753000601e+01 5.491707115342464363e+01
1.607232267037552162e+02 6.406435020938899072e+01 5.490299623510048832e+01
1.612239221140472694e+02 6.405329247353101607e+01 5.488816368561629133e+01
1.617246175243393509e+02 6.404166203442821370e+01 5.487257289971049090e+01
1.622253129346314324e+02 6.402945707201490677e+01 5.485622331305231114e+01
1.627260083449234855e+02 6.401667581058485723e+01 5.483911450794835218e+01
1.632267037552155955e+02 6.400331646555481768e+01 5.482124604593428785e+01
1.637273991655076486e+02 6.398937730924735234e+01 5.480261742383717660e+01
1.642280945757997301e+02 6.397485663088751551e+01 5.478322846130012636e+01
1.647287899860917832e+02 6.395975268577176109e+01 5.476307873692603323e+01
1.652294853963838648e+02 6.394406382009337619e+01 5.474216808870480122e+01
1.657301808066759463e+02 6.392778832014600709e+01 5.472049622243432054e+01
1.662308762169679994e+02 6.391092455382723614e+01 5.469806295260623585e+01
1.667315716272600810e+02 6.389347085460050835e+01 5.467486819828464206e+01
1.672322670375521341e+02 6.387542558564766182e+01 5.465091178089669199e+01
1.677329624478442156e+02 6.385678711660877127e+01 5.462619359850033618e+01
1.682336578581363256e+02 6.383755382331584372e+01 5.460071357936972447e+01
1.687343532684283502e+02 6.381772410773477588e+01 5.457447172502317301e+01
1.692350486787204602e+02 6.379729634334138666e+01 5.454746796580290891e+01
1.697357440890125133e+02 6.377626894446166261e+01 5.451970232311241205e+01
1.702364394993045948e+02 6.375464031411411270e+01 5.449117482773390009e+01
1.707371349095966480e+02 6.373240888209380728e+01 5.446188543820625227e+01
1.712378303198887295e+02 6.370957305745520216e+01 5.443183432996194426e+01
1.717385257301808110e+02 6.368613124446085294e+01 5.440102150273193615e+01
1.722392211404728641e+02 6.366208190767167707e+01 5.436944707706602742e+01
1.727399165507649457e+02 6.363742345666935307e+01 5.433711116262743701e+01
1.732406119610569988e+02 6.361215433279824083e+01 5.430401394561594941e+01
1.737413073713490803e+02 6.358627300417822426e+01 5.427015545247607520e+01
1.742420027816411618e+02 6.355977788275879448e+01 5.423553596497733054e+01
1.747426981919332150e+02 6.353266745746907418e+01 5.420015561597757880e+01
1.752433936022252965e+02 6.350494015903052514e+01 5.416401460038834159e+01
1.757440890125173496e+02 6.347659446240129455e+01 5.412711317155837776e+01
1.762447844228094596e+02 6.344762885884108528e+01 5.408945158312774026e+01
1.767454798331015411e+02 6.341804181952454655e+01 5.405103011114687206e+01
1.772461752433935942e+02 6.338783183803741395e+01 5.401184899639498838e+01
1.777468706536856757e+02 6.335699740068400843e+01 5.397190863407357142e+01
1.782475660639777288e+02 6.332553703540349943e+01 5.393120928585771878e+01
1.787482614742698104e+02 6.329344928001398785e+01 5.388975139235675726e+01
1.792489568845618919e+02 6.326073263492354215e+01 5.384753533542918547e+01
1.797496522948539450e+02 6.322738567902625562e+01 5.380456156699749215e+01
1.802503477051460266e+02 6.319340698490769626e+01 5.376083060321221296e+01
1.807510431154380797e+02 6.315879512586171529e+01 5.371634288821647374e+01
1.812517385257301612e+02 6.312354873229614327e+01 5.367109904152620459e+01
1.817524339360222427e+02 6.308766643811813424e+01 5.362509966554888763e+01
1.822531293463142958e+02 6.305114687777367521e+01 5.357834537957579357e+01
1.827538247566063774e+02 6.301398875548747469e+01 5.353083689448085636e+01
1.832545201668984305e+02 6.297619079596606184e+01 5.348257497418312312e+01
1.837552155771905404e+02 6.293775172329750944e+01 5.343356042963972641e+01
1.842559109874825651e+02 6.289867033847676225e+01 5.338379415799222727e+01
1.847566063977746751e+02 6.285894546761900870e+01 5.333327711327510201e+01
1.852573018080667566e+02 6.281857596348763195e+01 5.328201026468020984e+01
1.857579972183588097e+02 6.277756076875866142e+01 5.322999476412960007e+01
1.862586926286508913e+02 6.273589880178823819e+01 5.317723172459848513e+01
1.867593880389429444e+02 6.269358910651666861e+01 5.312372247547939708e+01
1.872600834492350259e+02 6.265063072404448974e+01 5.306946829935880316e+01
1.877607788595271074e+02 6.260702281108682143e+01 5.301447070254200611e+01
1.882614742698191606e+02 6.256276451708548336e+01 5.295873111134366695e+01
1.887621696801112421e+02 6.251785514543119859e+01 5.290225130288941102e+01
1.892628650904032952e+02 6.247229400892511819e+01 5.284503298594695764e+01
1.897635605006953767e+02 6.242608051888306875e+01 5.278707802455394926e+01
1.902642559109874583e+02 6.237921417832036752e+01 5.272838846008747282e+01
1.907649513212795114e+02 6.233169454821010902e+01 5.266896635475589505e+01
1.912656467315716213e+02 6.228352131061812713e+01 5.260881401783720435e+01
1.917663421418636460e+02 6.223469423903127051e+01 5.254793381456926227e+01
1.922670375521557560e+02 6.218521320147608833e+01 5.248632834425738736e+01
1.927677329624478375e+02 6.213507818992418663e+01 5.242400034954992805e+01
1.932684283727398906e+02 6.208428927725556434e+01 5.236095262384263549e+01
1.937691237830319722e+02 6.203284670700610093e+01 5.229718826635549078e+01
1.942698191933240253e+02 6.198075081090733818e+01 5.223271048192005139e+01
1.947705146036161068e+02 6.192800206466868929e+01 5.216752268070297305e+01
1.952712100139081883e+02 6.187460110158950499e+01 5.210162848163339788e+01
1.957719054242002414e+02 6.182054866090707890e+01 5.203503161630796114e+01
1.962726008344923230e+02 6.176584568733174763e+01 5.196773612301667811e+01
1.967732962447844045e+02 6.171049324958353566e+01 5.189974625322808777e+01
1.972739916550764576e+02 6.165449257775598824e+01 5.183106644311176581e+01
1.977746870653685392e+02 6.159784510456908890e+01 5.176170135323611987e+01
1.982753824756605923e+02 6.154055244256652202e+01 5.169165587459413302e+01
1.987760778859527022e+02 6.148261636812149789e+01 5.162093523487311586e+01
1.992767732962447838e+02 6.142403887872261237e+01 5.154954481103669650e+01
1.997774687065368369e+02 6.136482218247293474e+01 5.147749024608383195e+01
2.002781641168289184e+02 6.130496868859665938e+01 5.140477762501363657e+01
2.007788595271209999e+02 6.124448100897609493e+01 5.133141303799845900e+01
2.012795549374130530e+02 6.118336203602268597e+01 5.125740312313780578e+01
2.017802503477051346e+02 6.112161484407393175e+01 5.118275468744457157e+01
2.022809457579971877e+02 6.105924282135539727e+01 5.110747480340423010e+01
2.027816411682892692e+02 6.099624953610636169e+01 5.103157092392565630e+01
2.032823365785813508e+02 6.093263888949456941e+01 5.095505088841662200e+01
2.037830319888734039e+02 6.086841501702096480e+01 5.087792282266894972e+01
2.042837273991654854e+02 6.080358233705723592e+01 5.080019502853537006e+01
2.047844228094575953e+02 6.073814558992111756e+01 5.072187640875489478e+01
2.052851182197496485e+02 6.067210977859744503e+01 5.064297612127410275e+01
2.057858136300417300e+02 6.060548023749092295e+01 5.056350356924696143e+01
2.062865090403338115e+02 6.053826262758988719e+01 5.048346871159120042e+01
2.067872044506258646e+02 6.047046290332431795e+01 5.040288177840929507e+01
2.072878998609179462e+02 6.040208738378975539e+01 5.032175344354990898e+01
2.077885952712099993e+02 6.033314273292387497e+01 5.024009468890589858e+01
2.082892906815020808e+02 6.026363596512862841e+01 5.015791700874551395e+01
2.087899860917941623e+02 6.019357445085813652e+01 5.007523218240669394e+01
2.092906815020862155e+02 6.012296592718382726e+01 4.999205250097588760e+01
2.097913769123782970e+02 6.005181853561123262e+01 4.990839060200528365e+01
2.102920723226703501e+02 5.998014078406311000e+01 4.982425957722648491e+01
2.107927677329624316e+02 5.990794157860261748e+01 4.973967299342827175e+01
2.112934631432545416e+02 5.983523026650698284e+01 4.965464473365069864e+01
2.117941585535465663e+02 5.976201654732999202e+01 4.956918918192550905e+01
2.122948539638386762e+02 5.968831059611243006e+01 4.948332116574911765e+01
2.127955493741307293e+02 5.961412299054340735e+01 4.939705599550059389e+01
2.132962447844228109e+02 5.953946474103854314e+01 4.931040935668909242e+01
2.137969401947148924e+02 5.946434731574395016e+01 4.922339741228516630e+01
2.142976356050069455e+02 5.938878263078645148e+01 4.913603675435898310e+01
2.147983310152990271e+02 5.931278305791333594e+01 4.904834447303900902e+01
2.152990264255910802e+02 5.923636141197771110e+01 4.896033806297425883e+01
2.157997218358831617e+02 5.915953100077881288e+01 4.887203551050704675e+01
2.163004172461752148e+02 5.908230559737698684e+01 4.878345517123678121e+01
2.168011126564672963e+02 5.900469944300407121e+01 4.869461599037407495e+01
2.173018080667593779e+02 5.892672728176971475e+01 4.860553724711593304e+01
2.178025034770514310e+02 5.884840432915648023e+01 4.851623869962749325e+01
2.183031988873435125e+02 5.876974628435259262e+01 4.842674056809859451e+01
2.188038942976355656e+02 5.869076935702746312e+01 4.833706348297872069e+01
2.193045897079276472e+02 5.861149023626335008e+01 4.824722851721095651e+01
2.198052851182197571e+02 5.853192612029583586e+01 4.815725722517460383e+01
2.203059805285118102e+02 5.845209470159811360e+01 4.806717149149268664e+01
2.208066759388038918e+02 5.837201417099190337e+01 4.797699369722911911e+01
2.213073713490959449e+02 5.829170322012127770e+01 4.788674659903270481e+01
2.218080667593880264e+02 5.821118102375389469e+01 4.779645338290654877e+01
2.223087621696801079e+02 5.813046728227259052e+01 4.770613762433575289e+01
2.228094575799721611e+02 5.804958216754225475e+01 4.761582327193272590e+01
2.233101529902642426e+02 5.796854635928961841e+01 4.752553465910770569e+01
2.238108484005562957e+02 5.788738101483527032e+01 4.743529648968451795e+01
2.243115438108483772e+02 5.780610778364557234e+01 4.734513385669761476e+01
2.248122392211404588e+02 5.772474880092981664e+01 4.725507216932801668e+01
2.253129346314325119e+02 5.764332666988688914e+01 4.716513718766709928e+01
2.258136300417245934e+02 5.756186447101849524e+01 4.707535500693684583e+01
2.263143254520166465e+02 5.748038574117440191e+01 4.698575202416594720e+01
2.268150208623087565e+02 5.739891447588074413e+01 4.689635495114106334e+01
2.273157162726008380e+02 5.731747512482893114e+01 4.680719078439341274e+01
2.278164116828928911e+02 5.723609256953845659e+01 4.671828681989626375e+01
2.283171070931849727e+02 5.715479212743143478e+01 4.662967058924112962e+01
2.288178025034770258e+02 5.707359953073232361e+01 4.654136992153797792e+01
2.293184979137691073e+02 5.699254092515825221e+01 4.645341284958266215e+01
2.298191933240611604e+02 5.691164285398467371e+01 4.636582766346253948e+01
2.303198887343532704e+02 5.683093224523967990e+01 4.627864285524555044e+01
2.308205841446453235e+02 5.675043640297285208e+01 4.619188713062175111e+01
2.313212795549373766e+02 5.667018298630050310e+01 4.610558938270986573e+01
2.318219749652294297e+02 5.659020000474906453e+01 4.601977869205728666e+01
2.323226703755215397e+02 5.651051580195694157e+01 4.593448430102870361e+01
2.328233657858135928e+02 5.643115903239144870e+01 4.584973561613441007e+01
2.333240611961056459e+02 5.635215865669219681e+01 4.576556218125477926e+01
2.338247566063977843e+02 5.627354391838802883e+01 4.568199368578933672e+01
2.343254520166898374e+02 5.619534433341964075e+01 4.559905992973216371e+01
2.348261474269818621e+02 5.611758966219990441e+01 4.551679085626818733e+01
2.353268428372740004e+02 5.604030991077802071e+01 4.543521646096922950e+01
2.358275382475660535e+02 5.596353528660169729e+01 4.535436689540364341e+01
2.363282336578581067e+02 5.588729621336010212e+01 4.527427236483634942e+01
2.368289290681501882e+02 5.581162327859696859e+01 4.519496313230337137e+01
2.373296244784422697e+02 5.573654723312851900e+01 4.511646959573698723e+01
2.378303198887343228e+02 5.566209897590947264e+01 4.503882213138712132e+01
2.383310152990264044e+02 5.558830951881741100e+01 4.496205125578416073e+01
2.388317107093184859e+02 5.551520997733955198e+01 4.488618748254810953e+01
2.393324061196105390e+02 5.544283154496137911e+01 4.481126138729013064e+01
2.398331015299026205e+02 5.537120547977887952e+01 4.473730355755395749e+01
2.403337969401946737e+02 5.530036306375318134e+01 4.466434467023208299e+01
2.408344923504867552e+02 5.523033561085962617e+01 4.459241535885229268e+01
2.413351877607788083e+02 5.516115441877541059e+01 4.452154634803736144e+01
2.418358831710709183e+02 5.509285075840220713e+01 4.445176835462478948e+01
2.423365785813629998e+02 5.502545585174725318e+01 4.438311207631630850e+01
2.428372739916550529e+02 5.495900084747613334e+01 4.431560826079947901e+01
2.433379694019471344e+02 5.489351679617452362e+01 4.424928767200616164e+01
2.438386648122392160e+02 5.482903462881135681e+01 4.418418099695064427e+01
2.443393602225312691e+02 5.476558512414253244e+01 4.412031901553436342e+01
2.448400556328233506e+02 5.470319890809246033e+01 4.405773244351311746e+01
2.453407510431154037e+02 5.464190640762448936e+01 4.399645199376524829e+01
2.458414464534074853e+02 5.458173781859026974e+01 4.393650833353009943e+01
2.463421418636995668e+02 5.452272311078654354e+01 4.387793212629023287e+01
2.468428372739916199e+02 5.446489198358999317e+01 4.382075399184233788e+01
2.473435326842837014e+02 5.440827383885429924e+01 4.376500449167198781e+01
2.478442280945758114e+02 5.435289774781362837e+01 4.371071412251896504e+01
2.483449235048678645e+02 5.429879244293356066e+01 4.365791334286976166e+01
2.488456189151599460e+02 5.424598628997141248e+01 4.360663249605048009e+01
2.493463143254520276e+02 5.419450723442518836e+01 4.355690184820957711e+01
2.498470097357440807e+02 5.414438281084680682e+01 4.350875152929962297e+01
2.503477051460361338e+02 5.409564008463443940e+01 4.346221159031523484e+01
2.508484005563282153e+02 5.404830563107775276e+01 4.341731186084183491e+01
2.513490959666202968e+02 5.400240552255536386e+01 4.337408205087962187e+01
2.518497913769123500e+02 5.395796526565800377e+01 4.333255164850237406e+01
2.523504867872044315e+02 5.391500980906539553e+01 4.329274996717923329e+01
2.528511821974965130e+02 5.387356349114679688e+01 4.325470600811296151e+01
2.533518776077885661e+02 5.383365002075561279e+01 4.321844852045092011e+01
2.538525730180806477e+02 5.379529242018588775e+01 4.318400597879576708e+01
2.543532684283727576e+02 5.375851303652279967e+01 4.315140646203349206e+01
2.548539638386647823e+02 5.372333348576330536e+01 4.312067770070230210e+01
2.553546592489568354e+02 5.368977462283919522e+01 4.309184700432440707e+01
2.558553546592489738e+02 5.365785650785664984e+01 4.306494118361941048e+01
2.563560500695410269e+02 5.362759837291787335e+01 4.303998661292924055e+01
2.568567454798330800e+02 5.359901863027016589e+01 4.301700903513763308e+01
2.573574408901251900e+02 5.357213477946470448e+01 4.299603366049127828e+01
2.578581363004172431e+02 5.354696341201315590e+01 4.297708499292498630e+01
2.583588317107092962e+02 5.352352018359351860e+01 4.296018685144959193e+01
2.588595271210013493e+02 5.350181977854344950e+01 4.294536230739909399e+01
2.593602225312934593e+02 5.348187587813708888e+01 4.293263361443537462e+01
2.598609179415855124e+02 5.346370111765691036e+01 4.292202212880370382e+01
2.603616133518775655e+02 5.344730710106387050e+01 4.291354826684114698e+01
2.608623087621696754e+02 5.343270432398139747e+01 4.290723147834656004e+01
2.613630041724617286e+02 5.341990218691944392e+01 4.290309012667280797e+01
2.618636995827537817e+02 5.340890895245547654e+01 4.290114146922719840e+01
2.623643949930458916e+02 5.339973171319297762e+01 4.290140155066056593e+01
2.628650904033379447e+02 5.339237639176144512e+01 4.290388515276718806e+01
2.633657858136299978e+02 5.338684770239933641e+01 4.290860578475404452e+01
2.638664812239220510e+02 5.338314915037199171e+01 4.291557553631137978e+01
2.643671766342141609e+02 5.338128298482342871e+01 4.292480505478452812e+01
2.648678720445062140e+02 5.338125021172896822e+01 4.293630346014980148e+01
2.653685674547982671e+02 5.338305056769610246e+01 4.295007835199940871e+01
2.658692628650904339e+02 5.338668252084613641e+01 4.296613564306754540e+01
2.663699582753824870e+02 5.339214323530183037e+01 4.298447957785684537e+01
2.668706536856744833e+02 5.339942859228909811e+01 4.300511264299858283e+01
2.673713490959666501e+02 5.340853315986902317e+01 4.302803555906409372e+01
2.678720445062587032e+02 5.341945022087753614e+01 4.305324717944148460e+01
2.683727399165507563e+02 5.343217174178431605e+01 4.308074444369611911e+01
2.688734353268428094e+02 5.344668839830416118e+01 4.311052239104373029e+01
2.693741307371349194e+02 5.346298957248660599e+01 4.314257407689200363e+01
2.698748261474269725e+02 5.348106335504422759e+01 4.317689054773853741e+01
2.703755215577190256e+02 5.350089655377456666e+01 4.321346083758743362e+01
2.708762169680111356e+02 5.352247473903486252e+01 4.325227191565335261e+01
2.713769123783031887e+02 5.354578220296031077e+01 4.329330867981315123e+01
2.718776077885952418e+02 5.357080202909497757e+01 4.333655397097589912e+01
2.723783031988873518e+02 5.359751608815355439e+01 4.338198852386102544e+01
2.728789986091794049e+02 5.362590506450584371e+01 4.342959102369621860e+01
2.733796940194714580e+02 5.365594848477127243e+01 4.347933806372583376e+01
2.738803894297635111e+02 5.368762474692272235e+01 4.353120419090390669e+01
2.743810848400556210e+02 5.372091114939036061e+01 4.358516192888617979e+01
2.748817802503476742e+02 5.375578391550885726e+01 4.364118179432824718e+01
2.753824756606397273e+02 5.379221825114296962e+01 4.369923233879507052e+01
2.758831710709318372e+02 5.383018835632907440e+01 4.375928019183464812e+01
2.763838664812238903e+02 5.386966747766206254e+01 4.382129010521583723e+01
2.768845618915159434e+02 5.391062794554824222e+01 4.388522501346432136e+01
2.773852573018079966e+02 5.395304121844316114e+01 4.395104609207027124e+01
2.778859527121001065e+02 5.399687792243281592e+01 4.401871281686015891e+01
2.783866481223921596e+02 5.404210790129224051e+01 4.408818305480070876e+01
2.788873435326842127e+02 5.408870025606671561e+01 4.415941310940087305e+01
2.793880389429763227e+02 5.413662339513035704e+01 4.423235783945546018e+01
2.798887343532683758e+02 5.418584508540885736e+01 4.430697070095465051e+01
2.803894297635604289e+02 5.423633249647178900e+01 4.438320389609560834e+01
2.808901251738525957e+02 5.428805225000911605e+01 4.446100840253183151e+01
2.813908205841446488e+02 5.434097046436005485e+01 4.454033408833328167e+01
2.818915159944367019e+02 5.439505281563111794e+01 4.462112984295362139e+01
2.823922114047287550e+02 5.445026457098362016e+01 4.470334361621058861e+01
2.828929068150208650e+02 5.450657065688216107e+01 4.478692261000975350e+01
2.833936022253129181e+02 5.456393569205471294e+01 4.487181323661349097e+01
2.838942976356049712e+02 5.462232403420426863e+01 4.495796138734436909e+01
2.843949930458970812e+02 5.468169983439662474e+01 4.504531238936539239e+01
2.848956884561891343e+02 5.474202710399919170e+01 4.513381119041656575e+01
2.853963838664811874e+02 5.480326970536776798e+01 4.522340245780429768e+01
2.858970792767732974e+02 5.486539145421926378e+01 4.531403058290113961e+01
2.863977746870653505e+02 5.492835613854919075e+01 4.540563990996550103e+01
2.868984700973574036e+02 5.499212754846308826e+01 4.549817474359049640e+01
2.873991655076494567e+02 5.505666955140992513e+01 4.559157943976306626e+01
2.878998609179415666e+02 5.512194609560663139e+01 4.568579852040119249e+01
2.884005563282336198e+02 5.518792126618916427e+01 4.578077678143914397e+01
2.889012517385257297e+02 5.525455933122555052e+01 4.587645929123407029e+01
2.894019471488177828e+02 5.532182476599825804e+01 4.597279152125717872e+01
2.899026425591098359e+02 5.538968226711983789e+01 4.606971942978285028e+01
2.904033379694019459e+02 5.545809683433287773e+01 4.616718952533042852e+01
2.909040333796939990e+02 5.552703375505768690e+01 4.626514883700943415e+01
2.914047287899860521e+02 5.559645864806623194e+01 4.636354515550843303e+01
2.919054242002781621e+02 5.566633750029393468e+01 4.646232691116816227e+01
2.924061196105702152e+02 5.573663667698053814e+01 4.656144334774504046e+01
2.929068150208622683e+02 5.580732296019630212e+01 4.666084449753888919e+01
2.934075104311543782e+02 5.587836356981491548e+01 4.676048122362141157e+01
2.939082058414464314e+02 5.594972617608294740e+01 4.686030525422786752e+01
2.944089012517384845e+02 5.602137889222962031e+01 4.696026937279050628e+01
2.949095966620305944e+02 5.609329035058311774e+01 4.706032722431423565e+01
2.954102920723226475e+02 5.616542969382993533e+01 4.716043335326448016e+01
2.959109874826147006e+02 5.623776657525144174e+01 4.726054348545348205e+01
2.964116828929068106e+02 5.631027116633180185e+01 4.736061424211551696e+01
2.969123783031988637e+02 5.638291419288304951e+01 4.746060330848162323e+01
2.974130737134909168e+02 5.645566694703245503e+01 4.756046939894044101e+01
2.979137691237830268e+02 5.652850127228883537e+01 4.766017237474410706e+01
2.984144645340750799e+02 5.660138956652370723e+01 4.775967302597540254e+01
2.989151599443671330e+02 5.667430484086774811e+01 4.785893323641569452e+01
2.994158553546592429e+02 5.674722067445681262e+01 4.795791606348811342e+01
2.999165507649512961e+02 5.682011118989602494e+01 4.805658551794348909e+01
3.004172461752433492e+02 5.689295119135745438e+01 4.815490664135714383e+01
3.009179415855354023e+02 5.696571598587236451e+01 4.825284568512948624e+01
3.014186369958275691e+02 5.703838150774738835e+01 4.835036973518263892e+01
3.019193324061196222e+02 5.711092431390336799e+01 4.844744708689525226e+01
3.024200278164116185e+02 5.718332147168312929e+01 4.854404696101410366e+01
3.029207232267037853e+02 5.725555075291588025e+01 4.864013956450226317e+01
3.034214186369958384e+02 5.732759040302873643e+01 4.873569626366935381e+01
3.039221140472878915e+02 5.739941935508788617e+01 4.883068912149440166e+01
3.044228094575799446e+02 5.747101702913816723e+01 4.892509148001737174e+01
3.049235048678720545e+02 5.754236351189540244e+01 4.901887735437209415e+01
3.054242002781641077e+02 5.761343940218714010e+01 4.911202182132265648e+01
3.059248956884561608e+02 5.768422590204201583e+01 4.920450093527770719e+01
3.064255910987482707e+02 5.775470476379912554e+01 4.929629143601013652e+01
3.069262865090403238e+02 5.782485828051397903e+01 4.938737115612418904e+01
3.074269819193323769e+02 5.789466934400384446e+01 4.947771866927097051e+01
3.079276773296244869e+02 5.796412134501109392e+01 4.956731335472177591e+01
3.084283727399165400e+02 5.803319825283266198e+01 4.965613541663982744e+01
3.089290681502085931e+02 5.810188450171321506e+01 4.974416592474260312e+01
3.094297635605006462e+02 5.817016513368056962e+01 4.983138666278405537e+01
3.099304589707927562e+02 5.823802561314433035e+01 4.991778023999043512e+01
3.104311543810848093e+02 5.830545203610395788e+01 5.000332985061983493e+01
3.109318497913768624e+02 5.837243085053356140e+01 5.008801955718348609e+01
3.114325452016689724e+02 5.843894914079297109e+01 5.017183410956761236e+01
3.119332406119610255e+02 5.850499435614634081e+01 5.025475875030508632e+01
3.124339360222530786e+02 5.857055450698594257e+01 5.033677963568209179e+01
3.129346314325451885e+02 5.863561799178481238e+01 5.041788335102465624e+01
3.134353268428372417e+02 5.870017376128001274e+01 5.049805733053800338e+01
3.139360222531292948e+02 5.876421113552990505e+01 5.057728936276402010e+01
3.144367176634213479e+02 5.882771992179121412e+01 5.065556800071524890e+01
3.149374130737134578e+02 5.889069031047191061e+01 5.073288234630481952e+01
3.154381084840055109e+02 5.895311298834567992e+01 5.080922200636882735e+01
3.159388038942975641e+02 5.901497903401607914e+01 5.088457710393772970e+01
3.164394993045897309e+02 5.907627987797016544e+01 5.095893847672665800e+01
3.169401947148817840e+02 5.913700744636238937e+01 5.103229720485029475e+01
3.174408901251737802e+02 5.919715397419348335e+01 5.110464504018618470e+01
3.179415855354659470e+02 5.925671208892660502e+01 5.117597420864258595e+01
3.184422809457580001e+02 5.931567489179620623e+01 5.124627736659677169e+01
3.189429763560500533e+02 5.937403570230422645e+01 5.131554764594315543e+01
3.194436717663421064e+02 5.943178831726150690e+01 5.138377858538044052e+01
3.199443671766342163e+02 5.948892683879499543e+01 5.145096420087998013e+01
3.204450625869262694e+02 5.954544568882816691e+01 5.151709896348141626e+01
3.209457579972183225e+02 5.960133968369596857e+01 5.158217763042773640e+01
3.214464534075104325e+02 5.965660391867537271e+01 5.164619552038108452e+01
3.219471488178024856e+02 5.971123385531505789e+01 5.170914822871746708e+01
3.224478442280945387e+02 5.976522521404227462e+01 5.177103178692009067e+01
3.229485396383865918e+02 5.981857407645826186e+01 5.183184255184976053e+01
3.234492350486787018e+02 5.987127683315598858e+01 5.189157729880727743e+01
3.239499304589707549e+02 5.992333005355207831e+01 5.195023307466637164e+01
3.244506258692628649e+02 5.997473075969267597e+01 5.200780737860264935e+01
3.249513212795549180e+02 6.002547615190808017e+01 5.206429797376387114e+01
3.254520166898469711e+02 6.007556372305218417e+01 5.211970297538555030e+01
3.259527121001390810e+02 6.012499121979696781e+01 5.217402092632084987e+01
3.264534075104311910e+02 6.017375666350213237e+01 5.222725038061783209e+01
3.269541029207232441e+02 6.022185839775100646e+01 5.227939049238359814e+01
3.274547983310152972e+02 6.026929488018546976e+01 5.233044075327018163e+01
3.279554937413073503e+02 6.031606492188902280e+01 5.238040067104856234e+01
3.284561891515994603e+02 6.036216752571735356e+01 5.242927022367744883e+01
3.289568845618915134e+02 6.040760195197104565e+01 5.247704979420171867e+01
3.294575799721835665e+02 6.045236765480341035e+01 5.252373980520587793e+01
3.299582753824756765e+02 6.049646434877914203e+01 5.256934109732968352e+01
3.304589707927677296e+02 6.053989193156147053e+01 5.261385474710253618e+01
3.309596662030597827e+02 6.058265052215509172e+01 5.265728218795469218e+01
3.314603616133518926e+02 6.062474047460665361e+01 5.269962497190310557e+01
3.319610570236439457e+02 6.066616229851344144e+01 5.274088509575831552e+01
3.324617524339359989e+02 6.070691674970437646e+01 5.278106457046793309e+01
3.329624478442280520e+02 6.074700471480316821e+01 5.282016591593252031e+01
3.334631432545201619e+02 6.078642734031677719e+01 5.285819182146549622e+01
3.339638386648122150e+02 6.082518590319455143e+01 5.289514509058187741e+01
3.344645340751042681e+02 6.086328188894236746e+01 5.293102905809401193e+01
3.349652294853963781e+02 6.090071693478188308e+01 5.296584701027666142e+01
3.354659248956884312e+02 6.093749288070051762e+01 5.299960269273145741e+01
3.359666203059804843e+02 6.097361171647854405e+01 5.303229999548688056e+01
3.364673157162726511e+02 6.100907560467668134e+01 5.306394307807106259e+01
3.369680111265647042e+02 6.104388683161879214e+01 5.309453644783205561e+01
3.374687065368567005e+02 6.107804787164564431e+01 5.312408458402316569e+01
3.379694019471487536e+02 6.111156138876464183e+01 5.315259251704377164e+01
3.384700973574409204e+02 6.114443010895013231e+01 5.318006519189040660e+01
3.389707927677329735e+02 6.117665698064922708e+01 5.320650817205100225e+01
3.394714881780250266e+02 6.120824504538870769e+01 5.323192703336896159e+01
3.399721835883171366e+02 6.123919752323456578e+01 5.325632754133062008e+01
3.404728789986091897e+02 6.126951774944939189e+01 5.327971585504907637e+01
3.409735744089012428e+02 6.129920916005869458e+01 5.330209822022221999e+01
3.414742698191932959e+02 6.132827538965887015e+01 5.332348127479487232e+01
3.419749652294854059e+02 6.135672016161032616e+01 5.334387173619157352e+01
3.424756606397774590e+02 6.138454731223527006e+01 5.336327671869563005e+01
3.429763560500695121e+02 6.141176082095927313e+01 5.338170347134487770e+01
3.434770514603616220e+02 6.143836477774155469e+01 5.339915950123591415e+01
3.439777468706536752e+02 6.146436337882767020e+01 5.341565264661235801e+01
3.444784422809457283e+02 6.148976093849609015e+01 5.343119083259732349e+01
3.449791376912378382e+02 6.151456186227999012e+01 5.344578225461003740e+01
3.454798331015298913e+02 6.153877071716389935e+01 5.345943546272604863e+01
3.459805285118219444e+02 6.156239213647761233e+01 5.347215911428757806e+01
3.464812239221139976e+02 6.158543084103752108e+01 5.348396224019106171e+01
3.469819193324061075e+02 6.160789164861110123e+01 5.349485404835955649e+01
3.474826147426981606e+02 6.162977952893183442e+01 5.350484391085170444e+01
3.479833101529902137e+02 6.165109945085886523e+01 5.351394155404828723e+01
3.484840055632823237e+02 6.167185659171714462e+01 5.352215693796229345e+01
3.489847009735743768e+02 6.169205612177245257e+01 5.352950007649364750e+01
3.494853963838664299e+02 6.171170331677637932e+01 5.353598163433152024e+01
3.499860917941585399e+02 6.173080357397191165e+01 5.354161203328348506e+01
3.504867872044505930e+02 6.174936233228288529e+01 5.354640230942686685e+01
3.509874826147426461e+02 6.176738512842200635e+01 5.355036358745076086e+01
3.514881780250346992e+02 6.178487754326249615e+01 5.355350724755172109e+01
3.519888734353268660e+02 6.180184529150341177e+01 5.355584496049350207e+01
3.524895688456189191e+02 6.181829408727794828e+01 5.355738838318590922e+01
3.529902642559109154e+02 6.183422977892377048e+01 5.355814982710232641e+01
3.534909596662030822e+02 6.184965820373662382e+01 5.355814155093744944e+01
3.539916550764951353e+02 6.186458534402362375e+01 5.355737612136172743e+01
3.544923504867871884e+02 6.187901718835263409e+01 5.355586627845119096e+01
3.549930458970792415e+02 6.189295981474978703e+01 5.355362514322540335e+01
3.554937413073713515e+02 6.190641928144040662e+01 5.355066601844416141e+01
3.559944367176634046e+02 6.191940182202090170e+01 5.354700234800228031e+01
3.564951321279554577e+02 6.193191362108950671e+01 5.354264778077529741e+01
3.569958275382475676e+02 6.194396093061095598e+01 5.353761638508099452e+01
3.574965229485396208e+02 6.195555008104423678e+01 5.353192215845280089e+01
3.579972183588316739e+02 6.196668743011596803e+01 5.352557957929984411e+01
3.584979137691237838e+02 6.197737933830549650e+01 5.351860323780027784e+01
3.589986091794158369e+02 6.198763223127653532e+01 5.351100782577913151e+01
3.594993045897078900e+02 6.199745259803367503e+01 5.350280836900323322e+01
3.600000000000000000e+02 6.200684690461392989e+01 5.349402001346028612e+01
