# lons lats(polar edge) lats(equatorward edge)
0.000000000000000000e+00 -6.588799703615404724e+01 -4.771787445317022502e+01
5.006954102920723182e-01 -6.582474251026906131e+01 -4.771261568437331846e+01
1.001390820584144636e+00 -6.576122817298819712e+01 -4.770791759552841427e+01
1.502086230876216844e+00 -6.569743738297920288e+01 -4.770370435318245939e+01
2.002781641168289273e+00 -6.563335314857913261e+01 -4.769989978505026329e+01
2.503477051460361480e+00 -6.556895839531715353e+01 -4.769642876181465851e+01
3.004172461752433687e+00 -6.550423566491556926e+01 -4.769321666751682187e+01
3.504867872044505894e+00 -6.543916756759611530e+01 -4.769018924624867850e+01
4.005563282336578546e+00 -6.537373627428135592e+01 -4.768727476022749556e+01
4.506258692628650309e+00 -6.530792404822405217e+01 -4.768440127812000640e+01
5.006954102920722960e+00 -6.524171287952188436e+01 -4.768149857082892140e+01
5.507649513212795611e+00 -6.517508471473095710e+01 -4.767849761908203732e+01
6.008344923504867374e+00 -6.510802154001200392e+01 -4.767533064487544436e+01
6.509040333796940025e+00 -6.504050505843360952e+01 -4.767193195188376365e+01
7.009735744089011789e+00 -6.497251715744909006e+01 -4.766823618615029545e+01
7.510431154381083552e+00 -6.490403958075036428e+01 -4.766418041110682680e+01
8.011126564673157091e+00 -6.483505414443401094e+01 -4.765970303682317422e+01
8.511821974965229742e+00 -6.476554264998223687e+01 -4.765474464408167421e+01
9.012517385257300617e+00 -6.469548695745554312e+01 -4.764924678615339815e+01
9.513212795549373268e+00 -6.462486907250233514e+01 -4.764315321211964260e+01
1.001390820584144592e+01 -6.455367095877969064e+01 -4.763640970101224070e+01
1.051460361613352035e+01 -6.448187475602345842e+01 -4.762896336037103140e+01
1.101529902642559122e+01 -6.440946274535085081e+01 -4.762076350160820937e+01
1.151599443671766032e+01 -6.433641731312738443e+01 -4.761176148425329302e+01
1.201668984700973475e+01 -6.426272106626376512e+01 -4.760191036384094332e+01
1.251738525730180740e+01 -6.418835669094070795e+01 -4.759116524445200014e+01
1.301808066759388005e+01 -6.411330719282344148e+01 -4.757948301434585403e+01
1.351877607788595093e+01 -6.403755568878000304e+01 -4.756682265251941999e+01
1.401947148817802358e+01 -6.396108556983267590e+01 -4.755314556773059564e+01
1.452016689847009623e+01 -6.388388054889824730e+01 -4.753841398146009567e+01
1.502086230876216710e+01 -6.380592457433218101e+01 -4.752259340465188586e+01
1.552155771905424153e+01 -6.372720187158543581e+01 -4.750565018832560327e+01
1.602225312934631418e+01 -6.364769698782461660e+01 -4.748755374068478829e+01
1.652294853963838506e+01 -6.356739478995062598e+01 -4.746827447374514009e+01
1.702364394993045948e+01 -6.348628053280197037e+01 -4.744778525244748835e+01
1.752433936022252681e+01 -6.340433985299102915e+01 -4.742606086020880696e+01
1.802503477051460123e+01 -6.332155873850372529e+01 -4.740307751749207910e+01
1.852573018080667566e+01 -6.323792358711719430e+01 -4.737881425569152327e+01
1.902642559109874654e+01 -6.315342135229505516e+01 -4.735325103100373667e+01
1.952712100139081741e+01 -6.306803929419868382e+01 -4.732637041800174416e+01
2.002781641168289184e+01 -6.298176526867405300e+01 -4.729815626409406093e+01
2.052851182197496627e+01 -6.289458751602492725e+01 -4.726859475207692185e+01
2.102920723226704069e+01 -6.280649489647171890e+01 -4.723767348497875673e+01
2.152990264255910802e+01 -6.271747683564595377e+01 -4.720538219746126174e+01
2.203059805285118244e+01 -6.262752321822031831e+01 -4.717171230391289782e+01
2.253129346314325332e+01 -6.253662467450683948e+01 -4.713665673550896429e+01
2.303198887343532064e+01 -6.244477233864361665e+01 -4.710021034738153389e+01
2.353268428372739507e+01 -6.235195804402226827e+01 -4.706236996678669016e+01
2.403337969401946950e+01 -6.225817425191397092e+01 -4.702313344915868498e+01
2.453407510431154037e+01 -6.216341418658440432e+01 -4.698250120897542104e+01
2.503477051460361480e+01 -6.206767180447523913e+01 -4.694047460350633116e+01
2.553546592489568567e+01 -6.197094165027873203e+01 -4.689705683123342794e+01
2.603616133518776010e+01 -6.187321931362883731e+01 -4.685225291386268509e+01
2.653685674547983453e+01 -6.177450096042728944e+01 -4.680606915283064495e+01
2.703755215577190185e+01 -6.167478367140385842e+01 -4.675851367321696728e+01
2.753824756606397628e+01 -6.157406550053376293e+01 -4.670959596489493038e+01
2.803894297635604715e+01 -6.147234512497691128e+01 -4.665932715920602902e+01
2.853963838664812158e+01 -6.136962241934541851e+01 -4.660771969522212999e+01
2.904033379694019246e+01 -6.126589804054945887e+01 -4.655478793710346963e+01
2.954102920723226333e+01 -6.116117364959522718e+01 -4.650054726329800303e+01
3.004172461752433421e+01 -6.105545193166841500e+01 -4.644501472007344489e+01
3.054242002781640863e+01 -6.094873662554529403e+01 -4.638820846942313381e+01
3.104311543810848306e+01 -6.084103241559564879e+01 -4.633014863371077752e+01
3.154381084840055394e+01 -6.073234520605306841e+01 -4.627085595679565699e+01
3.204450625869262836e+01 -6.062268194495241858e+01 -4.621035305465696297e+01
3.254520166898469569e+01 -6.051205069539842896e+01 -4.614866370017765007e+01
3.304589707927677011e+01 -6.040046070600634209e+01 -4.608581275689302004e+01
3.354659248956884454e+01 -6.028792241486608816e+01 -4.602182670972196377e+01
3.404728789986091897e+01 -6.017444739009165744e+01 -4.595673289040068710e+01
3.454798331015298629e+01 -6.006004856790328006e+01 -4.589055996278266036e+01
3.504867872044505361e+01 -5.994474007173354835e+01 -4.582333776058594310e+01
3.554937413073713515e+01 -5.982853713991150357e+01 -4.575509711044946926e+01
3.605006954102920247e+01 -5.971145651849074909e+01 -4.568587005821812852e+01
3.655076495132127690e+01 -5.959351602556272098e+01 -4.561568971598667588e+01
3.705146036161335132e+01 -5.947473500277160952e+01 -4.554458983087640433e+01
3.755215577190541865e+01 -5.935513391547252127e+01 -4.547260559940437474e+01
3.805285118219749307e+01 -5.923473462180814408e+01 -4.539977293472217923e+01
3.855354659248956750e+01 -5.911356028586274647e+01 -4.532612838310539871e+01
3.905424200278163482e+01 -5.899163541800922417e+01 -4.525170967093087881e+01
3.955493741307371636e+01 -5.886898581995367863e+01 -4.517655503863942101e+01
4.005563282336578368e+01 -5.874563857572823622e+01 -4.510070374307750285e+01
4.055632823365785811e+01 -5.862162211278658219e+01 -4.502419544456122935e+01
4.105702364394993253e+01 -5.849696611415411951e+01 -4.494707048402780458e+01
4.155771905424199986e+01 -5.837170155148770334e+01 -4.486936991594453161e+01
4.205841446453408139e+01 -5.824586057931001903e+01 -4.479113519158300960e+01
4.255910987482614871e+01 -5.811947667866512290e+01 -4.471240833974823659e+01
4.305980528511821603e+01 -5.799258449010117999e+01 -4.463323164571355051e+01
4.356050069541029046e+01 -5.786521970568024642e+01 -4.455364788140448695e+01
4.406119610570236489e+01 -5.773741927590288014e+01 -4.447370012829358643e+01
4.456189151599443221e+01 -5.760922115946721078e+01 -4.439343152175004548e+01
4.506258692628650664e+01 -5.748066435520138384e+01 -4.431288565116281575e+01
4.556328233657857396e+01 -5.735178888734816383e+01 -4.423210593327432605e+01
4.606397774687064128e+01 -5.722263560618893052e+01 -4.415113607981304256e+01
4.656467315716272282e+01 -5.709324633691147710e+01 -4.407001967130837272e+01
4.706536856745479014e+01 -5.696366363690113133e+01 -4.398880029203048991e+01
4.756606397774686457e+01 -5.683393086988299103e+01 -4.390752130293897437e+01
4.806675938803893899e+01 -5.670409203257231923e+01 -4.382622599722491685e+01
4.856745479833100632e+01 -5.657419175013974666e+01 -4.374495733799138009e+01
4.906815020862308074e+01 -5.644427511945356457e+01 -4.366375798156383325e+01
4.956884561891514807e+01 -5.631438776984101935e+01 -4.358267037013122547e+01
5.006954102920722960e+01 -5.618457560502680792e+01 -4.350173625445707160e+01
5.057023643949929692e+01 -5.605488490388485445e+01 -4.342099708805137936e+01
5.107093184979137135e+01 -5.592536208760681404e+01 -4.334049370789246325e+01
5.157162726008345288e+01 -5.579605372697801613e+01 -4.326026647357042521e+01
5.207232267037552020e+01 -5.566700641839520358e+01 -4.318035497801150768e+01
5.257301808066758753e+01 -5.553826667054340760e+01 -4.310079810050314109e+01
5.307371349095966906e+01 -5.540988089618326740e+01 -4.302163403772598826e+01
5.357440890125173638e+01 -5.528189523441828612e+01 -4.294290019499815969e+01
5.407510431154380370e+01 -5.515435554157879494e+01 -4.286463305057785078e+01
5.457579972183587813e+01 -5.502730725869230355e+01 -4.278686827611610255e+01
5.507649513212795256e+01 -5.490079534426956798e+01 -4.270964058679029307e+01
5.557719054242002699e+01 -5.477486417020588760e+01 -4.263298365646950572e+01
5.607788595271209431e+01 -5.464955747043165957e+01 -4.255693027061387568e+01
5.657858136300416163e+01 -5.452491825216600319e+01 -4.248151208388937050e+01
5.707927677329624316e+01 -5.440098872529904384e+01 -4.240675973020462663e+01
5.757997218358831759e+01 -5.427781020398231249e+01 -4.233270268572358930e+01
5.808066759388038491e+01 -5.415542307300472658e+01 -4.225936936423626378e+01
5.858136300417245934e+01 -5.403386669864391934e+01 -4.218678695824441149e+01
5.908205841446452666e+01 -5.391317938619738470e+01 -4.211498156398978665e+01
5.958275382475660109e+01 -5.379339829601792644e+01 -4.204397802450206711e+01
6.008344923504866841e+01 -5.367455942605135988e+01 -4.197380001050863996e+01
6.058414464534074995e+01 -5.355669751811990409e+01 -4.190446997586936106e+01
6.108484005563281727e+01 -5.343984607190111547e+01 -4.183600916121567082e+01
6.158553546592489170e+01 -5.332403723926734074e+01 -4.176843756171355437e+01
6.208623087621696612e+01 -5.320930184641372307e+01 -4.170177395748386573e+01
6.258692628650903345e+01 -5.309566932808127149e+01 -4.163603589464391064e+01
6.308762169680110787e+01 -5.298316771707948192e+01 -4.157123969229350280e+01
6.358831710709318941e+01 -5.287182362595092400e+01 -4.150740045299234282e+01
6.408901251738525673e+01 -5.276166221553910418e+01 -4.144453205693925213e+01
6.458970792767732405e+01 -5.265270720197338505e+01 -4.138264719398638647e+01
6.509040333796939137e+01 -5.254498083687838061e+01 -4.132175735199770372e+01
6.559109874826147291e+01 -5.243850391203056915e+01 -4.126187286807170551e+01
6.609179415855354023e+01 -5.233329575353752716e+01 -4.120300289594514709e+01
6.659248956884562176e+01 -5.222937423347946151e+01 -4.114515544993982132e+01
6.709318497913768908e+01 -5.212675577572997554e+01 -4.108833744105130847e+01
6.759388038942975641e+01 -5.202545537109006091e+01 -4.103255469653943521e+01
6.809457579972183794e+01 -5.192548659125793620e+01 -4.097781192929672045e+01
6.859527121001390526e+01 -5.182686160861965163e+01 -4.092411283501844821e+01
6.909596662030597258e+01 -5.172959121720384701e+01 -4.087146008340584302e+01
6.959666203059803991e+01 -5.163368486178558214e+01 -4.081985533074418271e+01
7.009735744089010723e+01 -5.153915066582601412e+01 -4.076929930521816203e+01
7.059805285118218876e+01 -5.144599545591961487e+01 -4.071979174314480332e+01
7.109874826147427029e+01 -5.135422479206215485e+01 -4.067133152565240550e+01
7.159944367176633762e+01 -5.126384301701807544e+01 -4.062391656158290232e+01
7.210013908205840494e+01 -5.117485326956273184e+01 -4.057754403782489305e+01
7.260083449235048647e+01 -5.108725753621445165e+01 -4.053221018793999519e+01
7.310152990264255379e+01 -5.100105668659568892e+01 -4.048791052992294226e+01
7.360222531293462112e+01 -5.091625050883055792e+01 -4.044463976505051050e+01
7.410292072322670265e+01 -5.083283775843926833e+01 -4.040239193155711206e+01
7.460361613351876997e+01 -5.075081617463627026e+01 -4.036116027087049929e+01
7.510431154381083729e+01 -5.067018255920163483e+01 -4.032093737655746679e+01
7.560500695410290461e+01 -5.059093277764520735e+01 -4.028171517572725691e+01
7.610570236439498615e+01 -5.051306181448569532e+01 -4.024348497459209284e+01
7.660639777468706768e+01 -5.043656384084431465e+01 -4.020623751518792233e+01
7.710709318497913500e+01 -5.036143221404461201e+01 -4.016996285713753423e+01
7.760778859527120233e+01 -5.028765952657965954e+01 -4.013465060659905248e+01
7.810848400556326965e+01 -5.021523768059967097e+01 -4.010028977340732581e+01
7.860917941585533697e+01 -5.014415787850782635e+01 -4.006686885313990842e+01
7.910987482614743271e+01 -5.007441068386003735e+01 -4.003437591189447176e+01
7.961057023643950004e+01 -5.000598607480685587e+01 -4.000279843437179750e+01
8.011126564673156736e+01 -4.993887344438451237e+01 -3.997212356501303532e+01
8.061196105702363468e+01 -4.987306167318354255e+01 -3.994233795986555435e+01
8.111265646731571621e+01 -4.980853914041733788e+01 -3.991342786264017661e+01
8.161335187760779775e+01 -4.974529376995536722e+01 -3.988537908096208184e+01
8.211404728789986507e+01 -4.968331305237273909e+01 -3.985817714617172669e+01
8.261474269819193239e+01 -4.962258409766849354e+01 -3.983180709002357389e+01
8.311543810848399971e+01 -4.956309364225165837e+01 -3.980625366981330160e+01
8.361613351877606704e+01 -4.950482809746876001e+01 -3.978150127521148249e+01
8.411682892906816278e+01 -4.944777356291427850e+01 -3.975753401765447848e+01
8.461752433936023010e+01 -4.939191587100043535e+01 -3.973433560033770107e+01
8.511821974965229742e+01 -4.933724061824153750e+01 -3.971188951706169235e+01
8.561891515994436475e+01 -4.928373316657501846e+01 -3.969017893737957081e+01
8.611961057023643207e+01 -4.923137868967290842e+01 -3.966918676473044059e+01
8.662030598052849939e+01 -4.918016219724353277e+01 -3.964889566814139243e+01
8.712100139082058092e+01 -4.913006853583186739e+01 -3.962928797955004256e+01
8.762169680111264825e+01 -4.908108244746375703e+01 -3.961034592611770222e+01
8.812239221140472978e+01 -4.903318858113055967e+01 -3.959205147009117809e+01
8.862308762169679710e+01 -4.898637150403959595e+01 -3.957438632686508129e+01
8.912378303198886442e+01 -4.894061570976776920e+01 -3.955733204931489411e+01
8.962447844228094596e+01 -4.889590568830175243e+01 -3.954087000058085266e+01
9.012517385257301328e+01 -4.885222588560867507e+01 -3.952498145293367315e+01
9.062586926286508060e+01 -4.880956077856257025e+01 -3.950964746888649870e+01
9.112656467315714792e+01 -4.876789485943749014e+01 -3.949484897159840102e+01
9.162726008344921524e+01 -4.872721266375168625e+01 -3.948056686398507509e+01
9.212795549374128257e+01 -4.868749878259346531e+01 -3.946678186859136872e+01
9.262865090403337831e+01 -4.864873790363286332e+01 -3.945347470323687844e+01
9.312934631432544563e+01 -4.861091480043920399e+01 -3.944062597851633711e+01
9.363004172461751295e+01 -4.857401437045278669e+01 -3.942821631765845325e+01
9.413073713490958028e+01 -4.853802164950262465e+01 -3.941622640796857979e+01
9.463143254520164760e+01 -4.850292180594310310e+01 -3.940463679410903808e+01
9.513212795549372913e+01 -4.846870020545297564e+01 -3.939342820236825560e+01
9.563282336578581067e+01 -4.843534236777900048e+01 -3.938258134252316722e+01
9.613351877607787799e+01 -4.840283404108463117e+01 -3.937207710659180293e+01
9.663421418636994531e+01 -4.837116118757153060e+01 -3.936189639045542776e+01
9.713490959666201263e+01 -4.834030999871360734e+01 -3.935202036527689984e+01
9.763560500695409416e+01 -4.831026692216441631e+01 -3.934243033649173071e+01
9.813630041724616149e+01 -4.828101867588161156e+01 -3.933310771527250438e+01
9.863699582753822881e+01 -4.825255226558697075e+01 -3.932403431585068176e+01
9.913769123783029613e+01 -4.822485499764484018e+01 -3.931519209694239692e+01
9.963838664812239188e+01 -4.819791450663801413e+01 -3.930656336532842943e+01
1.001390820584144592e+02 -4.817171875420358163e+01 -3.929813077574566194e+01
1.006397774687065265e+02 -4.814625604460347574e+01 -3.928987729429012177e+01
1.011404728789985938e+02 -4.812151507274579387e+01 -3.928178630835121510e+01
1.016411682892906754e+02 -4.809748489995585885e+01 -3.927384166109207797e+01
1.021418636995827427e+02 -4.807415499937819447e+01 -3.926602761028719613e+01
1.026425591098748242e+02 -4.805151526092417669e+01 -3.925832892652475437e+01
1.031432545201669058e+02 -4.802955598952580374e+01 -3.925073091542240888e+01
1.036439499304589731e+02 -4.800826795082871001e+01 -3.924321940739797299e+01
1.041446453407510404e+02 -4.798764237119216602e+01 -3.923578089746098385e+01
1.046453407510431077e+02 -4.796767095364161548e+01 -3.922840243758824386e+01
1.051460361613351751e+02 -4.794834588972848621e+01 -3.922107176353588898e+01
1.056467315716272708e+02 -4.792965987302709152e+01 -3.921377733779505093e+01
1.061474269819193381e+02 -4.791160612438220312e+01 -3.920650824249798205e+01
1.066481223922114054e+02 -4.789417839287311551e+01 -3.919925445036107448e+01
1.071488178025034728e+02 -4.787737097385802088e+01 -3.919200661927072105e+01
1.076495132127955401e+02 -4.786117872134313700e+01 -3.918475626371411380e+01
1.081502086230876074e+02 -4.784559705438555000e+01 -3.917749573611410341e+01
1.086509040333796889e+02 -4.783062197411895511e+01 -3.917021826044412336e+01
1.091515994436717563e+02 -4.781625008238010821e+01 -3.916291793915434738e+01
1.096522948539638236e+02 -4.780247857123144684e+01 -3.915558982747143801e+01
1.101529902642559051e+02 -4.778930524857246098e+01 -3.914822995463737954e+01
1.106536856745479724e+02 -4.777672853697553990e+01 -3.914083527289449904e+01
1.111543810848400540e+02 -4.776474749347657678e+01 -3.913340375705275420e+01
1.116550764951321213e+02 -4.775336180026174304e+01 -3.912593441961917762e+01
1.121557719054241886e+02 -4.774257179027885911e+01 -3.911842728460442942e+01
1.126564673157162559e+02 -4.773237842977509615e+01 -3.911088346901352253e+01
1.131571627260083233e+02 -4.772278334274419365e+01 -3.910330513773488548e+01
1.136578581363004190e+02 -4.771378880161323366e+01 -3.909569557862824496e+01
1.141585535465924863e+02 -4.770539773422756014e+01 -3.908805915493986305e+01
1.146592489568845536e+02 -4.769761372152247247e+01 -3.908040138300976452e+01
1.151599443671766352e+02 -4.769044100800060448e+01 -3.907272888686976131e+01
1.156606397774686883e+02 -4.768388448543377933e+01 -3.906504943957089182e+01
1.161613351877607698e+02 -4.767794969810169903e+01 -3.905737196551172730e+01
1.166620305980528229e+02 -4.767264284395609764e+01 -3.904970653345345255e+01
1.171627260083449187e+02 -4.766797076297920910e+01 -3.904206437048970457e+01
1.176634214186370002e+02 -4.766394093252715436e+01 -3.903445786099155868e+01
1.181641168289290533e+02 -4.766056146209125188e+01 -3.902690053918605173e+01
1.186648122392211349e+02 -4.765784108776828987e+01 -3.901940708748271192e+01
1.191655076495132022e+02 -4.765578915246992153e+01 -3.901199335000683988e+01
1.196662030598052695e+02 -4.765441560999720139e+01 -3.900467627379155999e+01
1.201668984700973368e+02 -4.765373098982495037e+01 -3.899747396793144105e+01
1.206675938803894041e+02 -4.765374642184001175e+01 -3.899040561564332563e+01
1.211682892906814999e+02 -4.765447357827910935e+01 -3.898349152807853102e+01
1.216689847009735672e+02 -4.765592468595245634e+01 -3.897675306714475596e+01
1.221696801112656345e+02 -4.765811249306538855e+01 -3.897021265621125963e+01
1.226703755215577019e+02 -4.766105026553547930e+01 -3.896389377107672658e+01
1.231710709318497834e+02 -4.766475176054215979e+01 -3.895782085405491557e+01
1.236717663421418507e+02 -4.766923119744448911e+01 -3.895201936197585724e+01
1.241724617524339322e+02 -4.767450323756081332e+01 -3.894651563662819171e+01
1.246731571627260138e+02 -4.768058298612474744e+01 -3.894133699707936103e+01
1.251738525730180669e+02 -4.768748591645149304e+01 -3.893651161225761825e+01
1.256745479833101484e+02 -4.769522790962824388e+01 -3.893206843974546416e+01
1.261752433936022157e+02 -4.770382515786323552e+01 -3.892803728450182632e+01
1.266759388038942831e+02 -4.771329418398082112e+01 -3.892444862858398835e+01
1.271766342141863788e+02 -4.772365181049863736e+01 -3.892133369683301680e+01
1.276773296244784177e+02 -4.773491510464410226e+01 -3.891872432320063524e+01
1.281780250347705135e+02 -4.774710137205730121e+01 -3.891665300591533594e+01
1.286787204450625950e+02 -4.776022810530449192e+01 -3.891515264509301630e+01
1.291794158553546481e+02 -4.777431296207979017e+01 -3.891425677847813347e+01
1.296801112656467296e+02 -4.778937375196292692e+01 -3.891399920775050703e+01
1.301808066759387827e+02 -4.780542835074029995e+01 -3.891441420341628543e+01
1.306815020862308643e+02 -4.782249473527500072e+01 -3.891553631673353664e+01
1.311821974965229458e+02 -4.784059087772348562e+01 -3.891740023786745439e+01
1.316828929068149989e+02 -4.785973477785901764e+01 -3.892004090238309288e+01
1.321835883171070805e+02 -4.787994438823389487e+01 -3.892349331429387860e+01
1.326842837273991336e+02 -4.790123757076301558e+01 -3.892779257304478335e+01
1.331849791376912435e+02 -4.792363210915439709e+01 -3.893297363228607821e+01
1.336856745479833251e+02 -4.794714564326071127e+01 -3.893907141215753143e+01
1.341863699582753782e+02 -4.797179561659908131e+01 -3.894612058304720392e+01
1.346870653685674597e+02 -4.799759928222265160e+01 -3.895415562385697683e+01
1.351877607788595128e+02 -4.802457364361252701e+01 -3.896321076149157392e+01
1.356884561891515943e+02 -4.805273544143055631e+01 -3.897331960989455268e+01
1.361891515994436759e+02 -4.808210107364793373e+01 -3.898451558103714376e+01
1.366898470097357290e+02 -4.811268663366426779e+01 -3.899683140822615712e+01
1.371905424200278105e+02 -4.814450783172723902e+01 -3.901029938519512541e+01
1.376912378303198636e+02 -4.817757998554645837e+01 -3.902495090536362454e+01
1.381919332406119452e+02 -4.821191798049460431e+01 -3.904081693116017959e+01
1.386926286509039983e+02 -4.824753620048488756e+01 -3.905792752438536297e+01
1.391933240611960798e+02 -4.828444861775946606e+01 -3.907631182473231490e+01
1.396940194714881613e+02 -4.832266863303372872e+01 -3.909599830961631994e+01
1.401947148817802145e+02 -4.836220912780627401e+01 -3.911701423671489408e+01
1.406954102920723244e+02 -4.840308243161198476e+01 -3.913938615637549390e+01
1.411961057023643775e+02 -4.844530027927030602e+01 -3.916313937565961112e+01
1.416968011126564591e+02 -4.848887380314190665e+01 -3.918829826794076610e+01
1.421974965229485406e+02 -4.853381350738127509e+01 -3.921488596224067180e+01
1.426981919332405937e+02 -4.858012925353032330e+01 -3.924292462520870117e+01
1.431988873435326752e+02 -4.862783023034261021e+01 -3.927243488652597136e+01
1.436995827538247283e+02 -4.867692495690697285e+01 -3.930343648921837030e+01
1.442002781641168099e+02 -4.872742125042228167e+01 -3.933594786817548083e+01
1.447009735744088914e+02 -4.877932625277813372e+01 -3.936998613614359499e+01
1.452016689847009729e+02 -4.883264632932754523e+01 -3.940556694952627481e+01
1.457023643949930261e+02 -4.888738719841845182e+01 -3.944270504530530275e+01
1.462030598052851076e+02 -4.894355372621126321e+01 -3.948141350122514837e+01
1.467037552155771891e+02 -4.900115011355288175e+01 -3.952170430394235723e+01
1.472044506258692422e+02 -4.906017982263497856e+01 -3.956358784706357312e+01
1.477051460361613238e+02 -4.912064547979751694e+01 -3.960707353534579056e+01
1.482058414464534053e+02 -4.918254898866564417e+01 -3.965216920410219359e+01
1.487065368567454584e+02 -4.924589148461620880e+01 -3.969888143415428772e+01
1.492072322670375399e+02 -4.931067333208432046e+01 -3.974721543676841407e+01
1.497079276773296215e+02 -4.937689411511257731e+01 -3.979717514658872801e+01
1.502086230876216746e+02 -4.944455265575982139e+01 -3.984876330622873297e+01
1.507093184979137845e+02 -4.951364699793941782e+01 -3.990198122011140924e+01
1.512100139082058092e+02 -4.958417441541955384e+01 -3.995682902933792491e+01
1.517107093184979192e+02 -4.965613141501948746e+01 -4.001330552372536431e+01
1.522114047287899723e+02 -4.972951373862728985e+01 -4.007140833634338151e+01
1.527121001390820538e+02 -4.980431637107089671e+01 -4.013113388526973324e+01
1.532127955493741354e+02 -4.988053355555777557e+01 -4.019247756585194509e+01
1.537134909596661885e+02 -4.995815879855101116e+01 -4.025543317909543362e+01
1.542141863699582700e+02 -5.003718478793116731e+01 -4.031999398737522711e+01
1.547148817802503231e+02 -5.011760359701538903e+01 -4.038615152954203324e+01
1.552155771905424047e+02 -5.019940650037155194e+01 -4.045389687926019917e+01
1.557162726008344862e+02 -5.028258407435045285e+01 -4.052321953975281588e+01
1.562169680111265393e+02 -5.036712616687067623e+01 -4.059410846618393975e+01
1.567176634214186208e+02 -5.045302196876504297e+01 -4.066655118805084612e+01
1.572183588317106739e+02 -5.054025998344071979e+01 -4.074053450851383218e+01
1.577190542420027555e+02 -5.062882803505557661e+01 -4.081604434283721616e+01
1.582197496522948654e+02 -5.071871324566458838e+01 -4.089306564511362296e+01
1.587204450625868901e+02 -5.080990217983057278e+01 -4.097158250599676421e+01
1.592211404728790001e+02 -5.090238068524271853e+01 -4.105157823615905954e+01
1.597218358831710532e+02 -5.099613404871419675e+01 -4.113303520543709624e+01
1.602225312934631347e+02 -5.109114688896610801e+01 -4.121593516086372233e+01
1.607232267037552162e+02 -5.118740329036890557e+01 -4.130025915102957867e+01
1.612239221140472694e+02 -5.128488673812179854e+01 -4.138598724425727937e+01
1.617246175243393509e+02 -5.138358019305096036e+01 -4.147309919523017641e+01
1.622253129346314324e+02 -5.148346602929458982e+01 -4.156157381903840076e+01
1.627260083449234855e+02 -5.158452609566674596e+01 -4.165138947506720513e+01
1.632267037552155955e+02 -5.168674177547339355e+01 -4.174252393389302540e+01
1.637273991655076486e+02 -5.179009393846038733e+01 -4.183495423024702120e+01
1.642280945757997301e+02 -5.189456298421512770e+01 -4.192865714630293894e+01
1.647287899860917832e+02 -5.200012888687044210e+01 -4.202360879864501442e+01
1.652294853963838648e+02 -5.210677114936034116e+01 -4.211978485111745840e+01
1.657301808066759463e+02 -5.221446890611760239e+01 -4.221716041437689171e+01
1.662308762169679994e+02 -5.232320086792670111e+01 -4.231571054837353074e+01
1.667315716272600810e+02 -5.243294539970020907e+01 -4.241540954509355288e+01
1.672322670375521341e+02 -5.254368051740539869e+01 -4.251623147261663860e+01
1.677329624478442156e+02 -5.265538390366091903e+01 -4.261815004827541031e+01
1.682336578581363256e+02 -5.276803293371304449e+01 -4.272113883713346638e+01
1.687343532684283502e+02 -5.288160473838334497e+01 -4.282517088387446336e+01
1.692350486787204602e+02 -5.299607613388334926e+01 -4.293021916151171524e+01
1.697357440890125133e+02 -5.311142376888429339e+01 -4.303625631467564006e+01
1.702364394993045948e+02 -5.322762402737399157e+01 -4.314325484768599495e+01
1.707371349095966480e+02 -5.334465311697110224e+01 -4.325118708258199263e+01
1.712378303198887295e+02 -5.346248709355401729e+01 -4.336002524311572870e+01
1.717385257301808110e+02 -5.358110187217513953e+01 -4.346974114045826809e+01
1.722392211404728641e+02 -5.370047324013577850e+01 -4.358030695557921774e+01
1.727399165507649457e+02 -5.382057689709037618e+01 -4.369169430775174590e+01
1.732406119610569988e+02 -5.394138849919252721e+01 -4.380387518674574210e+01
1.737413073713490803e+02 -5.406288358496092883e+01 -4.391682125217629107e+01
1.742420027816411618e+02 -5.418503775199704364e+01 -4.403050431692427935e+01
1.747426981919332150e+02 -5.430782654843122259e+01 -4.414489606419144252e+01
1.752433936022252965e+02 -5.443122555119978756e+01 -4.425996834435997584e+01
1.757440890125173496e+02 -5.455521039179282639e+01 -4.437569307902926141e+01
1.762447844228094596e+02 -5.467975676811167318e+01 -4.449204210964617801e+01
1.767454798331015411e+02 -5.480484045862087328e+01 -4.460898747370258377e+01
1.772461752433935942e+02 -5.493043736374804098e+01 -4.472650137034237616e+01
1.777468706536856757e+02 -5.505652348458059464e+01 -4.484455608221274758e+01
1.782475660639777288e+02 -5.518307500465996895e+01 -4.496312404499427373e+01
1.787482614742698104e+02 -5.531006828142639620e+01 -4.508217784334802047e+01
1.792489568845618919e+02 -5.543747981588555263e+01 -4.520169033886003263e+01
1.797496522948539450e+02 -5.556528636152822287e+01 -4.532163462353065597e+01
1.802503477051460266e+02 -5.569346486954916031e+01 -4.544198387177085863e+01
1.807510431154380797e+02 -5.582199253835230479e+01 -4.556271166547301732e+01
1.812517385257301612e+02 -5.595084681694376627e+01 -4.568379173993233167e+01
1.817524339360222427e+02 -5.608000544068434579e+01 -4.580519817122178949e+01
1.822531293463142958e+02 -5.620944640550422378e+01 -4.592690536219591024e+01
1.827538247566063774e+02 -5.633914801123299299e+01 -4.604888794410938146e+01
1.832545201668984305e+02 -5.646908887726002035e+01 -4.617112096062538740e+01
1.837552155771905404e+02 -5.659924794052474795e+01 -4.629357978963396647e+01
1.842559109874825651e+02 -5.672960443835452793e+01 -4.641624010080575147e+01
1.847566063977746751e+02 -5.686013799341142771e+01 -4.653907799083969365e+01
1.852573018080667566e+02 -5.699082852987319825e+01 -4.666206992979129353e+01
1.857579972183588097e+02 -5.712165636772968469e+01 -4.678519281375189820e+01
1.862586926286508913e+02 -5.725260214711286721e+01 -4.690842395664944320e+01
1.867593880389429444e+02 -5.738364690629512666e+01 -4.703174103068008094e+01
1.872600834492350259e+02 -5.751477202115327714e+01 -4.715512216522463973e+01
1.877607788595271074e+02 -5.764595926454038022e+01 -4.727854600892747783e+01
1.882614742698191606e+02 -5.777719076903284190e+01 -4.740199157717844969e+01
1.887621696801112421e+02 -5.790844903944505973e+01 -4.752543839593974440e+01
1.892628650904032952e+02 -5.803971696447095496e+01 -4.764886646488449173e+01
1.897635605006953767e+02 -5.817097779863959772e+01 -4.777225627319623413e+01
1.902642559109874583e+02 -5.830221516697181983e+01 -4.789558877938063119e+01
1.907649513212795114e+02 -5.843341306934578938e+01 -4.801884545248569225e+01
1.912656467315716213e+02 -5.856455586070640607e+01 -4.814200827854179465e+01
1.917663421418636460e+02 -5.869562826736344618e+01 -4.826505975721671859e+01
1.922670375521557560e+02 -5.882661536254434509e+01 -4.838798289984266887e+01
1.927677329624478375e+02 -5.895750256639419717e+01 -4.851076125284022567e+01
1.932684283727398906e+02 -5.908827564597575588e+01 -4.863337886368141483e+01
1.937691237830319722e+02 -5.921892069897128863e+01 -4.875582034548030208e+01
1.942698191933240253e+02 -5.934942415251842363e+01 -4.887807083164558719e+01
1.947705146036161068e+02 -5.947977274458369834e+01 -4.900011597864546786e+01
1.952712100139081883e+02 -5.960995352570878936e+01 -4.912194201105491231e+01
1.957719054242002414e+02 -5.973995383805575443e+01 -4.924353566334799837e+01
1.962726008344923230e+02 -5.986976131715326233e+01 -4.936488423577726792e+01
1.967732962447844045e+02 -5.999936386861352844e+01 -4.948597554664344500e+01
1.972739916550764576e+02 -6.012874966114739550e+01 -4.960679795441434692e+01
1.977746870653685392e+02 -6.025790712423602713e+01 -4.972734035539657782e+01
1.982753824756605923e+02 -6.038682491553461773e+01 -4.984759217209399651e+01
1.987760778859527022e+02 -6.051549193673398008e+01 -4.996754335786432932e+01
1.992767732962447838e+02 -6.064389729165102949e+01 -5.008718438662369010e+01
1.997774687065368369e+02 -6.077203029030332004e+01 -5.020650624513406513e+01
2.002781641168289184e+02 -6.089988043610335922e+01 -5.032550042684603397e+01
2.007788595271209999e+02 -6.102743741203428840e+01 -5.044415894153941338e+01
2.012795549374130530e+02 -6.115469105038189923e+01 -5.056247427357745039e+01
2.017802503477051346e+02 -6.128163135804587114e+01 -5.068043940184294627e+01
2.022809457579971877e+02 -6.140824847117417562e+01 -5.079804778629863904e+01
2.027816411682892692e+02 -6.153453264910072562e+01 -5.091529334971369281e+01
2.032823365785813508e+02 -6.166047426945456778e+01 -5.103217045292561238e+01
2.037830319888734039e+02 -6.178606380782017027e+01 -5.114867391635883109e+01
2.042837273991654854e+02 -6.191129185332843576e+01 -5.126479898339327690e+01
2.047844228094575953e+02 -6.203614903221765076e+01 -5.138054130356537996e+01
2.052851182197496485e+02 -6.216062607782819782e+01 -5.149589697122353016e+01
2.057858136300417300e+02 -6.228471376514622193e+01 -5.161086237281340061e+01
2.062865090403338115e+02 -6.240840292060798333e+01 -5.172543440201042131e+01
2.067872044506258646e+02 -6.253168440647473858e+01 -5.183961015508907622e+01
2.072878998609179462e+02 -6.265454911979648500e+01 -5.195338717262779937e+01
2.077885952712099993e+02 -6.277698796595248609e+01 -5.206676331881021724e+01
2.082892906815020808e+02 -6.289899187515291601e+01 -5.217973666135819144e+01
2.087899860917941623e+02 -6.302055178330081731e+01 -5.229230565020131394e+01
2.092906815020862155e+02 -6.314165860534447461e+01 -5.240446896555383205e+01
2.097913769123782970e+02 -6.326230327369447082e+01 -5.251622550107165921e+01
2.102920723226703501e+02 -6.338247670438457249e+01 -5.262757442521575513e+01
2.107927677329624316e+02 -6.350216978500819209e+01 -5.273851505106023296e+01
2.112934631432545416e+02 -6.362137338446908075e+01 -5.284904699894967450e+01
2.117941585535465663e+02 -6.374007835412365353e+01 -5.295916986788643044e+01
2.122948539638386762e+02 -6.385827549757985366e+01 -5.306888350888175410e+01
2.127955493741307293e+02 -6.397595563200619040e+01 -5.317818786350828475e+01
2.132962447844228109e+02 -6.409310949670933155e+01 -5.328708302824809095e+01
2.137969401947148924e+02 -6.420972783288769392e+01 -5.339556904683377070e+01
2.142976356050069455e+02 -6.432580135478625039e+01 -5.350364609416828898e+01
2.147983310152990271e+02 -6.444132071679328533e+01 -5.361131435983219262e+01
2.152990264255910802e+02 -6.455627658163999172e+01 -5.371857408865970740e+01
2.157997218358831617e+02 -6.467065956668798776e+01 -5.382542536545571465e+01
2.163004172461752148e+02 -6.478446027489249559e+01 -5.393186837506419806e+01
2.168011126564672963e+02 -6.489766929305611143e+01 -5.403790313589281880e+01
2.173018080667593779e+02 -6.501027720842026270e+01 -5.414352966956165858e+01
2.178025034770514310e+02 -6.512227457838940836e+01 -5.424874780601193436e+01
2.183031988873435125e+02 -6.523365196485593742e+01 -5.435355727767314704e+01
2.188038942976355656e+02 -6.534439996529891914e+01 -5.445795765353109630e+01
2.193045897079276472e+02 -6.545450913906444157e+01 -5.456194839416231446e+01
2.198052851182197571e+02 -6.556397009150879285e+01 -5.466552862561960069e+01
2.203059805285118102e+02 -6.567277345781968734e+01 -5.476869736928213683e+01
2.208066759388038918e+02 -6.578090990756858503e+01 -5.487145337406266776e+01
2.213073713490959449e+02 -6.588837011813406264e+01 -5.497379514518846122e+01
2.218080667593880264e+02 -6.599514487703085308e+01 -5.507572089917678682e+01
2.223087621696801079e+02 -6.610122497069563963e+01 -5.517722853327589405e+01
2.228094575799721611e+02 -6.620660128879275419e+01 -5.527831568716513289e+01
2.233101529902642426e+02 -6.631126480984416105e+01 -5.537897965801114708e+01
2.238108484005562957e+02 -6.641520654248064659e+01 -5.547921737804593079e+01
2.243115438108483772e+02 -6.651841764647737421e+01 -5.557902546953950917e+01
2.248122392211404588e+02 -6.662088936972482145e+01 -5.567840014067738252e+01
2.253129346314325119e+02 -6.672261306396735847e+01 -5.577733721998779970e+01
2.258136300417245934e+02 -6.682358019815269756e+01 -5.587583224820232886e+01
2.263143254520166465e+02 -6.692378240635748909e+01 -5.597388017958468254e+01
2.268150208623087565e+02 -6.702321141956504391e+01 -5.607147574422805292e+01
2.273157162726008380e+02 -6.712185913753360467e+01 -5.616861313928689015e+01
2.278164116828928911e+02 -6.721971762423068242e+01 -5.626528620468123165e+01
2.283171070931849727e+02 -6.731677909903824286e+01 -5.636148827626273317e+01
2.288178025034770258e+02 -6.741303595113977565e+01 -5.645721236195782922e+01
2.293184979137691073e+02 -6.750848075473159327e+01 -5.655245101041295186e+01
2.298191933240611604e+02 -6.760310627618282808e+01 -5.664719624271253196e+01
2.303198887343532704e+02 -6.769690544766463347e+01 -5.674143979000785976e+01
2.308205841446453235e+02 -6.778987143045442565e+01 -5.683517287617644342e+01
2.313212795549373766e+02 -6.788199759643676146e+01 -5.692838632144696476e+01
2.318219749652294297e+02 -6.797327749069582126e+01 -5.702107051485211286e+01
2.323226703755215397e+02 -6.806370491149637303e+01 -5.711321545909879660e+01
2.328233657858135928e+02 -6.815327384707843805e+01 -5.720481071564802278e+01
2.333240611961056459e+02 -6.824197854827703225e+01 -5.729584547401839245e+01
2.338247566063977843e+02 -6.832981344759078013e+01 -5.738630851520622400e+01
2.343254520166898374e+02 -6.841677322474795631e+01 -5.747618832066120831e+01
2.348261474269818621e+02 -6.850285281527676773e+01 -5.756547292135121552e+01
2.353268428372740004e+02 -6.858804736154043269e+01 -5.765414997375910389e+01
2.358275382475660535e+02 -6.867235224023234252e+01 -5.774220698448471012e+01
2.363282336578581067e+02 -6.875576309188973312e+01 -5.782963090276932405e+01
2.368289290681501882e+02 -6.883827576441463236e+01 -5.791640855538314270e+01
2.373296244784422697e+02 -6.891988636437163507e+01 -5.800252640262367265e+01
2.378303198887343228e+02 -6.900059122278180723e+01 -5.808797063879789846e+01
2.383310152990264044e+02 -6.908038691340162529e+01 -5.817272723270998824e+01
2.388317107093184859e+02 -6.915927023524101003e+01 -5.825678191564855979e+01
2.393324061196105390e+02 -6.923723824219460710e+01 -5.834012020784592778e+01
2.398331015299026205e+02 -6.931428820403208135e+01 -5.842272745967096625e+01
2.403337969401946737e+02 -6.939041761236477157e+01 -5.850458876206471359e+01
2.408344923504867552e+02 -6.946562420131850502e+01 -5.858568918413379834e+01
2.413351877607788083e+02 -6.953990592176306507e+01 -5.866601356089245201e+01
2.418358831710709183e+02 -6.961326094597789904e+01 -5.874554669268553653e+01
2.423365785813629998e+02 -6.968568764880511424e+01 -5.882427323393648066e+01
2.428372739916550529e+02 -6.975718464024576804e+01 -5.890217781333326741e+01
2.433379694019471344e+02 -6.982775070990800259e+01 -5.897924493172580185e+01
2.438386648122392160e+02 -6.989738487342737017e+01 -5.905545914651268902e+01
2.443393602225312691e+02 -6.996608634314628716e+01 -5.913080497525825763e+01
2.448400556328233506e+02 -7.003385451228484726e+01 -5.920526690720768670e+01
2.453407510431154037e+02 -7.010068896240215963e+01 -5.927882948306111643e+01
2.458414464534074853e+02 -7.016658948398787743e+01 -5.935147732843601887e+01
2.463421418636995668e+02 -7.023155600893903738e+01 -5.942319499676072780e+01
2.468428372739916199e+02 -7.029558865483511454e+01 -5.949396730073117112e+01
2.473435326842837014e+02 -7.035868771504271990e+01 -5.956377898342822164e+01
2.478442280945758114e+02 -7.042085364125330216e+01 -5.963261494412932961e+01
2.483449235048678645e+02 -7.048208702020008332e+01 -5.970046023481614839e+01
2.488456189151599460e+02 -7.054238861091096169e+01 -5.976730000220328520e+01
2.493463143254520276e+02 -7.060175931211222178e+01 -5.983311954878359984e+01
2.498470097357440807e+02 -7.066020015058700210e+01 -5.989790429120972703e+01
2.503477051460361338e+02 -7.071771227899250789e+01 -5.996163985734483504e+01
2.508484005563282153e+02 -7.077429698797041624e+01 -6.002431203653713965e+01
2.513490959666202968e+02 -7.082995568884635418e+01 -6.008590682452222609e+01
2.518497913769123500e+02 -7.088468989141384213e+01 -6.014641033451653129e+01
2.523504867872044315e+02 -7.093850122548738568e+01 -6.020580891485906250e+01
2.528511821974965130e+02 -7.099139141634205430e+01 -6.026408913300898007e+01
2.533518776077885661e+02 -7.104336229402670710e+01 -6.032123773114349774e+01
2.538525730180806477e+02 -7.109441576127701978e+01 -6.037724163859323312e+01
2.543532684283727576e+02 -7.114455382163706076e+01 -6.043208806076434314e+01
2.548539638386647823e+02 -7.119377855501207364e+01 -6.048576439031747043e+01
2.553546592489568354e+02 -7.124209209838258516e+01 -6.053825818088951394e+01
2.558553546592489738e+02 -7.128949668474919577e+01 -6.058955728628787085e+01
2.563560500695410269e+02 -7.133599458715283959e+01 -6.063964970860453718e+01
2.568567454798330800e+02 -7.138158814270386188e+01 -6.068852367330165976e+01
2.573574408901251900e+02 -7.142627974959427206e+01 -6.073616763415358832e+01
2.578581363004172431e+02 -7.147007184337812191e+01 -6.078257025523654988e+01
2.583588317107092962e+02 -7.151296690573903447e+01 -6.082772040578149131e+01
2.588595271210013493e+02 -7.155496745837839967e+01 -6.087160711946509650e+01
2.593602225312934593e+02 -7.159607605544837838e+01 -6.091421966919753572e+01
2.598609179415855124e+02 -7.163629528136911517e+01 -6.095554748097512743e+01
2.603616133518775655e+02 -7.167562774617212540e+01 -6.099558024010931945e+01
2.608623087621696754e+02 -7.171407608317198878e+01 -6.103430770592396470e+01
2.613630041724617286e+02 -7.175164293266820437e+01 -6.107171990232174608e+01
2.618636995827537817e+02 -7.178833096522825485e+01 -6.110780697105084869e+01
2.623643949930458916e+02 -7.182414284152432060e+01 -6.114255923566972228e+01
2.628650904033379447e+02 -7.185908124492956972e+01 -6.117596718092656261e+01
2.633657858136299978e+02 -7.189314885008602118e+01 -6.120802140870338803e+01
2.638664812239220510e+02 -7.192634833687438345e+01 -6.123871265986210233e+01
2.643671766342141609e+02 -7.195868237819044566e+01 -6.126803183989224522e+01
2.648678720445062140e+02 -7.199015364285546070e+01 -6.129596995832955031e+01
2.653685674547982671e+02 -7.202076478630291945e+01 -6.132251813253944306e+01
2.658692628650904339e+02 -7.205051845174270397e+01 -6.134766757200097231e+01
2.663699582753824870e+02 -7.207941726783278114e+01 -6.137140961099943581e+01
2.668706536856744833e+02 -7.210746384926127917e+01 -6.139373565625375306e+01
2.673713490959666501e+02 -7.213466078044834262e+01 -6.141463720772391355e+01
2.678720445062587032e+02 -7.216101063417258388e+01 -6.143410581231093204e+01
2.683727399165507563e+02 -7.218651594828801876e+01 -6.145213309742486274e+01
2.688734353268428094e+02 -7.221117924667882448e+01 -6.146871073616877368e+01
2.693741307371349194e+02 -7.223500301131966239e+01 -6.148383045002402980e+01
2.698748261474269725e+02 -7.225798970090212947e+01 -6.149748399956435208e+01
2.703755215577190256e+02 -7.228014174384983903e+01 -6.150966316564291958e+01
2.708762169680111356e+02 -7.230146152842311835e+01 -6.152035976862818245e+01
2.713769123783031887e+02 -7.232195141668884730e+01 -6.152956560706071798e+01
2.718776077885952418e+02 -7.234161372705816007e+01 -6.153727251964438949e+01
2.723783031988873518e+02 -7.236045074592797732e+01 -6.154347232471037898e+01
2.728789986091794049e+02 -7.237846471567567619e+01 -6.154815683302287255e+01
2.733796940194714580e+02 -7.239565784775581392e+01 -6.155131784195829425e+01
2.738803894297635111e+02 -7.241203230538334878e+01 -6.155294711629677806e+01
2.743810848400556210e+02 -7.242759021779451700e+01 -6.155303640452031289e+01
2.748817802503476742e+02 -7.244233367115188571e+01 -6.155157740869168492e+01
2.753824756606397273e+02 -7.245626470854435297e+01 -6.154856178619508000e+01
2.758831710709318372e+02 -7.246938533231545421e+01 -6.154398115891223142e+01
2.763838664812238903e+02 -7.248169750057090255e+01 -6.153782708644126842e+01
2.768845618915159434e+02 -7.249320313183520170e+01 -6.153009106478845069e+01
2.773852573018079966e+02 -7.250390410737995239e+01 -6.152076454906915615e+01
2.778859527121001065e+02 -7.251380224677663477e+01 -6.150983891698257366e+01
2.783866481223921596e+02 -7.252289934980612429e+01 -6.149730546881170312e+01
2.788873435326842127e+02 -7.253119717317562731e+01 -6.148315544139319400e+01
2.793880389429763227e+02 -7.253869742004130217e+01 -6.146737999928501495e+01
2.798887343532683758e+02 -7.254540175372343924e+01 -6.144997022997455360e+01
2.803894297635604289e+02 -7.255131180571001437e+01 -6.143091714426742556e+01
2.808901251738525957e+02 -7.255642917412873771e+01 -6.141021166064643921e+01
2.813908205841446488e+02 -7.256075540031847027e+01 -6.138784465564282300e+01
2.818915159944367019e+02 -7.256429199651424256e+01 -6.136380688471587064e+01
2.823922114047287550e+02 -7.256704044701140788e+01 -6.133808906490781965e+01
2.828929068150208650e+02 -7.256900218721088436e+01 -6.131068181576307552e+01
2.833936022253129181e+02 -7.257017864320036438e+01 -6.128157568929520949e+01
2.838942976356049712e+02 -7.257057116909012962e+01 -6.125076119695688703e+01
2.843949930458970812e+02 -7.257018113051560704e+01 -6.121822874476902143e+01
2.848956884561891343e+02 -7.256900983535376781e+01 -6.118396871609171939e+01
2.853963838664811874e+02 -7.256705857486156219e+01 -6.114797142103803651e+01
2.858970792767732974e+02 -7.256432862621511504e+01 -6.111022717093085532e+01
2.863977746870653505e+02 -7.256082122209295449e+01 -6.107072617428578098e+01
2.868984700973574036e+02 -7.255653758632338679e+01 -6.102945868892796000e+01
2.873991655076494567e+02 -7.255147892149484790e+01 -6.098641488867663440e+01
2.878998609179415666e+02 -7.254564641841075456e+01 -6.094158499668203888e+01
2.884005563282336198e+02 -7.253904126217908299e+01 -6.089495924002342520e+01
2.889012517385257297e+02 -7.253166458319260812e+01 -6.084652789126046457e+01
2.894019471488177828e+02 -7.252351757472202110e+01 -6.079628118609669229e+01
2.899026425591098359e+02 -7.251460136014789271e+01 -6.074420953872738949e+01
2.904033379694019459e+02 -7.250491710159981551e+01 -6.069030338673890412e+01
2.909040333796939990e+02 -7.249446594402247968e+01 -6.063455321859699154e+01
2.914047287899860521e+02 -7.248324902974123063e+01 -6.057694975397460269e+01
2.919054242002781621e+02 -7.247126754037158491e+01 -6.051748379564054403e+01
2.924061196105702152e+02 -7.245852265185381214e+01 -6.045614636010662934e+01
2.929068150208622683e+02 -7.244501551901539926e+01 -6.039292861375082566e+01
2.934075104311543782e+02 -7.243074738978084781e+01 -6.032782206925271851e+01
2.939082058414464314e+02 -7.241571947020976552e+01 -6.026081838443583649e+01
2.944089012517384845e+02 -7.239993304158066678e+01 -6.019190958407939007e+01
2.949095966620305944e+02 -7.238338936484798580e+01 -6.012108811011508180e+01
2.954102920723226475e+02 -7.236608979191079527e+01 -6.004834665372705160e+01
2.959109874826147006e+02 -7.234803569698489412e+01 -5.997367844372725187e+01
2.964116828929068106e+02 -7.232922847112423881e+01 -5.989707713518838261e+01
2.969123783031988637e+02 -7.230966958994760319e+01 -5.981853691433171605e+01
2.974130737134909168e+02 -7.228936058007822396e+01 -5.973805259004748791e+01
2.979137691237830268e+02 -7.226830303207681538e+01 -5.965561954026574654e+01
2.984144645340750799e+02 -7.224649857268379094e+01 -5.957123387094119948e+01
2.989151599443671330e+02 -7.222394892484591367e+01 -5.948489244574679446e+01
2.994158553546592429e+02 -7.220065591773851565e+01 -5.939659289633166850e+01
2.999165507649512961e+02 -7.217662140956923622e+01 -5.930633379287795037e+01
3.004172461752433492e+02 -7.215184737962664485e+01 -5.921411464132145852e+01
3.009179415855354023e+02 -7.212633588581110189e+01 -5.911993596968051179e+01
3.014186369958275691e+02 -7.210008909792723841e+01 -5.902379941456612755e+01
3.019193324061196222e+02 -7.207310931915036178e+01 -5.892570785505877495e+01
3.024200278164116185e+02 -7.204539891723162270e+01 -5.882566536999001983e+01
3.029207232267037853e+02 -7.201696039335421062e+01 -5.872367741762354854e+01
3.034214186369958384e+02 -7.198779641755746184e+01 -5.861975089418956486e+01
3.039221140472878915e+02 -7.195790974295587716e+01 -5.851389421619032305e+01
3.044228094575799446e+02 -7.192730329743019979e+01 -5.840611756005932875e+01
3.049235048678720545e+02 -7.189598015788644148e+01 -5.829643269051115340e+01
3.054242002781641077e+02 -7.186394348670430077e+01 -5.818485326664506374e+01
3.059248956884561608e+02 -7.183119673677421702e+01 -5.807139492940670777e+01
3.064255910987482707e+02 -7.179774340921098030e+01 -5.795607530424172182e+01
3.069262865090403238e+02 -7.176358724925276533e+01 -5.783891410910563025e+01
3.074269819193323769e+02 -7.172873212920504216e+01 -5.771993348191152506e+01
3.079276773296244869e+02 -7.169318221237591615e+01 -5.759915773974418585e+01
3.084283727399165400e+02 -7.165694175951176703e+01 -5.747661379525787595e+01
3.089290681502085931e+02 -7.162001523633969668e+01 -5.735233100580907717e+01
3.094297635605006462e+02 -7.158240740661292989e+01 -5.722634150227008831e+01
3.099304589707927562e+02 -7.154412317563563306e+01 -5.709868012697549489e+01
3.104311543810848093e+02 -7.150516766480885167e+01 -5.696938450728112002e+01
3.109318497913768624e+02 -7.146554631378245404e+01 -5.683849539381014893e+01
3.114325452016689724e+02 -7.142526470220042256e+01 -5.670605643367423454e+01
3.119332406119610255e+02 -7.138432869328704555e+01 -5.657211443025801145e+01
3.124339360222530786e+02 -7.134274439992901762e+01 -5.643671934583748850e+01
3.129346314325451885e+02 -7.130051821751573016e+01 -5.629992438689015444e+01
3.134353268428372417e+02 -7.125765668509581019e+01 -5.616178603818781312e+01
3.139360222531292948e+02 -7.121416678800238742e+01 -5.602236410345108197e+01
3.144367176634213479e+02 -7.117005562557829990e+01 -5.588172184918174423e+01
3.149374130737134578e+02 -7.112533064367022462e+01 -5.573992582652324757e+01
3.154381084840055109e+02 -7.107999952914548203e+01 -5.559704591816991126e+01
3.159388038942975641e+02 -7.103407029540025519e+01 -5.545315538917269294e+01
3.164394993045897309e+02 -7.098755117990580743e+01 -5.530833070491756587e+01
3.169401947148817840e+02 -7.094045073278752511e+01 -5.516265189930631152e+01
3.174408901251737802e+02 -7.089277783662569732e+01 -5.501620187154227892e+01
3.179415855354659470e+02 -7.084454154831124129e+01 -5.486906670669443997e+01
3.184422809457580001e+02 -7.079575135849896128e+01 -5.472133559100373645e+01
3.189429763560500533e+02 -7.074641685478860609e+01 -5.457310038319666035e+01
3.194436717663421064e+02 -7.069654810674018108e+01 -5.442445575894144838e+01
3.199443671766342163e+02 -7.064615533408706938e+01 -5.427549882418307448e+01
3.204450625869262694e+02 -7.059524909600420983e+01 -5.412632925752991753e+01
3.209457579972183225e+02 -7.054384015493249649e+01 -5.397704862639461965e+01
3.214464534075104325e+02 -7.049193964332496876e+01 -5.382776038458493417e+01
3.219471488178024856e+02 -7.043955887893369550e+01 -5.367856969547919732e+01
3.224478442280945387e+02 -7.038670945585161576e+01 -5.352958321985239820e+01
3.229485396383865918e+02 -7.033340323792774029e+01 -5.338090863726520752e+01
3.234492350486787018e+02 -7.027965232082325997e+01 -5.323265424573322946e+01
3.239499304589707549e+02 -7.022546897809635880e+01 -5.308492924749607766e+01
3.244506258692628649e+02 -7.017086574975077440e+01 -5.293784267297674262e+01
3.249513212795549180e+02 -7.011585541134958532e+01 -5.279150363953229430e+01
3.254520166898469711e+02 -7.006045084001608814e+01 -5.264602080050774191e+01
3.259527121001390810e+02 -7.000466513904622445e+01 -5.250150188630452419e+01
3.264534075104311910e+02 -6.994851159359906489e+01 -5.235805402336511349e+01
3.269541029207232441e+02 -6.989200359649341010e+01 -5.221578244752507203e+01
3.274547983310152972e+02 -6.983515465630436836e+01 -5.207479074498181149e+01
3.279554937413073503e+02 -6.977797839163150684e+01 -5.193518087578880227e+01
3.284561891515994603e+02 -6.972048857553211576e+01 -5.179705187930730403e+01
3.289568845618915134e+02 -6.966269888558038303e+01 -5.166050086890862758e+01
3.294575799721835665e+02 -6.960462322240012156e+01 -5.152562175833048741e+01
3.299582753824756765e+02 -6.954627539336463826e+01 -5.139250528954329411e+01
3.304589707927677296e+02 -6.948766919854804769e+01 -5.126123898545628776e+01
3.309596662030597827e+02 -6.942881849199309841e+01 -5.113190709614785590e+01
3.314603616133518926e+02 -6.936973691622154092e+01 -5.100458986185731192e+01
3.319610570236439457e+02 -6.931043820159868574e+01 -5.087936352667672679e+01
3.324617524339359989e+02 -6.925093587368576209e+01 -5.075630076238734034e+01
3.329624478442280520e+02 -6.919124328202099150e+01 -5.063546983185072747e+01
3.334631432545201619e+02 -6.913137369548255151e+01 -5.051693414929171411e+01
3.339638386648122150e+02 -6.907134012107323429e+01 -5.040075401303536751e+01
3.344645340751042681e+02 -6.901115529958676120e+01 -5.028698435875084272e+01
3.349652294853963781e+02 -6.895083187983485118e+01 -5.017567595989274309e+01
3.354659248956884312e+02 -6.889038210891082770e+01 -5.006687513903037257e+01
3.359666203059804843e+02 -6.882981784332439190e+01 -4.996062356481436950e+01
3.364673157162726511e+02 -6.876915080094401844e+01 -4.985695856759427613e+01
3.369680111265647042e+02 -6.870839214154732133e+01 -4.975591284314114660e+01
3.374687065368567005e+02 -6.864755270273637677e+01 -4.965751504955150608e+01
3.379694019471487536e+02 -6.858664292611796043e+01 -4.956178893711980038e+01
3.384700973574409204e+02 -6.852567273330598141e+01 -4.946875422630024843e+01
3.389707927677329735e+02 -6.846465162257491954e+01 -4.937842675686221128e+01
3.394714881780250266e+02 -6.840358850883208675e+01 -4.929081677610861334e+01
3.399721835883171366e+02 -6.834249188747494941e+01 -4.920593224751677042e+01
3.404728789986091897e+02 -6.828136963397449222e+01 -4.912377545895900255e+01
3.409735744089012428e+02 -6.822022899029612120e+01 -4.904434587626559505e+01
3.414742698191932959e+02 -6.815907673885880058e+01 -4.896763884746228257e+01
3.419749652294854059e+02 -6.809791902023056309e+01 -4.889364578458186372e+01
3.424756606397774590e+02 -6.803676122472883492e+01 -4.882235419633504137e+01
3.429763560500695121e+02 -6.797560824720552830e+01 -4.875374823584571971e+01
3.434770514603616220e+02 -6.791446413541214611e+01 -4.868780919645055860e+01
3.439777468706536752e+02 -6.785333246533062379e+01 -4.862451367884773390e+01
3.444784422809457283e+02 -6.779221597935182331e+01 -4.856383588032173293e+01
3.449791376912378382e+02 -6.773111675742191551e+01 -4.850574711207249834e+01
3.454798331015298913e+02 -6.767003629859435421e+01 -4.845021447566537631e+01
3.459805285118219444e+02 -6.760897511595292997e+01 -4.839720298402775711e+01
3.464812239221139976e+02 -6.754793330947767060e+01 -4.834667463655956965e+01
3.469819193324061075e+02 -6.748691000794241290e+01 -4.829858769531735163e+01
3.474826147426981606e+02 -6.742590383459760517e+01 -4.825289946886439907e+01
3.479833101529902137e+02 -6.736491247158367912e+01 -4.820956242291795490e+01
3.484840055632823237e+02 -6.730393310155589859e+01 -4.816852820126877077e+01
3.489847009735743768e+02 -6.724296197764357430e+01 -4.812974587971574181e+01
3.494853963838664299e+02 -6.718199490573609012e+01 -4.809316083502514516e+01
3.499860917941585399e+02 -6.712102670066045107e+01 -4.805871773166487060e+01
3.504867872044505930e+02 -6.706005166011607344e+01 -4.802635777396986327e+01
3.509874826147426461e+02 -6.699906344011802162e+01 -4.799602170363228026e+01
3.514881780250346992e+02 -6.693805492289507697e+01 -4.796764626913738994e+01
3.519888734353268660e+02 -6.687701833240831206e+01 -4.794116828020959531e+01
3.524895688456189191e+02 -6.681594520904732804e+01 -4.791652134748017033e+01
3.529902642559109154e+02 -6.675482668065492931e+01 -4.789363864448783659e+01
3.534909596662030822e+02 -6.669365303673808398e+01 -4.787245109514427099e+01
3.539916550764951353e+02 -6.663241403814406283e+01 -4.785288806259725902e+01
3.544923504867871884e+02 -6.657109884191773119e+01 -4.783487836454304443e+01
3.549930458970792415e+02 -6.650969616191464695e+01 -4.781834872238107437e+01
3.554937413073713515e+02 -6.644819409728511062e+01 -4.780322610085767110e+01
3.559944367176634046e+02 -6.638658010513918839e+01 -4.778943469309358250e+01
3.564951321279554577e+02 -6.632484141883067252e+01 -4.777690013549427306e+01
3.569958275382475676e+02 -6.626296449598483207e+01 -4.776554498490949641e+01
3.574965229485396208e+02 -6.620093559433681207e+01 -4.775529333874081317e+01
3.579972183588316739e+02 -6.613874039536281657e+01 -4.774606782781347647e+01
3.584979137691237838e+02 -6.607636424640045902e+01 -4.773779067251096819e+01
3.589986091794158369e+02 -6.601379192481483926e+01 -4.773038479570740833e+01
3.594993045897078900e+02 -6.595100815079608481e+01 -4.772377151019365726e+01
3.600000000000000000e+02 -6.588799703217777903e+01 -4.771787436703600349e+01
