# lons lats(polar edge) lats(equatorward edge)
0.000000000000000000e+00 -8.294649206973554101e+01 -7.552910764282569289e+01
5.006954102920723182e-01 -8.289647543830372456e+01 -7.545783083001151681e+01
1.001390820584144636e+00 -8.284561134158283835e+01 -7.538575119229062693e+01
1.502086230876216844e+00 -8.279388726790884334e+01 -7.531286335833283374e+01
2.002781641168289273e+00 -8.274129056372154878e+01 -7.523916189376177499e+01
2.503477051460361480e+00 -8.268780841939516790e+01 -7.516464133680710802e+01
3.004172461752433687e+00 -8.263342789320699922e+01 -7.508929612980136881e+01
3.504867872044505894e+00 -8.257813588789667847e+01 -7.501312068058905425e+01
4.005563282336578546e+00 -8.252191918619735134e+01 -7.493610937475023093e+01
4.506258692628650309e+00 -8.246476442912879179e+01 -7.485825648858008208e+01
5.006954102920722960e+00 -8.240665811738804791e+01 -7.477955629910138668e+01
5.507649513212795611e+00 -8.234758663557929026e+01 -7.470000298321974697e+01
6.008344923504867374e+00 -8.228753625130761407e+01 -7.461959072159697826e+01
6.509040333796940025e+00 -8.222649310901181252e+01 -7.453831358583738620e+01
7.009735744089011789e+00 -8.216444325262720838e+01 -7.445616566347052867e+01
7.510431154381083552e+00 -8.210137260922360269e+01 -7.437314092185442860e+01
8.011126564673157091e+00 -8.203726701711383384e+01 -7.428923337025662477e+01
8.511821974965229742e+00 -8.197211221282660176e+01 -7.420443689978310431e+01
9.012517385257300617e+00 -8.190589386302409025e+01 -7.411874539048039878e+01
9.513212795549373268e+00 -8.183859753698428108e+01 -7.403215271599219705e+01
1.001390820584144592e+01 -8.177020875179442783e+01 -7.394465265042708779e+01
1.051460361613352035e+01 -8.170071294714378496e+01 -7.385623901329563523e+01
1.101529902642559122e+01 -8.163009551574504030e+01 -7.376690552748368646e+01
1.151599443671766032e+01 -8.155834180389844335e+01 -7.367664592999244633e+01
1.201668984700973475e+01 -8.148543711957415780e+01 -7.358545393410349789e+01
1.251738525730180740e+01 -8.141136674439144372e+01 -7.349332321861038508e+01
1.301808066759388005e+01 -8.133611593596879175e+01 -7.340024748716768954e+01
1.351877607788595093e+01 -8.125966994881412120e+01 -7.330622041963306401e+01
1.401947148817802358e+01 -8.118201403951799477e+01 -7.321123568706480000e+01
1.452016689847009623e+01 -8.110313348456652704e+01 -7.311528698906568025e+01
1.502086230876216710e+01 -8.102301356405936872e+01 -7.301836803542482812e+01
1.552155771905424153e+01 -8.094163961729078949e+01 -7.292047254786393751e+01
1.602225312934631418e+01 -8.085899701897008640e+01 -7.282159427226088155e+01
1.652294853963838506e+01 -8.077507120650570016e+01 -7.272172701590261568e+01
1.702364394993045948e+01 -8.068984768359737814e+01 -7.262086461779927049e+01
1.752433936022252681e+01 -8.060331204853804365e+01 -7.251900098069836531e+01
1.802503477051460123e+01 -8.051544999851518014e+01 -7.241613005071212683e+01
1.852573018080667566e+01 -8.042624732466418891e+01 -7.231224589502471645e+01
1.902642559109874654e+01 -8.033568996719591837e+01 -7.220734261428970058e+01
1.952712100139081741e+01 -8.024376398692572820e+01 -7.210141445686258521e+01
2.002781641168289184e+01 -8.015045561148224351e+01 -7.199445574778405899e+01
2.052851182197496627e+01 -8.005575123480238631e+01 -7.188646093696047501e+01
2.102920723226704069e+01 -7.995963743063967399e+01 -7.177742464687366919e+01
2.152990264255910802e+01 -7.986210098248321287e+01 -7.166734161773388223e+01
2.203059805285118244e+01 -7.976312886681753866e+01 -7.155620675055001811e+01
2.253129346314325332e+01 -7.966270832103091948e+01 -7.144401516493712734e+01
2.303198887343532064e+01 -7.956082680719319455e+01 -7.133076214901689127e+01
2.353268428372739507e+01 -7.945747206240540095e+01 -7.121644321084045259e+01
2.403337969401946950e+01 -7.935263210229223318e+01 -7.110105409997072456e+01
2.453407510431154037e+01 -7.924629524603133746e+01 -7.098459080106135843e+01
2.503477051460361480e+01 -7.913845011169669874e+01 -7.086704957806273342e+01
2.553546592489568567e+01 -7.902908567010072716e+01 -7.074842699001305846e+01
2.603616133518776010e+01 -7.891819124828671761e+01 -7.062871987827816156e+01
2.653685674547983453e+01 -7.880575652603639014e+01 -7.050792545747822260e+01
2.703755215577190185e+01 -7.869177157894355901e+01 -7.038604125116830801e+01
2.753824756606397628e+01 -7.857622691362976752e+01 -7.026306516692852711e+01
2.803894297635604715e+01 -7.845911343340176813e+01 -7.013899553070655202e+01
2.853963838664812158e+01 -7.834042251333940499e+01 -7.001383105960553621e+01
2.904033379694019246e+01 -7.822014600262392037e+01 -6.988757093178361401e+01
2.954102920723226333e+01 -7.809827622744833775e+01 -6.976021477257387460e+01
3.004172461752433421e+01 -7.797480605155342914e+01 -6.963176272041533821e+01
3.054242002781640863e+01 -7.784972885585503377e+01 -6.950221543392768808e+01
3.104311543810848306e+01 -7.772303859781587221e+01 -6.937157408650460866e+01
3.154381084840055394e+01 -7.759472980707997181e+01 -6.923984043849128511e+01
3.204450625869262836e+01 -7.746479764193409778e+01 -6.910701687763872769e+01
3.254520166898469569e+01 -7.733323787883037426e+01 -6.897310636322441724e+01
3.304589707927677011e+01 -7.720004696477317907e+01 -6.883811253104437355e+01
3.354659248956884454e+01 -7.706522203594559528e+01 -6.870203970912950808e+01
3.404728789986091897e+01 -7.692876094099247553e+01 -6.856489288602131182e+01
3.454798331015298629e+01 -7.679066227827334501e+01 -6.842667783126341874e+01
3.504867872044505361e+01 -7.665092540284732081e+01 -6.828740105480062539e+01
3.554937413073713515e+01 -7.650955051553083308e+01 -6.814706985354530389e+01
3.605006954102920247e+01 -7.636653860236165769e+01 -6.800569233466046626e+01
3.655076495132127690e+01 -7.622189155916336745e+01 -6.786327747143911893e+01
3.705146036161335132e+01 -7.607561214963558882e+01 -6.771983508405025987e+01
3.755215577190541865e+01 -7.592770410372529000e+01 -6.757537589298078728e+01
3.805285118219749307e+01 -7.577817208735856980e+01 -6.742991155834386063e+01
3.855354659248956750e+01 -7.562702180488619774e+01 -6.728345463873336030e+01
3.905424200278163482e+01 -7.547425996183071106e+01 -6.713601873276854803e+01
3.955493741307371636e+01 -7.531989438006482374e+01 -6.698761835714901736e+01
4.005563282336578368e+01 -7.516393396550617467e+01 -6.683826910294226309e+01
4.055632823365785811e+01 -7.500638880314133417e+01 -6.668798758610716959e+01
4.105702364394993253e+01 -7.484727013636208426e+01 -6.653679145586136201e+01
4.155771905424199986e+01 -7.468659046118906986e+01 -6.638469944910536924e+01
4.205841446453408139e+01 -7.452436353092841159e+01 -6.623173141092945571e+01
4.255910987482614871e+01 -7.436060442602089893e+01 -6.607790827923406596e+01
4.305980528511821603e+01 -7.419532953425138544e+01 -6.592325213362880731e+01
4.356050069541029046e+01 -7.402855666308957439e+01 -6.576778614891179586e+01
4.406119610570236489e+01 -7.386030502572018008e+01 -6.561153468615327711e+01
4.456189151599443221e+01 -7.369059529575812917e+01 -6.545452324612949724e+01
4.506258692628650664e+01 -7.351944963751654427e+01 -6.529677847106893296e+01
4.556328233657857396e+01 -7.334689175548325579e+01 -6.513832818889011378e+01
4.606397774687064128e+01 -7.317294692691709201e+01 -6.497920138409779156e+01
4.656467315716272282e+01 -7.299764199282569166e+01 -6.481942820476785982e+01
4.706536856745479014e+01 -7.282100544411284204e+01 -6.465903993897325108e+01
4.756606397774686457e+01 -7.264306743496624108e+01 -6.449806905087268660e+01
4.806675938803893899e+01 -7.246385977034285020e+01 -6.433654913414454768e+01
4.856745479833100632e+01 -7.228341597610912572e+01 -6.417451491547933529e+01
4.906815020862308074e+01 -7.210177129380232941e+01 -6.401200223915463994e+01
4.956884561891514807e+01 -7.191896270624189924e+01 -6.384904803443885157e+01
5.006954102920722960e+01 -7.173502893258179824e+01 -6.368569032956099818e+01
5.057023643949929692e+01 -7.155001045275773208e+01 -6.352196817022002051e+01
5.107093184979137135e+01 -7.136394951418103005e+01 -6.335792165916598151e+01
5.157162726008345288e+01 -7.117689010729142751e+01 -6.319359187694718116e+01
5.207232267037552020e+01 -7.098887798185521092e+01 -6.302902085375026786e+01
5.257301808066758753e+01 -7.079996062833876636e+01 -6.286425156652913415e+01
5.307371349095966906e+01 -7.061018724953234482e+01 -6.269932785256261809e+01
5.357440890125173638e+01 -7.041960875833089517e+01 -6.253429441082718654e+01
5.407510431154380370e+01 -7.022827773218656944e+01 -6.236919671772940887e+01
5.457579972183587813e+01 -7.003624838465972857e+01 -6.220408101110680832e+01
5.507649513212795256e+01 -6.984357652758396284e+01 -6.203899421273692383e+01
5.557719054242002699e+01 -6.965031951704210655e+01 -6.187398389224856032e+01
5.607788595271209431e+01 -6.945653620680010931e+01 -6.170909819436221255e+01
5.657858136300416163e+01 -6.926228688136822598e+01 -6.154438580163716210e+01
5.707927677329624316e+01 -6.906763319335502160e+01 -6.137989583901091351e+01
5.757997218358831759e+01 -6.887263809972998274e+01 -6.121567785168028308e+01
5.808066759388038491e+01 -6.867736576767262591e+01 -6.105178170265591575e+01
5.858136300417245934e+01 -6.848188151316341532e+01 -6.088825752386784984e+01
5.908205841446452666e+01 -6.828625167663764728e+01 -6.072515563467479183e+01
5.958275382475660109e+01 -6.809054357176270855e+01 -6.056252649413383438e+01
6.008344923504866841e+01 -6.789482535097837967e+01 -6.040042059389836027e+01
6.058414464534074995e+01 -6.769916591469288392e+01 -6.023888841456229670e+01
6.108484005563281727e+01 -6.750363480068833155e+01 -6.007798032088632567e+01
6.158553546592489170e+01 -6.730830207469031734e+01 -5.991774652978367044e+01
6.208623087621696612e+01 -6.711323821395259870e+01 -5.975823698459154798e+01
6.258692628650903345e+01 -6.691851398385685457e+01 -5.959950131490788294e+01
6.308762169680110787e+01 -6.672420030869167817e+01 -5.944158874578735663e+01
6.358831710709318941e+01 -6.653036817852031959e+01 -5.928454803371297999e+01
6.408901251738525673e+01 -6.633708848561715854e+01 -5.912842737579214258e+01
6.458970792767732405e+01 -6.614443193599205983e+01 -5.897327434805649204e+01
6.509040333796939137e+01 -6.595246889106553567e+01 -5.881913582862782164e+01
6.559109874826147291e+01 -6.576126926056664956e+01 -5.866605792612264736e+01
6.609179415855354023e+01 -6.557090238844600094e+01 -5.851408591445962770e+01
6.659248956884562176e+01 -6.538143690619241966e+01 -5.836326416533867700e+01
6.709318497913768908e+01 -6.519294062631294651e+01 -5.821363607373515947e+01
6.759388038942975641e+01 -6.500548042824581785e+01 -5.806524401016960724e+01
6.809457579972183794e+01 -6.481912213612437768e+01 -5.791812923688868864e+01
6.859527121001390526e+01 -6.463393041167498154e+01 -5.777233188923875673e+01
6.909596662030597258e+01 -6.444996865235358996e+01 -5.762789088078736199e+01
6.959666203059803991e+01 -6.426729887027383370e+01 -5.748484387538357510e+01
7.009735744089010723e+01 -6.408598162934274001e+01 -5.734322724073737731e+01
7.059805285118218876e+01 -6.390607592418879790e+01 -5.720307599195822945e+01
7.109874826147427029e+01 -6.372763910565615220e+01 -5.706442376274227968e+01
7.159944367176633762e+01 -6.355072679931387825e+01 -5.692730276520907751e+01
7.210013908205840494e+01 -6.337539283677094204e+01 -5.679174375861495605e+01
7.260083449235048647e+01 -6.320168918582700712e+01 -5.665777602141335478e+01
7.310152990264255379e+01 -6.302966588993646724e+01 -5.652542732797175518e+01
7.360222531293462112e+01 -6.285937101232909185e+01 -5.639472392528861633e+01
7.410292072322670265e+01 -6.269085059526466353e+01 -5.626569052600845566e+01
7.460361613351876997e+01 -6.252414861113854272e+01 -5.613835028979539743e+01
7.510431154381083729e+01 -6.235930694618352277e+01 -5.601272481401994696e+01
7.560500695410290461e+01 -6.219636535390370113e+01 -5.588883414540052286e+01
7.610570236439498615e+01 -6.203536145274617297e+01 -5.576669676137700549e+01
7.660639777468706768e+01 -6.187633070048966033e+01 -5.564632959106549492e+01
7.710709318497913500e+01 -6.171930640122943146e+01 -5.552774801525831094e+01
7.760778859527120233e+01 -6.156431969373576862e+01 -5.541096588388629129e+01
7.810848400556326965e+01 -6.141139956309550030e+01 -5.529599552766032389e+01
7.860917941585533697e+01 -6.126057285468183977e+01 -5.518284778601102403e+01
7.910987482614743271e+01 -6.111186428812422378e+01 -5.507153201873026660e+01
7.961057023643950004e+01 -6.096529648291968329e+01 -5.496205614904485515e+01
8.011126564673156736e+01 -6.082088998870082719e+01 -5.485442666827313474e+01
8.061196105702363468e+01 -6.067866331550382597e+01 -5.474864870101757219e+01
8.111265646731571621e+01 -6.053863296869300825e+01 -5.464472600516475609e+01
8.161335187760779775e+01 -6.040081349552698953e+01 -5.454266103242136410e+01
8.211404728789986507e+01 -6.026521752939649446e+01 -5.444245496440291276e+01
8.261474269819193239e+01 -6.013185584337540490e+01 -5.434410774523004761e+01
8.311543810848399971e+01 -6.000073739329442901e+01 -5.424761813275128475e+01
8.361613351877606704e+01 -5.987186937594876213e+01 -5.415298374045252672e+01
8.411682892906816278e+01 -5.974525729429066701e+01 -5.406020108402319124e+01
8.461752433936023010e+01 -5.962090500865221543e+01 -5.396926562792233995e+01
8.511821974965229742e+01 -5.949881480077371521e+01 -5.388017183543726674e+01
8.561891515994436475e+01 -5.937898743666798396e+01 -5.379291321524962655e+01
8.611961057023643207e+01 -5.926142223414123578e+01 -5.370748237847894302e+01
8.662030598052849939e+01 -5.914611713031396789e+01 -5.362387107360720506e+01
8.712100139082058092e+01 -5.903306873517200870e+01 -5.354207025516390672e+01
8.762169680111264825e+01 -5.892227241538554949e+01 -5.346207011865064374e+01
8.812239221140472978e+01 -5.881372234553188605e+01 -5.338386016107708087e+01
8.862308762169679710e+01 -5.870741158958614392e+01 -5.330742922752708068e+01
8.912378303198886442e+01 -5.860333215447232647e+01 -5.323276556005313864e+01
8.962447844228094596e+01 -5.850147506224081440e+01 -5.315985684424251190e+01
9.012517385257301328e+01 -5.840183041991755886e+01 -5.308869026713384187e+01
9.062586926286508060e+01 -5.830438747072682304e+01 -5.301925255214175081e+01
9.112656467315714792e+01 -5.820913467325360102e+01 -5.295153001551827288e+01
9.162726008344921524e+01 -5.811605975033805294e+01 -5.288550860593406355e+01
9.212795549374128257e+01 -5.802514976125300450e+01 -5.282117395541010296e+01
9.262865090403337831e+01 -5.793639115059838218e+01 -5.275851141540644562e+01
9.312934631432544563e+01 -5.784976981698625309e+01 -5.269750610571665561e+01
9.363004172461751295e+01 -5.776527115960695369e+01 -5.263814295463109261e+01
9.413073713490958028e+01 -5.768288013876505715e+01 -5.258040673153320199e+01
9.463143254520164760e+01 -5.760258132593796176e+01 -5.252428208997318393e+01
9.513212795549372913e+01 -5.752435896081939859e+01 -5.246975361423412210e+01
9.563282336578581067e+01 -5.744819698857233448e+01 -5.241680583271974569e+01
9.613351877607787799e+01 -5.737407912036493940e+01 -5.236542327150547749e+01
9.663421418636994531e+01 -5.730198886713102979e+01 -5.231559047994980460e+01
9.713490959666201263e+01 -5.723190959312111659e+01 -5.226729205863395578e+01
9.763560500695409416e+01 -5.716382454849869532e+01 -5.222051268962988502e+01
9.813630041724616149e+01 -5.709771690892145557e+01 -5.217523717375317460e+01
9.863699582753822881e+01 -5.703356982676402254e+01 -5.213145043987626082e+01
9.913769123783029613e+01 -5.697136644741610212e+01 -5.208913758450964337e+01
9.963838664812239188e+01 -5.691108995060992015e+01 -5.204828388810003048e+01
1.001390820584144592e+02 -5.685272358767312539e+01 -5.200887483831340319e+01
1.006397774687065265e+02 -5.679625069666278137e+01 -5.197089615098977333e+01
1.011404728789985938e+02 -5.674165475125980151e+01 -5.193433378644132858e+01
1.016411682892906754e+02 -5.668891936717179192e+01 -5.189917397389965004e+01
1.021418636995827427e+02 -5.663802833007272852e+01 -5.186540321966478473e+01
1.026425591098748242e+02 -5.658896562819924725e+01 -5.183300832340339070e+01
1.031432545201669058e+02 -5.654171546399217618e+01 -5.180197639619311190e+01
1.036439499304589731e+02 -5.649626227505129350e+01 -5.177229487099995708e+01
1.041446453407510404e+02 -5.645259075043347252e+01 -5.174395151199152565e+01
1.046453407510431077e+02 -5.641068584927913321e+01 -5.171693442152192688e+01
1.051460361613351751e+02 -5.637053281128962112e+01 -5.169123206050446129e+01
1.056467315716272708e+02 -5.633211717535365892e+01 -5.166683323677008843e+01
1.061474269819193381e+02 -5.629542478420395923e+01 -5.164372713067879772e+01
1.066481223922114054e+02 -5.626044180304367615e+01 -5.162190329046299553e+01
1.071488178025034728e+02 -5.622715471605394555e+01 -5.160135163455581164e+01
1.076495132127955401e+02 -5.619555034734864307e+01 -5.158206246323263144e+01
1.081502086230876074e+02 -5.616561585981023086e+01 -5.156402645279032981e+01
1.086509040333796889e+02 -5.613733876323883010e+01 -5.154723466253219044e+01
1.091515994436717563e+02 -5.611070691435222102e+01 -5.153167853243959939e+01
1.096522948539638236e+02 -5.608570852726322187e+01 -5.151734988200789189e+01
1.101529902642559051e+02 -5.606233216998722924e+01 -5.150424091606711841e+01
1.106536856745479724e+02 -5.604056677026298416e+01 -5.149234421081220603e+01
1.111543810848400540e+02 -5.602040160856765283e+01 -5.148165272660864389e+01
1.116550764951321213e+02 -5.600182632859420551e+01 -5.147215979053018486e+01
1.121557719054241886e+02 -5.598483093026649726e+01 -5.146385910101545846e+01
1.126564673157162559e+02 -5.596940576508265508e+01 -5.145674472321135795e+01
1.131571627260083233e+02 -5.595554153844338430e+01 -5.145081107616735494e+01
1.136578581363004190e+02 -5.594322930965196861e+01 -5.144605293982041871e+01
1.141585535465924863e+02 -5.593246047910858465e+01 -5.144246543869687116e+01
1.146592489568845536e+02 -5.592322679180276168e+01 -5.144004404191238677e+01
1.151599443671766352e+02 -5.591552032916430903e+01 -5.143878454920215404e+01
1.156606397774686883e+02 -5.590933350557085646e+01 -5.143868309383125847e+01
1.161613351877607698e+02 -5.590465906252708805e+01 -5.143973612163992470e+01
1.166620305980528229e+02 -5.590149006167982293e+01 -5.144194039919258898e+01
1.171627260083449187e+02 -5.589981987899724913e+01 -5.144529299049483484e+01
1.176634214186370002e+02 -5.589964220127646399e+01 -5.144979125990377611e+01
1.181641168289290533e+02 -5.590095101683024836e+01 -5.145543284768083936e+01
1.186648122392211349e+02 -5.590374060268138123e+01 -5.146221568628990894e+01
1.191655076495132022e+02 -5.590800552572679294e+01 -5.147013796780103689e+01
1.196662030598052695e+02 -5.591374063575264586e+01 -5.147919814156213647e+01
1.201668984700973368e+02 -5.592094104680788291e+01 -5.148939491245275235e+01
1.206675938803894041e+02 -5.592960214186084045e+01 -5.150072721992930269e+01
1.211682892906814999e+02 -5.593971955999356283e+01 -5.151319423453261948e+01
1.216689847009735672e+02 -5.595128918010365737e+01 -5.152679534857472277e+01
1.221696801112656345e+02 -5.596430712905336691e+01 -5.154153016478832683e+01
1.226703755215577019e+02 -5.597876975605819894e+01 -5.155739848264803982e+01
1.231710709318497834e+02 -5.599467363734353853e+01 -5.157440029545998073e+01
1.236717663421418507e+02 -5.601201556217480970e+01 -5.159253577464571094e+01
1.241724617524339322e+02 -5.603079252121594322e+01 -5.161180526595873630e+01
1.246731571627260138e+02 -5.605100170187276376e+01 -5.163220927231324708e+01
1.251738525730180669e+02 -5.607264048130807055e+01 -5.165374844912750518e+01
1.256745479833101484e+02 -5.609570641480010522e+01 -5.167642359093608206e+01
1.261752433936022157e+02 -5.612019722293686641e+01 -5.170023563022570556e+01
1.266759388038942831e+02 -5.614611079510856939e+01 -5.172518561065973586e+01
1.271766342141863788e+02 -5.617344516389627529e+01 -5.175127469988385087e+01
1.276773296244784177e+02 -5.620219851205681039e+01 -5.177850415984013921e+01
1.281780250347705135e+02 -5.623236915389631463e+01 -5.180687535258786625e+01
1.286787204450625950e+02 -5.626395552944947553e+01 -5.183638971818456298e+01
1.291794158553546481e+02 -5.629695619574837906e+01 -5.186704877468602604e+01
1.296801112656467296e+02 -5.633136981750928385e+01 -5.189885410650478548e+01
1.301808066759387827e+02 -5.636719516014770193e+01 -5.193180735626103228e+01
1.306815020862308643e+02 -5.640443107464440686e+01 -5.196591021197693294e+01
1.311821974965229458e+02 -5.644307649579920394e+01 -5.200116440358416980e+01
1.316828929068149989e+02 -5.648313043524601085e+01 -5.203757168546164280e+01
1.321835883171070805e+02 -5.652459195467733366e+01 -5.207513383876377588e+01
1.326842837273991336e+02 -5.656746018097825868e+01 -5.211385266356248280e+01
1.331849791376912435e+02 -5.661173428061508162e+01 -5.215372995032541326e+01
1.336856745479833251e+02 -5.665741345847115440e+01 -5.219476749679617456e+01
1.341863699582753782e+02 -5.670449693805628044e+01 -5.223696708238296083e+01
1.346870653685674597e+02 -5.675298396732748074e+01 -5.228033046495713165e+01
1.351877607788595128e+02 -5.680287379540592951e+01 -5.232485937910698226e+01
1.356884561891515943e+02 -5.685416567374110741e+01 -5.237055551983959845e+01
1.361891515994436759e+02 -5.690685883864850325e+01 -5.241742052395440510e+01
1.366898470097357290e+02 -5.696095250083223505e+01 -5.246545598983377090e+01
1.371905424200278105e+02 -5.701644584422089679e+01 -5.251466343727972230e+01
1.376912378303198636e+02 -5.707333800734110696e+01 -5.256504432614039501e+01
1.381919332406119452e+02 -5.713162807866089565e+01 -5.261660002604205033e+01
1.386926286509039983e+02 -5.719131508029155952e+01 -5.266933181755322835e+01
1.391933240611960798e+02 -5.725239797148012144e+01 -5.272324089131163305e+01
1.396940194714881613e+02 -5.731487561484888715e+01 -5.277832831892030185e+01
1.401947148817802145e+02 -5.737874679036528391e+01 -5.283459506633536762e+01
1.406954102920723244e+02 -5.744401017089464290e+01 -5.289204195777730888e+01
1.411961057023643775e+02 -5.751066431288697345e+01 -5.295066969639466947e+01
1.416968011126564591e+02 -5.757870764706373734e+01 -5.301047884563760704e+01
1.421974965229485406e+02 -5.764813847317915929e+01 -5.307146979666160291e+01
1.426981919332405937e+02 -5.771895494255792869e+01 -5.313364279408435209e+01
1.431988873435326752e+02 -5.779115505227443350e+01 -5.319699790280739649e+01
1.436995827538247283e+02 -5.786473662303384913e+01 -5.326153500907113880e+01
1.442002781641168099e+02 -5.793969731023159397e+01 -5.332725380517533154e+01
1.447009735744088914e+02 -5.801603456786457969e+01 -5.339415378664145351e+01
1.452016689847009729e+02 -5.809374566410176044e+01 -5.346223423518696904e+01
1.457023643949930261e+02 -5.817282764985199606e+01 -5.353149420377323509e+01
1.462030598052851076e+02 -5.825327735905509030e+01 -5.360193253988856554e+01
1.467037552155771891e+02 -5.833509139587610548e+01 -5.367354781628111482e+01
1.472044506258692422e+02 -5.841826613164946025e+01 -5.374633839498730481e+01
1.477051460361613238e+02 -5.850279767984963541e+01 -5.382030234467694640e+01
1.482058414464534053e+02 -5.858868190773270612e+01 -5.389543748954767466e+01
1.487065368567454584e+02 -5.867591440897874122e+01 -5.397174136445502768e+01
1.492072322670375399e+02 -5.876449050834841614e+01 -5.404921122558991442e+01
1.497079276773296215e+02 -5.885440524422071462e+01 -5.412784402918734372e+01
1.502086230876216746e+02 -5.894565337324954157e+01 -5.420763642954372585e+01
1.507093184979137845e+02 -5.903822934475235229e+01 -5.428858477123614534e+01
1.512100139082058092e+02 -5.913212731467999106e+01 -5.437068507507976278e+01
1.517107093184979192e+02 -5.922734112699023967e+01 -5.445393303376224026e+01
1.522114047287899723e+02 -5.932386430782705133e+01 -5.453832400696884974e+01
1.527121001390820538e+02 -5.942169006464743575e+01 -5.462385302027288958e+01
1.532127955493741354e+02 -5.952081128505730589e+01 -5.471051474057932751e+01
1.537134909596661885e+02 -5.962122053157278856e+01 -5.479830348354627745e+01
1.542141863699582700e+02 -5.972291002474000265e+01 -5.488721321554950805e+01
1.547148817802503231e+02 -5.982587166670916190e+01 -5.497723752385101648e+01
1.552155771905424047e+02 -5.993009701678735723e+01 -5.506836964450005212e+01
1.557162726008344862e+02 -6.003557730657254865e+01 -5.516060242596242347e+01
1.562169680111265393e+02 -6.014230342540164997e+01 -5.525392836243074157e+01
1.567176634214186208e+02 -6.025026594014113357e+01 -5.534833955454334387e+01
1.572183588317106739e+02 -6.035945507423227241e+01 -5.544382773215576776e+01
1.577190542420027555e+02 -6.046986072981005123e+01 -5.554038424870188351e+01
1.582197496522948654e+02 -6.058147248071824720e+01 -5.563800008861537094e+01
1.587204450625868901e+02 -6.069427957483773639e+01 -5.573666584572012539e+01
1.592211404728790001e+02 -6.080827094339971950e+01 -5.583637174462157304e+01
1.597218358831710532e+02 -6.092343521029894760e+01 -5.593710764088856990e+01
1.602225312934631347e+02 -6.103976068045218994e+01 -5.603886302454586144e+01
1.607232267037552162e+02 -6.115723537705113699e+01 -5.614162701396227817e+01
1.612239221140472694e+02 -6.127584701362272313e+01 -5.624538837509564360e+01
1.617246175243393509e+02 -6.139558302662541678e+01 -5.635013551960102518e+01
1.622253129346314324e+02 -6.151643057312091400e+01 -5.645585650854147275e+01
1.627260083449234855e+02 -6.163837655172889640e+01 -5.656253907668971692e+01
1.632267037552155955e+02 -6.176140759331380536e+01 -5.667017061568432723e+01
1.637273991655076486e+02 -6.188551008892451932e+01 -5.677873820720807885e+01
1.642280945757997301e+02 -6.201067018397358765e+01 -5.688822861949549292e+01
1.647287899860917832e+02 -6.213687380850521436e+01 -5.699862831444053768e+01
1.652294853963838648e+02 -6.226410666788203230e+01 -5.710992347620933174e+01
1.657301808066759463e+02 -6.239235426956062724e+01 -5.722210000440983890e+01
1.662308762169679994e+02 -6.252160192425569107e+01 -5.733514353921211182e+01
1.667315716272600810e+02 -6.265183476689477970e+01 -5.744903946583664833e+01
1.672322670375521341e+02 -6.278303775429000666e+01 -5.756377293841953247e+01
1.677329624478442156e+02 -6.291519568842110743e+01 -5.767932888466904728e+01
1.682336578581363256e+02 -6.304829322807697167e+01 -5.779569201983551352e+01
1.687343532684283502e+02 -6.318231489234810283e+01 -5.791284687697927325e+01
1.692350486787204602e+02 -6.331724507386886103e+01 -5.803077780522446005e+01
1.697357440890125133e+02 -6.345306804987691862e+01 -5.814946898489299087e+01
1.702364394993045948e+02 -6.358976799880244357e+01 -5.826890445544424324e+01
1.707371349095966480e+02 -6.372732899270110352e+01 -5.838906812711658745e+01
1.712378303198887295e+02 -6.386573502446614725e+01 -5.850994379489722519e+01
1.717385257301808110e+02 -6.400497000782840473e+01 -5.863151514201464920e+01
1.722392211404728641e+02 -6.414501778434120638e+01 -5.875376579581799774e+01
1.727399165507649457e+02 -6.428586213036530239e+01 -5.887667928121092586e+01
1.732406119610569988e+02 -6.442748676871039493e+01 -5.900023909312014325e+01
1.737413073713490803e+02 -6.456987536630683167e+01 -5.912442868368972881e+01
1.742420027816411618e+02 -6.471301153886221869e+01 -5.924923148585523336e+01
1.747426981919332150e+02 -6.485687886017464621e+01 -5.937463092032859890e+01
1.752433936022252965e+02 -6.500146086795345468e+01 -5.950061041393357186e+01
1.757440890125173496e+02 -6.514674104752108974e+01 -5.962715341473969488e+01
1.762447844228094596e+02 -6.529270284811124725e+01 -5.975424340923356681e+01
1.767454798331015411e+02 -6.543932967588395400e+01 -5.988186392697545557e+01
1.772461752433935942e+02 -6.558660489741802735e+01 -6.000999854874837069e+01
1.777468706536856757e+02 -6.573451183039784951e+01 -6.013863093333358734e+01
1.782475660639777288e+02 -6.588303373779260141e+01 -6.026774481518233983e+01
1.787482614742698104e+02 -6.603215383018456919e+01 -6.039732402187811999e+01
1.792489568845618919e+02 -6.618185525412761194e+01 -6.052735247762913673e+01
1.797496522948539450e+02 -6.633212108516224248e+01 -6.065781421141738861e+01
1.802503477051460266e+02 -6.648293432199486119e+01 -6.078869336631188958e+01
1.807510431154380797e+02 -6.663427787252791745e+01 -6.091997421285643100e+01
1.812517385257301612e+02 -6.678613454687499029e+01 -6.105164114790542840e+01
1.817524339360222427e+02 -6.693848704106264336e+01 -6.118367868647484897e+01
1.822531293463142958e+02 -6.709131793237381203e+01 -6.131607149899511455e+01
1.827538247566063774e+02 -6.724460965606473906e+01 -6.144880437696858166e+01
1.832545201668984305e+02 -6.739834449721590204e+01 -6.158186226556583165e+01
1.837552155771905404e+02 -6.755250456977725548e+01 -6.171523024267091273e+01
1.842559109874825651e+02 -6.770707181191161794e+01 -6.184889353285117863e+01
1.847566063977746751e+02 -6.786202795572668833e+01 -6.198283749804406284e+01
1.852573018080667566e+02 -6.801735451912597341e+01 -6.211704764687030433e+01
1.857579972183588097e+02 -6.817303278485402984e+01 -6.225150961833580254e+01
1.862586926286508913e+02 -6.832904378187001271e+01 -6.238620919114484309e+01
1.867593880389429444e+02 -6.848536827370614333e+01 -6.252113226740195273e+01
1.872600834492350259e+02 -6.864198673052803201e+01 -6.265626488192512511e+01
1.877607788595271074e+02 -6.879887931982145233e+01 -6.279159318594767569e+01
1.882614742698191606e+02 -6.895602588078097028e+01 -6.292710344711824177e+01
1.887621696801112421e+02 -6.911340591732502503e+01 -6.306278203203848420e+01
1.892628650904032952e+02 -6.927099856549963874e+01 -6.319861541324800669e+01
1.897635605006953767e+02 -6.942878259347841663e+01 -6.333459015292621075e+01
1.902642559109874583e+02 -6.958673637362286968e+01 -6.347069289357906996e+01
1.907649513212795114e+02 -6.974483787316918892e+01 -6.360691034989005743e+01
1.912656467315716213e+02 -6.990306463793010039e+01 -6.374322929940692006e+01
1.917663421418636460e+02 -7.006139378530994577e+01 -6.387963657090014635e+01
1.922670375521557560e+02 -7.021980198102161808e+01 -6.401611903970635353e+01
1.927677329624478375e+02 -7.037826544141486806e+01 -6.415266360444522320e+01
1.932684283727398906e+02 -7.053675991950646562e+01 -6.428925719167611419e+01
1.937691237830319722e+02 -7.069526069799528045e+01 -6.442588673494330465e+01
1.942698191933240253e+02 -7.085374258460566921e+01 -6.456253916080615340e+01
1.947705146036161068e+02 -7.101217991674408836e+01 -6.469920138185418068e+01
1.952712100139081883e+02 -7.117054655218586845e+01 -6.483586029787122129e+01
1.957719054242002414e+02 -7.132881587140352053e+01 -6.497250275916459827e+01
1.962726008344923230e+02 -7.148696079153657479e+01 -6.510911557122173576e+01
1.967732962447844045e+02 -7.164495376406327409e+01 -6.524568548656108646e+01
1.972739916550764576e+02 -7.180276679109871907e+01 -6.538219918552360355e+01
1.977746870653685392e+02 -7.196037143005148096e+01 -6.551864326986989795e+01
1.982753824756605923e+02 -7.211773881690666599e+01 -6.565500425230285941e+01
1.987760778859527022e+02 -7.227483968019575400e+01 -6.579126854948273717e+01
1.992767732962447838e+02 -7.243164436195135636e+01 -6.592742247795260369e+01
1.997774687065368369e+02 -7.258812284331858677e+01 -6.606345222852698384e+01
2.002781641168289184e+02 -7.274424477249473853e+01 -6.619934388026169358e+01
2.007788595271209999e+02 -7.289997949034065527e+01 -6.633508337717077552e+01
2.012795549374130530e+02 -7.305529605599210186e+01 -6.647065653986803113e+01
2.017802503477051346e+02 -7.321016330273911876e+01 -6.660604903762734352e+01
2.022809457579971877e+02 -7.336454985665247364e+01 -6.674124641282989501e+01
2.027816411682892692e+02 -7.351842417849317712e+01 -6.687623404836787699e+01
2.032823365785813508e+02 -7.367175461260691804e+01 -6.701099718859924792e+01
2.037830319888734039e+02 -7.382450943349019212e+01 -6.714552093003450750e+01
2.042837273991654854e+02 -7.397665687372997922e+01 -6.727979021784423708e+01
2.047844228094575953e+02 -7.412816519850954933e+01 -6.741378984818740605e+01
2.052851182197496485e+02 -7.427900273354813976e+01 -6.754750448159913390e+01
2.057858136300417300e+02 -7.442913792563692255e+01 -6.768091862902085154e+01
2.062865090403338115e+02 -7.457853939386174602e+01 -6.781401667159090607e+01
2.067872044506258646e+02 -7.472717598082587642e+01 -6.794678285598794787e+01
2.072878998609179462e+02 -7.487501681551427168e+01 -6.807920130781869261e+01
2.077885952712099993e+02 -7.502203133890495224e+01 -6.821125603394622772e+01
2.082892906815020808e+02 -7.516818939710125846e+01 -6.834293093878815739e+01
2.087899860917941623e+02 -7.531346125530168933e+01 -6.847420982897321551e+01
2.092906815020862155e+02 -7.545781769442461950e+01 -6.860507642032618492e+01
2.097913769123782970e+02 -7.560123001110829932e+01 -6.873551436638965129e+01
2.102920723226703501e+02 -7.574367011317141873e+01 -6.886550725609569668e+01
2.107927677329624316e+02 -7.588511054755278451e+01 -6.899503863122819780e+01
2.112934631432545416e+02 -7.602552455036990864e+01 -6.912409200737758397e+01
2.117941585535465663e+02 -7.616488609115683062e+01 -6.925265088383613943e+01
2.122948539638386762e+02 -7.630316993340008480e+01 -6.938069875989614843e+01
2.127955493741307293e+02 -7.644035164268777294e+01 -6.950821916278957247e+01
2.132962447844228109e+02 -7.657640766121537013e+01 -6.963519564768805026e+01
2.137969401947148924e+02 -7.671131531942725701e+01 -6.976161183029918789e+01
2.142976356050069455e+02 -7.684505288025454206e+01 -6.988745140549301027e+01
2.147983310152990271e+02 -7.697759956589058561e+01 -7.001269815661518692e+01
2.152990264255910802e+02 -7.710893559271559639e+01 -7.013733598109840273e+01
2.157997218358831617e+02 -7.723904217595324440e+01 -7.026134891258126913e+01
2.163004172461752148e+02 -7.736790157158017678e+01 -7.038472113953477560e+01
2.168011126564672963e+02 -7.749549708796754999e+01 -7.050743702272458791e+01
2.173018080667593779e+02 -7.762181309053764267e+01 -7.062948111383749961e+01
2.178025034770514310e+02 -7.774683502504692001e+01 -7.075083818225695609e+01
2.183031988873435125e+02 -7.787054941525772733e+01 -7.087149322204797386e+01
2.188038942976355656e+02 -7.799294387225151581e+01 -7.099143148571758388e+01
2.193045897079276472e+02 -7.811400710141376180e+01 -7.111063849119975089e+01
2.198052851182197571e+02 -7.823372888613582177e+01 -7.122910004513843774e+01
2.203059805285118102e+02 -7.835210009712815804e+01 -7.134680226151405691e+01
2.208066759388038918e+02 -7.846911267379388732e+01 -7.146373157561330913e+01
2.213073713490959449e+02 -7.858475962422878069e+01 -7.157987475567071556e+01
2.218080667593880264e+02 -7.869903500426650567e+01 -7.169521893430075465e+01
2.223087621696801079e+02 -7.881193389885217471e+01 -7.180975160151294290e+01
2.228094575799721611e+02 -7.892345242204234523e+01 -7.192346063265151201e+01
2.233101529902642426e+02 -7.903358767276719732e+01 -7.203633430236524759e+01
2.238108484005562957e+02 -7.914233773483053369e+01 -7.214836128227918266e+01
2.243115438108483772e+02 -7.924970163500026388e+01 -7.225953066660596846e+01
2.248122392211404588e+02 -7.935567933136687202e+01 -7.236983197680248736e+01
2.253129346314325119e+02 -7.946027168074712677e+01 -7.247925516622646569e+01
2.258136300417245934e+02 -7.956348040608779115e+01 -7.258779062828554629e+01
2.263143254520166465e+02 -7.966530808249578399e+01 -7.269542921273543357e+01
2.268150208623087565e+02 -7.976575808601543827e+01 -7.280216221636666774e+01
2.273157162726008380e+02 -7.986483457965866251e+01 -7.290798140512353598e+01
2.278164116828928911e+02 -7.996254247848034424e+01 -7.301287899547762095e+01
2.283171070931849727e+02 -8.005888740999714059e+01 -7.311684767072594582e+01
2.288178025034770258e+02 -8.015387568610776725e+01 -7.321988058681174039e+01
2.293184979137691073e+02 -8.024751427462038578e+01 -7.332197136184706210e+01
2.298191933240611604e+02 -8.033981076306262992e+01 -7.342311407145618318e+01
2.303198887343532704e+02 -8.043077332187698403e+01 -7.352330326507373570e+01
2.308205841446453235e+02 -8.052041068108938759e+01 -7.362253394615410684e+01
2.313212795549373766e+02 -8.060873209191360900e+01 -7.372080158381297110e+01
2.318219749652294297e+02 -8.069574729345697506e+01 -7.381810208721591948e+01
2.323226703755215397e+02 -8.078146648953338627e+01 -7.391443182536906420e+01
2.328233657858135928e+02 -8.086590030410494023e+01 -7.400978760150766789e+01
2.333240611961056459e+02 -8.094905976573257078e+01 -7.410416665775275646e+01
2.338247566063977843e+02 -8.103095627071519402e+01 -7.419756666114128052e+01
2.343254520166898374e+02 -8.111160154834422542e+01 -7.428998570246196209e+01
2.348261474269818621e+02 -8.119100764796775138e+01 -7.438142228228545605e+01
2.353268428372740004e+02 -8.126918689725000888e+01 -7.447187530397943078e+01
2.358275382475660535e+02 -8.134615187884340060e+01 -7.456134406439534246e+01
2.363282336578581067e+02 -8.142191541412702804e+01 -7.464982824455520927e+01
2.368289290681501882e+02 -8.149649052264490479e+01 -7.473732790033838569e+01
2.373296244784422697e+02 -8.156989041256085216e+01 -7.482384344618341743e+01
2.378303198887343228e+02 -8.164212845130393248e+01 -7.490937565043142854e+01
2.383310152990264044e+02 -8.171321813883201912e+01 -7.499392562601289569e+01
2.388317107093184859e+02 -8.178317309568798521e+01 -7.507749481182119666e+01
2.393324061196105390e+02 -8.185200703907874242e+01 -7.516008496572769104e+01
2.398331015299026205e+02 -8.191973376069830692e+01 -7.524169815061188160e+01
2.403337969401946737e+02 -8.198636711445897163e+01 -7.532233672737649499e+01
2.408344923504867552e+02 -8.205192098811005508e+01 -7.540200333864933668e+01
2.413351877607788083e+02 -8.211640929993617988e+01 -7.548070089947006522e+01
2.418358831710709183e+02 -8.217984597549005343e+01 -7.555843258564866005e+01
2.423365785813629998e+02 -8.224224493497194999e+01 -7.563520181746727644e+01
2.428372739916550529e+02 -8.230362007743076447e+01 -7.571101225735193907e+01
2.433379694019471344e+02 -8.236398526616633831e+01 -7.578586778658947765e+01
2.438386648122392160e+02 -8.242335431923997646e+01 -7.585977250765583335e+01
2.443393602225312691e+02 -8.248174100458740554e+01 -7.593273071860468804e+01
2.448400556328233506e+02 -8.253915901084091900e+01 -7.600474691306746422e+01
2.453407510431154037e+02 -8.259562195735850310e+01 -7.607582576395518004e+01
2.458414464534074853e+02 -8.265114336610696455e+01 -7.614597211647352992e+01
2.463421418636995668e+02 -8.270573667469565748e+01 -7.621519096716812669e+01
2.468428372739916199e+02 -8.275941520215314995e+01 -7.628348747090942084e+01
2.473435326842837014e+02 -8.281219216396124239e+01 -7.635086691760963618e+01
2.478442280945758114e+02 -8.286408065542973134e+01 -7.641733472290954410e+01
2.483449235048678645e+02 -8.291509364029849394e+01 -7.648289642817846357e+01
2.488456189151599460e+02 -8.296524395774486038e+01 -7.654755767955950319e+01
2.493463143254520276e+02 -8.301454430718487743e+01 -7.661132422564125477e+01
2.498470097357440807e+02 -8.306300724015204651e+01 -7.667420191047287403e+01
2.503477051460361338e+02 -8.311064517700023657e+01 -7.673619665493762909e+01
2.508484005563282153e+02 -8.315747037055430724e+01 -7.679731446373781978e+01
2.513490959666202968e+02 -8.320349493329078427e+01 -7.685756139978340684e+01
2.518497913769123500e+02 -8.324873080959459060e+01 -7.691694359350523769e+01
2.523504867872044315e+02 -8.329318979860840955e+01 -7.697546721957198201e+01
2.528511821974965130e+02 -8.333688352311239100e+01 -7.703313850387505113e+01
2.533518776077885661e+02 -8.337982345308860488e+01 -7.708996370955875932e+01
2.538525730180806477e+02 -8.342202088877192523e+01 -7.714594912537879168e+01
2.543532684283727576e+02 -8.346348695883574464e+01 -7.720110107035881697e+01
2.548539638386647823e+02 -8.350423263425292930e+01 -7.725542588214895545e+01
2.553546592489568354e+02 -8.354426870970981156e+01 -7.730892990538424669e+01
2.558553546592489738e+02 -8.358360580710746035e+01 -7.736161949634126245e+01
2.563560500695410269e+02 -8.362225439148642181e+01 -7.741350101478903412e+01
2.568567454798330800e+02 -8.366022474387321495e+01 -7.746458081234752058e+01
2.573574408901251900e+02 -8.369752698633924126e+01 -7.751486523248760818e+01
2.578581363004172431e+02 -8.373417106044101388e+01 -7.756436061053111075e+01
2.583588317107092962e+02 -8.377016674673512853e+01 -7.761307325618847130e+01
2.588595271210013493e+02 -8.380552365253673486e+01 -7.766100946287198781e+01
2.593602225312934593e+02 -8.384025121975665229e+01 -7.770817549838258742e+01
2.598609179415855124e+02 -8.387435871958608402e+01 -7.775457759559660076e+01
2.603616133518775655e+02 -8.390785525727194738e+01 -7.780022195945068120e+01
2.608623087621696754e+02 -8.394074977876596222e+01 -7.784511475064365982e+01
2.613630041724617286e+02 -8.397305105553789417e+01 -7.788926209844223081e+01
2.618636995827537817e+02 -8.400476770429071394e+01 -7.793267008205449997e+01
2.623643949930458916e+02 -8.403590817292791826e+01 -7.797534473761490403e+01
2.628650904033379447e+02 -8.406648075682090848e+01 -7.801729204887098490e+01
2.633657858136299978e+02 -8.409649358903706684e+01 -7.805851795067584931e+01
2.638664812239220510e+02 -8.412595464136751389e+01 -7.809902832404051765e+01
2.643671766342141609e+02 -8.415487173487073846e+01 -7.813882899264146431e+01
2.648678720445062140e+02 -8.418325253716801626e+01 -7.817792571874608143e+01
2.653685674547982671e+02 -8.421110455671274053e+01 -7.821632420670513852e+01
2.658692628650904339e+02 -8.423843516357356975e+01 -7.825403010266174419e+01
2.663699582753824870e+02 -8.426525156642478009e+01 -7.829104897825320108e+01
2.668706536856744833e+02 -8.429156083242838804e+01 -7.832738635389407023e+01
2.673713490959666501e+02 -8.431736988588839665e+01 -7.836304765919496162e+01
2.678720445062587032e+02 -8.434268550283798049e+01 -7.839803828534942909e+01
2.683727399165507563e+02 -8.436751432059938338e+01 -7.843236352925461574e+01
2.688734353268428094e+02 -8.439186283441127046e+01 -7.846602862494339092e+01
2.693741307371349194e+02 -8.441573740576370710e+01 -7.849903873659943088e+01
2.698748261474269725e+02 -8.443914425667223611e+01 -7.853139895506475909e+01
2.703755215577190256e+02 -8.446208947344524631e+01 -7.856311428852652057e+01
2.708762169680111356e+02 -8.448457901558131766e+01 -7.859418968230758651e+01
2.713769123783031887e+02 -8.450661870830499822e+01 -7.862462999558348997e+01
2.718776077885952418e+02 -8.452821424557411945e+01 -7.865444001768057092e+01
2.723783031988873518e+02 -8.454937120574408027e+01 -7.868362445643444403e+01
2.728789986091794049e+02 -8.457009502474875262e+01 -7.871218794750322445e+01
2.733796940194714580e+02 -8.459039102998727344e+01 -7.874013504389014884e+01
2.738803894297635111e+02 -8.461026442164956052e+01 -7.876747021827188178e+01
2.743810848400556210e+02 -8.462972028322462847e+01 -7.879419787114758833e+01
2.748817802503476742e+02 -8.464876357346973634e+01 -7.882032232036155506e+01
2.753824756606397273e+02 -8.466739914143630585e+01 -7.884584779877488359e+01
2.758831710709318372e+02 -8.468563172080476420e+01 -7.887077847289194210e+01
2.763838664812238903e+02 -8.470346593220006071e+01 -7.889511841841314777e+01
2.768845618915159434e+02 -8.472090627932423956e+01 -7.891887163420480533e+01
2.773852573018079966e+02 -8.473795716518748122e+01 -7.894204204113495393e+01
2.778859527121001065e+02 -8.475462288135699396e+01 -7.896463347770779251e+01
2.783866481223921596e+02 -8.477090761281209552e+01 -7.898664970588444589e+01
2.788873435326842127e+02 -8.478681543746517946e+01 -7.900809440002350925e+01
2.793880389429763227e+02 -8.480235033268105838e+01 -7.902897116667165278e+01
2.798887343532683758e+02 -8.481751617349993921e+01 -7.904928352157159566e+01
2.803894297635604289e+02 -8.483231673684697682e+01 -7.906903490596025108e+01
2.808901251738525957e+02 -8.484675569713184018e+01 -7.908822868656872629e+01
2.813908205841446488e+02 -8.486083663126912313e+01 -7.910686813932417749e+01
2.818915159944367019e+02 -8.487456302243342066e+01 -7.912495647496118067e+01
2.823922114047287550e+02 -8.488793825804920345e+01 -7.914249680875374793e+01
2.828929068150208650e+02 -8.490096563417102971e+01 -7.915949219420301119e+01
2.833936022253129181e+02 -8.491364835054545779e+01 -7.917594559771688978e+01
2.838942976356049712e+02 -8.492598951702157706e+01 -7.919185990748675863e+01
2.843949930458970812e+02 -8.493799215670208014e+01 -7.920723793261433343e+01
2.848956884561891343e+02 -8.494965920313003949e+01 -7.922208241468044321e+01
2.853963838664811874e+02 -8.496099349984382343e+01 -7.923639600795442561e+01
2.858970792767732974e+02 -8.497199780639468258e+01 -7.925018129219981233e+01
2.863977746870653505e+02 -8.498267479597370766e+01 -7.926344077151017586e+01
2.868984700973574036e+02 -8.499302706245791228e+01 -7.927617688245820204e+01
2.873991655076494567e+02 -8.500305711045115231e+01 -7.928839196266355316e+01
2.878998609179415666e+02 -8.501276736412089008e+01 -7.930008830434391598e+01
2.884005563282336198e+02 -8.502216016914542251e+01 -7.931126810076395373e+01
2.889012517385257297e+02 -8.503123778535906752e+01 -7.932193348043230685e+01
2.894019471488177828e+02 -8.504000240507144781e+01 -7.933208650331809508e+01
2.899026425591098359e+02 -8.504845613103898927e+01 -7.934172914018719780e+01
2.904033379694019459e+02 -8.505660099073948288e+01 -7.935086330287023770e+01
2.909040333796939990e+02 -8.506443893997217742e+01 -7.935949082141607391e+01
2.914047287899860521e+02 -8.507197185245610171e+01 -7.936761345602437245e+01
2.919054242002781621e+02 -8.507920153610157854e+01 -7.937523289966495099e+01
2.924061196105702152e+02 -8.508612970589530278e+01 -7.938235076119755718e+01
2.929068150208622683e+02 -8.509275803283378536e+01 -7.938896859040116283e+01
2.934075104311543782e+02 -8.509908808149305059e+01 -7.939508785701920601e+01
2.939082058414464314e+02 -8.510512137288333179e+01 -7.940070996633014033e+01
2.944089012517384845e+02 -8.511085933743473220e+01 -7.940583624983420918e+01
2.949095966620305944e+02 -8.511630334596196690e+01 -7.941046797311147998e+01
2.954102920723226475e+02 -8.512145469075545634e+01 -7.941460632039681400e+01
2.959109874826147006e+02 -8.512631460013489004e+01 -7.941825242499336923e+01
2.964116828929068106e+02 -8.513088423101868329e+01 -7.942140733376592721e+01
2.969123783031988637e+02 -8.513516466856860632e+01 -7.942407203857302989e+01
2.974130737134909168e+02 -8.513915693505360593e+01 -7.942624745967779631e+01
2.979137691237830268e+02 -8.514286198093212477e+01 -7.942793444283753956e+01
2.984144645340750799e+02 -8.514628068568238461e+01 -7.942913377327360536e+01
2.989151599443671330e+02 -8.514941387303805698e+01 -7.942984616985060597e+01
2.994158553546592429e+02 -8.515226228593604674e+01 -7.943007228289363297e+01
2.999165507649512961e+02 -8.515482661314420909e+01 -7.942981270059109988e+01
3.004172461752433492e+02 -8.515710746530507436e+01 -7.942906793356971207e+01
3.009179415855354023e+02 -8.515910539927881473e+01 -7.942783844341622057e+01
3.014186369958275691e+02 -8.516082089340980588e+01 -7.942612461371911081e+01
3.019193324061196222e+02 -8.516225437157194733e+01 -7.942392677247855204e+01
3.024200278164116185e+02 -8.516340618694253806e+01 -7.942124517813655871e+01
3.029207232267037853e+02 -8.516427663063869602e+01 -7.941808002714398640e+01
3.034214186369958384e+02 -8.516486591993677280e+01 -7.941443145337845522e+01
3.039221140472878915e+02 -8.516517421954469569e+01 -7.941029952610708165e+01
3.044228094575799446e+02 -8.516520162202733957e+01 -7.940568425580724465e+01
3.049235048678720545e+02 -8.516494815333180668e+01 -7.940058558718166637e+01
3.054242002781641077e+02 -8.516441378366499748e+01 -7.939500339799425888e+01
3.059248956884561608e+02 -8.516359840814880044e+01 -7.938893751944280552e+01
3.064255910987482707e+02 -8.516250186142809753e+01 -7.938238770123436439e+01
3.069262865090403238e+02 -8.516112391785425473e+01 -7.937535365320374581e+01
3.074269819193323769e+02 -8.515946427766428428e+01 -7.936783500922476264e+01
3.079276773296244869e+02 -8.515752258138975606e+01 -7.935983134874706479e+01
3.084283727399165400e+02 -8.515529840797893257e+01 -7.935134219912444564e+01
3.089290681502085931e+02 -8.515279126153842526e+01 -7.934236700854827973e+01
3.094297635605006462e+02 -8.515000058846271713e+01 -7.933290518097211930e+01
3.099304589707927562e+02 -8.514692576991035367e+01 -7.932295607310581431e+01
3.104311543810848093e+02 -8.514356611268651420e+01 -7.931251895521629081e+01
3.109318497913768624e+02 -8.513992086724118735e+01 -7.930159305479239151e+01
3.114325452016689724e+02 -8.513598921172680889e+01 -7.929017754761363790e+01
3.119332406119610255e+02 -8.513177026211229759e+01 -7.927827153844620511e+01
3.124339360222530786e+02 -8.512726306139842336e+01 -7.926587408927363754e+01
3.129346314325451885e+02 -8.512246658878470384e+01 -7.925298419601378441e+01
3.134353268428372417e+02 -8.511737975459044492e+01 -7.923960079754098729e+01
3.139360222531292948e+02 -8.511200140390164393e+01 -7.922572278267099932e+01
3.144367176634213479e+02 -8.510633031180499586e+01 -7.921134899219825343e+01
3.149374130737134578e+02 -8.510036517539404599e+01 -7.919647818562654606e+01
3.154381084840055109e+02 -8.509410463762577592e+01 -7.918110910119568757e+01
3.159388038942975641e+02 -8.508754726053514617e+01 -7.916524039771022103e+01
3.164394993045897309e+02 -8.508069153983861099e+01 -7.914887069914104245e+01
3.169401947148817840e+02 -8.507353589368192104e+01 -7.913199854973274228e+01
3.174408901251737802e+02 -8.506607867978458160e+01 -7.911462246398943421e+01
3.179415855354659470e+02 -8.505831817386214766e+01 -7.909674090710242922e+01
3.184422809457580001e+02 -8.505025257902288160e+01 -7.907835226882954771e+01
3.189429763560500533e+02 -8.504188003388867401e+01 -7.905945490491350824e+01
3.194436717663421064e+02 -8.503319859282936477e+01 -7.904004712151137824e+01
3.199443671766342163e+02 -8.502420623398379007e+01 -7.902012714678195948e+01
3.204450625869262694e+02 -8.501490086566811044e+01 -7.899969320084923652e+01
3.209457579972183225e+02 -8.500528032048353566e+01 -7.897874341618293670e+01
3.214464534075104325e+02 -8.499534234353951945e+01 -7.895727589532756951e+01
3.219471488178024856e+02 -8.498508461335192976e+01 -7.893528868250572827e+01
3.224478442280945387e+02 -8.497450472281059319e+01 -7.891277978003049043e+01
3.229485396383865918e+02 -8.496360017971176148e+01 -7.888974712924240862e+01
3.234492350486787018e+02 -8.495236842321594395e+01 -7.886618864485203062e+01
3.239499304589707549e+02 -8.494080680476304224e+01 -7.884210216575442587e+01
3.244506258692628649e+02 -8.492891258345422045e+01 -7.881748550683400367e+01
3.249513212795549180e+02 -8.491668294794847327e+01 -7.879233641894674633e+01
3.254520166898469711e+02 -8.490411499493065151e+01 -7.876665263315803145e+01
3.259527121001390810e+02 -8.489120573672866499e+01 -7.874043178507267271e+01
3.264534075104311910e+02 -8.487795209328433543e+01 -7.871367151611624990e+01
3.269541029207232441e+02 -8.486435090868701536e+01 -7.868636938971607719e+01
3.274547983310152972e+02 -8.485039892413263374e+01 -7.865852293786733185e+01
3.279554937413073503e+02 -8.483609279321079555e+01 -7.863012965065340154e+01
3.284561891515994603e+02 -8.482142908252608038e+01 -7.860118696228514068e+01
3.289568845618915134e+02 -8.480640426289302525e+01 -7.857169226505706661e+01
3.294575799721835665e+02 -8.479101471049179395e+01 -7.854164290819230132e+01
3.299582753824756765e+02 -8.477525669990089341e+01 -7.851103621297428958e+01
3.304589707927677296e+02 -8.475912642439813283e+01 -7.847986943767668322e+01
3.309596662030597827e+02 -8.474261995744603837e+01 -7.844813981314277385e+01
3.314603616133518926e+02 -8.472573329708201584e+01 -7.841584450622096369e+01
3.319610570236439457e+02 -8.470846231384811631e+01 -7.838298066808849285e+01
3.324617524339359989e+02 -8.469080279980484249e+01 -7.834954540534883449e+01
3.329624478442280520e+02 -8.467275042637118077e+01 -7.831553575173958848e+01
3.334631432545201619e+02 -8.465430076606781995e+01 -7.828094874092559508e+01
3.339638386648122150e+02 -8.463544928839436920e+01 -7.824578135091061881e+01
3.344645340751042681e+02 -8.461619134529725272e+01 -7.821003051407816997e+01
3.349652294853963781e+02 -8.459652219134321172e+01 -7.817369312446746221e+01
3.354659248956884312e+02 -8.457643695344063417e+01 -7.813676603537234655e+01
3.359666203059804843e+02 -8.455593065795640939e+01 -7.809924607447530320e+01
3.364673157162726511e+02 -8.453499821397582537e+01 -7.806113002638514331e+01
3.369680111265647042e+02 -8.451363441062049731e+01 -7.802241461168225101e+01
3.374687065368567005e+02 -8.449183392603499954e+01 -7.798309654745455077e+01
3.379694019471487536e+02 -8.446959130898224544e+01 -7.794317250073137870e+01
3.384700973574409204e+02 -8.444690099885002610e+01 -7.790263907917025676e+01
3.389707927677329735e+02 -8.442375730339662709e+01 -7.786149288460794082e+01
3.394714881780250266e+02 -8.440015441780317929e+01 -7.781973047464343551e+01
3.399721835883171366e+02 -8.437608638946448991e+01 -7.777734834051879886e+01
3.404728789986091897e+02 -8.435154716245077111e+01 -7.773434297464045528e+01
3.409735744089012428e+02 -8.432653052931607363e+01 -7.769071079898348842e+01
3.414742698191932959e+02 -8.430103017464901427e+01 -7.764644822446352634e+01
3.419749652294854059e+02 -8.427503963262813613e+01 -7.760155160668072938e+01
3.424756606397774590e+02 -8.424855230949162888e+01 -7.755601728091714619e+01
3.429763560500695121e+02 -8.422156147282181848e+01 -7.750984152535674809e+01
3.434770514603616220e+02 -8.419406026012372024e+01 -7.746302058269502311e+01
3.439777468706536752e+02 -8.416604165936891491e+01 -7.741555067925364142e+01
3.444784422809457283e+02 -8.413749852561888076e+01 -7.736742798628401374e+01
3.449791376912378382e+02 -8.410842356913389040e+01 -7.731864863222784834e+01
3.454798331015298913e+02 -8.407880934640402870e+01 -7.726920873074180918e+01
3.459805285118219444e+02 -8.404864828362487117e+01 -7.721910431604686664e+01
3.464812239221139976e+02 -8.401793265243746589e+01 -7.716833142987655947e+01
3.469819193324061075e+02 -8.398665457400257139e+01 -7.711688604629802057e+01
3.474826147426981606e+02 -8.395480602347159049e+01 -7.706476411274837801e+01
3.479833101529902137e+02 -8.392237881971459501e+01 -7.701196153119002474e+01
3.484840055632823237e+02 -8.388936463084654349e+01 -7.695847415956581017e+01
3.489847009735743768e+02 -8.385575496985805444e+01 -7.690429782154882332e+01
3.494853963838664299e+02 -8.382154119486884269e+01 -7.684942829897539696e+01
3.499860917941585399e+02 -8.378671451301974571e+01 -7.679386133337305864e+01
3.504867872044505930e+02 -8.375126595914977656e+01 -7.673759261968501733e+01
3.509874826147426461e+02 -8.371518641883291423e+01 -7.668061782060379983e+01
3.514881780250346992e+02 -8.367846661886095205e+01 -7.662293254448871949e+01
3.519888734353268660e+02 -8.364109711734138841e+01 -7.656453235242355504e+01
3.524895688456189191e+02 -8.360306831276020034e+01 -7.650541278060831019e+01
3.529902642559109154e+02 -8.356437044841291595e+01 -7.644556930339734890e+01
3.534909596662030822e+02 -8.352499360099658077e+01 -7.638499736836951115e+01
3.539916550764951353e+02 -8.348492767646537516e+01 -7.632369234350466058e+01
3.544923504867871884e+02 -8.344416242213705459e+01 -7.626164957771354125e+01
3.549930458970792415e+02 -8.340268741870841041e+01 -7.619886437495981113e+01
3.554937413073713515e+02 -8.336049209073863153e+01 -7.613533197501485006e+01
3.559944367176634046e+02 -8.331756568184172806e+01 -7.607104758360466690e+01
3.564951321279554577e+02 -8.327389728815479941e+01 -7.600600632891365649e+01
3.569958275382475676e+02 -8.322947583407480465e+01 -7.594020333369536502e+01
3.574965229485396208e+02 -8.318429007407752351e+01 -7.587363362525792354e+01
3.579972183588316739e+02 -8.313832861690244158e+01 -7.580629222308488124e+01
3.584979137691237838e+02 -8.309157988768825476e+01 -7.573817404191430569e+01
3.589986091794158369e+02 -8.304403217234070667e+01 -7.566927400505591095e+01
3.594993045897078900e+02 -8.299567357611722684e+01 -7.559958694215964670e+01
3.600000000000000000e+02 -8.294649206835997290e+01 -7.552910763949256534e+01
