# lons lats(polar edge) lats(equatorward edge)
0.000000000000000000e+00 7.082221875293180346e+01 6.610330250271363184e+01
5.006954102920723182e-01 7.085012875823304057e+01 6.612824650638503954e+01
1.001390820584144636e+00 7.087776914099231362e+01 6.615291451770463027e+01
1.502086230876216844e+00 7.090514056244865060e+01 6.617730881521129049e+01
2.002781641168289273e+00 7.093224367219954729e+01 6.620143163451575674e+01
2.503477051460361480e+00 7.095907912915572524e+01 6.622528516655438580e+01
3.004172461752433687e+00 7.098564759222790599e+01 6.624887158363708295e+01
3.504867872044505894e+00 7.101194972054508980e+01 6.627219299375428818e+01
4.005563282336578546e+00 7.103798617141728755e+01 6.629525149005348794e+01
4.506258692628650309e+00 7.106375760164519306e+01 6.631804910485516302e+01
5.006954102920722960e+00 7.108926467712444719e+01 6.634058784806984477e+01
5.507649513212795611e+00 7.111450805327331182e+01 6.636286966441548429e+01
6.008344923504867374e+00 7.113948839482327458e+01 6.638489646837842884e+01
6.509040333796940025e+00 7.116420636184921023e+01 6.640667013184429379e+01
7.009735744089011789e+00 7.118866262373921927e+01 6.642819248199248250e+01
7.510431154381083552e+00 7.121285784406063613e+01 6.644946529240132804e+01
8.011126564673157091e+00 7.123679269452986773e+01 6.647049031185179047e+01
8.511821974965229742e+00 7.126046784220670816e+01 6.649126922763844050e+01
9.012517385257300617e+00 7.128388396462833043e+01 6.651180368667428411e+01
9.513212795549373268e+00 7.130704173816775437e+01 6.653209529636387742e+01
1.001390820584144592e+01 7.132994184618291911e+01 6.655214561900083936e+01
1.051460361613352035e+01 7.135258497261384036e+01 6.657195616683839035e+01
1.101529902642559122e+01 7.137497181129583623e+01 6.659152841132981848e+01
1.151599443671766032e+01 7.139710305548214819e+01 6.661086379604330432e+01
1.201668984700973475e+01 7.141897940832132008e+01 6.662996369351549220e+01
1.251738525730180740e+01 7.144060158052889165e+01 6.664882946464149427e+01
1.301808066759388005e+01 7.146197028573078569e+01 6.666746241094460856e+01
1.351877607788595093e+01 7.148308624861238059e+01 6.668586380135184299e+01
1.401947148817802358e+01 7.150395020259020384e+01 6.670403485851511505e+01
1.452016689847009623e+01 7.152456288690154906e+01 6.672197677860185649e+01
1.502086230876216710e+01 7.154492505358939525e+01 6.673969071674309816e+01
1.552155771905424153e+01 7.156503746750240680e+01 6.675717778354101029e+01
1.602225312934631418e+01 7.158490090047416743e+01 6.677443906980715838e+01
1.652294853963838506e+01 7.160451613481563982e+01 6.679147562691741769e+01
1.702364394993045948e+01 7.162388397030008491e+01 6.680828847175962437e+01
1.752433936022252681e+01 7.164300521950644907e+01 6.682487859575576294e+01
1.802503477051460123e+01 7.166188070781936403e+01 6.684124695787704695e+01
1.852573018080667566e+01 7.168051127401122358e+01 6.685739449410266388e+01
1.902642559109874654e+01 7.169889777780917939e+01 6.687332212178534974e+01
1.952712100139081741e+01 7.171704108941776212e+01 6.688903071636832465e+01
2.002781641168289184e+01 7.173494210057833698e+01 6.690452115329480876e+01
2.052851182197496627e+01 7.175260172049456742e+01 6.691979427555725124e+01
2.102920723226704069e+01 7.177002087816072162e+01 6.693485090708509233e+01
2.152990264255910802e+01 7.178720051770505961e+01 6.694969186525941041e+01
2.203059805285118244e+01 7.180414161119551864e+01 6.696431794403270032e+01
2.253129346314325332e+01 7.182084514466987457e+01 6.697872993968576338e+01
2.303198887343532064e+01 7.183731213152350392e+01 6.699292861997764703e+01
2.353268428372739507e+01 7.185354360843484756e+01 6.700691476372685429e+01
2.403337969401946950e+01 7.186954063129087444e+01 6.702068912705090042e+01
2.453407510431154037e+01 7.188530428333615419e+01 6.703425247829090949e+01
2.503477051460361480e+01 7.190083567517285701e+01 6.704760557647477981e+01
2.553546592489568567e+01 7.191613593835791107e+01 6.706074918528702256e+01
2.603616133518776010e+01 7.193120623704453465e+01 6.707368406375553604e+01
2.653685674547983453e+01 7.194604775866901036e+01 6.708641099186297652e+01
2.703755215577190185e+01 7.196066172093560454e+01 6.709893073795046803e+01
2.753824756606397628e+01 7.197504937123449054e+01 6.711124409946296510e+01
2.803894297635604715e+01 7.198921198547759559e+01 6.712335187382723234e+01
2.853963838664812158e+01 7.200315086926275399e+01 6.713525487482274912e+01
2.904033379694019246e+01 7.201686736369447317e+01 6.714695393829333625e+01
2.954102920723226333e+01 7.203036283781693783e+01 6.715844990941423021e+01
3.004172461752433421e+01 7.204363869094231632e+01 6.716974366712111078e+01
3.054242002781640863e+01 7.205669636429229286e+01 6.718083610082703672e+01
3.104311543810848306e+01 7.206953732353576925e+01 6.719172813254135690e+01
3.154381084840055394e+01 7.208216307508700993e+01 6.720242070872063778e+01
3.204450625869262836e+01 7.209457515795656946e+01 6.721291480958188913e+01
3.254520166898469569e+01 7.210677514840790536e+01 6.722321144211764476e+01
3.304589707927677011e+01 7.211876465646491852e+01 6.723331164533465198e+01
3.354659248956884454e+01 7.213054532824025955e+01 6.724321650240472081e+01
3.404728789986091897e+01 7.214211885524855461e+01 6.725292712465761724e+01
3.454798331015298629e+01 7.215348695345164742e+01 6.726244466860680404e+01
3.504867872044505361e+01 7.216465139003412332e+01 6.727177032518102351e+01
3.554937413073713515e+01 7.217561396012024488e+01 6.728090533886006597e+01
3.605006954102920247e+01 7.218637650772870984e+01 6.728985099254077795e+01
3.655076495132127690e+01 7.219694090831035282e+01 6.729860861044744524e+01
3.705146036161335132e+01 7.220730908155383077e+01 6.730717957384786132e+01
3.755215577190541865e+01 7.221748298672901001e+01 6.731556530941179517e+01
3.805285118219749307e+01 7.222746462268696632e+01 6.732376729736006382e+01
3.855354659248956750e+01 7.223725602902413812e+01 6.733178706855414930e+01
3.905424200278163482e+01 7.224685928724647965e+01 6.733962620682450506e+01
3.955493741307371636e+01 7.225627652076946106e+01 6.734728635362716886e+01
4.005563282336578368e+01 7.226550989258976188e+01 6.735476920455130312e+01
4.055632823365785811e+01 7.227456160994188394e+01 6.736207651979657385e+01
4.105702364394993253e+01 7.228343391847738530e+01 6.736921011078538868e+01
4.155771905424199986e+01 7.229212910808564629e+01 6.737617184947612259e+01
4.205841446453408139e+01 7.230064951056556311e+01 6.738296367767634365e+01
4.255910987482614871e+01 7.230899749846139457e+01 6.738958758841636154e+01
4.305980528511821603e+01 7.231717548622691538e+01 6.739604564457567903e+01
4.356050069541029046e+01 7.232518593255372252e+01 6.740233996956976625e+01
4.406119610570236489e+01 7.233303133571462240e+01 6.740847275200667355e+01
4.456189151599443221e+01 7.234071423472778406e+01 6.741444624801533791e+01
4.506258692628650664e+01 7.234823721401335206e+01 6.742026277658897015e+01
4.556328233657857396e+01 7.235560289408022072e+01 6.742592472424166772e+01
4.606397774687064128e+01 7.236281394200341310e+01 6.743143454151595506e+01
4.656467315716272282e+01 7.236987306211085524e+01 6.743679474880354974e+01
4.706536856745479014e+01 7.237678299714752939e+01 6.744200793401705596e+01
4.756606397774686457e+01 7.238354653642454650e+01 6.744707674793335173e+01
4.806675938803893899e+01 7.239016650534176733e+01 6.745200391467096779e+01
4.856745479833100632e+01 7.239664576771610882e+01 6.745679222354101512e+01
4.906815020862308074e+01 7.240298722345323768e+01 6.746144452671887848e+01
4.956884561891514807e+01 7.240919381786079612e+01 6.746596375088574860e+01
5.006954102920722960e+01 7.241526853000686970e+01 6.747035288325878355e+01
5.057023643949929692e+01 7.242121437271998730e+01 6.747461498323264095e+01
5.107093184979137135e+01 7.242703440073819365e+01 6.747875317423040542e+01
5.157162726008345288e+01 7.243273170023167040e+01 6.748277064370358858e+01
5.207232267037552020e+01 7.243830939345934894e+01 6.748667064313212904e+01
5.257301808066758753e+01 7.244377063876891043e+01 6.749045649500931177e+01
5.307371349095966906e+01 7.244911862128356006e+01 6.749413158003608260e+01
5.357440890125173638e+01 7.245435656570771243e+01 6.749769934177766118e+01
5.407510431154380370e+01 7.245948772119299974e+01 6.750116329132015380e+01
5.457579972183587813e+01 7.246451537065149751e+01 6.750452699213656160e+01
5.507649513212795256e+01 7.246944282609911170e+01 6.750779407638492557e+01
5.557719054242002699e+01 7.247427342632727232e+01 6.751096822861018154e+01
5.607788595271209431e+01 7.247901053341047373e+01 6.751405319505738589e+01
5.657858136300416163e+01 7.248365753969119396e+01 6.751705277785094950e+01
5.707927677329624316e+01 7.248821786079497542e+01 6.751997083033802483e+01
5.757997218358831759e+01 7.249269493097381201e+01 6.752281126407342526e+01
5.808066759388038491e+01 7.249709220892691519e+01 6.752557803717809293e+01
5.858136300417245934e+01 7.250141317314410117e+01 6.752827516598063085e+01
5.908205841446452666e+01 7.250566132074163761e+01 6.753090670639085147e+01
5.958275382475660109e+01 7.250984016047732439e+01 6.753347676554130885e+01
6.008344923504866841e+01 7.251395322439202573e+01 6.753598949713068578e+01
6.058414464534074995e+01 7.251800404918321874e+01 6.753844909211056802e+01
6.108484005563281727e+01 7.252199618901067879e+01 6.754085978567036364e+01
6.158553546592489170e+01 7.252593320618325379e+01 6.754322585258069012e+01
6.208623087621696612e+01 7.252981866999471094e+01 6.754555160020845506e+01
6.258692628650903345e+01 7.253365615439543035e+01 6.754784137433762226e+01
6.308762169680110787e+01 7.253744924264901783e+01 6.755009954752767953e+01
6.358831710709318941e+01 7.254120151569077279e+01 6.755233052609855804e+01
6.408901251738525673e+01 7.254491655212768819e+01 6.755453874314571294e+01
6.458970792767732405e+01 7.254859793755167630e+01 6.755672864922689769e+01
6.509040333796939137e+01 7.255224924242065754e+01 6.755890472283954296e+01
6.559109874826147291e+01 7.255587403835670557e+01 6.756107145877922449e+01
6.609179415855354023e+01 7.255947588650451507e+01 6.756323336930381629e+01
6.659248956884562176e+01 7.256305833287478890e+01 6.756539497598441812e+01
6.709318497913768908e+01 7.256662491882161703e+01 6.756756081203366193e+01
6.759388038942975641e+01 7.257017916241602506e+01 6.756973542230571184e+01
6.809457579972183794e+01 7.257372456543089356e+01 6.757192334117735300e+01
6.859527121001390526e+01 7.257726461101265159e+01 6.757412912281597528e+01
6.909596662030597258e+01 7.258080275902466383e+01 6.757635730741912994e+01
6.959666203059803991e+01 7.258434244371892419e+01 6.757861242354283604e+01
7.009735744089010723e+01 7.258788707140774932e+01 6.758089900439972553e+01
7.059805285118218876e+01 7.259144001347885933e+01 6.758322156224767241e+01
7.109874826147427029e+01 7.259500461803690996e+01 6.758558459304640564e+01
7.159944367176633762e+01 7.259858418894873466e+01 6.758799257412920269e+01
7.210013908205840494e+01 7.260218199282826390e+01 6.759044995605381700e+01
7.260083449235048647e+01 7.260580125903652515e+01 6.759296116725909087e+01
7.310152990264255379e+01 7.260944517269672360e+01 6.759553060475172970e+01
7.360222531293462112e+01 7.261311686770932283e+01 6.759816262479307625e+01
7.410292072322670265e+01 7.261681943606527057e+01 6.760086155337648961e+01
7.460361613351876997e+01 7.262055591154785361e+01 6.760363166643674049e+01
7.510431154381083729e+01 7.262432927671761718e+01 6.760647719916323695e+01
7.560500695410290461e+01 7.262814245825575199e+01 6.760940233435849223e+01
7.610570236439498615e+01 7.263199831997917499e+01 6.761241120127397153e+01
7.660639777468706768e+01 7.263589966749714222e+01 6.761550787095347914e+01
7.710709318497913500e+01 7.263984923656971660e+01 6.761869635041239235e+01
7.760778859527120233e+01 7.264384969543607440e+01 6.762198058263766143e+01
7.810848400556326965e+01 7.264790364714281168e+01 6.762536444076704356e+01
7.860917941585533697e+01 7.265201361790241208e+01 6.762885172110418353e+01
7.910987482614743271e+01 7.265618205709324684e+01 6.763244614428276691e+01
7.961057023643950004e+01 7.266041133958788123e+01 6.763615134595329437e+01
8.011126564673156736e+01 7.266470375760400202e+01 6.763997088027554128e+01
8.061196105702363468e+01 7.266906151837611105e+01 6.764390820711287233e+01
8.111265646731571621e+01 7.267348675114044454e+01 6.764796668737562868e+01
8.161335187760779775e+01 7.267798148618021514e+01 6.765214959117020044e+01
8.211404728789986507e+01 7.268254766995960381e+01 6.765646008499334130e+01
8.261474269819193239e+01 7.268718716046714690e+01 6.766090122474724922e+01
8.311543810848399971e+01 7.269190171091759112e+01 6.766547595806787285e+01
8.361613351877606704e+01 7.269669298605003860e+01 6.767018711559376243e+01
8.411682892906816278e+01 7.270156254815810826e+01 6.767503741795098904e+01
8.461752433936023010e+01 7.270651185941824224e+01 6.768002945363423350e+01
8.511821974965229742e+01 7.271154228072555270e+01 6.768516569181247178e+01
8.561891515994436475e+01 7.271665506238059606e+01 6.769044847010536614e+01
8.611961057023643207e+01 7.272185135689505842e+01 6.769587999225495878e+01
8.662030598052849939e+01 7.272713220152945723e+01 6.770146232928982499e+01
8.712100139082058092e+01 7.273249852877052035e+01 6.770719740904769424e+01
8.762169680111264825e+01 7.273795115701796021e+01 6.771308701850375655e+01
8.812239221140472978e+01 7.274349079174862709e+01 6.771913279271120700e+01
8.862308762169679710e+01 7.274911802900896873e+01 6.772533622644277784e+01
8.912378303198886442e+01 7.275483334377349820e+01 6.773169865672844026e+01
8.962447844228094596e+01 7.276063709925801959e+01 6.773822126518371078e+01
9.012517385257301328e+01 7.276652953993470874e+01 6.774490507393511507e+01
9.062586926286508060e+01 7.277251079618872609e+01 6.775175095144095394e+01
9.112656467315714792e+01 7.277858087034837808e+01 6.775875960084977123e+01
9.162726008344921524e+01 7.278473965763987508e+01 6.776593155068712804e+01
9.212795549374128257e+01 7.279098692406842019e+01 6.777326717813866708e+01
9.262865090403337831e+01 7.279732232038804796e+01 6.778076667645382258e+01
9.312934631432544563e+01 7.280374537744501140e+01 6.778843007822888467e+01
9.363004172461751295e+01 7.281025549919286277e+01 6.779625723910885426e+01
9.413073713490958028e+01 7.281685198015475180e+01 6.780424784011574957e+01
9.463143254520164760e+01 7.282353398563282099e+01 6.781240138997691247e+01
9.513212795549372913e+01 7.283030056218558457e+01 6.782071721930424246e+01
9.563282336578581067e+01 7.283715063995623495e+01 6.782919448059419665e+01
9.613351877607787799e+01 7.284408302568772342e+01 6.783783215288440260e+01
9.663421418636994531e+01 7.285109641203598585e+01 6.784662903244043264e+01
9.713490959666201263e+01 7.285818936942087021e+01 6.785558373741241667e+01
9.763560500695409416e+01 7.286536035301105585e+01 6.786469471249165508e+01
9.813630041724616149e+01 7.287260770505235996e+01 6.787396021959739301e+01
9.863699582753822881e+01 7.287992964555451181e+01 6.788337834486173961e+01
9.913769123783029613e+01 7.288732428858929779e+01 6.789294699513720843e+01
9.963838664812239188e+01 7.289478962832072284e+01 6.790266390614578995e+01
1.001390820584144592e+02 7.290232355530315544e+01 6.791252663316572580e+01
1.006397774687065265e+02 7.290992384600394871e+01 6.792253255918058130e+01
1.011404728789985938e+02 7.291758817095251288e+01 6.793267889720755193e+01
1.016411682892906754e+02 7.292531409241200890e+01 6.794296268680500361e+01
1.021418636995827427e+02 7.293309907020011451e+01 6.795338079872908565e+01
1.026425591098748242e+02 7.294094046168902423e+01 6.796392993959034357e+01
1.031432545201669058e+02 7.294883552529790904e+01 6.797460664952541265e+01
1.036439499304589731e+02 7.295678142049291637e+01 6.798540731151024374e+01
1.041446453407510404e+02 7.296477520778717007e+01 6.799632813971857104e+01
1.046453407510431077e+02 7.297281386038230266e+01 6.800736520396912965e+01
1.051460361613351751e+02 7.298089425601938274e+01 6.801851441109920415e+01
1.056467315716272708e+02 7.298901318512798753e+01 6.802977152824769291e+01
1.061474269819193381e+02 7.299716735199035611e+01 6.804113216655696306e+01
1.066481223922114054e+02 7.300535337706969585e+01 6.805259179979930195e+01
1.071488178025034728e+02 7.301356779933848884e+01 6.806414576437691721e+01
1.076495132127955401e+02 7.302180708209925797e+01 6.807578925932193670e+01
1.081502086230876074e+02 7.303006761182041373e+01 6.808751735095302138e+01
1.086509040333796889e+02 7.303834570046456065e+01 6.809932498451689753e+01
1.091515994436717563e+02 7.304663759363756981e+01 6.811120697720343742e+01
1.096522948539638236e+02 7.305493946826027241e+01 6.812315803211549792e+01
1.101529902642559051e+02 7.306324743373261299e+01 6.813517274059722695e+01
1.106536856745479724e+02 7.307155754706764128e+01 6.814724557990575704e+01
1.111543810848400540e+02 7.307986579892167356e+01 6.815937092834519717e+01
1.116550764951321213e+02 7.308816812756413128e+01 6.817154306293832633e+01
1.121557719054241886e+02 7.309646042004169431e+01 6.818375616757566604e+01
1.126564673157162559e+02 7.310473851334245410e+01 6.819600433534378681e+01
1.131571627260083233e+02 7.311299819439591374e+01 6.820828157900268707e+01
1.136578581363004190e+02 7.312123521637113299e+01 6.822058182632918033e+01
1.141585535465924863e+02 7.312944527888612356e+01 6.823289893757919344e+01
1.146592489568845536e+02 7.313762405594752636e+01 6.824522669559246424e+01
1.151599443671766352e+02 7.314576717732416000e+01 6.825755882907560590e+01
1.156606397774686883e+02 7.315387024717347231e+01 6.826988899979642156e+01
1.161613351877607698e+02 7.316192883938492741e+01 6.828221081888204935e+01
1.166620305980528229e+02 7.316993850107246544e+01 6.829451785089349869e+01
1.171627260083449187e+02 7.317789475257450249e+01 6.830680360684073094e+01
1.176634214186370002e+02 7.318579310142376926e+01 6.831906157445064309e+01
1.181641168289290533e+02 7.319362902837747242e+01 6.833128519255569699e+01
1.186648122392211349e+02 7.320139800487959292e+01 6.834346787903359655e+01
1.191655076495132022e+02 7.320909548607596662e+01 6.835560302382236841e+01
1.196662030598052695e+02 7.321671692012751009e+01 6.836768399823358777e+01
1.201668984700973368e+02 7.322425774588191416e+01 6.837970416193729761e+01
1.206675938803894041e+02 7.323171339520195033e+01 6.839165685830539587e+01
1.211682892906814999e+02 7.323907929995039012e+01 6.840353542488901439e+01
1.216689847009735672e+02 7.324635088966169860e+01 6.841533320273174468e+01
1.221696801112656345e+02 7.325352359503449406e+01 6.842704352938471857e+01
1.226703755215577019e+02 7.326059285258816089e+01 6.843865975287644687e+01
1.231710709318497834e+02 7.326755410349869635e+01 6.845017523054866615e+01
1.236717663421418507e+02 7.327440279592701700e+01 6.846158333371295157e+01
1.241724617524339322e+02 7.328113438851141836e+01 6.847287745230732980e+01
1.246731571627260138e+02 7.328774435269588139e+01 6.848405099722458544e+01
1.251738525730180669e+02 7.329422817389422562e+01 6.849509740496887389e+01
1.256745479833101484e+02 7.330058135149010923e+01 6.850601014580479386e+01
1.261752433936022157e+02 7.330679940116533544e+01 6.851678271095170203e+01
1.266759388038942831e+02 7.331287785955646541e+01 6.852740863703093055e+01
1.271766342141863788e+02 7.331881228192651179e+01 6.853788149442425492e+01
1.276773296244784177e+02 7.332459824565739837e+01 6.854819489309466007e+01
1.281780250347705135e+02 7.333023135257826652e+01 6.855834248957125965e+01
1.286787204450625950e+02 7.333570722780132201e+01 6.856831798578514281e+01
1.291794158553546481e+02 7.334102151972183492e+01 6.857811513139768067e+01
1.296801112656467296e+02 7.334616990816721227e+01 6.858772772496467951e+01
1.301808066759387827e+02 7.335114809741207864e+01 6.859714962441375974e+01
1.306815020862308643e+02 7.335595182199904229e+01 6.860637473307451728e+01
1.311821974965229458e+02 7.336057684906700160e+01 6.861539701830497506e+01
1.316828929068149989e+02 7.336501896903791931e+01 6.862421050567081693e+01
1.321835883171070805e+02 7.336927401191496756e+01 6.863280927661708120e+01
1.326842837273991336e+02 7.337333783564099576e+01 6.864118748010969284e+01
1.331849791376912435e+02 7.337720633250137325e+01 6.864933932099393132e+01
1.336856745479833251e+02 7.338087543145229574e+01 6.865725907163596275e+01
1.341863699582753782e+02 7.338434108997171279e+01 6.866494107425114635e+01
1.346870653685674597e+02 7.338759930337255355e+01 6.867237972926250222e+01
1.351877607788595128e+02 7.339064610654895660e+01 6.867956950446841802e+01
1.356884561891515943e+02 7.339347756233473774e+01 6.868650494493795122e+01
1.361891515994436759e+02 7.339608977547322866e+01 6.869318065118295635e+01
1.366898470097357290e+02 7.339847888330405112e+01 6.869959130535153236e+01
1.371905424200278105e+02 7.340064106041972991e+01 6.870573165012774552e+01
1.376912378303198636e+02 7.340257252448645886e+01 6.871159649804485525e+01
1.381919332406119452e+02 7.340426951994595584e+01 6.871718073381362046e+01
1.386926286509039983e+02 7.340572833198530134e+01 6.872247931490437622e+01
1.391933240611960798e+02 7.340694528886524495e+01 6.872748726106965478e+01
1.396940194714881613e+02 7.340791674678621348e+01 6.873219967122440721e+01
1.401947148817802145e+02 7.340863910735060927e+01 6.873661170481955196e+01
1.406954102920723244e+02 7.340910880126466509e+01 6.874071859610285173e+01
1.411961057023643775e+02 7.340932230347243603e+01 6.874451564946230064e+01
1.416968011126564591e+02 7.340927611918596085e+01 6.874799823244120489e+01
1.421974965229485406e+02 7.340896679203433450e+01 6.875116178505140851e+01
1.426981919332405937e+02 7.340839090639201459e+01 6.875400181715394865e+01
1.431988873435326752e+02 7.340754507922974881e+01 6.875651389681752335e+01
1.436995827538247283e+02 7.340642595545796212e+01 6.875869367127324949e+01
1.442002781641168099e+02 7.340503023470228072e+01 6.876053684479575168e+01
1.447009735744088914e+02 7.340335463055816945e+01 6.876203919034469436e+01
1.452016689847009729e+02 7.340139590551552828e+01 6.876319654025155614e+01
1.457023643949930261e+02 7.339915085116808768e+01 6.876400479786116193e+01
1.462030598052851076e+02 7.339661629287002143e+01 6.876445992239769112e+01
1.467037552155771891e+02 7.339378909090009984e+01 6.876455793711375009e+01
1.472044506258692422e+02 7.339066613871545997e+01 6.876429493161867867e+01
1.477051460361613238e+02 7.338724436178745236e+01 6.876366704237898375e+01
1.482058414464534053e+02 7.338352071410918143e+01 6.876267047629244189e+01
1.487065368567454584e+02 7.337949218983703759e+01 6.876130149497203092e+01
1.492072322670375399e+02 7.337515580641047563e+01 6.875955641649215977e+01
1.497079276773296215e+02 7.337050861852185335e+01 6.875743161218724708e+01
1.502086230876216746e+02 7.336554770414659288e+01 6.875492350461445312e+01
1.507093184979137845e+02 7.336027017385640647e+01 6.875202858035936515e+01
1.512100139082058092e+02 7.335467317198344972e+01 6.874874336791708629e+01
1.517107093184979192e+02 7.334875386381463613e+01 6.874506445282622735e+01
1.522114047287899723e+02 7.334250944839732256e+01 6.874098847068398754e+01
1.527121001390820538e+02 7.333593714864400681e+01 6.873651210016123514e+01
1.532127955493741354e+02 7.332903421598894056e+01 6.873163207056950341e+01
1.537134909596661885e+02 7.332179793038812932e+01 6.872634515604022454e+01
1.542141863699582700e+02 7.331422559333441313e+01 6.872064818367380212e+01
1.547148817802503231e+02 7.330631453193200286e+01 6.871453801665938954e+01
1.552155771905424047e+02 7.329806210704555269e+01 6.870801155893150280e+01
1.557162726008344862e+02 7.328946569234540220e+01 6.870106576448324631e+01
1.562169680111265393e+02 7.328052268944156822e+01 6.869369762456062745e+01
1.567176634214186208e+02 7.327123052322713193e+01 6.868590416387905861e+01
1.572183588317106739e+02 7.326158664537069853e+01 6.867768245750357892e+01
1.577190542420027555e+02 7.325158852500317153e+01 6.866902960465540673e+01
1.582197496522948654e+02 7.324123365453851875e+01 6.865994275243156153e+01
1.587204450625868901e+02 7.323051954734546598e+01 6.865041907630529749e+01
1.592211404728790001e+02 7.321944373658334371e+01 6.864045578740206111e+01
1.597218358831710532e+02 7.320800377753039356e+01 6.863005012682424422e+01
1.602225312934631347e+02 7.319619724962103646e+01 6.861919937365473743e+01
1.607232267037552162e+02 7.318402174364018720e+01 6.860790083593474264e+01
1.612239221140472694e+02 7.317147487278271001e+01 6.859615184775339003e+01
1.617246175243393509e+02 7.315855427148926537e+01 6.858394978394517238e+01
1.622253129346314324e+02 7.314525758758827578e+01 6.857129202982196148e+01
1.627260083449234855e+02 7.313158249393745791e+01 6.855817601260514493e+01
1.632267037552155955e+02 7.311752667794644367e+01 6.854459917814256187e+01
1.637273991655076486e+02 7.310308783808432054e+01 6.853055901069910760e+01
1.642280945757997301e+02 7.308826370192400645e+01 6.851605300094252016e+01
1.647287899860917832e+02 7.307305200518749189e+01 6.850107867504721071e+01
1.652294853963838648e+02 7.305745049873075914e+01 6.848563358683622937e+01
1.657301808066759463e+02 7.304145696134946775e+01 6.846971529886377539e+01
1.662308762169679994e+02 7.302506917649589013e+01 6.845332141384733404e+01
1.667315716272600810e+02 7.300828494624875020e+01 6.843644954148930992e+01
1.672322670375521341e+02 7.299110209596983623e+01 6.841909731681244011e+01
1.677329624478442156e+02 7.297351845334924292e+01 6.840126240336121555e+01
1.682336578581363256e+02 7.295553187518089544e+01 6.838294247806788917e+01
1.687343532684283502e+02 7.293714022524363827e+01 6.836413523474493559e+01
1.692350486787204602e+02 7.291834138827107381e+01 6.834483839514450665e+01
1.697357440890125133e+02 7.289913325598172378e+01 6.832504969484307367e+01
1.702364394993045948e+02 7.287951375152624678e+01 6.830476689430088300e+01
1.707371349095966480e+02 7.285948079805530142e+01 6.828398776285484928e+01
1.712378303198887295e+02 7.283903234200261068e+01 6.826271009530773881e+01
1.717385257301808110e+02 7.281816634435381275e+01 6.824093170552532683e+01
1.722392211404728641e+02 7.279688078297476750e+01 6.821865042992885719e+01
1.727399165507649457e+02 7.277517365377570968e+01 6.819586410974170576e+01
1.732406119610569988e+02 7.275304296372632962e+01 6.817257062154840241e+01
1.737413073713490803e+02 7.273048674075107556e+01 6.814876784659008990e+01
1.742420027816411618e+02 7.270750303023669403e+01 6.812445369637589465e+01
1.747426981919332150e+02 7.268408989736053627e+01 6.809962609754893492e+01
1.752433936022252965e+02 7.266024541777733248e+01 6.807428299778382552e+01
1.757440890125173496e+02 7.263596769624564331e+01 6.804842235849480403e+01
1.762447844228094596e+02 7.261125484450894874e+01 6.802204217697851618e+01
1.767454798331015411e+02 7.258610500632494222e+01 6.799514045176454147e+01
1.772461752433935942e+02 7.256051633185415994e+01 6.796771521616153677e+01
1.777468706536856757e+02 7.253448701142042410e+01 6.793976452486947437e+01
1.782475660639777288e+02 7.250801523360132705e+01 6.791128645470723768e+01
1.787482614742698104e+02 7.248109922771982383e+01 6.788227910228431483e+01
1.792489568845618919e+02 7.245373723590455484e+01 6.785274059772891064e+01
1.797496522948539450e+02 7.242592753171629738e+01 6.782266909295830715e+01
1.802503477051460266e+02 7.239766840967058670e+01 6.779206276444855916e+01
1.807510431154380797e+02 7.236895818640186917e+01 6.776091982184115636e+01
1.812517385257301612e+02 7.233979521114088129e+01 6.772923849562320697e+01
1.817524339360222427e+02 7.231017785989388358e+01 6.769701706401210117e+01
1.822531293463142958e+02 7.228010453660681378e+01 6.766425382268752742e+01
1.827538247566063774e+02 7.224957367665774655e+01 6.763094710807453680e+01
1.832545201668984305e+02 7.221858374452858698e+01 6.759709528395578104e+01
1.837552155771905404e+02 7.218713324195414316e+01 6.756269676359042364e+01
1.842559109874825651e+02 7.215522070210136008e+01 6.752774998992353517e+01
1.847566063977746751e+02 7.212284469539008569e+01 6.749225344984697017e+01
1.852573018080667566e+02 7.209000382716476452e+01 6.745620567827390346e+01
1.857579972183588097e+02 7.205669674467935693e+01 6.741960524591522130e+01
1.862586926286508913e+02 7.202292213127657305e+01 6.738245077528662819e+01
1.867593880389429444e+02 7.198867872152186465e+01 6.734474094449214476e+01
1.872600834492350259e+02 7.195396528374112677e+01 6.730647447329064903e+01
1.877607788595271074e+02 7.191878064097545575e+01 6.726765013692019579e+01
1.882614742698191606e+02 7.188312366108584683e+01 6.722826677999509570e+01
1.887621696801112421e+02 7.184699326257396024e+01 6.718832329424148497e+01
1.892628650904032952e+02 7.181038841108966153e+01 6.714781864007053969e+01
1.897635605006953767e+02 7.177330813922162633e+01 6.710675184075770972e+01
1.902642559109874583e+02 7.173575152335979510e+01 6.706512199641255734e+01
1.907649513212795114e+02 7.169771771105297375e+01 6.702292826884476540e+01
1.912656467315716213e+02 7.165920589976303745e+01 6.698016989436982271e+01
1.917663421418636460e+02 7.162021536305837799e+01 6.693684620843814059e+01
1.922670375521557560e+02 7.158074543504335452e+01 6.689295660532624765e+01
1.927677329624478375e+02 7.154079552199982572e+01 6.684850057809657642e+01
1.932684283727398906e+02 7.150036510005884338e+01 6.680347770871580337e+01
1.937691237830319722e+02 7.145945372451387811e+01 6.675788767123580669e+01
1.942698191933240253e+02 7.141806103331327904e+01 6.671173023770083432e+01
1.947705146036161068e+02 7.137618673541874159e+01 6.666500528820310478e+01
1.952712100139081883e+02 7.133383063874498475e+01 6.661771280207889845e+01
1.957719054242002414e+02 7.129099262687668670e+01 6.656985287857227718e+01
1.962726008344923230e+02 7.124767268351570237e+01 6.652142572868601178e+01
1.967732962447844045e+02 7.120387088796996977e+01 6.647243168274857794e+01
1.972739916550764576e+02 7.115958741922804620e+01 6.642287119812667129e+01
1.977746870653685392e+02 7.111482255217561033e+01 6.637274486680584573e+01
1.982753824756605923e+02 7.106957667796814349e+01 6.632205340747790956e+01
1.987760778859527022e+02 7.102385029719152953e+01 6.627079769821907007e+01
1.992767732962447838e+02 7.097764402219036128e+01 6.621897874020109498e+01
1.997774687065368369e+02 7.093095858172455337e+01 6.616659770223381543e+01
2.002781641168289184e+02 7.088379484192410018e+01 6.611365591145190024e+01
2.007788595271209999e+02 7.083615377834939864e+01 6.606015484749408984e+01
2.012795549374130530e+02 7.078803651557245757e+01 6.600609617277117991e+01
2.017802503477051346e+02 7.073944430505798664e+01 6.595148171966033601e+01
2.022809457579971877e+02 7.069037854611815419e+01 6.589631349661689796e+01
2.027816411682892692e+02 7.064084077659936156e+01 6.584059370563667812e+01
2.032823365785813508e+02 7.059083269616530742e+01 6.578432474865880408e+01
2.037830319888734039e+02 7.054035615814791527e+01 6.572750921476003327e+01
2.042837273991654854e+02 7.048941317012940999e+01 6.567014991246000477e+01
2.047844228094575953e+02 7.043800591606122907e+01 6.561224985575140067e+01
2.052851182197496485e+02 7.038613674345833715e+01 6.555381227923393794e+01
2.057858136300417300e+02 7.033380818901059683e+01 6.549484065412147515e+01
2.062865090403338115e+02 7.028102295821008738e+01 6.543533867369009727e+01
2.067872044506258646e+02 7.022778395445493516e+01 6.537531027947156304e+01
2.072878998609179462e+02 7.017409427090024110e+01 6.531475965892499858e+01
2.077885952712099993e+02 7.011995720675622579e+01 6.525369124980247193e+01
2.082892906815020808e+02 7.006537625564669725e+01 6.519210976328653828e+01
2.087899860917941623e+02 7.001035512889211532e+01 6.513002016478171186e+01
2.092906815020862155e+02 6.995489775900205132e+01 6.506742770752939009e+01
2.097913769123782970e+02 6.989900829036196228e+01 6.500433791892905333e+01
2.102920723226703501e+02 6.984269110950117465e+01 6.494075661989231207e+01
2.107927677329624316e+02 6.978595082413812634e+01 6.487668992658913680e+01
2.112934631432545416e+02 6.972879228879173752e+01 6.481214426398113915e+01
2.117941585535465663e+02 6.967122060827387031e+01 6.474712636494845697e+01
2.122948539638386762e+02 6.961324113477894571e+01 6.468164327727467366e+01
2.127955493741307293e+02 6.955485947952547576e+01 6.461570237383315884e+01
2.132962447844228109e+02 6.949608152090513613e+01 6.454931136190029406e+01
2.137969401947148924e+02 6.943691340448276605e+01 6.448247828490170264e+01
2.142976356050069455e+02 6.937736155638413038e+01 6.441521152357640290e+01
2.147983310152990271e+02 6.931743267863930669e+01 6.434751982537167692e+01
2.152990264255910802e+02 6.925713377304782625e+01 6.427941227359301024e+01
2.157997218358831617e+02 6.919647212022391614e+01 6.421089833164191418e+01
2.163004172461752148e+02 6.913545531219278928e+01 6.414198781856870824e+01
2.168011126564672963e+02 6.907409124074911233e+01 6.407269093701219731e+01
2.173018080667593779e+02 6.901238810735230800e+01 6.400301825748360329e+01
2.178025034770514310e+02 6.895035443360393401e+01 6.393298075096285515e+01
2.183031988873435125e+02 6.888799906008352991e+01 6.386258975863060527e+01
2.188038942976355656e+02 6.882533115100522991e+01 6.379185702912113243e+01
2.193045897079276472e+02 6.876236020585929509e+01 6.372079469756758385e+01
2.198052851182197571e+02 6.869909605475550052e+01 6.364941531354165249e+01
2.203059805285118102e+02 6.863554887239297386e+01 6.357773182242712551e+01
2.208066759388038918e+02 6.857172917806019541e+01 6.350575757473311000e+01
2.213073713490959449e+02 6.850764783330669161e+01 6.343350634122802489e+01
2.218080667593880264e+02 6.844331605882325675e+01 6.336099230362637513e+01
2.223087621696801079e+02 6.837874542978534009e+01 6.328823005226044529e+01
2.228094575799721611e+02 6.831394787236058619e+01 6.321523460121429139e+01
2.233101529902642426e+02 6.824893568466359284e+01 6.314202138017466837e+01
2.238108484005562957e+02 6.818372152569645550e+01 6.306860623617725992e+01
2.243115438108483772e+02 6.811831841884122696e+01 6.299500543826329135e+01
2.248122392211404588e+02 6.805273975418822374e+01 6.292123566583799743e+01
2.253129346314325119e+02 6.798699929668509867e+01 6.284731402482324825e+01
2.258136300417245934e+02 6.792111117682361510e+01 6.277325803135940419e+01
2.263143254520166465e+02 6.785508990344533231e+01 6.269908561675296710e+01
2.268150208623087565e+02 6.778895034977176692e+01 6.262481512340204404e+01
2.273157162726008380e+02 6.772270776155346539e+01 6.255046530232252167e+01
2.278164116828928911e+02 6.765637775939831045e+01 6.247605530907353000e+01
2.283171070931849727e+02 6.758997632945829537e+01 6.240160469793667630e+01
2.288178025034770258e+02 6.752351982808613684e+01 6.232713342075189189e+01
2.293184979137691073e+02 6.745702497252204921e+01 6.225266181760420636e+01
2.298191933240611604e+02 6.739050885253527667e+01 6.217821061507751779e+01
2.303198887343532704e+02 6.732398890597687569e+01 6.210380091694136695e+01
2.308205841446453235e+02 6.725748293507786002e+01 6.202945419483771161e+01
2.313212795549373766e+02 6.719100908782274928e+01 6.195519228828092650e+01
2.318219749652294297e+02 6.712458586027787533e+01 6.188103738603135184e+01
2.323226703755215397e+02 6.705823209309892263e+01 6.180701202376698689e+01
2.328233657858135928e+02 6.699196695406863000e+01 6.173313907709857062e+01
2.333240611961056459e+02 6.692580994508170988e+01 6.165944174061482386e+01
2.338247566063977843e+02 6.685978088817500975e+01 6.158594353253906206e+01
2.343254520166898374e+02 6.679389991621428635e+01 6.151266826911782459e+01
2.348261474269818621e+02 6.672818746358097997e+01 6.143964006229256825e+01
2.353268428372740004e+02 6.666266426617221441e+01 6.136688330340152220e+01
2.358275382475660535e+02 6.659735133695357945e+01 6.129442264920984940e+01
2.363282336578581067e+02 6.653226997061574366e+01 6.122228301725303368e+01
2.368289290681501882e+02 6.646744172145554330e+01 6.115048955556889609e+01
2.373296244784422697e+02 6.640288839639106300e+01 6.107906764968251423e+01
2.378303198887343228e+02 6.633863204215595033e+01 6.100804288535331921e+01
2.383310152990264044e+02 6.627469493365788367e+01 6.093744105556001500e+01
2.388317107093184859e+02 6.621109955302381422e+01 6.086728812091936902e+01
2.393324061196105390e+02 6.614786858727165964e+01 6.079761021899943785e+01
2.398331015299026205e+02 6.608502490735554602e+01 6.072843362473835782e+01
2.403337969401946737e+02 6.602259155070350971e+01 6.065978474811603860e+01
2.408344923504867552e+02 6.596059170724765863e+01 6.059169011319940523e+01
2.413351877607788083e+02 6.589904870778264012e+01 6.052417633718764023e+01
2.418358831710709183e+02 6.583798599719011690e+01 6.045727011411403851e+01
2.423365785813629998e+02 6.577742712628969457e+01 6.039099819621955589e+01
2.428372739916550529e+02 6.571739572855585720e+01 6.032538737532635764e+01
2.433379694019471344e+02 6.565791550614812877e+01 6.026046446421136693e+01
2.438386648122392160e+02 6.559901020080724265e+01 6.019625627332320050e+01
2.443393602225312691e+02 6.554070358687022235e+01 6.013278959215571717e+01
2.448400556328233506e+02 6.548301944333070423e+01 6.007009117527817921e+01
2.453407510431154037e+02 6.542598153986909892e+01 6.000818770973896221e+01
2.458414464534074853e+02 6.536961360774876084e+01 5.994710580109571652e+01
2.463421418636995668e+02 6.531393932118953671e+01 5.988687195478891567e+01
2.468428372739916199e+02 6.525898228339792695e+01 5.982751254470971958e+01
2.473435326842837014e+02 6.520476599397079553e+01 5.976905380155844227e+01
2.478442280945758114e+02 6.515131383376137819e+01 5.971152178024826185e+01
2.483449235048678645e+02 6.509864903461129870e+01 5.965494234826368825e+01
2.488456189151599460e+02 6.504679467236564960e+01 5.959934115190011994e+01
2.493463143254520276e+02 6.499577362263516989e+01 5.954474359996569888e+01
2.498470097357440807e+02 6.494560855497547891e+01 5.949117483584163324e+01
2.503477051460361338e+02 6.489632189796247985e+01 5.943865971652743951e+01
2.508484005563282153e+02 6.484793582289421465e+01 5.938722278819372491e+01
2.513490959666202968e+02 6.480047221817949321e+01 5.933688825591420368e+01
2.518497913769123500e+02 6.475395266256236937e+01 5.928767997435247139e+01
2.523504867872044315e+02 6.470839839951077010e+01 5.923962139653926329e+01
2.528511821974965130e+02 6.466383032557496335e+01 5.919273557270830111e+01
2.533518776077885661e+02 6.462026895080634858e+01 5.914704512002830938e+01
2.538525730180806477e+02 6.457773438478761818e+01 5.910257218767841891e+01
2.543532684283727576e+02 6.453624630985723343e+01 5.905933843356510238e+01
2.548539638386647823e+02 6.449582395724428352e+01 5.901736500685987608e+01
2.553546592489568354e+02 6.445648608145711478e+01 5.897667251773131625e+01
2.558553546592489738e+02 6.441825094514933880e+01 5.893728100474876896e+01
2.563560500695410269e+02 6.438113628303108271e+01 5.889920992091251151e+01
2.568567454798330800e+02 6.434515929197368678e+01 5.886247809290838973e+01
2.573574408901251900e+02 6.431033659841341432e+01 5.882710371528705195e+01
2.578581363004172431e+02 6.427668424670991953e+01 5.879310430622612671e+01
2.583588317107092962e+02 6.424421766654995736e+01 5.876049668541131155e+01
2.588595271210013493e+02 6.421295165897754487e+01 5.872929696472314731e+01
2.593602225312934593e+02 6.418290037776750978e+01 5.869952050283504263e+01
2.598609179415855124e+02 6.415407729915750679e+01 5.867118189124343530e+01
2.603616133518775655e+02 6.412649521719140466e+01 5.864429493098472790e+01
2.608623087621696754e+02 6.410016621112299617e+01 5.861887260702391700e+01
2.613630041724617286e+02 6.407510164075938519e+01 5.859492706555360542e+01
2.618636995827537817e+02 6.405131211619300302e+01 5.857246959071093784e+01
2.623643949930458916e+02 6.402880749314499553e+01 5.855151059060776220e+01
2.628650904033379447e+02 6.400759685433877166e+01 5.853205956939095245e+01
2.633657858136299978e+02 6.398768848854524549e+01 5.851412510686972723e+01
2.638664812239220510e+02 6.396908989291114267e+01 5.849771485385903702e+01
2.643671766342141609e+02 6.395180774036271032e+01 5.848283549725496755e+01
2.648678720445062140e+02 6.393584789357555564e+01 5.846949275537812696e+01
2.653685674547982671e+02 6.392121536772174295e+01 5.845769136633211360e+01
2.658692628650904339e+02 6.390791434443963226e+01 5.844743506006383882e+01
2.663699582753824870e+02 6.389594815553573426e+01 5.843872656302013979e+01
2.668706536856744833e+02 6.388531927832809743e+01 5.843156758417794094e+01
2.673713490959666501e+02 6.387602932633308228e+01 5.842595879874610887e+01
2.678720445062587032e+02 6.386807905392197426e+01 5.842189984991168217e+01
2.683727399165507563e+02 6.386146835166437086e+01 5.841938933719833926e+01
2.688734353268428094e+02 6.385619624399987515e+01 5.841842482228716449e+01
2.693741307371349194e+02 6.385226089040224906e+01 5.841900281970342235e+01
2.698748261474269725e+02 6.384965959003602620e+01 5.842111879856278733e+01
2.703755215577190256e+02 6.384838878641312476e+01 5.842476718489965037e+01
2.708762169680111356e+02 6.384844406506454106e+01 5.842994137563695745e+01
2.713769123783031887e+02 6.384982017100264784e+01 5.843663372694467739e+01
2.718776077885952418e+02 6.385251101104950067e+01 5.844483557519455985e+01
2.723783031988873518e+02 6.385650966431421693e+01 5.845453724627336101e+01
2.728789986091794049e+02 6.386180839150620159e+01 5.846572806023945645e+01
2.733796940194714580e+02 6.386839865123329218e+01 5.847839635227759914e+01
2.738803894297635111e+02 6.387627110931498464e+01 5.849252948899706439e+01
2.743810848400556210e+02 6.388541565740888473e+01 5.850811387541656927e+01
2.748817802503476742e+02 6.389582142930885311e+01 5.852513498756056265e+01
2.753824756606397273e+02 6.390747681258653756e+01 5.854357738875737027e+01
2.758831710709318372e+02 6.392036947769520339e+01 5.856342474826564626e+01
2.763838664812238903e+02 6.393448638611880597e+01 5.858465987154235677e+01
2.768845618915159434e+02 6.394981382296828087e+01 5.860726472236169116e+01
2.773852573018079966e+02 6.396633740396646317e+01 5.863122045308304564e+01
2.778859527121001065e+02 6.398404211619345006e+01 5.865650743026239411e+01
2.783866481223921596e+02 6.400291232972813305e+01 5.868310526724857823e+01
2.788873435326842127e+02 6.402293182558787521e+01 5.871099285794375078e+01
2.793880389429763227e+02 6.404408381668326911e+01 5.874014839775813357e+01
2.798887343532683758e+02 6.406635098274273332e+01 5.877054943250445262e+01
2.803894297635604289e+02 6.408971548893896397e+01 5.880217288400930897e+01
2.808901251738525957e+02 6.411415901615691837e+01 5.883499508387362198e+01
2.813908205841446488e+02 6.413966278660518583e+01 5.886899181072553233e+01
2.818915159944367019e+02 6.416620759641227778e+01 5.890413832980161146e+01
2.823922114047287550e+02 6.419377383425307926e+01 5.894040942554315166e+01
2.828929068150208650e+02 6.422234152093005832e+01 5.897777943768491582e+01
2.833936022253129181e+02 6.425189032567141112e+01 5.901622230083634690e+01
2.838942976356049712e+02 6.428239960571227130e+01 5.905571158406277732e+01
2.843949930458970812e+02 6.431384842957777437e+01 5.909622052348171906e+01
2.848956884561891343e+02 6.434621559803781565e+01 5.913772205718746022e+01
2.853963838664811874e+02 6.437947969067317899e+01 5.918018886948888735e+01
2.858970792767732974e+02 6.441361907286045607e+01 5.922359342117746905e+01
2.863977746870653505e+02 6.444861193535325583e+01 5.926790799143677191e+01
2.868984700973574036e+02 6.448443631989357527e+01 5.931310470345383123e+01
2.873991655076494567e+02 6.452107014715147670e+01 5.935915556865697340e+01
2.878998609179415666e+02 6.455849123302323278e+01 5.940603252164041237e+01
2.884005563282336198e+02 6.459667732821253594e+01 5.945370744577562050e+01
2.889012517385257297e+02 6.463560613452864345e+01 5.950215220813592509e+01
2.894019471488177828e+02 6.467525532816944178e+01 5.955133870140602426e+01
2.899026425591098359e+02 6.471560259464604314e+01 5.960123885785182551e+01
2.904033379694019459e+02 6.475662563926016446e+01 5.965182469297619150e+01
2.909040333796939990e+02 6.479830221155134495e+01 5.970306832880200432e+01
2.914047287899860521e+02 6.484061013556492981e+01 5.975494202763260887e+01
2.919054242002781621e+02 6.488352732149360236e+01 5.980741820369334505e+01
2.924061196105702152e+02 6.492703179012460168e+01 5.986046946911559985e+01
2.929068150208622683e+02 6.497110169030202087e+01 5.991406863626511381e+01
2.934075104311543782e+02 6.501571531522495206e+01 5.996818876547226296e+01
2.939082058414464314e+02 6.506085113038716372e+01 6.002280316503205881e+01
2.944089012517384845e+02 6.510648777590540703e+01 6.007788543253158764e+01
2.949095966620305944e+02 6.515260408747417387e+01 6.013340945485001043e+01
2.954102920723226475e+02 6.519917912023083773e+01 6.018934943144162730e+01
2.959109874826147006e+02 6.524619214875565376e+01 6.024567990926047401e+01
2.964116828929068106e+02 6.529362268686236348e+01 6.030237577984993891e+01
2.969123783031988637e+02 6.534145050622464623e+01 6.035941229564090804e+01
2.974130737134909168e+02 6.538965563462988939e+01 6.041676509614521251e+01
2.979137691237830268e+02 6.543821837809809949e+01 6.047441020329901562e+01
2.984144645340750799e+02 6.548711932321020868e+01 6.053232405231287316e+01
2.989151599443671330e+02 6.553633935340621974e+01 6.059048348701512055e+01
2.994158553546592429e+02 6.558585964956728276e+01 6.064886578022455410e+01
2.999165507649512961e+02 6.563566170165722724e+01 6.070744862792966501e+01
3.004172461752433492e+02 6.568572731919994112e+01 6.076621017431793348e+01
3.009179415855354023e+02 6.573603863127937075e+01 6.082512900246260301e+01
3.014186369958275691e+02 6.578657808712159749e+01 6.088418415760574476e+01
3.019193324061196222e+02 6.583732847821374889e+01 6.094335513435257212e+01
3.024200278164116185e+02 6.588827292899077293e+01 6.100262188503879202e+01
3.029207232267037853e+02 6.593939489799959119e+01 6.106196483399148178e+01
3.034214186369958384e+02 6.599067819150513969e+01 6.112136486254061651e+01
3.039221140472878915e+02 6.604210695621441118e+01 6.118080332677240563e+01
3.044228094575799446e+02 6.609366568582481705e+01 6.124026204435980958e+01
3.049235048678720545e+02 6.614533922480768524e+01 6.129972330271161240e+01
3.054242002781641077e+02 6.619711275523877703e+01 6.135916985955449832e+01
3.059248956884561608e+02 6.624897182066342793e+01 6.141858493842195799e+01
3.064255910987482707e+02 6.630090230223140679e+01 6.147795222166936924e+01
3.069262865090403238e+02 6.635289042801014148e+01 6.153725586298864414e+01
3.074269819193323769e+02 6.640492277531302534e+01 6.159648046485276041e+01
3.079276773296244869e+02 6.645698627069941722e+01 6.165561109932500017e+01
3.084283727399165400e+02 6.650906816610950045e+01 6.171463327866408122e+01
3.089290681502085931e+02 6.656115606971434318e+01 6.177353296929399562e+01
3.094297635605006462e+02 6.661323791914037429e+01 6.183229658321837974e+01
3.099304589707927562e+02 6.666530198961845599e+01 6.189091097598324609e+01
3.104311543810848093e+02 6.671733688176027499e+01 6.194936342339391899e+01
3.109318497913768624e+02 6.676933152796118520e+01 6.200764164363394571e+01
3.114325452016689724e+02 6.682127518599736504e+01 6.206573376932541919e+01
3.119332406119610255e+02 6.687315742971259169e+01 6.212362835567805064e+01
3.124339360222530786e+02 6.692496815716731362e+01 6.218131436419102442e+01
3.129346314325451885e+02 6.697669756459072232e+01 6.223878117662283671e+01
3.134353268428372417e+02 6.702833616646239534e+01 6.229601855308177960e+01
3.139360222531292948e+02 6.707987477659480646e+01 6.235301666520430786e+01
3.144367176634213479e+02 6.713130450696917251e+01 6.240976604987994847e+01
3.149374130737134578e+02 6.718261676147812977e+01 6.246625763253436503e+01
3.154381084840055109e+02 6.723380323388846591e+01 6.252248272189066824e+01
3.159388038942975641e+02 6.728485589736374095e+01 6.257843296864197669e+01
3.164394993045897309e+02 6.733576701377751306e+01 6.263410039128106632e+01
3.169401947148817840e+02 6.738652909995289519e+01 6.268947737173479595e+01
3.174408901251737802e+02 6.743713495676638559e+01 6.274455661243595728e+01
3.179415855354659470e+02 6.748757763655157760e+01 6.279933117619552263e+01
3.184422809457580001e+02 6.753785045706899837e+01 6.285379443432506719e+01
3.189429763560500533e+02 6.758794698026031256e+01 6.290794009064742909e+01
3.194436717663421064e+02 6.763786101617733948e+01 6.296176216359785371e+01
3.199443671766342163e+02 6.768758661948959343e+01 6.301525497545557641e+01
3.204450625869262694e+02 6.773711806998471729e+01 6.306841315787355029e+01
3.209457579972183225e+02 6.778644989126769360e+01 6.312123163688997352e+01
3.214464534075104325e+02 6.783557682063838001e+01 6.317370560266030566e+01
3.219471488178024856e+02 6.788449381855025422e+01 6.322583055223989845e+01
3.224478442280945387e+02 6.793319606017030310e+01 6.327760225287678963e+01
3.229485396383865918e+02 6.798167892526544165e+01 6.332901672120246417e+01
3.234492350486787018e+02 6.802993800053081941e+01 6.338007025313604004e+01
3.239499304589707549e+02 6.807796906460134778e+01 6.343075938925071000e+01
3.244506258692628649e+02 6.812576809678284917e+01 6.348108090513309776e+01
3.249513212795549180e+02 6.817333125755249057e+01 6.353103184427058636e+01
3.254520166898469711e+02 6.822065489612577949e+01 6.358060946275404035e+01
3.259527121001390810e+02 6.826773553430393804e+01 6.362981123437097608e+01
3.264534075104311910e+02 6.831456986225384753e+01 6.367863489833584367e+01
3.269541029207232441e+02 6.836115474549296778e+01 6.372707835451623737e+01
3.274547983310152972e+02 6.840748720771807712e+01 6.377513974026189203e+01
3.279554937413073503e+02 6.845356443400669377e+01 6.382281740802542913e+01
3.284561891515994603e+02 6.849938375611964148e+01 6.387010987872460532e+01
3.289568845618915134e+02 6.854494265948596876e+01 6.391701588198745299e+01
3.294575799721835665e+02 6.859023876923311036e+01 6.396353433631563234e+01
3.299582753824756765e+02 6.863526985484350007e+01 6.400966432049233390e+01
3.304589707927677296e+02 6.868003381385642570e+01 6.405540511239439638e+01
3.309596662030597827e+02 6.872452868118125480e+01 6.410075613292053731e+01
3.314603616133518926e+02 6.876875261047098320e+01 6.414571700612202676e+01
3.319610570236439457e+02 6.881270387845142977e+01 6.419028746548053732e+01
3.324617524339359989e+02 6.885638088623090880e+01 6.423446743402098491e+01
3.329624478442280520e+02 6.889978214802249568e+01 6.427825696419392898e+01
3.334631432545201619e+02 6.894290627149894135e+01 6.432165627633582972e+01
3.339638386648122150e+02 6.898575198540493147e+01 6.436466569259425796e+01
3.344645340751042681e+02 6.902831812093063490e+01 6.440728570047429002e+01
3.349652294853963781e+02 6.907060359774186509e+01 6.444951689660445027e+01
3.354659248956884312e+02 6.911260743940511020e+01 6.449136001381918959e+01
3.359666203059804843e+02 6.915432874952239217e+01 6.453281590034964665e+01
3.364673157162726511e+02 6.919576672977564158e+01 6.457388551018300404e+01
3.369680111265647042e+02 6.923692065446084598e+01 6.461456992707314839e+01
3.374687065368567005e+02 6.927778988300269702e+01 6.465487032454791461e+01
3.379694019471487536e+02 6.931837386140978197e+01 6.469478798239822481e+01
3.384700973574409204e+02 6.935867209142452339e+01 6.473432428926560078e+01
3.389707927677329735e+02 6.939868415395176271e+01 6.477348070849063788e+01
3.394714881780250266e+02 6.943840970673045376e+01 6.481225879654618893e+01
3.399721835883171366e+02 6.947784845384740038e+01 6.485066020652982388e+01
3.404728789986091897e+02 6.951700016989343567e+01 6.488868666779114847e+01
3.409735744089012428e+02 6.955586469283298356e+01 6.492633997894688491e+01
3.414742698191932959e+02 6.959444191061629681e+01 6.496362202068655733e+01
3.419749652294854059e+02 6.963273176445363788e+01 6.500053474609612181e+01
3.424756606397774590e+02 6.967073424415866612e+01 6.503708016115578516e+01
3.429763560500695121e+02 6.970844939513335703e+01 6.507326033856824665e+01
3.434770514603616220e+02 6.974587730003258912e+01 6.510907742153958111e+01
3.439777468706536752e+02 6.978301809040567605e+01 6.514453358644513514e+01
3.444784422809457283e+02 6.981987193680106429e+01 6.517963108186475552e+01
3.449791376912378382e+02 6.985643904909545654e+01 6.521437219622410453e+01
3.454798331015298913e+02 6.989271966993862861e+01 6.524875925710173874e+01
3.459805285118219444e+02 6.992871407672816986e+01 6.528279463791503190e+01
3.464812239221139976e+02 6.996442258844206208e+01 6.531648074715147345e+01
3.469819193324061075e+02 6.999984554268473858e+01 6.534982003186112820e+01
3.474826147426981606e+02 7.003498330965692276e+01 6.538281496739753607e+01
3.479833101529902137e+02 7.006983628749901527e+01 6.541546805654459718e+01
3.484840055632823237e+02 7.010440489399650232e+01 6.544778183461201593e+01
3.489847009735743768e+02 7.013868957763941125e+01 6.547975883712095424e+01
3.494853963838664299e+02 7.017269080277935700e+01 6.551140164150891110e+01
3.499860917941585399e+02 7.020640905253992514e+01 6.554271283276901272e+01
3.504867872044505930e+02 7.023984483914853172e+01 6.557369501284757973e+01
3.509874826147426461e+02 7.027299867483259277e+01 6.560435077697822237e+01
3.514881780250346992e+02 7.030587110208750801e+01 6.563468274949902082e+01
3.519888734353268660e+02 7.033846266922944324e+01 6.566469354611673737e+01
3.524895688456189191e+02 7.037077393970855610e+01 6.569438579519830057e+01
3.529902642559109154e+02 7.040280548978068964e+01 6.572376211003121682e+01
3.534909596662030822e+02 7.043455790501491265e+01 6.575282510461239838e+01
3.539916550764951353e+02 7.046603178378597931e+01 6.578157740052394331e+01
3.544923504867871884e+02 7.049722772941629501e+01 6.581002158676984948e+01
3.549930458970792415e+02 7.052814635366837592e+01 6.583816027367267054e+01
3.554937413073713515e+02 7.055878827732692571e+01 6.586599602227398975e+01
3.559944367176634046e+02 7.058915412903468223e+01 6.589353141352877685e+01
3.564951321279554577e+02 7.061924453394192369e+01 6.592076898443157518e+01
3.569958275382475676e+02 7.064906012767630727e+01 6.594771126874367440e+01
3.574965229485396208e+02 7.067860155401456268e+01 6.597436076095438295e+01
3.579972183588316739e+02 7.070786945789757283e+01 6.600071995817235404e+01
3.584979137691237838e+02 7.073686447728130133e+01 6.602679131617880159e+01
3.589986091794158369e+02 7.076558726700193347e+01 6.605257726572564536e+01
3.594993045897078900e+02 7.079403847549281181e+01 6.607808019798359567e+01
3.600000000000000000e+02 7.082221875467973859e+01 6.610330249940734859e+01
