# lons lats(polar edge) lats(equatorward edge)
0.000000000000000000e+00 7.004502731491811574e+01 6.559058185201138258e+01
5.006954102920723182e-01 7.006019999549607746e+01 6.560227409470826387e+01
1.001390820584144636e+00 7.007508918919484131e+01 6.561361172499346139e+01
1.502086230876216844e+00 7.008969727015937679e+01 6.562459858164402249e+01
2.002781641168289273e+00 7.010402664702269249e+01 6.563523857971119924e+01
2.503477051460361480e+00 7.011807981107267551e+01 6.564553570410168959e+01
3.004172461752433687e+00 7.013185927338781767e+01 6.565549401042915179e+01
3.504867872044505894e+00 7.014536762770148925e+01 6.566511759942329718e+01
4.005563282336578546e+00 7.015860749335843138e+01 6.567441066902063085e+01
4.506258692628650309e+00 7.017158155722427182e+01 6.568337745906717373e+01
5.006954102920722960e+00 7.018429255040246062e+01 6.569202227809398664e+01
5.507649513212795611e+00 7.019674325201776810e+01 6.570034951263039602e+01
6.008344923504867374e+00 7.020893649329082109e+01 6.570836358520352860e+01
6.509040333796940025e+00 7.022087515229941346e+01 6.571606900519725514e+01
7.009735744089011789e+00 7.023256215979927219e+01 6.572347032814320755e+01
7.510431154381083552e+00 7.024400048438110389e+01 6.573057217034545374e+01
8.011126564673157091e+00 7.025519315633573569e+01 6.573737921635654402e+01
8.511821974965229742e+00 7.026614323971443810e+01 6.574389619700382070e+01
9.012517385257300617e+00 7.027685385444783606e+01 6.575012790918121652e+01
9.513212795549373268e+00 7.028732815713738091e+01 6.575607920407860263e+01
1.001390820584144592e+01 7.029756936201010831e+01 6.576175498187153323e+01
1.051460361613352035e+01 7.030758071647142060e+01 6.576716021220276787e+01
1.101529902642559122e+01 7.031736552322399803e+01 6.577229990325945153e+01
1.151599443671766032e+01 7.032692712222342379e+01 6.577717912085431351e+01
1.201668984700973475e+01 7.033626890231971629e+01 6.578180298376905455e+01
1.251738525730180740e+01 7.034539428961579688e+01 6.578617666586437451e+01
1.301808066759388005e+01 7.035430676260148175e+01 6.579030538662122751e+01
1.351877607788595093e+01 7.036300983760156669e+01 6.579419440342830683e+01
1.401947148817802358e+01 7.037150706877582707e+01 6.579784905411001716e+01
1.452016689847009623e+01 7.037980206325300969e+01 6.580127468205687080e+01
1.502086230876216710e+01 7.038789846250438131e+01 6.580447669945355926e+01
1.552155771905424153e+01 7.039579994641826488e+01 6.580746057316359554e+01
1.602225312934631418e+01 7.040351024726987816e+01 6.581023177878164176e+01
1.652294853963838506e+01 7.041103312294580974e+01 6.581279587186513425e+01
1.702364394993045948e+01 7.041837238022708334e+01 6.581515842386109227e+01
1.752433936022252681e+01 7.042553186896839179e+01 6.581732505851944381e+01
1.802503477051460123e+01 7.043251546812825836e+01 6.581930142863241429e+01
1.852573018080667566e+01 7.043932710090302862e+01 6.582109323236620924e+01
1.902642559109874654e+01 7.044597072774195112e+01 6.582270620041056475e+01
1.952712100139081741e+01 7.045245034692925401e+01 6.582414609496011337e+01
2.002781641168289184e+01 7.045876999196480028e+01 6.582541871931864819e+01
2.052851182197496627e+01 7.046493373389239423e+01 6.582652990356548628e+01
2.102920723226704069e+01 7.047094568304601125e+01 6.582748549640639624e+01
2.152990264255910802e+01 7.047680997682618909e+01 6.582829139893404147e+01
2.203059805285118244e+01 7.048253079337882809e+01 6.582895351340523860e+01
2.253129346314325332e+01 7.048811234461027198e+01 6.582947779155331602e+01
2.303198887343532064e+01 7.049355887618730776e+01 6.582987018743990859e+01
2.353268428372739507e+01 7.049887466055224650e+01 6.583013669237955412e+01
2.403337969401946950e+01 7.050406400623614900e+01 6.583028330700001618e+01
2.453407510431154037e+01 7.050913125785882585e+01 6.583031606161496541e+01
2.503477051460361480e+01 7.051408077983069234e+01 6.583024098537391922e+01
2.553546592489568567e+01 7.051891697497921996e+01 6.583006414584345123e+01
2.603616133518776010e+01 7.052364427523571067e+01 6.582979160360521576e+01
2.653685674547983453e+01 7.052826712999376468e+01 6.582942944019562503e+01
2.703755215577190185e+01 7.053279002997442149e+01 6.582898373947939774e+01
2.753824756606397628e+01 7.053721748277894221e+01 6.582846059696278473e+01
2.803894297635604715e+01 7.054155402336618863e+01 6.582786611470039873e+01
2.853963838664812158e+01 7.054580421172431670e+01 6.582720639139991192e+01
2.904033379694019246e+01 7.054997263228869997e+01 6.582648753522774143e+01
2.954102920723226333e+01 7.055406389161362313e+01 6.582571564343636794e+01
3.004172461752433421e+01 7.055808261371566914e+01 6.582489681531554027e+01
3.054242002781640863e+01 7.056203344996902160e+01 6.582403714753566248e+01
3.104311543810848306e+01 7.056592106513562612e+01 6.582314271930484040e+01
3.154381084840055394e+01 7.056975014435010962e+01 6.582221961448779268e+01
3.204450625869262836e+01 7.057352538846316747e+01 6.582127388668125434e+01
3.254520166898469569e+01 7.057725151462364011e+01 6.582031159646687968e+01
3.304589707927677011e+01 7.058093325627851300e+01 6.581933876862861155e+01
3.354659248956884454e+01 7.058457536084461026e+01 6.581836142009235857e+01
3.404728789986091897e+01 7.058818258155952208e+01 6.581738554770238636e+01
3.454798331015298629e+01 7.059175968679483049e+01 6.581641711657978533e+01
3.504867872044505361e+01 7.059531145539949648e+01 6.581546207612957744e+01
3.554937413073713515e+01 7.059884267204324715e+01 6.581452634607087759e+01
3.605006954102920247e+01 7.060235812838072889e+01 6.581361581061612753e+01
3.655076495132127690e+01 7.060586262072320096e+01 6.581273633244093446e+01
3.705146036161335132e+01 7.060936095236684196e+01 6.581189372881893007e+01
3.755215577190541865e+01 7.061285792195121758e+01 6.581109379257652847e+01
3.805285118219749307e+01 7.061635833626496606e+01 6.581034227113816826e+01
3.855354659248956750e+01 7.061986699627595954e+01 6.580964487351123182e+01
3.905424200278163482e+01 7.062338870411622338e+01 6.580900727028604535e+01
3.955493741307371636e+01 7.062692825493286364e+01 6.580843507850188701e+01
4.005563282336578368e+01 7.063049043805222027e+01 6.580793388260174481e+01
4.055632823365785811e+01 7.063408004280063324e+01 6.580750920649263946e+01
4.105702364394993253e+01 7.063770183638553135e+01 6.580716653333622901e+01
4.155771905424199986e+01 7.064136058834264986e+01 6.580691129041481702e+01
4.205841446453408139e+01 7.064506104725296609e+01 6.580674885029550580e+01
4.255910987482614871e+01 7.064880795587669127e+01 6.580668453548680930e+01
4.305980528511821603e+01 7.065260603136266582e+01 6.580672360679712085e+01
4.356050069541029046e+01 7.065645998387481086e+01 6.580687127148378579e+01
4.406119610570236489e+01 7.066037449563737027e+01 6.580713267102949260e+01
4.456189151599443221e+01 7.066435423257644288e+01 6.580751289161965190e+01
4.506258692628650664e+01 7.066840383733506314e+01 6.580801695366501747e+01
4.556328233657857396e+01 7.067252792461658828e+01 6.580864981296583949e+01
4.606397774687064128e+01 7.067673109282623045e+01 6.580941636245809434e+01
4.656467315716272282e+01 7.068101789729553275e+01 6.581032142639271854e+01
4.706536856745479014e+01 7.068539287356543355e+01 6.581136976382806836e+01
4.756606397774686457e+01 7.068986052341642790e+01 6.581256606164500056e+01
4.806675938803893899e+01 7.069442531254026107e+01 6.581391494269594489e+01
4.856745479833100632e+01 7.069909167170408182e+01 6.581542094950675903e+01
4.906815020862308074e+01 7.070386399442213587e+01 6.581708856639563976e+01
4.956884561891514807e+01 7.070874663462745957e+01 6.581892219386175213e+01
5.006954102920722960e+01 7.071374390667187981e+01 6.582092616721168099e+01
5.057023643949929692e+01 7.071886007834109478e+01 6.582310474491789876e+01
5.107093184979137135e+01 7.072409937085467391e+01 6.582546211094707189e+01
5.157162726008345288e+01 7.072946596352267079e+01 6.582800237592421411e+01
5.207232267037552020e+01 7.073496398210409097e+01 6.583072957480437992e+01
5.257301808066758753e+01 7.074059750113519840e+01 6.583364766920097111e+01
5.307371349095966906e+01 7.074637054509366862e+01 6.583676054272912381e+01
5.357440890125173638e+01 7.075228708141366951e+01 6.584007200216986178e+01
5.407510431154380370e+01 7.075835101815755479e+01 6.584358577979840277e+01
5.457579972183587813e+01 7.076456620750832371e+01 6.584730553338415859e+01
5.507649513212795256e+01 7.077093643994885497e+01 6.585123483920581577e+01
5.557719054242002699e+01 7.077746544193360023e+01 6.585537719903625486e+01
5.607788595271209431e+01 7.078415687588858418e+01 6.585973604247085689e+01
5.657858136300416163e+01 7.079101433439063840e+01 6.586431471295766471e+01
5.707927677329624316e+01 7.079804134715232067e+01 6.586911648642383454e+01
5.757997218358831759e+01 7.080524136472376995e+01 6.587414455614164410e+01
5.808066759388038491e+01 7.081261777246254496e+01 6.587940203971341191e+01
5.858136300417245934e+01 7.082017387423547916e+01 6.588489197674319087e+01
5.908205841446452666e+01 7.082791290056775324e+01 6.589061733465753434e+01
5.958275382475660109e+01 7.083583800165797584e+01 6.589658099822811721e+01
6.008344923504866841e+01 7.084395224621403031e+01 6.590278577888496159e+01
6.058414464534074995e+01 7.085225862145307474e+01 6.590923441122397719e+01
6.108484005563281727e+01 7.086076002728077583e+01 6.591592954951450167e+01
6.158553546592489170e+01 7.086945928094792180e+01 6.592287377468421994e+01
6.208623087621696612e+01 7.087835910424473695e+01 6.593006958733424483e+01
6.258692628650903345e+01 7.088746213164995424e+01 6.593751941588818966e+01
6.308762169680110787e+01 7.089677090567420237e+01 6.594522560262232957e+01
6.358831710709318941e+01 7.090628786987508647e+01 6.595319041938167004e+01
6.408901251738525673e+01 7.091601537351380102e+01 6.596141605943087427e+01
6.458970792767732405e+01 7.092595566806267016e+01 6.596990463279765038e+01
6.509040333796939137e+01 7.093611090138438158e+01 6.597865817558597712e+01
6.559109874826147291e+01 7.094648311889613979e+01 6.598767864008080153e+01
6.609179415855354023e+01 7.095707426124135964e+01 6.599696790289711146e+01
6.659248956884562176e+01 7.096788616428966634e+01 6.600652775915916948e+01
6.709318497913768908e+01 7.097892055098782293e+01 6.601635991784390001e+01
6.759388038942975641e+01 7.099017903718049638e+01 6.602646601342242150e+01
6.809457579972183794e+01 7.100166312462533824e+01 6.603684758956190137e+01
6.859527121001390526e+01 7.101337420332129113e+01 6.604750610960293500e+01
6.909596662030597258e+01 7.102531354219536297e+01 6.605844295190293280e+01
6.959666203059803991e+01 7.103748229375923984e+01 6.606965940983612029e+01
7.009735744089010723e+01 7.104988149410928600e+01 6.608115668248031227e+01
7.059805285118218876e+01 7.106251205594162457e+01 6.609293588742259828e+01
7.109874826147427029e+01 7.107537476622383110e+01 6.610499804678950397e+01
7.159944367176633762e+01 7.108847029085154645e+01 6.611734408957529752e+01
7.210013908205840494e+01 7.110179916417109780e+01 6.612997485862690894e+01
7.260083449235048647e+01 7.111536179829272442e+01 6.614289109201747863e+01
7.310152990264255379e+01 7.112915846912073903e+01 6.615609343235958306e+01
7.360222531293462112e+01 7.114318932915921323e+01 6.616958242680523483e+01
7.410292072322670265e+01 7.115745439004967920e+01 6.618335851540435044e+01
7.460361613351876997e+01 7.117195353654096834e+01 6.619742204041797606e+01
7.510431154381083729e+01 7.118668651251937263e+01 6.621177323002014248e+01
7.560500695410290461e+01 7.120165292682941072e+01 6.622641221459601013e+01
7.610570236439498615e+01 7.121685225443798117e+01 6.624133900113049833e+01
7.660639777468706768e+01 7.123228382712113671e+01 6.625655349416304318e+01
7.710709318497913500e+01 7.124794683812069707e+01 6.627205547716114609e+01
7.760778859527120233e+01 7.126384033865178935e+01 6.628784461950529305e+01
7.810848400556326965e+01 7.127996324139530770e+01 6.630392046484742252e+01
7.860917941585533697e+01 7.129631431584130041e+01 6.632028243576753823e+01
7.910987482614743271e+01 7.131289218596066348e+01 6.633692983144540278e+01
7.961057023643950004e+01 7.132969533602590673e+01 6.635386181834731190e+01
8.011126564673156736e+01 7.134672210362623446e+01 6.637107743255440084e+01
8.061196105702363468e+01 7.136397068432415836e+01 6.638857557976264445e+01
8.111265646731571621e+01 7.138143912699888460e+01 6.640635502364132492e+01
8.161335187760779775e+01 7.139912533850292675e+01 6.642441439281795112e+01
8.211404728789986507e+01 7.141702707900549285e+01 6.644275217156503288e+01
8.261474269819193239e+01 7.143514196664909832e+01 6.646136669980008094e+01
8.311543810848399971e+01 7.145346747522125952e+01 6.648025617774221985e+01
8.361613351877606704e+01 7.147200093415449373e+01 6.649941864379327683e+01
8.411682892906816278e+01 7.149073953318293206e+01 6.651885199549253969e+01
8.461752433936023010e+01 7.150968031302909367e+01 6.653855397089030532e+01
8.511821974965229742e+01 7.152882018286618404e+01 6.655852215553279905e+01
8.561891515994436475e+01 7.154815590169164352e+01 6.657875397431310205e+01
8.611961057023643207e+01 7.156768409695359878e+01 6.659924669612776427e+01
8.662030598052849939e+01 7.158740125756594352e+01 6.661999742456357865e+01
8.712100139082058092e+01 7.160730373041587882e+01 6.664100310255419402e+01
8.762169680111264825e+01 7.162738773200544529e+01 6.666226050772350220e+01
8.812239221140472978e+01 7.164764934845152311e+01 6.668376625122148482e+01
8.862308762169679710e+01 7.166808453082921915e+01 6.670551678121667294e+01
8.912378303198886442e+01 7.168868909982847981e+01 6.672750837591122774e+01
8.962447844228094596e+01 7.170945875506731682e+01 6.674973714586924700e+01
9.012517385257301328e+01 7.173038906810688786e+01 6.677219903052430539e+01
9.062586926286508060e+01 7.175147548594395630e+01 6.679488980400022058e+01
9.112656467315714792e+01 7.177271334265242331e+01 6.681780506929028718e+01
9.162726008344921524e+01 7.179409785007010214e+01 6.684094026291388957e+01
9.212795549374128257e+01 7.181562410711194389e+01 6.686429065491650192e+01
9.262865090403337831e+01 7.183728710791910999e+01 6.688785134188476889e+01
9.312934631432544563e+01 7.185908172788913362e+01 6.691161725975219099e+01
9.363004172461751295e+01 7.188100274928729050e+01 6.693558317914251177e+01
9.413073713490958028e+01 7.190304484727676027e+01 6.695974370304141132e+01
9.463143254520164760e+01 7.192520260156015866e+01 6.698409327843803851e+01
9.513212795549372913e+01 7.194747049521538429e+01 6.700862618701178519e+01
9.563282336578581067e+01 7.196984292517299764e+01 6.703333655910212485e+01
9.613351877607787799e+01 7.199231419988791458e+01 6.705821836672369329e+01
9.663421418636994531e+01 7.201487854632432573e+01 6.708326542589459507e+01
9.713490959666201263e+01 7.203753011111984961e+01 6.710847141409870176e+01
9.763560500695409416e+01 7.206026296873460524e+01 6.713382985398750691e+01
9.813630041724616149e+01 7.208307111912290566e+01 6.715933412967827110e+01
9.863699582753822881e+01 7.210594850403140299e+01 6.718497748675402192e+01
9.913769123783029613e+01 7.212888899535755627e+01 6.721075303808432011e+01
9.963838664812239188e+01 7.215188641028362326e+01 6.723665376149695305e+01
1.001390820584144592e+02 7.217493451360496692e+01 6.726267251840438632e+01
1.006397774687065265e+02 7.219802701889420860e+01 6.728880203866977183e+01
1.011404728789985938e+02 7.222115759781445377e+01 6.731503494389001219e+01
1.016411682892906754e+02 7.224431987662683241e+01 6.734136374273914782e+01
1.021418636995827427e+02 7.226750745248864405e+01 6.736778083795327632e+01
1.026425591098748242e+02 7.229071388763259165e+01 6.739427853156924186e+01
1.031432545201669058e+02 7.231393271402339451e+01 6.742084903190955458e+01
1.036439499304589731e+02 7.233715744499932043e+01 6.744748445707485018e+01
1.041446453407510404e+02 7.236038157527218573e+01 6.747417684425711570e+01
1.046453407510431077e+02 7.238359858209150843e+01 6.750091815206799595e+01
1.051460361613351751e+02 7.240680193455773406e+01 6.752770026519540636e+01
1.056467315716272708e+02 7.242998509595054202e+01 6.755451501011960147e+01
1.061474269819193381e+02 7.245314152838545851e+01 6.758135414579994915e+01
1.066481223922114054e+02 7.247626469514216296e+01 6.760820938521176515e+01
1.071488178025034728e+02 7.249934806532110088e+01 6.763507239301800666e+01
1.076495132127955401e+02 7.252238512082840316e+01 6.766193479313626824e+01
1.081502086230876074e+02 7.254536935637588613e+01 6.768878817455954788e+01
1.086509040333796889e+02 7.256829428297351114e+01 6.771562410066947280e+01
1.091515994436717563e+02 7.259115343491430394e+01 6.774243411389291225e+01
1.096522948539638236e+02 7.261394037443096749e+01 6.776920974035859047e+01
1.101529902642559051e+02 7.263664868703926913e+01 6.779594249571785269e+01
1.106536856745479724e+02 7.265927199317957275e+01 6.782262389678619741e+01
1.111543810848400540e+02 7.268180395170929842e+01 6.784924546154327629e+01
1.116550764951321213e+02 7.270423825524630956e+01 6.787579871961027322e+01
1.121557719054241886e+02 7.272656863831798546e+01 6.790227521224990426e+01
1.126564673157162559e+02 7.274878888434614055e+01 6.792866650284379659e+01
1.131571627260083233e+02 7.277089282215456478e+01 6.795496418620571433e+01
1.136578581363004190e+02 7.279287432829733007e+01 6.798115988043248592e+01
1.141585535465924863e+02 7.281472733520786278e+01 6.800724525018706856e+01
1.146592489568845536e+02 7.283644583119894378e+01 6.803321200087778209e+01
1.151599443671766352e+02 7.285802386046270840e+01 6.805905188098661540e+01
1.156606397774686883e+02 7.287945552772725932e+01 6.808475669720321832e+01
1.161613351877607698e+02 7.290073499825666659e+01 6.811031831326074837e+01
1.166620305980528229e+02 7.292185650250758044e+01 6.813572865459248362e+01
1.171627260083449187e+02 7.294281433845753781e+01 6.816097971531674204e+01
1.176634214186370002e+02 7.296360286927665584e+01 6.818606355823688148e+01
1.181641168289290533e+02 7.298421652798424475e+01 6.821097232182621894e+01
1.186648122392211349e+02 7.300464981861296110e+01 6.823569822604879676e+01
1.191655076495132022e+02 7.302489731853711419e+01 6.826023357221386334e+01
1.196662030598052695e+02 7.304495367381605320e+01 6.828457074705040952e+01
1.201668984700973368e+02 7.306481361083569936e+01 6.830870222998312613e+01
1.206675938803894041e+02 7.308447193048777990e+01 6.833262058905786773e+01
1.211682892906814999e+02 7.310392350351321511e+01 6.835631849243766567e+01
1.216689847009735672e+02 7.312316328505403362e+01 6.837978870432819178e+01
1.221696801112656345e+02 7.314218630766845308e+01 6.840302408730606487e+01
1.226703755215577019e+02 7.316098767551011406e+01 6.842601761745284250e+01
1.231710709318497834e+02 7.317956258062622510e+01 6.844876236340026310e+01
1.236717663421418507e+02 7.319790628956980072e+01 6.847125150786708048e+01
1.241724617524339322e+02 7.321601414689212106e+01 6.849347834533075741e+01
1.246731571627260138e+02 7.323388158096349798e+01 6.851543627620669952e+01
1.251738525730180669e+02 7.325150409466004930e+01 6.853711881383317461e+01
1.256745479833101484e+02 7.326887727933353744e+01 6.855851958912792554e+01
1.261752433936022157e+02 7.328599679734907113e+01 6.857963234069286784e+01
1.266759388038942831e+02 7.330285839023417793e+01 6.860045092994808158e+01
1.271766342141863788e+02 7.331945788915618323e+01 6.862096932767128976e+01
1.276773296244784177e+02 7.333579119163914584e+01 6.864118162709458204e+01
1.281780250347705135e+02 7.335185428251861595e+01 6.866108203706501456e+01
1.286787204450625950e+02 7.336764322462840937e+01 6.868066487884318860e+01
1.291794158553546481e+02 7.338315414948738180e+01 6.869992459905445514e+01
1.296801112656467296e+02 7.339838327388861217e+01 6.871885575601011453e+01
1.301808066759387827e+02 7.341332688942202367e+01 6.873745302916616140e+01
1.306815020862308643e+02 7.342798136422061361e+01 6.875571121126525043e+01
1.311821974965229458e+02 7.344234313597553410e+01 6.877362521670404760e+01
1.316828929068149989e+02 7.345640872154035605e+01 6.879119006989169804e+01
1.321835883171070805e+02 7.347017470994614996e+01 6.880840091572720496e+01
1.326842837273991336e+02 7.348363776240148582e+01 6.882525301377866356e+01
1.331849791376912435e+02 7.349679460879997350e+01 6.884174173539106789e+01
1.336856745479833251e+02 7.350964205470518209e+01 6.885786256361355129e+01
1.341863699582753782e+02 7.352217697029118426e+01 6.887361109680098537e+01
1.346870653685674597e+02 7.353439629732747562e+01 6.888898304621291402e+01
1.351877607788595128e+02 7.354629703986574896e+01 6.890397422439021113e+01
1.356884561891515943e+02 7.355787627588142641e+01 6.891858056145322564e+01
1.361891515994436759e+02 7.356913114155759104e+01 6.893279808996778968e+01
1.366898470097357290e+02 7.358005883943405934e+01 6.894662294960183146e+01
1.371905424200278105e+02 7.359065663607907481e+01 6.896005138712537530e+01
1.376912378303198636e+02 7.360092185743269511e+01 6.897307974127654973e+01
1.381919332406119452e+02 7.361085189113509841e+01 6.898570446640844978e+01
1.386926286509039983e+02 7.362044418565346859e+01 6.899792211007918752e+01
1.391933240611960798e+02 7.362969624213292263e+01 6.900972931407052613e+01
1.396940194714881613e+02 7.363860562429181300e+01 6.902112282879427596e+01
1.401947148817802145e+02 7.364716994561604224e+01 6.903209948047772571e+01
1.406954102920723244e+02 7.365538688129163347e+01 6.904265620696135386e+01
1.411961057023643775e+02 7.366325415190658532e+01 6.905279003034122809e+01
1.416968011126564591e+02 7.367076953392825089e+01 6.906249805536829456e+01
1.421974965229485406e+02 7.367793085737503134e+01 6.907177748341821655e+01
1.426981919332405937e+02 7.368473599184653722e+01 6.908062559852153584e+01
1.431988873435326752e+02 7.369118286631419323e+01 6.908903976736367269e+01
1.436995827538247283e+02 7.369726944816648029e+01 6.909701744394153877e+01
1.442002781641168099e+02 7.370299375805188902e+01 6.910455615504800164e+01
1.447009735744088914e+02 7.370835385416285135e+01 6.911165351293205106e+01
1.452016689847009729e+02 7.371334784096688963e+01 6.911830719805477941e+01
1.457023643949930261e+02 7.371797386687831022e+01 6.912451497989862048e+01
1.462030598052851076e+02 7.372223011581809260e+01 6.913027468091497951e+01
1.467037552155771891e+02 7.372611481951025780e+01 6.913558421668751919e+01
1.472044506258692422e+02 7.372962623972853180e+01 6.914044155285849058e+01
1.477051460361613238e+02 7.373276268270274159e+01 6.914484472957595074e+01
1.482058414464534053e+02 7.373552248718624469e+01 6.914879186442233561e+01
1.487065368567454584e+02 7.373790403034945484e+01 6.915228111799918054e+01
1.492072322670375399e+02 7.373990571846661624e+01 6.915531072197593687e+01
1.497079276773296215e+02 7.374152599535591435e+01 6.915787897785305915e+01
1.502086230876216746e+02 7.374276333539455663e+01 6.915998423253297744e+01
1.507093184979137845e+02 7.374361624526500236e+01 6.916162488757875337e+01
1.512100139082058092e+02 7.374408325988042634e+01 6.916279941543946563e+01
1.517107093184979192e+02 7.374416294383991044e+01 6.916350633118311464e+01
1.522114047287899723e+02 7.374385389142844360e+01 6.916374419795359074e+01
1.527121001390820538e+02 7.374315472196030896e+01 6.916351163273687064e+01
1.532127955493741354e+02 7.374206408116151579e+01 6.916280731072659194e+01
1.537134909596661885e+02 7.374058064262499101e+01 6.916162993738437592e+01
1.542141863699582700e+02 7.373870310097117908e+01 6.915997827521535157e+01
1.547148817802503231e+02 7.373643017097492702e+01 6.915785112164924442e+01
1.552155771905424047e+02 7.373376060582813807e+01 6.915524732475644498e+01
1.557162726008344862e+02 7.373069316221517511e+01 6.915216576578571051e+01
1.562169680111265393e+02 7.372722662825253792e+01 6.914860536905946731e+01
1.567176634214186208e+02 7.372335980602656491e+01 6.914456509520717020e+01
1.572183588317106739e+02 7.371909152207081206e+01 6.914004394291153233e+01
1.577190542420027555e+02 7.371442062561982311e+01 6.913504094323327820e+01
1.582197496522948654e+02 7.370934597231098451e+01 6.912955516048425864e+01
1.587204450625868901e+02 7.370386644746758975e+01 6.912358569244572948e+01
1.592211404728790001e+02 7.369798094281577505e+01 6.911713166891316007e+01
1.597218358831710532e+02 7.369168837569304742e+01 6.911019225169623326e+01
1.602225312934631347e+02 7.368498766809352674e+01 6.910276661657447050e+01
1.607232267037552162e+02 7.367787776995101012e+01 6.909485398822182844e+01
1.612239221140472694e+02 7.367035763818421401e+01 6.908645359131226371e+01
1.617246175243393509e+02 7.366242624018923379e+01 6.907756470407078098e+01
1.622253129346314324e+02 7.365408256315276958e+01 6.906818660705069135e+01
1.627260083449234855e+02 7.364532560939551331e+01 6.905831860408837031e+01
1.632267037552155955e+02 7.363615438560373150e+01 6.904796003918347935e+01
1.637273991655076486e+02 7.362656791563495062e+01 6.903711025415289271e+01
1.642280945757997301e+02 7.361656523411511444e+01 6.902576862646567690e+01
1.647287899860917832e+02 7.360614538294612430e+01 6.901393453402745592e+01
1.652294853963838648e+02 7.359530742847709917e+01 6.900160740174653995e+01
1.657301808066759463e+02 7.358405043007223867e+01 6.898878664288970697e+01
1.662308762169679994e+02 7.357237346572219394e+01 6.897547168935018647e+01
1.667315716272600810e+02 7.356027562505914830e+01 6.896166201260241735e+01
1.672322670375521341e+02 7.354775600819266401e+01 6.894735707153343185e+01
1.677329624478442156e+02 7.353481371639645658e+01 6.893255635347925647e+01
1.682336578581363256e+02 7.352144787335419096e+01 6.891725934526660069e+01
1.687343532684283502e+02 7.350765759838395752e+01 6.890146555795111283e+01
1.692350486787204602e+02 7.349344203481450677e+01 6.888517451888658627e+01
1.697357440890125133e+02 7.347880032146349549e+01 6.886838574931501000e+01
1.702364394993045948e+02 7.346373160835355520e+01 6.885109879114209264e+01
1.707371349095966480e+02 7.344823506660759449e+01 6.883331320286272614e+01
1.712378303198887295e+02 7.343230986036360264e+01 6.881502852929300218e+01
1.717385257301808110e+02 7.341595517238602042e+01 6.879624434900945573e+01
1.722392211404728641e+02 7.339917019242420793e+01 6.877696024393556229e+01
1.727399165507649457e+02 7.338195411721244454e+01 6.875717579526720158e+01
1.732406119610569988e+02 7.336430615745484829e+01 6.873689059773353449e+01
1.737413073713490803e+02 7.334622553084045649e+01 6.871610424970170072e+01
1.742420027816411618e+02 7.332771145680453628e+01 6.869481637037473831e+01
1.747426981919332150e+02 7.330876317850197665e+01 6.867302657232734475e+01
1.752433936022252965e+02 7.328937994359876029e+01 6.865073448640409026e+01
1.757440890125173496e+02 7.326956100107054226e+01 6.862793973534657255e+01
1.762447844228094596e+02 7.324930562448571436e+01 6.860464197238265172e+01
1.767454798331015411e+02 7.322861309672589414e+01 6.858084083938969400e+01
1.772461752433935942e+02 7.320748269601608627e+01 6.855653599308801915e+01
1.777468706536856757e+02 7.318591373550589196e+01 6.853172710203956797e+01
1.782475660639777288e+02 7.316390552135999314e+01 6.850641383711639776e+01
1.787482614742698104e+02 7.314145738593651913e+01 6.848059588034097089e+01
1.792489568845618919e+02 7.311856866683228873e+01 6.845427292554099097e+01
1.797496522948539450e+02 7.309523871852434240e+01 6.842744466538000836e+01
1.802503477051460266e+02 7.307146691004163586e+01 6.840011082104332729e+01
1.807510431154380797e+02 7.304725262554711662e+01 6.837227110614925607e+01
1.812517385257301612e+02 7.302259526666603051e+01 6.834392526050955041e+01
1.817524339360222427e+02 7.299749424666515552e+01 6.831507301986142977e+01
1.822531293463142958e+02 7.297194900645990856e+01 6.828571415130149092e+01
1.827538247566063774e+02 7.294595899482374080e+01 6.825584842098045613e+01
1.832545201668984305e+02 7.291952368177589960e+01 6.822547562393459941e+01
1.837552155771905404e+02 7.289264256440219469e+01 6.819459555178049470e+01
1.842559109874825651e+02 7.286531515142996795e+01 6.816320802931308265e+01
1.847566063977746751e+02 7.283754098418285139e+01 6.813131289471506591e+01
1.852573018080667566e+02 7.280931961795431562e+01 6.809891000770598168e+01
1.857579972183588097e+02 7.278065063830581494e+01 6.806599923673651631e+01
1.862586926286508913e+02 7.275153365524602123e+01 6.803258048867441232e+01
1.867593880389429444e+02 7.272196830672328360e+01 6.799865369104999502e+01
1.872600834492350259e+02 7.269195425513316877e+01 6.796421878856826027e+01
1.877607788595271074e+02 7.266149119925103150e+01 6.792927576114642818e+01
1.882614742698191606e+02 7.263057886142632924e+01 6.789382460878449876e+01
1.887621696801112421e+02 7.259921700213453732e+01 6.785786537804860075e+01
1.892628650904032952e+02 7.256740541764884256e+01 6.782139812741924345e+01
1.897635605006953767e+02 7.253514392868964933e+01 6.778442297072878375e+01
1.902642559109874583e+02 7.250243240807321854e+01 6.774694004969468608e+01
1.907649513212795114e+02 7.246927076092106290e+01 6.770894954621589079e+01
1.912656467315716213e+02 7.243565893339109607e+01 6.767045167915320292e+01
1.917663421418636460e+02 7.240159691558801569e+01 6.763144673023170128e+01
1.922670375521557560e+02 7.236708474360057153e+01 6.759193501144444838e+01
1.927677329624478375e+02 7.233212249833741225e+01 6.755191688135063544e+01
1.932684283727398906e+02 7.229671031134785153e+01 6.751139277417941287e+01
1.937691237830319722e+02 7.226084836307563819e+01 6.747036315559206798e+01
1.942698191933240253e+02 7.222453689217218198e+01 6.742882856924815371e+01
1.947705146036161068e+02 7.218777619083994068e+01 6.738678960653750494e+01
1.952712100139081883e+02 7.215056660716072656e+01 6.734424694034068182e+01
1.957719054242002414e+02 7.211290855557308532e+01 6.730120130407421186e+01
1.962726008344923230e+02 7.207480250988737680e+01 6.725765349169058993e+01
1.967732962447844045e+02 7.203624900677823462e+01 6.721360440322577290e+01
1.972739916550764576e+02 7.199724866324686445e+01 6.716905499415851466e+01
1.977746870653685392e+02 7.195780215159174986e+01 6.712400631586469046e+01
1.982753824756605923e+02 7.191791023200494237e+01 6.707845950572199456e+01
1.987760778859527022e+02 7.187757374093052931e+01 6.703241579307622544e+01
1.992767732962447838e+02 7.183679358524386771e+01 6.698587650447997532e+01
1.997774687065368369e+02 7.179557076844503172e+01 6.693884307358793251e+01
2.002781641168289184e+02 7.175390636970405467e+01 6.689131703067950241e+01
2.007788595271209999e+02 7.171180156481568702e+01 6.684330002645118896e+01
2.012795549374130530e+02 7.166925762794562615e+01 6.679479382241233054e+01
2.017802503477051346e+02 7.162627591940690763e+01 6.674580030383630458e+01
2.022809457579971877e+02 7.158285790661466308e+01 6.669632146841003362e+01
2.027816411682892692e+02 7.153900516408612020e+01 6.664635947098112467e+01
2.032823365785813508e+02 7.149471936820191331e+01 6.659591658164835337e+01
2.037830319888734039e+02 7.145000231059384532e+01 6.654499521544757101e+01
2.042837273991654854e+02 7.140485590251046233e+01 6.649359794050077710e+01
2.047844228094575953e+02 7.135928217248874716e+01 6.644172747335950646e+01
2.052851182197496485e+02 7.131328326926450245e+01 6.638938669530297432e+01
2.057858136300417300e+02 7.126686147923464887e+01 6.633657864244277391e+01
2.062865090403338115e+02 7.122001921336050145e+01 6.628330652493140462e+01
2.067872044506258646e+02 7.117275902695837431e+01 6.622957373511134449e+01
2.072878998609179462e+02 7.112508361271466129e+01 6.617538383587351802e+01
2.077885952712099993e+02 7.107699580767075531e+01 6.612074059441773954e+01
2.082892906815020808e+02 7.102849860719288699e+01 6.606564795605926577e+01
2.087899860917941623e+02 7.097959515449474566e+01 6.601011008031754557e+01
2.092906815020862155e+02 7.093028875809977762e+01 6.595413132345392171e+01
2.097913769123782970e+02 7.088058288951287977e+01 6.589771626990376774e+01
2.102920723226703501e+02 7.083048119486193173e+01 6.584086970433681074e+01
2.107927677329624316e+02 7.077998748791287653e+01 6.578359665356664721e+01
2.112934631432545416e+02 7.072910576869617216e+01 6.572590237956582371e+01
2.117941585535465663e+02 7.067784021652187221e+01 6.566779236782430473e+01
2.122948539638386762e+02 7.062619520977023058e+01 6.560927236693068210e+01
2.127955493741307293e+02 7.057417531425016932e+01 6.555034837227402988e+01
2.132962447844228109e+02 7.052178529949742369e+01 6.549102663070051733e+01
2.137969401947148924e+02 7.046903013993869536e+01 6.543131367310969893e+01
2.142976356050069455e+02 7.041591502536903135e+01 6.537121628651483718e+01
2.147983310152990271e+02 7.036244535163859837e+01 6.531074153732596699e+01
2.152990264255910802e+02 7.030862674859235995e+01 6.524989678997634712e+01
2.157997218358831617e+02 7.025446506493608467e+01 6.518868968829600874e+01
2.163004172461752148e+02 7.019996638104203157e+01 6.512712817995897296e+01
2.168011126564672963e+02 7.014513701826217584e+01 6.506522051008040819e+01
2.173018080667593779e+02 7.008998353659990244e+01 6.500297523751477513e+01
2.178025034770514310e+02 7.003451274867984466e+01 6.494040123834828648e+01
2.183031988873435125e+02 6.997873170927050523e+01 6.487750770240644727e+01
2.188038942976355656e+02 6.992264774438808672e+01 6.481430415246258292e+01
2.193045897079276472e+02 6.986626843034173362e+01 6.475080043725292001e+01
2.198052851182197571e+02 6.980960161468829028e+01 6.468700674893888447e+01
2.203059805285118102e+02 6.975265541856060736e+01 6.462293361379387591e+01
2.208066759388038918e+02 6.969543823783169501e+01 6.455859190617310617e+01
2.213073713490959449e+02 6.963795874893548898e+01 6.449399285317021224e+01
2.218080667593880264e+02 6.958022591235931031e+01 6.442914803112479660e+01
2.223087621696801079e+02 6.952224897962878458e+01 6.436406937959226582e+01
2.228094575799721611e+02 6.946403749330784194e+01 6.429876919435891125e+01
2.233101529902642426e+02 6.940560129514778964e+01 6.423326013908344123e+01
2.238108484005562957e+02 6.934695052375900559e+01 6.416755523831206176e+01
2.243115438108483772e+02 6.928809562625247054e+01 6.410166789494077477e+01
2.248122392211404588e+02 6.922904735125484876e+01 6.403561186926062021e+01
2.253129346314325119e+02 6.916981676055002026e+01 6.396940130689735327e+01
2.258136300417245934e+02 6.911041522442246787e+01 6.390305071771116729e+01
2.263143254520166465e+02 6.905085443097050302e+01 6.383657498918445583e+01
2.268150208623087565e+02 6.899114638144965284e+01 6.376998938322039123e+01
2.273157162726008380e+02 6.893130339260096662e+01 6.370330952857592877e+01
2.278164116828928911e+02 6.887133810712839477e+01 6.363655143235781964e+01
2.283171070931849727e+02 6.881126347972895019e+01 6.356973146954523202e+01
2.288178025034770258e+02 6.875109278640593402e+01 6.350286638182559784e+01
2.293184979137691073e+02 6.869083962796139531e+01 6.343597327875876601e+01
2.298191933240611604e+02 6.863051791835459881e+01 6.336906963079208310e+01
2.303198887343532704e+02 6.857014188935863785e+01 6.330217326809624012e+01
2.308205841446453235e+02 6.850972609521704726e+01 6.323530237125204678e+01
2.313212795549373766e+02 6.844928540100227110e+01 6.316847547125043150e+01
2.318219749652294297e+02 6.838883498494396918e+01 6.310171144250752207e+01
2.323226703755215397e+02 6.832839033377240412e+01 6.303502949122311350e+01
2.328233657858135928e+02 6.826796724504674785e+01 6.296844916120143409e+01
2.333240611961056459e+02 6.820758181434939615e+01 6.290199031056808110e+01
2.338247566063977843e+02 6.814725043295766227e+01 6.283567310711340781e+01
2.343254520166898374e+02 6.808698979250038974e+01 6.276951803178498324e+01
2.348261474269818621e+02 6.802681685934658162e+01 6.270354585074791487e+01
2.353268428372740004e+02 6.796674889090354554e+01 6.263777761538484867e+01
2.358275382475660535e+02 6.790680341000552289e+01 6.257223464832613047e+01
2.363282336578581067e+02 6.784699821189860813e+01 6.250693853180827375e+01
2.368289290681501882e+02 6.778735134328599088e+01 6.244191109603242751e+01
2.373296244784422697e+02 6.772788110232795589e+01 6.237717440286623116e+01
2.378303198887343228e+02 6.766860602234373800e+01 6.231275073187397595e+01
2.383310152990264044e+02 6.760954486715490930e+01 6.224866257216753240e+01
2.388317107093184859e+02 6.755071662177215330e+01 6.218493259213836666e+01
2.393324061196105390e+02 6.749214047376881354e+01 6.212158364411415334e+01
2.398331015299026205e+02 6.743383579931105487e+01 6.205863872943417903e+01
2.403337969401946737e+02 6.737582216548616998e+01 6.199612098447950359e+01
2.408344923504867552e+02 6.731811930003459565e+01 6.193405367601634737e+01
2.413351877607788083e+02 6.726074708902160637e+01 6.187246016161488171e+01
2.418358831710709183e+02 6.720372554889763705e+01 6.181136388964922901e+01
2.423365785813629998e+02 6.714707482882658951e+01 6.175078836204455968e+01
2.428372739916550529e+02 6.709081518041784875e+01 6.169075713194878574e+01
2.433379694019471344e+02 6.703496694375644438e+01 6.163129376647965785e+01
2.438386648122392160e+02 6.697955053808982484e+01 6.157242183275492664e+01
2.443393602225312691e+02 6.692458643621648662e+01 6.151416487810173805e+01
2.448400556328233506e+02 6.687009514353121631e+01 6.145654640444526251e+01
2.453407510431154037e+02 6.681609718871186487e+01 6.139958984269732412e+01
2.458414464534074853e+02 6.676261310742120259e+01 6.134331853645825561e+01
2.463421418636995668e+02 6.670966340272570960e+01 6.128775571524137433e+01
2.468428372739916199e+02 6.665726854742388241e+01 6.123292446653330501e+01
2.473435326842837014e+02 6.660544894679333083e+01 6.117884771833168145e+01
2.478442280945758114e+02 6.655422493626247160e+01 6.112554821353377577e+01
2.483449235048678645e+02 6.650361673484439962e+01 6.107304848199682112e+01
2.488456189151599460e+02 6.645364444979350083e+01 6.102137081609079416e+01
2.493463143254520276e+02 6.640432803760631941e+01 6.097053725323611673e+01
2.498470097357440807e+02 6.635568729470833205e+01 6.092056954563567217e+01
2.503477051460361338e+02 6.630774182602181099e+01 6.087148913000682171e+01
2.508484005563282153e+02 6.626051102168275975e+01 6.082331711477571901e+01
2.513490959666202968e+02 6.621401405063807033e+01 6.077607424980932649e+01
2.518497913769123500e+02 6.616826981873600744e+01 6.072978089847573813e+01
2.523504867872044315e+02 6.612329695941298269e+01 6.068445701901772793e+01
2.528511821974965130e+02 6.607911381273879670e+01 6.064012214359799202e+01
2.533518776077885661e+02 6.603573839514865540e+01 6.059679534221039887e+01
2.538525730180806477e+02 6.599318838081671856e+01 6.055449521220261033e+01
2.543532684283727576e+02 6.595148109001456760e+01 6.051323985266471084e+01
2.548539638386647823e+02 6.591063345185830258e+01 6.047304683648953016e+01
2.553546592489568354e+02 6.587066200198023580e+01 6.043393319640280481e+01
2.558553546592489738e+02 6.583158284527598880e+01 6.039591539760557737e+01
2.563560500695410269e+02 6.579341165124787949e+01 6.035900932380435790e+01
2.568567454798330800e+02 6.575616361908032559e+01 6.032323024810729351e+01
2.573574408901251900e+02 6.571985347763984464e+01 6.028859282487509574e+01
2.578581363004172431e+02 6.568449545287876390e+01 6.025511107167666580e+01
2.583588317107092962e+02 6.565010325852199458e+01 6.022279833436449792e+01
2.588595271210013493e+02 6.561669006812735461e+01 6.019166729638790514e+01
2.593602225312934593e+02 6.558426851974218152e+01 6.016172994037596311e+01
2.598609179415855124e+02 6.555285068097873591e+01 6.013299755162996973e+01
2.603616133518775655e+02 6.552244804435758851e+01 6.010548069018376793e+01
2.608623087621696754e+02 6.549307151100947522e+01 6.007918919546035852e+01
2.613630041724617286e+02 6.546473138369037770e+01 6.005413215483976330e+01
2.618636995827537817e+02 6.543743734349845909e+01 6.003031790831563796e+01
2.623643949930458916e+02 6.541119845103821717e+01 6.000775403685373988e+01
2.628650904033379447e+02 6.538602313128649257e+01 5.998644734609378304e+01
2.633657858136299978e+02 6.536191916195093654e+01 5.996640387566266384e+01
2.638664812239220510e+02 6.533889367347001098e+01 5.994762887356309022e+01
2.643671766342141609e+02 6.531695313387899660e+01 5.993012681247172679e+01
2.648678720445062140e+02 6.529610334764583968e+01 5.991390136994859006e+01
2.653685674547982671e+02 6.527634945334284566e+01 5.989895543775027420e+01
2.658692628650904339e+02 6.525769591200514697e+01 5.988529111368087854e+01
2.663699582753824870e+02 6.524014650945900939e+01 5.987290971090523328e+01
2.668706536856744833e+02 6.522370435865013860e+01 5.986181174747152056e+01
2.673713490959666501e+02 6.520837188800214790e+01 5.985199696493772592e+01
2.678720445062587032e+02 6.519415085305809043e+01 5.984346430858103361e+01
2.683727399165507563e+02 6.518104233182384633e+01 5.983621196697903599e+01
2.688734353268428094e+02 6.516904672476812266e+01 5.983023734872666921e+01
2.693741307371349194e+02 6.515816376879229210e+01 5.982553709640605177e+01
2.698748261474269725e+02 6.514839252326055430e+01 5.982210710637708928e+01
2.703755215577190256e+02 6.513973140259622596e+01 5.981994252877747442e+01
2.708762169680111356e+02 6.513217814834206365e+01 5.981903777916421916e+01
2.713769123783031887e+02 6.512572986641316675e+01 5.981938655015518691e+01
2.718776077885952418e+02 6.512038301778375171e+01 5.982098182539893116e+01
2.723783031988873518e+02 6.511613342780037783e+01 5.982381589238038089e+01
2.728789986091794049e+02 6.511297630713670515e+01 5.982788035406237270e+01
2.733796940194714580e+02 6.511090624946518801e+01 5.983316614518379595e+01
2.738803894297635111e+02 6.510991725008352660e+01 5.983966355088604416e+01
2.743810848400556210e+02 6.511000271289958619e+01 5.984736221253378119e+01
2.748817802503476742e+02 6.511115546323708259e+01 5.985625115798292484e+01
2.753824756606397273e+02 6.511336776413372718e+01 5.986631880856556620e+01
2.758831710709318372e+02 6.511663133031106554e+01 5.987755300120888080e+01
2.763838664812238903e+02 6.512093733283109032e+01 5.988994100706158008e+01
2.768845618915159434e+02 6.512627642587176524e+01 5.990346954546375002e+01
2.773852573018079966e+02 6.513263875138363801e+01 5.991812480839406874e+01
2.778859527121001065e+02 6.514001396237290464e+01 5.993389247909625794e+01
2.783866481223921596e+02 6.514839123454294167e+01 5.995075774837722804e+01
2.788873435326842127e+02 6.515775928259245120e+01 5.996870533556183602e+01
2.793880389429763227e+02 6.516810637651360594e+01 5.998771950828349020e+01
2.798887343532683758e+02 6.517942035789019428e+01 6.000778410576721456e+01
2.803894297635604289e+02 6.519168865619576536e+01 6.002888255512779381e+01
2.808901251738525957e+02 6.520489831207669340e+01 6.005099788883207168e+01
2.813908205841446488e+02 6.521903598200879060e+01 6.007411277845939424e+01
2.818915159944367019e+02 6.523408796623698436e+01 6.009820953353745665e+01
2.823922114047287550e+02 6.525004022390930913e+01 6.012327014345181908e+01
2.828929068150208650e+02 6.526687838471843861e+01 6.014927627861005988e+01
2.833936022253129181e+02 6.528458777684136294e+01 6.017620932769467856e+01
2.838942976356049712e+02 6.530315342926769517e+01 6.020405040348386194e+01
2.843949930458970812e+02 6.532256010556011461e+01 6.023278036613454844e+01
2.848956884561891343e+02 6.534279230851097964e+01 6.026237985112210538e+01
2.853963838664811874e+02 6.536383430458954535e+01 6.029282927506109502e+01
2.858970792767732974e+02 6.538567013558349572e+01 6.032410886713741149e+01
2.863977746870653505e+02 6.540828364071785472e+01 6.035619867376489367e+01
2.868984700973574036e+02 6.543165846829651855e+01 6.038907859234576847e+01
2.873991655076494567e+02 6.545577809782116674e+01 6.042272837825557019e+01
2.878998609179415666e+02 6.548062584930448793e+01 6.045712766463374521e+01
2.884005563282336198e+02 6.550618490538909100e+01 6.049225598799502279e+01
2.889012517385257297e+02 6.553243832531734370e+01 6.052809278939356830e+01
2.894019471488177828e+02 6.555936905657290481e+01 6.056461744585512008e+01
2.899026425591098359e+02 6.558695995699963532e+01 6.060180928434682812e+01
2.904033379694019459e+02 6.561519380527897738e+01 6.063964758839837543e+01
2.909040333796939990e+02 6.564405331606394611e+01 6.067811162516854040e+01
2.914047287899860521e+02 6.567352115627727471e+01 6.071718064675486914e+01
2.919054242002781621e+02 6.570357995326048695e+01 6.075683392599138699e+01
2.924061196105702152e+02 6.573421232038526796e+01 6.079705075142818771e+01
2.929068150208622683e+02 6.576540085588931106e+01 6.083781044712203823e+01
2.934075104311543782e+02 6.579712816848768853e+01 6.087909239126283012e+01
2.939082058414464314e+02 6.582937687911908142e+01 6.092087602956134162e+01
2.944089012517384845e+02 6.586212964306469075e+01 6.096314087292093120e+01
2.949095966620305944e+02 6.589536915344069712e+01 6.100586653323524899e+01
2.954102920723226475e+02 6.592907815982471220e+01 6.104903271523916430e+01
2.959109874826147006e+02 6.596323947931523435e+01 6.109261923804560013e+01
2.964116828929068106e+02 6.599783599653164856e+01 6.113660604445875890e+01
2.969123783031988637e+02 6.603285068689729087e+01 6.118097321698122926e+01
2.974130737134909168e+02 6.606826661896775477e+01 6.122570097781398601e+01
2.979137691237830268e+02 6.610406697072903626e+01 6.127076969816961594e+01
2.984144645340750799e+02 6.614023503658245318e+01 6.131615992970445461e+01
2.989151599443671330e+02 6.617675422035972588e+01 6.136185238007136888e+01
2.994158553546592429e+02 6.621360807956079952e+01 6.140782794784435339e+01
2.999165507649512961e+02 6.625078029508586042e+01 6.145406772717514343e+01
3.004172461752433492e+02 6.628825470499577932e+01 6.150055299615168281e+01
3.009179415855354023e+02 6.632601529985549860e+01 6.154726524706610746e+01
3.014186369958275691e+02 6.636404623437556438e+01 6.159418618874305196e+01
3.019193324061196222e+02 6.640233182974043302e+01 6.164129773722642369e+01
3.024200278164116185e+02 6.644085658874246292e+01 6.168858205536061234e+01
3.029207232267037853e+02 6.647960518908803351e+01 6.173602151320928044e+01
3.034214186369958384e+02 6.651856250085984357e+01 6.178359874509887106e+01
3.039221140472878915e+02 6.655771358826314099e+01 6.183129660270687111e+01
3.044228094575799446e+02 6.659704370380495675e+01 6.187909820184621879e+01
3.049235048678720545e+02 6.663653831303236075e+01 6.192698690642181703e+01
3.054242002781641077e+02 6.667618308405508287e+01 6.197494633679788478e+01
3.059248956884561608e+02 6.671596389518526848e+01 6.202296037701934495e+01
3.064255910987482707e+02 6.675586683930305298e+01 6.207101317597597756e+01
3.069262865090403238e+02 6.679587822429311927e+01 6.211908913343258121e+01
3.074269819193323769e+02 6.683598458323103841e+01 6.216717294659510173e+01
3.079276773296244869e+02 6.687617267038149294e+01 6.221524956878319301e+01
3.084283727399165400e+02 6.691642946934734937e+01 6.226330422805666842e+01
3.089290681502085931e+02 6.695674218259227928e+01 6.231132243870241894e+01
3.094297635605006462e+02 6.699709825239551719e+01 6.235928999253964378e+01
3.099304589707927562e+02 6.703748534688202199e+01 6.240719294635063363e+01
3.104311543810848093e+02 6.707789137282816228e+01 6.245501766906535579e+01
3.109318497913768624e+02 6.711830446285603102e+01 6.250275077750565345e+01
3.114325452016689724e+02 6.715871299173159059e+01 6.255037920128678763e+01
3.119332406119610255e+02 6.719910556588729378e+01 6.259789013275941727e+01
3.124339360222530786e+02 6.723947103098907974e+01 6.264527105858498146e+01
3.129346314325451885e+02 6.727979846727976110e+01 6.269250974773378005e+01
3.134353268428372417e+02 6.732007719481771346e+01 6.273959425104614240e+01
3.139360222531292948e+02 6.736029676320413273e+01 6.278651290394783757e+01
3.144367176634213479e+02 6.740044696531640511e+01 6.283325432272114597e+01
3.149374130737134578e+02 6.744051782223777991e+01 6.287980740602371554e+01
3.154381084840055109e+02 6.748049959706349910e+01 6.292616132824925046e+01
3.159388038942975641e+02 6.752038277851625026e+01 6.297230555577563393e+01
3.164394993045897309e+02 6.756015810117332876e+01 6.301822981931628931e+01
3.169401947148817840e+02 6.759981651257930935e+01 6.306392412301512707e+01
3.174408901251737802e+02 6.763934920838892140e+01 6.310937876481922615e+01
3.179415855354659470e+02 6.767874759918868222e+01 6.315458429431920706e+01
3.184422809457580001e+02 6.771800332999646344e+01 6.319953154227142988e+01
3.189429763560500533e+02 6.775710827094826527e+01 6.324421159901568501e+01
3.194436717663421064e+02 6.779605451162296959e+01 6.328861583002755253e+01
3.199443671766342163e+02 6.783483437035556562e+01 6.333273586213501005e+01
3.204450625869262694e+02 6.787344037793900497e+01 6.337656358119012623e+01
3.209457579972183225e+02 6.791186528053458460e+01 6.342009112712140961e+01
3.214464534075104325e+02 6.795010204665686615e+01 6.346331090208288117e+01
3.219471488178024856e+02 6.798814384956585855e+01 6.350621555939461871e+01
3.224478442280945387e+02 6.802598408472931624e+01 6.354879799818583308e+01
3.229485396383865918e+02 6.806361634392033011e+01 6.359105136881545661e+01
3.234492350486787018e+02 6.810103442977379018e+01 6.363296906168535827e+01
3.239499304589707549e+02 6.813823234281699115e+01 6.367454471236989377e+01
3.244506258692628649e+02 6.817520428906391317e+01 6.371577218810990928e+01
3.249513212795549180e+02 6.821194466719134653e+01 6.375664560294673322e+01
3.254520166898469711e+02 6.824844807669251168e+01 6.379715928475981457e+01
3.259527121001390810e+02 6.828470930041476095e+01 6.383730780554380146e+01
3.264534075104311910e+02 6.832072331620111072e+01 6.387708594792549377e+01
3.269541029207232441e+02 6.835648528815909231e+01 6.391648872483621346e+01
3.274547983310152972e+02 6.839199055967583263e+01 6.395551136568521144e+01
3.279554937413073503e+02 6.842723465865674370e+01 6.399414931297634723e+01
3.284561891515994603e+02 6.846221328966748843e+01 6.403239822354500177e+01
3.289568845618915134e+02 6.849692232694906124e+01 6.407025396275550122e+01
3.294575799721835665e+02 6.853135782547724375e+01 6.410771258936712513e+01
3.299582753824756765e+02 6.856551600408238301e+01 6.414477038958558808e+01
3.304589707927677296e+02 6.859939324763217883e+01 6.418142380954215298e+01
3.309596662030597827e+02 6.863298610208403261e+01 6.421766952790768812e+01
3.314603616133518926e+02 6.866629128234308155e+01 6.425350439914019773e+01
3.319610570236439457e+02 6.869930564781498106e+01 6.428892545464897523e+01
3.324617524339359989e+02 6.873202622139615414e+01 6.432392992491351436e+01
3.329624478442280520e+02 6.876445018132471887e+01 6.435851521649148310e+01
3.334631432545201619e+02 6.879657484386370925e+01 6.439267892369208823e+01
3.339638386648122150e+02 6.882839768018129689e+01 6.442641880822158384e+01
3.344645340751042681e+02 6.885991629939780978e+01 6.445973279180726934e+01
3.349652294853963781e+02 6.889112846022726444e+01 6.449261899157683331e+01
3.354659248956884312e+02 6.892203204361976532e+01 6.452507567468821037e+01
3.359666203059804843e+02 6.895262508215637354e+01 6.455710126749728772e+01
3.364673157162726511e+02 6.898290573414669780e+01 6.458869436952774379e+01
3.369680111265647042e+02 6.901287228566616250e+01 6.461985372785967741e+01
3.374687065368567005e+02 6.904252315652229299e+01 6.465057824586075697e+01
3.379694019471487536e+02 6.907185688512072375e+01 6.468086697008949670e+01
3.384700973574409204e+02 6.910087213748738577e+01 6.471071912405570004e+01
3.389707927677329735e+02 6.912956769926495326e+01 6.474013403487880680e+01
3.394714881780250266e+02 6.915794247178382648e+01 6.476911120517435450e+01
3.399721835883171366e+02 6.918599547235317004e+01 6.479765027259965393e+01
3.404728789986091897e+02 6.921372583484298957e+01 6.482575099413772080e+01
3.409735744089012428e+02 6.924113279324046744e+01 6.485341327927564237e+01
3.414742698191932959e+02 6.926821570493302715e+01 6.488063717283331755e+01
3.419749652294854059e+02 6.929497402509696258e+01 6.490742283765213472e+01
3.424756606397774590e+02 6.932140731135405076e+01 6.493377056912505907e+01
3.429763560500695121e+02 6.934751523541308416e+01 6.495968078504303378e+01
3.434770514603616220e+02 6.937329755047358049e+01 6.498515403319017025e+01
3.439777468706536752e+02 6.939875412149376643e+01 6.501019097739195729e+01
3.444784422809457283e+02 6.942388490656412614e+01 6.503479240569582487e+01
3.449791376912378382e+02 6.944868995690740121e+01 6.505895921318447961e+01
3.454798331015298913e+02 6.947316941920689715e+01 6.508269241165258734e+01
3.459805285118219444e+02 6.949732352163664473e+01 6.510599313855060188e+01
3.464812239221139976e+02 6.952115259248785151e+01 6.512886261532990773e+01
3.469819193324061075e+02 6.954465704619906319e+01 6.515130220295837660e+01
3.474826147426981606e+02 6.956783736705801857e+01 6.517331335077038545e+01
3.479833101529902137e+02 6.959069414936493558e+01 6.519489761116425086e+01
3.484840055632823237e+02 6.961322803922485036e+01 6.521605664376998845e+01
3.489847009735743768e+02 6.963543978984489513e+01 6.523679221747748613e+01
3.494853963838664299e+02 6.965733021962478233e+01 6.525710618231038040e+01
3.499860917941585399e+02 6.967890022088795376e+01 6.527700050302050272e+01
3.504867872044505930e+02 6.970015077967218531e+01 6.529647723921775082e+01
3.509874826147426461e+02 6.972108293789460731e+01 6.531553853016779954e+01
3.514881780250346992e+02 6.974169781663476897e+01 6.533418662094013030e+01
3.519888734353268660e+02 6.976199662079125119e+01 6.535242385410205657e+01
3.524895688456189191e+02 6.978198060532122327e+01 6.537025265109227234e+01
3.529902642559109154e+02 6.980165111554924806e+01 6.538767551716850335e+01
3.534909596662030822e+02 6.982100954729503428e+01 6.540469506236226493e+01
3.539916550764951353e+02 6.984005738034284150e+01 6.542131397470333809e+01
3.544923504867871884e+02 6.985879614351688360e+01 6.543753501687282892e+01
3.549930458970792415e+02 6.987722744858729129e+01 6.545336105588907571e+01
3.554937413073713515e+02 6.989535295563655382e+01 6.546879502439955445e+01
3.559944367176634046e+02 6.991317439750673657e+01 6.548383993872525366e+01
3.564951321279554577e+02 6.993069356699379568e+01 6.549849890715526612e+01
3.569958275382475676e+02 6.994791231510134821e+01 6.551277510840995433e+01
3.574965229485396208e+02 6.996483256035389786e+01 6.552667179164095046e+01
3.579972183588316739e+02 6.998145627715530281e+01 6.554019229738591434e+01
3.584979137691237838e+02 6.999778548822177981e+01 6.555334004068831177e+01
3.589986091794158369e+02 7.001382229019327497e+01 6.556611848956057997e+01
3.594993045897078900e+02 7.002956883151455258e+01 6.557853122435594173e+01
3.600000000000000000e+02 7.004502731476350164e+01 6.559058185394937368e+01
