# lons lats(polar edge) lats(equatorward edge)
0.000000000000000000e+00 7.143912045483011752e+01 6.693291387243334611e+01
5.006954102920723182e-01 7.145529611234087497e+01 6.694572707352442364e+01
1.001390820584144636e+00 7.147114295011851937e+01 6.695817029982087831e+01
1.502086230876216844e+00 7.148666267946828157e+01 6.697024676430253010e+01
2.002781641168289273e+00 7.150185702566523105e+01 6.698195969749455969e+01
2.503477051460361480e+00 7.151672771049197763e+01 6.699331231506981510e+01
3.004172461752433687e+00 7.153127648629015312e+01 6.700430783549414571e+01
3.504867872044505894e+00 7.154550510074477643e+01 6.701494946250782903e+01
4.005563282336578546e+00 7.155941532074939460e+01 6.702524040000604089e+01
4.506258692628650309e+00 7.157300892367493361e+01 6.703518385824956738e+01
5.006954102920722960e+00 7.158628769766073674e+01 6.704478301894361891e+01
5.507649513212795611e+00 7.159925343768554740e+01 6.705404107314045348e+01
6.008344923504867374e+00 7.161190795575384982e+01 6.706296117365802445e+01
6.509040333796940025e+00 7.162425306488876231e+01 6.707154650736576684e+01
7.009735744089011789e+00 7.163629060241510160e+01 6.707980021398491033e+01
7.510431154381083552e+00 7.164802240536664613e+01 6.708772543963952728e+01
8.011126564673157091e+00 7.165945032707531936e+01 6.709532531124516197e+01
8.511821974965229742e+00 7.167057622552965768e+01 6.710260294756828614e+01
9.012517385257300617e+00 7.168140198141918518e+01 6.710956145689799257e+01
9.513212795549373268e+00 7.169192947492410894e+01 6.711620393355353542e+01
1.001390820584144592e+01 7.170216060288657900e+01 6.712253344857110449e+01
1.051460361613352035e+01 7.171209727691893931e+01 6.712855307676099414e+01
1.101529902642559122e+01 7.172174141758296173e+01 6.713426586967861454e+01
1.151599443671766032e+01 7.173109495562675875e+01 6.713967487012004653e+01
1.201668984700973475e+01 7.174015984129800927e+01 6.714478310110015968e+01
1.251738525730180740e+01 7.174893803153827321e+01 6.714959357690267439e+01
1.301808066759388005e+01 7.175743149784102570e+01 6.715410930686365987e+01
1.351877607788595093e+01 7.176564223323657643e+01 6.715833327150639320e+01
1.401947148817802358e+01 7.177357223512080964e+01 6.716226845397349621e+01
1.452016689847009623e+01 7.178122352504578885e+01 6.716591781841734132e+01
1.502086230876216710e+01 7.178859813329472672e+01 6.716928431378354958e+01
1.552155771905424153e+01 7.179569811052351724e+01 6.717237088676219514e+01
1.602225312934631418e+01 7.180252552193996962e+01 6.717518046810900501e+01
1.652294853963838506e+01 7.180908245196042117e+01 6.717771598392309329e+01
1.702364394993045948e+01 7.181537100624700543e+01 6.717998034458750567e+01
1.752433936022252681e+01 7.182139330123027321e+01 6.718197646464167860e+01
1.802503477051460123e+01 7.182715147895214614e+01 6.718370723451434401e+01
1.852573018080667566e+01 7.183264770008099731e+01 6.718517555070056346e+01
1.902642559109874654e+01 7.183788414740411099e+01 6.718638430030031827e+01
1.952712100139081741e+01 7.184286302349937614e+01 6.718733637041358975e+01
2.002781641168289184e+01 7.184758655189943966e+01 6.718803463766298023e+01
2.052851182197496627e+01 7.185205698174831923e+01 6.718848198095960811e+01
2.102920723226704069e+01 7.185627658896555658e+01 6.718868128399057582e+01
2.152990264255910802e+01 7.186024766926129814e+01 6.718863541984623566e+01
2.203059805285118244e+01 7.186397254744952079e+01 6.718834726864164963e+01
2.253129346314325332e+01 7.186745357046311256e+01 6.718781971733127989e+01
2.303198887343532064e+01 7.187069311433879193e+01 6.718705565214199282e+01
2.353268428372739507e+01 7.187369358887372073e+01 6.718605796817732312e+01
2.403337969401946950e+01 7.187645742365566548e+01 6.718482956767124392e+01
2.453407510431154037e+01 7.187898708436114248e+01 6.718337335605914973e+01
2.503477051460361480e+01 7.188128506693465170e+01 6.718169226293261431e+01
2.553546592489568567e+01 7.188335389409621712e+01 6.717978921264452197e+01
2.603616133518776010e+01 7.188519612698291894e+01 6.717766715559568524e+01
2.653685674547983453e+01 7.188681435583566781e+01 6.717532905746642768e+01
2.703755215577190185e+01 7.188821120931243058e+01 6.717277789019439638e+01
2.753824756606397628e+01 7.188938934168254491e+01 6.717001665380243480e+01
2.803894297635604715e+01 7.189035145843809005e+01 6.716704836344737828e+01
2.853963838664812158e+01 7.189110028835420962e+01 6.716387606222573936e+01
2.904033379694019246e+01 7.189163860444386955e+01 6.716050281186048210e+01
2.954102920723226333e+01 7.189196921464463230e+01 6.715693169852178812e+01
3.004172461752433421e+01 7.189209497113188263e+01 6.715316583282705665e+01
3.054242002781640863e+01 7.189201876100560185e+01 6.714920836147788918e+01
3.104311543810848306e+01 7.189174351560359355e+01 6.714506245563674725e+01
3.154381084840055394e+01 7.189127220817317721e+01 6.714073132486950612e+01
3.204450625869262836e+01 7.189060785037872847e+01 6.713621819853719330e+01
3.254520166898469569e+01 7.188975350394321140e+01 6.713152635373111821e+01
3.304589707927677011e+01 7.188871226900664624e+01 6.712665909751953564e+01
3.354659248956884454e+01 7.188748729343933519e+01 6.712161978091748438e+01
3.404728789986091897e+01 7.188608176934940275e+01 6.711641178317071876e+01
3.454798331015298629e+01 7.188449893773940857e+01 6.711103854085953913e+01
3.504867872044505361e+01 7.188274208093935158e+01 6.710550351675769321e+01
3.554937413073713515e+01 7.188081453541235533e+01 6.709981022893620661e+01
3.605006954102920247e+01 7.187871968127728906e+01 6.709396223679354421e+01
3.655076495132127690e+01 7.187646094929368701e+01 6.708796314658533788e+01
3.705146036161335132e+01 7.187404181911551859e+01 6.708181660938711843e+01
3.755215577190541865e+01 7.187146581812703516e+01 6.707552633215377114e+01
3.805285118219749307e+01 7.186873653075599577e+01 6.706909606782423339e+01
3.855354659248956750e+01 7.186585758217552211e+01 6.706252962201537571e+01
3.905424200278163482e+01 7.186283265576639678e+01 6.705583085156681022e+01
3.955493741307371636e+01 7.185966548380383756e+01 6.704900366745127371e+01
4.005563282336578368e+01 7.185635985211411025e+01 6.704205203826708726e+01
4.055632823365785811e+01 7.185291959308960941e+01 6.703497998441739014e+01
4.105702364394993253e+01 7.184934860082285013e+01 6.702779158625921241e+01
4.155771905424199986e+01 7.184565081248001661e+01 6.702049097653647891e+01
4.205841446453408139e+01 7.184183022227080073e+01 6.701308234852908186e+01
4.255910987482614871e+01 7.183789087446348276e+01 6.700556995605288080e+01
4.305980528511821603e+01 7.183383687036985066e+01 6.699795810763893655e+01
4.356050069541029046e+01 7.182967235903197434e+01 6.699025117351843051e+01
4.406119610570236489e+01 7.182540154187881853e+01 6.698245358329435817e+01
4.456189151599443221e+01 7.182102867738285568e+01 6.697456982826983563e+01
4.506258692628650664e+01 7.181655807058268692e+01 6.696660445679148665e+01
4.556328233657857396e+01 7.181199408239626791e+01 6.695856208123436204e+01
4.606397774687064128e+01 7.180734111797937658e+01 6.695044737450947991e+01
4.656467315716272282e+01 7.180260364302375820e+01 6.694226506540721289e+01
4.706536856745479014e+01 7.179778616513067391e+01 6.693401995023882023e+01
4.756606397774686457e+01 7.179289324778073933e+01 6.692571688003076247e+01
4.806675938803893899e+01 7.178792949578200933e+01 6.691736076867377392e+01
4.856745479833100632e+01 7.178289957040396985e+01 6.690895658826624981e+01
4.906815020862308074e+01 7.177780817890015896e+01 6.690050937377085916e+01
4.956884561891514807e+01 7.177266006985155400e+01 6.689202421253716579e+01
5.006954102920722960e+01 7.176746004189772066e+01 6.688350625710731379e+01
5.057023643949929692e+01 7.176221293791604694e+01 6.687496071357449523e+01
5.107093184979137135e+01 7.175692364269343670e+01 6.686639284623956314e+01
5.157162726008345288e+01 7.175159708525461610e+01 6.685780797411857179e+01
5.207232267037552020e+01 7.174623823420552071e+01 6.684921147094277671e+01
5.257301808066758753e+01 7.174085209889744874e+01 6.684060876748694113e+01
5.307371349095966906e+01 7.173544372477044817e+01 6.683200534109195701e+01
5.357440890125173638e+01 7.173001819568162318e+01 6.682340672847053042e+01
5.407510431154380370e+01 7.172458062808436807e+01 6.681481850940903655e+01
5.457579972183587813e+01 7.171913617684913334e+01 6.680624631840905181e+01
5.507649513212795256e+01 7.171369002129358705e+01 6.679769583420997492e+01
5.557719054242002699e+01 7.170824737682414707e+01 6.678917277978902689e+01
5.607788595271209431e+01 7.170281347980198916e+01 6.678068292585371069e+01
5.657858136300416163e+01 7.169739359918457922e+01 6.677223208269273869e+01
5.707927677329624316e+01 7.169199302022752818e+01 6.676382610250433913e+01
5.757997218358831759e+01 7.168661705379781779e+01 6.675547087706794969e+01
5.808066759388038491e+01 7.168127102706057485e+01 6.674717232959514490e+01
5.858136300417245934e+01 7.167596028347907122e+01 6.673893642520701519e+01
5.908205841446452666e+01 7.167069017815811094e+01 6.673076915463602177e+01
5.958275382475660109e+01 7.166546608366479632e+01 6.672267654121091596e+01
6.008344923504866841e+01 7.166029337373038288e+01 6.671466463852843276e+01
6.058414464534074995e+01 7.165517742790689226e+01 6.670673951881175867e+01
6.108484005563281727e+01 7.165012363273126539e+01 6.669890728455206386e+01
6.158553546592489170e+01 7.164513736891967710e+01 6.669117404755374423e+01
6.208623087621696612e+01 7.164022401835245546e+01 6.668354594756087295e+01
6.258692628650903345e+01 7.163538895010424312e+01 6.667602913130244247e+01
6.308762169680110787e+01 7.163063752859306987e+01 6.666862975947728387e+01
6.358831710709318941e+01 7.162597509961051401e+01 6.666135399860499433e+01
6.408901251738525673e+01 7.162140699730662163e+01 6.665420802335424355e+01
6.458970792767732405e+01 7.161693853022006806e+01 6.664719800722954801e+01
6.509040333796939137e+01 7.161257498360646423e+01 6.664033012257127098e+01
6.559109874826147291e+01 7.160832161711005028e+01 6.663361053939146927e+01
6.609179415855354023e+01 7.160418365545046981e+01 6.662704541140405468e+01
6.659248956884562176e+01 7.160016629307938274e+01 6.662064088766632608e+01
6.709318497913768908e+01 7.159627468021062668e+01 6.661440310093743733e+01
6.759388038942975641e+01 7.159251392398437019e+01 6.660833815603686503e+01
6.809457579972183794e+01 7.158888908613880631e+01 6.660245213915763429e+01
6.859527121001390526e+01 7.158540517602523323e+01 6.659675111088139943e+01
6.909596662030597258e+01 7.158206714595144149e+01 6.659124109453691176e+01
6.959666203059803991e+01 7.157887989118171390e+01 6.658592807852832607e+01
7.009735744089010723e+01 7.157584824062359985e+01 6.658081801167858771e+01
7.059805285118218876e+01 7.157297695682791527e+01 6.657591679391620687e+01
7.109874826147427029e+01 7.157027072551136371e+01 6.657123027860356501e+01
7.159944367176633762e+01 7.156773416137730237e+01 6.656676426089538268e+01
7.210013908205840494e+01 7.156537179414590355e+01 6.656252447773871950e+01
7.260083449235048647e+01 7.156318806622584816e+01 6.655851660379843793e+01
7.310152990264255379e+01 7.156118733271432575e+01 6.655474623981567106e+01
7.360222531293462112e+01 7.155937385208380874e+01 6.655121891493612907e+01
7.410292072322670265e+01 7.155775178851035889e+01 6.654794007623272023e+01
7.460361613351876997e+01 7.155632519557548221e+01 6.654491508579516790e+01
7.510431154381083729e+01 7.155509802441520151e+01 6.654214921723755083e+01
7.560500695410290461e+01 7.155407410975021776e+01 6.653964764754923067e+01
7.610570236439498615e+01 7.155325717105006333e+01 6.653741544661747298e+01
7.660639777468706768e+01 7.155265081136894878e+01 6.653545758537651977e+01
7.710709318497913500e+01 7.155225850104761776e+01 6.653377891601698479e+01
7.760778859527120233e+01 7.155208358702657279e+01 6.653238417431415996e+01
7.810848400556326965e+01 7.155212928004038986e+01 6.653127796798648319e+01
7.860917941585533697e+01 7.155239865112525877e+01 6.653046478135215125e+01
7.910987482614743271e+01 7.155289463161898311e+01 6.652994895437436185e+01
7.961057023643950004e+01 7.155362001083267387e+01 6.652973468964623294e+01
8.011126564673156736e+01 7.155457741975260433e+01 6.652982604074927053e+01
8.061196105702363468e+01 7.155576934035343584e+01 6.653022690526844940e+01
8.111265646731571621e+01 7.155719810094160493e+01 6.653094102246390662e+01
8.161335187760779775e+01 7.155886586334963795e+01 6.653197196395771584e+01
8.211404728789986507e+01 7.156077462759276386e+01 6.653332312907727442e+01
8.261474269819193239e+01 7.156292622721230146e+01 6.653499774252699694e+01
8.311543810848399971e+01 7.156532232229073998e+01 6.653699884041847668e+01
8.361613351877606704e+01 7.156796440294419881e+01 6.653932926910633228e+01
8.411682892906816278e+01 7.157085378000920173e+01 6.654199168285990140e+01
8.461752433936023010e+01 7.157399158271437045e+01 6.654498853455001495e+01
8.511821974965229742e+01 7.157737876566534396e+01 6.654832206400746486e+01
8.561891515994436475e+01 7.158101609254663344e+01 6.655199430908245972e+01
8.611961057023643207e+01 7.158490414310654160e+01 6.655600708119740716e+01
8.662030598052849939e+01 7.158904330733639654e+01 6.656036197582429281e+01
8.712100139082058092e+01 7.159343379012716468e+01 6.656506035152992240e+01
8.762169680111264825e+01 7.159807559497130569e+01 6.657010334452783695e+01
8.812239221140472978e+01 7.160296854491753038e+01 6.657549185121601454e+01
8.862308762169679710e+01 7.160811225695942994e+01 6.658122652119195095e+01
8.912378303198886442e+01 7.161350615949777421e+01 6.658730776423757902e+01
8.962447844228094596e+01 7.161914948302728590e+01 6.659373573518527678e+01
9.012517385257301328e+01 7.162504126479325350e+01 6.660051034323109320e+01
9.062586926286508060e+01 7.163118033831415232e+01 6.660763123505452654e+01
9.112656467315714792e+01 7.163756534851563629e+01 6.661509779831098399e+01
9.162726008344921524e+01 7.164419473776069935e+01 6.662290915930347523e+01
9.212795549374128257e+01 7.165106675749120768e+01 6.663106417832599959e+01
9.262865090403337831e+01 7.165817946124298032e+01 6.663956144791731617e+01
9.312934631432544563e+01 7.166553070930240210e+01 6.664839929518925032e+01
9.363004172461751295e+01 7.167311816870642360e+01 6.665757577484177432e+01
9.413073713490958028e+01 7.168093931324256118e+01 6.666708866450639448e+01
9.463143254520164760e+01 7.168899143276212271e+01 6.667693548220844946e+01
9.513212795549372913e+01 7.169727162037452217e+01 6.668711346075573942e+01
9.563282336578581067e+01 7.170577679107373115e+01 6.669761956869328401e+01
9.613351877607787799e+01 7.171450367475335952e+01 6.670845050215424976e+01
9.663421418636994531e+01 7.172344881853496190e+01 6.671960268253164372e+01
9.713490959666201263e+01 7.173260859491711017e+01 6.673107226462738595e+01
9.763560500695409416e+01 7.174197919944708701e+01 6.674285513432400307e+01
9.813630041724616149e+01 7.175155665770580526e+01 6.675494691324124119e+01
9.863699582753822881e+01 7.176133682530780789e+01 6.676734296106437228e+01
9.913769123783029613e+01 7.177131539721449371e+01 6.678003837321588776e+01
9.963838664812239188e+01 7.178148790773411747e+01 6.679302799249703071e+01
1.001390820584144592e+02 7.179184973052178975e+01 6.680630640792364261e+01
1.006397774687065265e+02 7.180239609487762209e+01 6.681986795938277623e+01
1.011404728789985938e+02 7.181312207410519477e+01 6.683370674228930852e+01
1.016411682892906754e+02 7.182402260879462119e+01 6.684781661689916632e+01
1.021418636995827427e+02 7.183509249285270926e+01 6.686219120365271351e+01
1.026425591098748242e+02 7.184632638980110642e+01 6.687682390180120251e+01
1.031432545201669058e+02 7.185771883976121899e+01 6.689170788475016138e+01
1.036439499304589731e+02 7.186926425246929284e+01 6.690683611170092604e+01
1.041446453407510404e+02 7.188095692357455846e+01 6.692220133230725310e+01
1.046453407510431077e+02 7.189279103696753737e+01 6.693779609598854563e+01
1.051460361613351751e+02 7.190476067060080823e+01 6.695361275891477248e+01
1.056467315716272708e+02 7.191685979648900684e+01 6.696964348633477471e+01
1.061474269819193381e+02 7.192908229467866477e+01 6.698588027120271704e+01
1.066481223922114054e+02 7.194142195324820932e+01 6.700231492835732183e+01
1.071488178025034728e+02 7.195387247529288288e+01 6.701893911547662697e+01
1.076495132127955401e+02 7.196642748823796865e+01 6.703574433540629229e+01
1.081502086230876074e+02 7.197908053918217774e+01 6.705272194314451895e+01
1.086509040333796889e+02 7.199182511585240718e+01 6.706986315864773474e+01
1.091515994436717563e+02 7.200465463612636086e+01 6.708715907381551347e+01
1.096522948539638236e+02 7.201756246898730751e+01 6.710460066442314542e+01
1.101529902642559051e+02 7.203054192637500819e+01 6.712217879128579057e+01
1.106536856745479724e+02 7.204358627948386129e+01 6.713988421713870025e+01
1.111543810848400540e+02 7.205668875643459614e+01 6.715770761478628970e+01
1.116550764951321213e+02 7.206984255275165197e+01 6.717563957219530835e+01
1.121557719054241886e+02 7.208304083718394395e+01 6.719367060355429544e+01
1.126564673157162559e+02 7.209627675170486327e+01 6.721179116295238032e+01
1.131571627260083233e+02 7.210954342082550284e+01 6.722999164379720582e+01
1.136578581363004190e+02 7.212283395974372979e+01 6.724826239525859251e+01
1.141585535465924863e+02 7.213614146968757268e+01 6.726659373507422401e+01
1.146592489568845536e+02 7.214945905188506003e+01 6.728497594256472780e+01
1.151599443671766352e+02 7.216277981222083326e+01 6.730339928191673948e+01
1.156606397774686883e+02 7.217609685890784021e+01 6.732185400916782214e+01
1.161613351877607698e+02 7.218940331063640770e+01 6.734033036987815990e+01
1.166620305980528229e+02 7.220269230588746723e+01 6.735881862241362228e+01
1.171627260083449187e+02 7.221595700060424861e+01 6.737730903096084489e+01
1.176634214186370002e+02 7.222919057517719921e+01 6.739579188648198738e+01
1.181641168289290533e+02 7.224238623560813721e+01 6.741425750322227373e+01
1.186648122392211349e+02 7.225553722515178379e+01 6.743269623442606076e+01
1.191655076495132022e+02 7.226863681733084377e+01 6.745109847408306791e+01
1.196662030598052695e+02 7.228167832990584429e+01 6.746945466973406269e+01
1.201668984700973368e+02 7.229465511789021548e+01 6.748775531548594131e+01
1.206675938803894041e+02 7.230756058752012905e+01 6.750599097936932935e+01
1.211682892906814999e+02 7.232038819159788545e+01 6.752415229111497297e+01
1.216689847009735672e+02 7.233313143531267997e+01 6.754222995612357749e+01
1.221696801112656345e+02 7.234578387973306235e+01 6.756021475895826711e+01
1.226703755215577019e+02 7.235833914180693682e+01 6.757809757091158076e+01
1.231710709318497834e+02 7.237079090134648141e+01 6.759586935116962536e+01
1.236717663421418507e+02 7.238313289637153503e+01 6.761352115496114834e+01
1.241724617524339322e+02 7.239535893475112971e+01 6.763104413530376746e+01
1.246731571627260138e+02 7.240746288605441805e+01 6.764842955057096674e+01
1.251738525730180669e+02 7.241943869552051183e+01 6.766566876682040288e+01
1.256745479833101484e+02 7.243128037008864339e+01 6.768275325313729240e+01
1.261752433936022157e+02 7.244298199469631072e+01 6.769967460200709297e+01
1.266759388038942831e+02 7.245453772645851132e+01 6.771642451767397120e+01
1.271766342141863788e+02 7.246594179816020187e+01 6.773299483011064126e+01
1.276773296244784177e+02 7.247718851359968539e+01 6.774937747755606665e+01
1.281780250347705135e+02 7.248827226126741152e+01 6.776556454376836314e+01
1.286787204450625950e+02 7.249918750386859756e+01 6.778154821844358935e+01
1.291794158553546481e+02 7.250992878123361152e+01 6.779732083214034333e+01
1.296801112656467296e+02 7.252049071788496803e+01 6.781287484347407712e+01
1.301808066759387827e+02 7.253086801226891112e+01 6.782820283911709680e+01
1.306815020862308643e+02 7.254105544723279309e+01 6.784329753612686886e+01
1.311821974965229458e+02 7.255104788944299798e+01 6.785815179598861846e+01
1.316828929068149989e+02 7.256084028065379243e+01 6.787275859929499688e+01
1.321835883171070805e+02 7.257042764585639816e+01 6.788711107295816305e+01
1.326842837273991336e+02 7.257980509211483877e+01 6.790120247012814048e+01
1.331849791376912435e+02 7.258896781264047604e+01 6.791502618656372192e+01
1.336856745479833251e+02 7.259791107165801805e+01 6.792857574229705619e+01
1.341863699582753782e+02 7.260663022536027711e+01 6.794184480084217626e+01
1.346870653685674597e+02 7.261512070153548848e+01 6.795482715580723720e+01
1.351877607788595128e+02 7.262337801470130216e+01 6.796751673322282272e+01
1.356884561891515943e+02 7.263139775679155719e+01 6.797990759765374946e+01
1.361891515994436759e+02 7.263917559715628158e+01 6.799199393881130504e+01
1.366898470097357290e+02 7.264670728896453511e+01 6.800377007737401414e+01
1.371905424200278105e+02 7.265398865930910688e+01 6.801523046964425134e+01
1.376912378303198636e+02 7.266101561386312824e+01 6.802636969532463240e+01
1.381919332406119452e+02 7.266778413571591955e+01 6.803718246013735893e+01
1.386926286509039983e+02 7.267429028304468375e+01 6.804766360280913773e+01
1.391933240611960798e+02 7.268053018969658297e+01 6.805780807819095912e+01
1.396940194714881613e+02 7.268650006227835547e+01 6.806761097028206109e+01
1.401947148817802145e+02 7.269219618364877533e+01 6.807706747993356089e+01
1.406954102920723244e+02 7.269761490418750327e+01 6.808617292994162540e+01
1.411961057023643775e+02 7.270275264994415920e+01 6.809492275675287942e+01
1.416968011126564591e+02 7.270760591623547953e+01 6.810331251795864205e+01
1.421974965229485406e+02 7.271217126182455104e+01 6.811133787592402200e+01
1.426981919332405937e+02 7.271644531998026650e+01 6.811899461408606271e+01
1.431988873435326752e+02 7.272042479265655857e+01 6.812627862240182708e+01
1.436995827538247283e+02 7.272410644117917400e+01 6.813318589269178460e+01
1.442002781641168099e+02 7.272748709090228658e+01 6.813971253260965000e+01
1.447009735744088914e+02 7.273056363586510997e+01 6.814585474235931883e+01
1.452016689847009729e+02 7.273333302998798899e+01 6.815160883041093598e+01
1.457023643949930261e+02 7.273579228969174437e+01 6.815697120185936342e+01
1.462030598052851076e+02 7.273793848531204276e+01 6.816193835987937177e+01
1.467037552155771891e+02 7.273976875303196721e+01 6.816650689572119859e+01
1.472044506258692422e+02 7.274128028491395526e+01 6.817067349904240814e+01
1.477051460361613238e+02 7.274247032075072639e+01 6.817443494793982950e+01
1.482058414464534053e+02 7.274333616931107827e+01 6.817778811308775744e+01
1.487065368567454584e+02 7.274387518243747763e+01 6.818072994456846914e+01
1.492072322670375399e+02 7.274408476799726486e+01 6.818325746945296828e+01
1.497079276773296215e+02 7.274396238289773464e+01 6.818536781148245041e+01
1.502086230876216746e+02 7.274350553890690207e+01 6.818705816428368394e+01
1.507093184979137845e+02 7.274271179479546845e+01 6.818832579966360186e+01
1.512100139082058092e+02 7.274157875473611057e+01 6.818916806277078990e+01
1.517107093184979192e+02 7.274010406597517431e+01 6.818958237325963978e+01
1.522114047287899723e+02 7.273828543513081968e+01 6.818956621714127664e+01
1.527121001390820538e+02 7.273612059676088393e+01 6.818911715289536346e+01
1.532127955493741354e+02 7.273360734130255878e+01 6.818823280655882968e+01
1.537134909596661885e+02 7.273074348946101964e+01 6.818691085935674323e+01
1.542141863699582700e+02 7.272752691549248993e+01 6.818514906702452549e+01
1.547148817802503231e+02 7.272395552159287035e+01 6.818294523403287144e+01
1.552155771905424047e+02 7.272002725652419031e+01 6.818029723249614449e+01
1.557162726008344862e+02 7.271574010528274812e+01 6.817720297843456478e+01
1.562169680111265393e+02 7.271109208851703443e+01 6.817366045087814541e+01
1.567176634214186208e+02 7.270608126107254066e+01 6.816966768473625393e+01
1.572183588317106739e+02 7.270070571839460172e+01 6.816522276148438664e+01
1.577190542420027555e+02 7.269496358503238298e+01 6.816032379985094281e+01
1.582197496522948654e+02 7.268885301463888027e+01 6.815496898841351481e+01
1.587204450625868901e+02 7.268237220161245205e+01 6.814915653903275938e+01
1.592211404728790001e+02 7.267551936945528723e+01 6.814288471479207487e+01
1.597218358831710532e+02 7.266829276495263912e+01 6.813615183523629071e+01
1.602225312934631347e+02 7.266069066981435753e+01 6.812895623664493883e+01
1.607232267037552162e+02 7.265271139951073565e+01 6.812129631335969293e+01
1.612239221140472694e+02 7.264435328697436489e+01 6.811317048664326990e+01
1.617246175243393509e+02 7.263561470122658648e+01 6.810457720757162292e+01
1.622253129346314324e+02 7.262649403107934631e+01 6.809551498257255275e+01
1.627260083449234855e+02 7.261698969212011434e+01 6.808598233751885687e+01
1.632267037552155955e+02 7.260710013020434417e+01 6.807597782973365952e+01
1.637273991655076486e+02 7.259682380981394090e+01 6.806550004789946229e+01
1.642280945757997301e+02 7.258615922802709974e+01 6.805454761525956542e+01
1.647287899860917832e+02 7.257510489356354810e+01 6.804311918365178258e+01
1.652294853963838648e+02 7.256365934424684383e+01 6.803121342012067885e+01
1.657301808066759463e+02 7.255182114584022202e+01 6.801882903711279482e+01
1.662308762169679994e+02 7.253958887225599028e+01 6.800596475871620328e+01
1.667315716272600810e+02 7.252696113116689958e+01 6.799261932822750509e+01
1.672322670375521341e+02 7.251393654770799913e+01 6.797879153718290013e+01
1.677329624478442156e+02 7.250051376331248321e+01 6.796448017559063715e+01
1.682336578581363256e+02 7.248669144968152978e+01 6.794968406379970816e+01
1.687343532684283502e+02 7.247246829015784897e+01 6.793440204755219725e+01
1.692350486787204602e+02 7.245784298903890885e+01 6.791863298132588511e+01
1.697357440890125133e+02 7.244281427390524186e+01 6.790237575777231882e+01
1.702364394993045948e+02 7.242738088979967870e+01 6.788562927140978331e+01
1.707371349095966480e+02 7.241154160504811443e+01 6.786839244982351715e+01
1.712378303198887295e+02 7.239529519612551667e+01 6.785066423334305341e+01
1.717385257301808110e+02 7.237864047326729633e+01 6.783244357817770265e+01
1.722392211404728641e+02 7.236157625485793687e+01 6.781372945896313809e+01
1.727399165507649457e+02 7.234410138838575222e+01 6.779452087636477131e+01
1.732406119610569988e+02 7.232621473298058845e+01 6.777481683850587046e+01
1.737413073713490803e+02 7.230791517105535604e+01 6.775461637386419511e+01
1.742420027816411618e+02 7.228920160132111050e+01 6.773391854251448763e+01
1.747426981919332150e+02 7.227007294344366528e+01 6.771272239523304393e+01
1.752433936022252965e+02 7.225052814270020463e+01 6.769102702572772046e+01
1.757440890125173496e+02 7.223056615600944497e+01 6.766883153308944543e+01
1.762447844228094596e+02 7.221018596822977997e+01 6.764613503896461566e+01
1.767454798331015411e+02 7.218938658517436124e+01 6.762293667984258150e+01
1.772461752433935942e+02 7.216816702429787256e+01 6.759923562087996629e+01
1.777468706536856757e+02 7.214652633797959425e+01 6.757503103727421490e+01
1.782475660639777288e+02 7.212446359849855071e+01 6.755032212590512586e+01
1.787482614742698104e+02 7.210197789410449332e+01 6.752510811086457920e+01
1.792489568845618919e+02 7.207906833898596233e+01 6.749938823035071778e+01
1.797496522948539450e+02 7.205573408447526162e+01 6.747316175402110616e+01
1.802503477051460266e+02 7.203197428423300153e+01 6.744642796023717324e+01
1.807510431154380797e+02 7.200778813732176786e+01 6.741918616831489430e+01
1.812517385257301612e+02 7.198317486492305761e+01 6.739143571719714032e+01
1.817524339360222427e+02 7.195813370982796187e+01 6.736317596403031871e+01
1.822531293463142958e+02 7.193266395128011936e+01 6.733440630608319566e+01
1.827538247566063774e+02 7.190676489027828211e+01 6.730512616811401472e+01
1.832545201668984305e+02 7.188043587082211161e+01 6.727533499976934195e+01
1.837552155771905404e+02 7.185367625379149104e+01 6.724503227979957387e+01
1.842559109874825651e+02 7.182648544372204924e+01 6.721421753370313468e+01
1.847566063977746751e+02 7.179886287716362858e+01 6.718289031495450558e+01
1.852573018080667566e+02 7.177080802864657016e+01 6.715105021220742287e+01
1.857579972183588097e+02 7.174232040311471792e+01 6.711869685758946957e+01
1.862586926286508913e+02 7.171339954727591248e+01 6.708582992215460195e+01
1.867593880389429444e+02 7.168404505542275729e+01 6.705244911966664745e+01
1.872600834492350259e+02 7.165425655269791605e+01 6.701855421198351337e+01
1.877607788595271074e+02 7.162403371575783240e+01 6.698414500934822513e+01
1.882614742698191606e+02 7.159337625996704446e+01 6.694922136856993689e+01
1.887621696801112421e+02 7.156228395336802350e+01 6.691378319564327626e+01
1.892628650904032952e+02 7.153075660853210138e+01 6.687783046786725549e+01
1.897635605006953767e+02 7.149879409318236867e+01 6.684136320175829837e+01
1.902642559109874583e+02 7.146639632611913839e+01 6.680438148593756864e+01
1.907649513212795114e+02 7.143356327983929077e+01 6.676688547050807188e+01
1.912656467315716213e+02 7.140029498461080948e+01 6.672887537200230668e+01
1.917663421418636460e+02 7.136659153356595198e+01 6.669035147378244233e+01
1.922670375521557560e+02 7.133245307717152173e+01 6.665131413811840844e+01
1.927677329624478375e+02 7.129787983341520885e+01 6.661176380320475232e+01
1.932684283727398906e+02 7.126287208373105386e+01 6.657170097894058358e+01
1.937691237830319722e+02 7.122743018580513308e+01 6.653112627301388216e+01
1.942698191933240253e+02 7.119155456455337116e+01 6.649004037227504682e+01
1.947705146036161068e+02 7.115524571532296250e+01 6.644844406019919347e+01
1.952712100139081883e+02 7.111850422601128230e+01 6.640633820524462294e+01
1.957719054242002414e+02 7.108133074912620941e+01 6.636372378995665144e+01
1.962726008344923230e+02 7.104372603030788014e+01 6.632060188768454623e+01
1.967732962447844045e+02 7.100569090017961571e+01 6.627697368353628349e+01
1.972739916550764576e+02 7.096722628133284161e+01 6.623284048369177412e+01
1.977746870653685392e+02 7.092833318861812586e+01 6.618820370434340816e+01
1.982753824756605923e+02 7.088901273205556208e+01 6.614306487962684855e+01
1.987760778859527022e+02 7.084926612556591863e+01 6.609742567646398470e+01
1.992767732962447838e+02 7.080909468580648536e+01 6.605128789725503680e+01
1.997774687065368369e+02 7.076849983537249500e+01 6.600465346998325344e+01
2.002781641168289184e+02 7.072748311327450210e+01 6.595752447549975273e+01
2.007788595271209999e+02 7.068604616911761696e+01 6.590990313344454421e+01
2.012795549374130530e+02 7.064419077707134420e+01 6.586179181832639529e+01
2.017802503477051346e+02 7.060191883237712318e+01 6.581319306410668446e+01
2.022809457579971877e+02 7.055923235600494081e+01 6.576410957045672490e+01
2.027816411682892692e+02 7.051613350396655733e+01 6.571454419886512710e+01
2.032823365785813508e+02 7.047262456964381272e+01 6.566449999362893664e+01
2.037830319888734039e+02 7.042870797913201386e+01 6.561398017006658279e+01
2.042837273991654854e+02 7.038438631685130531e+01 6.556298814500414096e+01
2.047844228094575953e+02 7.033966230575606460e+01 6.551152752033166848e+01
2.052851182197496485e+02 7.029453883061796660e+01 6.545960208769619726e+01
2.057858136300417300e+02 7.024901893104106421e+01 6.540721585869695787e+01
2.062865090403338115e+02 7.020310581310332054e+01 6.535437305353488568e+01
2.067872044506258646e+02 7.015680284819245571e+01 6.530107810057606343e+01
2.072878998609179462e+02 7.011011358697578544e+01 6.524733566392760054e+01
2.077885952712099993e+02 7.006304175940022105e+01 6.519315063317853287e+01
2.082892906815020808e+02 7.001559127003565663e+01 6.513852813809725717e+01
2.087899860917941623e+02 6.996776622601464624e+01 6.508347354426595643e+01
2.092906815020862155e+02 6.991957091957010562e+01 6.502799248211167082e+01
2.097913769123782970e+02 6.987100984782591695e+01 6.497209082684284454e+01
2.102920723226703501e+02 6.982208770726720104e+01 6.491577471933132415e+01
2.107927677329624316e+02 6.977280941003846237e+01 6.485905057844510679e+01
2.112934631432545416e+02 6.972318008219735930e+01 6.480192508991612499e+01
2.117941585535465663e+02 6.967320507069962332e+01 6.474440522935046260e+01
2.122948539638386762e+02 6.962288994718255708e+01 6.468649826222835486e+01
2.127955493741307293e+02 6.957224051844241330e+01 6.462821174739664798e+01
2.132962447844228109e+02 6.952126282934477786e+01 6.456955354871033137e+01
2.137969401947148924e+02 6.946996316282456974e+01 6.451053184434576337e+01
2.142976356050069455e+02 6.941834805036342004e+01 6.445115511748744552e+01
2.147983310152990271e+02 6.936642428304912755e+01 6.439143218543185299e+01
2.152990264255910802e+02 6.931419890517281601e+01 6.433137218445344274e+01
2.157997218358831617e+02 6.926167922703461954e+01 6.427098459075941150e+01
2.163004172461752148e+02 6.920887282727198908e+01 6.421027921816138928e+01
2.168011126564672963e+02 6.915578756042668829e+01 6.414926622738866513e+01
2.173018080667593779e+02 6.910243155694479356e+01 6.408795613074480002e+01
2.178025034770514310e+02 6.904881323714653263e+01 6.402635979210762684e+01
2.183031988873435125e+02 6.899494130656967172e+01 6.396448845021231477e+01
2.188038942976355656e+02 6.894082476644689450e+01 6.390235369158480694e+01
2.193045897079276472e+02 6.888647291370580206e+01 6.383996748895887663e+01
2.198052851182197571e+02 6.883189535493875155e+01 6.377734218788836529e+01
2.203059805285118102e+02 6.877710199825378368e+01 6.371449051489625504e+01
2.208066759388038918e+02 6.872210306258784840e+01 6.365142556670625140e+01
2.213073713490959449e+02 6.866690908702003071e+01 6.358816084633153309e+01
2.218080667593880264e+02 6.861153092495078454e+01 6.352471023047846188e+01
2.223087621696801079e+02 6.855597975341515848e+01 6.346108800447117915e+01
2.228094575799721611e+02 6.850026707773940871e+01 6.339730883372985204e+01
2.233101529902642426e+02 6.844440472688438604e+01 6.333338778821789106e+01
2.238108484005562957e+02 6.838840486625122139e+01 6.326934034011364361e+01
2.243115438108483772e+02 6.833227998720394680e+01 6.320518234984055539e+01
2.248122392211404588e+02 6.827604292103933403e+01 6.314093008876815816e+01
2.253129346314325119e+02 6.821970684131520102e+01 6.307660022058561822e+01
2.258136300417245934e+02 6.816328524522396037e+01 6.301220981643572827e+01
2.263143254520166465e+02 6.810679198269644985e+01 6.294777633978091558e+01
2.268150208623087565e+02 6.805024123777548084e+01 6.288331765105985482e+01
2.273157162726008380e+02 6.799364753094414482e+01 6.281885200768746813e+01
2.278164116828928911e+02 6.793702572843903909e+01 6.275439806405492504e+01
2.283171070931849727e+02 6.788039102828042815e+01 6.268997485523149749e+01
2.288178025034770258e+02 6.782375896725716302e+01 6.262560180220324924e+01
2.293184979137691073e+02 6.776714542092668125e+01 6.256129871420134236e+01
2.298191933240611604e+02 6.771056658964516828e+01 6.249708576192651321e+01
2.303198887343532704e+02 6.765403901253739605e+01 6.243298349501137068e+01
2.308205841446453235e+02 6.759757954654196510e+01 6.236901282397602131e+01
2.313212795549373766e+02 6.754120537572453031e+01 6.230519501091484358e+01
2.318219749652294297e+02 6.748493399730796227e+01 6.224155166716818144e+01
2.323226703755215397e+02 6.742878322749311337e+01 6.217810473702419927e+01
2.328233657858135928e+02 6.737277118050405988e+01 6.211487650004718830e+01
2.333240611961056459e+02 6.731691627557302127e+01 6.205188954779450228e+01
2.338247566063977843e+02 6.726123722180636832e+01 6.198916677915994455e+01
2.343254520166898374e+02 6.720575301585631678e+01 6.192673138873223593e+01
2.348261474269818621e+02 6.715048292562278220e+01 6.186460685282517602e+01
2.353268428372740004e+02 6.709544649490999291e+01 6.180281691550780465e+01
2.358275382475660535e+02 6.704066351199435303e+01 6.174138557579871645e+01
2.363282336578581067e+02 6.698615402359428117e+01 6.168033707136791577e+01
2.368289290681501882e+02 6.693193830460222671e+01 6.161969586456697812e+01
2.373296244784422697e+02 6.687803685808466980e+01 6.155948662380259861e+01
2.378303198887343228e+02 6.682447039199905703e+01 6.149973420840260019e+01
2.383310152990264044e+02 6.677125981802964816e+01 6.144046364533286919e+01
2.388317107093184859e+02 6.671842622597614536e+01 6.138170012104828288e+01
2.393324061196105390e+02 6.666599087909708032e+01 6.132346895238887896e+01
2.398331015299026205e+02 6.661397518966259668e+01 6.126579557028171052e+01
2.403337969401946737e+02 6.656240070847707102e+01 6.120870549878608813e+01
2.408344923504867552e+02 6.651128910858096788e+01 6.115222433297466864e+01
2.413351877607788083e+02 6.646066216429608176e+01 6.109637771914285054e+01
2.418358831710709183e+02 6.641054173609154532e+01 6.104119132919740309e+01
2.423365785813629998e+02 6.636094974497245857e+01 6.098669083970170846e+01
2.428372739916550529e+02 6.631190817015158245e+01 6.093290190626439085e+01
2.433379694019471344e+02 6.626343900888605276e+01 6.087985014258455863e+01
2.438386648122392160e+02 6.621556426716415444e+01 6.082756108785551419e+01
2.443393602225312691e+02 6.616830593758641044e+01 6.077606019745152821e+01
2.448400556328233506e+02 6.612168597841082374e+01 6.072537279636171093e+01
2.453407510431154037e+02 6.607572628968773643e+01 6.067552406754847993e+01
2.458414464534074853e+02 6.603044868997676531e+01 6.062653903099280228e+01
2.463421418636995668e+02 6.598587489772035042e+01 6.057844249479975929e+01
2.468428372739916199e+02 6.594202650563238421e+01 6.053125904821362724e+01
2.473435326842837014e+02 6.589892495741514722e+01 6.048501303309612354e+01
2.478442280945758114e+02 6.585659152214793721e+01 6.043972850434519728e+01
2.483449235048678645e+02 6.581504727449646452e+01 6.039542921534311404e+01
2.488456189151599460e+02 6.577431306910148123e+01 6.035213858536016573e+01
2.493463143254520276e+02 6.573440951729571680e+01 6.030987967219707002e+01
2.498470097357440807e+02 6.569535695567174116e+01 6.026867514890190591e+01
2.503477051460361338e+02 6.565717543327627936e+01 6.022854726709928741e+01
2.508484005563282153e+02 6.561988467784976820e+01 6.018951784302052488e+01
2.513490959666202968e+02 6.558350407719990471e+01 6.015160822257902851e+01
2.518497913769123500e+02 6.554805265009781579e+01 6.011483925168440123e+01
2.523504867872044315e+02 6.551354902765160659e+01 6.007923126460090657e+01
2.528511821974965130e+02 6.548001142653083662e+01 6.004480404087379952e+01
2.533518776077885661e+02 6.544745762102684239e+01 6.001157678903118153e+01
2.538525730180806477e+02 6.541590492908289889e+01 5.997956812621131917e+01
2.543532684283727576e+02 6.538537018319038907e+01 5.994879603392482181e+01
2.548539638386647823e+02 6.535586970826989273e+01 5.991927786620371421e+01
2.553546592489568354e+02 6.532741930071642855e+01 5.989103029372208198e+01
2.558553546592489738e+02 6.530003420744469622e+01 5.986406930146776517e+01
2.563560500695410269e+02 6.527372910377016524e+01 5.983841016313098748e+01
2.568567454798330800e+02 6.524851807361847023e+01 5.981406740967221936e+01
2.573574408901251900e+02 6.522441458857065300e+01 5.979105482932217797e+01
2.578581363004172431e+02 6.520143149622163037e+01 5.976938542334400495e+01
2.583588317107092962e+02 6.517958098525559762e+01 5.974907141068987926e+01
2.588595271210013493e+02 6.515887458893848816e+01 5.973012419540472706e+01
2.593602225312934593e+02 6.513932315368583659e+01 5.971255435032807668e+01
2.598609179415855124e+02 6.512093683207785944e+01 5.969637161476575216e+01
2.603616133518775655e+02 6.510372506190469721e+01 5.968158486189358314e+01
2.608623087621696754e+02 6.508769655685318867e+01 5.966820209642909845e+01
2.613630041724617286e+02 6.507285929370118538e+01 5.965623044531830033e+01
2.618636995827537817e+02 6.505922050067601958e+01 5.964567613678090652e+01
2.623643949930458916e+02 6.504678664115635911e+01 5.963654449099712451e+01
2.628650904033379447e+02 6.503556341250805417e+01 5.962883992243595799e+01
2.633657858136299978e+02 6.502555574142752448e+01 5.962256591890044888e+01
2.638664812239220510e+02 6.501676776065869490e+01 5.961772504269183059e+01
2.643671766342141609e+02 6.500920281830622116e+01 5.961431892828122159e+01
2.648678720445062140e+02 6.500286346852226416e+01 5.961234826950393995e+01
2.653685674547982671e+02 6.499775146452157060e+01 5.961181282305196305e+01
2.658692628650904339e+02 6.499386776323808590e+01 5.961271141196638723e+01
2.663699582753824870e+02 6.499121251950418809e+01 5.961504191399589558e+01
2.668706536856744833e+02 6.498978508605068782e+01 5.961880127207413693e+01
2.673713490959666501e+02 6.498958401816344121e+01 5.962398549781218549e+01
2.678720445062587032e+02 6.499060707717580954e+01 5.963058967382684727e+01
2.683727399165507563e+02 6.499285122814035276e+01 5.963860795839727302e+01
2.688734353268428094e+02 6.499631265379866818e+01 5.964803359012157102e+01
2.693741307371349194e+02 6.500098675225308398e+01 5.965885890887156506e+01
2.698748261474269725e+02 6.500686815210065106e+01 5.967107535113618155e+01
2.703755215577190256e+02 6.501395071592560271e+01 5.968467346631959458e+01
2.708762169680111356e+02 6.502222755426919321e+01 5.969964293187521776e+01
2.713769123783031887e+02 6.503169103086838732e+01 5.971597256727554281e+01
2.718776077885952418e+02 6.504233278361061821e+01 5.973365034798197826e+01
2.723783031988873518e+02 6.505414372336963424e+01 5.975266341708638151e+01
2.728789986091794049e+02 6.506711407358670840e+01 5.977299810742997010e+01
2.733796940194714580e+02 6.508123335222626338e+01 5.979463996721469243e+01
2.738803894297635111e+02 6.509649041135708103e+01 5.981757376000322779e+01
2.743810848400556210e+02 6.511287345112214098e+01 5.984178350779265543e+01
2.748817802503476742e+02 6.513037002672353992e+01 5.986725249799937387e+01
2.753824756606397273e+02 6.514896708101878176e+01 5.989396331838369747e+01
2.758831710709318372e+02 6.516865095150569687e+01 5.992189786170646926e+01
2.763838664812238903e+02 6.518940739826211939e+01 5.995103737113103648e+01
2.768845618915159434e+02 6.521122162024403224e+01 5.998136245652139564e+01
2.773852573018079966e+02 6.523407828089693794e+01 6.001285311772525688e+01
2.778859527121001065e+02 6.525796152911061654e+01 6.004548877833448728e+01
2.783866481223921596e+02 6.528285501318896422e+01 6.007924830431156238e+01
2.788873435326842127e+02 6.530874191810289631e+01 6.011411004124246915e+01
2.793880389429763227e+02 6.533560497713187942e+01 6.015005183412731071e+01
2.798887343532683758e+02 6.536342649514699588e+01 6.018705106346905609e+01
2.803894297635604289e+02 6.539218838353554020e+01 6.022508467554152389e+01
2.808901251738525957e+02 6.542187217184255132e+01 6.026412919868752738e+01
2.813908205841446488e+02 6.545245903803879628e+01 6.030416078872084995e+01
2.818915159944367019e+02 6.548392982947552809e+01 6.034515524522439023e+01
2.823922114047287550e+02 6.551626509082416305e+01 6.038708805462383111e+01
2.828929068150208650e+02 6.554944508735934505e+01 6.042993440648578485e+01
2.833936022253129181e+02 6.558344982125709066e+01 6.047366923542730888e+01
2.838942976356049712e+02 6.561825906884769211e+01 6.051826723857820411e+01
2.843949930458970812e+02 6.565385239691386232e+01 6.056370291632637759e+01
2.848956884561891343e+02 6.569020918189926306e+01 6.060995059094429394e+01
2.853963838664811874e+02 6.572730864483310143e+01 6.065698444034941872e+01
2.858970792767732974e+02 6.576512986180750886e+01 6.070477853186466177e+01
2.863977746870653505e+02 6.580365180123044411e+01 6.075330683269575616e+01
2.868984700973574036e+02 6.584285332673607627e+01 6.080254326115399977e+01
2.873991655076494567e+02 6.588271323676599422e+01 6.085246168636521702e+01
2.878998609179415666e+02 6.592321028086735168e+01 6.090303598298496013e+01
2.884005563282336198e+02 6.596432317482685903e+01 6.095424002712397282e+01
2.889012517385257297e+02 6.600603062861046055e+01 6.100604774640677874e+01
2.894019471488177828e+02 6.604831136324355612e+01 6.105843313306840514e+01
2.899026425591098359e+02 6.609114412827329943e+01 6.111137026025252794e+01
2.904033379694019459e+02 6.613450772272335598e+01 6.116483331724529648e+01
2.909040333796939990e+02 6.617838101372035453e+01 6.121879661987995291e+01
2.914047287899860521e+02 6.622274295803072164e+01 6.127323464557056809e+01
2.919054242002781621e+02 6.626757260555314133e+01 6.132812204049704974e+01
2.924061196105702152e+02 6.631284913657145808e+01 6.138343364210604136e+01
2.929068150208622683e+02 6.635855185011314461e+01 6.143914449238954489e+01
2.934075104311543782e+02 6.640466021400789032e+01 6.149522987812096630e+01
2.939082058414464314e+02 6.645115383927623043e+01 6.155166531424774234e+01
2.944089012517384845e+02 6.649801253135228762e+01 6.160842658463670318e+01
2.949095966620305944e+02 6.654521627611393342e+01 6.166548974352926393e+01
2.954102920723226475e+02 6.659274527131492505e+01 6.172283113474995275e+01
2.959109874826147006e+02 6.664057991145091364e+01 6.178042740829559420e+01
2.964116828929068106e+02 6.668870083665387938e+01 6.183825552397328806e+01
2.969123783031988637e+02 6.673708891639398644e+01 6.189629276682543946e+01
2.974130737134909168e+02 6.678572525879280875e+01 6.195451676313686562e+01
2.979137691237830268e+02 6.683459123274224112e+01 6.201290547083053184e+01
2.984144645340750799e+02 6.688366847256111214e+01 6.207143722967165900e+01
2.989151599443671330e+02 6.693293887566687772e+01 6.213009071004498196e+01
2.994158553546592429e+02 6.698238462353037903e+01 6.218884497232656372e+01
2.999165507649512961e+02 6.703198818400414893e+01 6.224767944592903746e+01
3.004172461752433492e+02 6.708173230550164590e+01 6.230657395462193904e+01
3.009179415855354023e+02 6.713160004610108444e+01 6.236550869459469482e+01
3.014186369958275691e+02 6.718157475244515808e+01 6.242446425834449997e+01
3.019193324061196222e+02 6.723164008477033349e+01 6.248342163393053283e+01
3.024200278164116185e+02 6.728178000788466306e+01 6.254236222126300504e+01
3.029207232267037853e+02 6.733197879931685748e+01 6.260126780367235710e+01
3.034214186369958384e+02 6.738222105382737936e+01 6.266012057980069017e+01
3.039221140472878915e+02 6.743249168108013691e+01 6.271890315312438702e+01
3.044228094575799446e+02 6.748277590797079029e+01 6.277759852438711619e+01
3.049235048678720545e+02 6.753305928502959432e+01 6.283619011022628342e+01
3.054242002781641077e+02 6.758332768700347515e+01 6.289466173124046122e+01
3.059248956884561608e+02 6.763356730121449800e+01 6.295299761198938882e+01
3.064255910987482707e+02 6.768376464851462515e+01 6.301118239088927453e+01
3.069262865090403238e+02 6.773390655767434509e+01 6.306920109460142498e+01
3.074269819193323769e+02 6.778398019274027320e+01 6.312703916015115624e+01
3.079276773296244869e+02 6.783397302975208731e+01 6.318468243027118092e+01
3.084283727399165400e+02 6.788387286489160033e+01 6.324211713986832706e+01
3.089290681502085931e+02 6.793366781764780171e+01 6.329932991078484861e+01
3.094297635605006462e+02 6.798334631233592518e+01 6.335630776140268949e+01
3.099304589707927562e+02 6.803289709475939162e+01 6.341303810875351132e+01
3.104311543810848093e+02 6.808230922420625575e+01 6.346950873432169260e+01
3.109318497913768624e+02 6.813157205565948971e+01 6.352570782580832542e+01
3.114325452016689724e+02 6.818067526657250710e+01 6.358162391310278849e+01
3.119332406119610255e+02 6.822960882543702610e+01 6.363724592934622137e+01
3.124339360222530786e+02 6.827836300342460163e+01 6.369256315846732264e+01
3.129346314325451885e+02 6.832692837555077858e+01 6.374756525131678586e+01
3.134353268428372417e+02 6.837529579622787423e+01 6.380224222054684446e+01
3.139360222531292948e+02 6.842345641439897008e+01 6.385658443213478108e+01
3.144367176634213479e+02 6.847140167004545219e+01 6.391058258020356675e+01
3.149374130737134578e+02 6.851912327672471292e+01 6.396422773374260373e+01
3.154381084840055109e+02 6.856661322273430414e+01 6.401751126868666120e+01
3.159388038942975641e+02 6.861386377926100977e+01 6.407042491548244811e+01
3.164394993045897309e+02 6.866086748175439425e+01 6.412296071714271761e+01
3.169401947148817840e+02 6.870761712061357684e+01 6.417511104773629427e+01
3.174408901251737802e+02 6.875410575399291702e+01 6.422686858299320534e+01
3.179415855354659470e+02 6.880032670503715053e+01 6.427822632446086004e+01
3.184422809457580001e+02 6.884627352448296733e+01 6.432917757624372257e+01
3.189429763560500533e+02 6.889194002820295282e+01 6.437971591682716621e+01
3.194436717663421064e+02 6.893732026431825943e+01 6.442983525014560087e+01
3.199443671766342163e+02 6.898240851916489191e+01 6.447952974379140301e+01
3.204450625869262694e+02 6.902719931376486784e+01 6.452879385755940689e+01
3.209457579972183225e+02 6.907168738825566834e+01 6.457762232423837645e+01
3.214464534075104325e+02 6.911586771767906612e+01 6.462601014815581379e+01
3.219471488178024856e+02 6.915973548360489076e+01 6.467395258771566091e+01
3.224478442280945387e+02 6.920328608297131723e+01 6.472144517635305760e+01
3.229485396383865918e+02 6.924651512342825299e+01 6.476848368993805138e+01
3.234492350486787018e+02 6.928941842100903159e+01 6.481506415987232117e+01
3.239499304589707549e+02 6.933199197917565471e+01 6.486118283816458074e+01
3.244506258692628649e+02 6.937423199813201791e+01 6.490683624807124374e+01
3.249513212795549180e+02 6.941613487831637030e+01 6.495202110202362178e+01
3.254520166898469711e+02 6.945769719187956071e+01 6.499673438506709999e+01
3.259527121001390810e+02 6.949891569898318266e+01 6.504097325797323492e+01
3.264534075104311910e+02 6.953978733382973587e+01 6.508473513252232578e+01
3.269541029207232441e+02 6.958030920233431971e+01 6.512801759422421810e+01
3.274547983310152972e+02 6.962047857339348411e+01 6.517081847593493649e+01
3.279554937413073503e+02 6.966029288587014889e+01 6.521313576903995113e+01
3.284561891515994603e+02 6.969974973113130545e+01 6.525496768899247968e+01
3.289568845618915134e+02 6.973884685654047644e+01 6.529631262313560569e+01
3.294575799721835665e+02 6.977758216196525609e+01 6.533716916357153082e+01
3.299582753824756765e+02 6.981595368697162485e+01 6.537753605548064684e+01
3.304589707927677296e+02 6.985395961624453776e+01 6.541741223338763689e+01
3.309596662030597827e+02 6.989159827536786906e+01 6.545679681150946294e+01
3.314603616133518926e+02 6.992886811794596724e+01 6.549568904711637174e+01
3.319610570236439457e+02 6.996576772604021244e+01 6.553408838952751125e+01
3.324617524339359989e+02 7.000229581326129846e+01 6.557199441941823181e+01
3.329624478442280520e+02 7.003845121778431349e+01 6.560940687658633408e+01
3.334631432545201619e+02 7.007423288666905137e+01 6.564632566177654382e+01
3.339638386648122150e+02 7.010963988735602470e+01 6.568275079827192542e+01
3.344645340751042681e+02 7.014467139507905813e+01 6.571868246593415108e+01
3.349652294853963781e+02 7.017932669970468851e+01 6.575412097908458975e+01
3.354659248956884312e+02 7.021360519354493590e+01 6.578906677588140894e+01
3.359666203059804843e+02 7.024750635971577140e+01 6.582352043258615026e+01
3.364673157162726511e+02 7.028102979551113094e+01 6.585748263689615101e+01
3.369680111265647042e+02 7.031417517595036770e+01 6.589095421364922345e+01
3.374687065368567005e+02 7.034694228022635798e+01 6.592393608644064784e+01
3.379694019471487536e+02 7.037933097116911085e+01 6.595642930953906102e+01
3.384700973574409204e+02 7.041134119861089857e+01 6.598843502472297473e+01
3.389707927677329735e+02 7.044297298545279773e+01 6.601995450104729457e+01
3.394714881780250266e+02 7.047422644578182371e+01 6.605098910282683278e+01
3.399721835883171366e+02 7.050510176819079788e+01 6.608154029238355065e+01
3.404728789986091897e+02 7.053559921112173470e+01 6.611160960865524316e+01
3.409735744089012428e+02 7.056571910519414814e+01 6.614119872802254463e+01
3.414742698191932959e+02 7.059546184971259208e+01 6.617030937226806486e+01
3.419749652294854059e+02 7.062482791499496670e+01 6.619894336794820333e+01
3.424756606397774590e+02 7.065381782607437344e+01 6.622710262678444337e+01
3.429763560500695121e+02 7.068243217492272379e+01 6.625478912747900040e+01
3.434770514603616220e+02 7.071067161346581997e+01 6.628200493657465131e+01
3.439777468706536752e+02 7.073853684921778040e+01 6.630875219902924300e+01
3.444784422809457283e+02 7.076602864178857999e+01 6.633503311392820478e+01
3.449791376912378382e+02 7.079314780288405018e+01 6.636084995311654211e+01
3.454798331015298913e+02 7.081989519397757249e+01 6.638620506467309212e+01
3.459805285118219444e+02 7.084627173300395953e+01 6.641110085377481198e+01
3.464812239221139976e+02 7.087227837296813959e+01 6.643553977327432847e+01
3.469819193324061075e+02 7.089791611795226345e+01 6.645952435636904454e+01
3.474826147426981606e+02 7.092318601292936364e+01 6.648305716506915530e+01
3.479833101529902137e+02 7.094808913736051181e+01 6.650614083327131709e+01
3.484840055632823237e+02 7.097262662454886595e+01 6.652877803707274040e+01
3.489847009735743768e+02 7.099679962700611213e+01 6.655097148982353872e+01
3.494853963838664299e+02 7.102060934497421840e+01 6.657272396744706100e+01
3.499860917941585399e+02 7.104405701129144290e+01 6.659403827235114193e+01
3.504867872044505930e+02 7.106714388789987424e+01 6.661491725671116626e+01
3.509874826147426461e+02 7.108987127166619757e+01 6.663536381053749835e+01
3.514881780250346992e+02 7.111224048535950715e+01 6.665538085236225641e+01
3.519888734353268660e+02 7.113425287888821913e+01 6.667497132516477620e+01
3.524895688456189191e+02 7.115590983541187597e+01 6.669413823260588003e+01
3.529902642559109154e+02 7.117721276362863136e+01 6.671288457907398595e+01
3.534909596662030822e+02 7.119816308846202446e+01 6.673121340315451278e+01
3.539916550764951353e+02 7.121876227150642080e+01 6.674912777006288422e+01
3.544923504867871884e+02 7.123901178192318184e+01 6.676663077528250767e+01
3.549930458970792415e+02 7.125891312554449541e+01 6.678372552710247589e+01
3.554937413073713515e+02 7.127846781576954527e+01 6.680041514210931552e+01
3.559944367176634046e+02 7.129767739684757544e+01 6.681670277020491255e+01
3.564951321279554577e+02 7.131654342175897909e+01 6.683259157308673082e+01
3.569958275382475676e+02 7.133506746502098395e+01 6.684808472481851993e+01
3.574965229485396208e+02 7.135325111919519259e+01 6.686318541023244677e+01
3.579972183588316739e+02 7.137109599954419537e+01 6.687789681939936770e+01
3.584979137691237838e+02 7.138860372773342533e+01 6.689222215606893940e+01
3.589986091794158369e+02 7.140577593998023076e+01 6.690616463272196768e+01
3.594993045897078900e+02 7.142261429403879447e+01 6.691972746009302853e+01
3.600000000000000000e+02 7.143912045464821858e+01 6.693291387270907933e+01
