# lons lats(polar edge) lats(equatorward edge)
0.000000000000000000e+00 7.041048902028705925e+01 6.588964337785728276e+01
5.006954102920723182e-01 7.042640824103727937e+01 6.590236491309769917e+01
1.001390820584144636e+00 7.044203700730577111e+01 6.591475225305475760e+01
1.502086230876216844e+00 7.045737732434645295e+01 6.592680852151534054e+01
2.002781641168289273e+00 7.047243124106898904e+01 6.593853686926013324e+01
2.503477051460361480e+00 7.048720082733780146e+01 6.594994047937507275e+01
3.004172461752433687e+00 7.050168820424005389e+01 6.596102257074380759e+01
3.504867872044505894e+00 7.051589551614597440e+01 6.597178641214941308e+01
4.005563282336578546e+00 7.052982495733886026e+01 6.598223527401660249e+01
4.506258692628650309e+00 7.054347875164239667e+01 6.599237248741064832e+01
5.006954102920722960e+00 7.055685915271169506e+01 6.600220140742112562e+01
5.507649513212795611e+00 7.056996846324182115e+01 6.601172541358482704e+01
6.008344923504867374e+00 7.058280901270336471e+01 6.602094791919898853e+01
6.509040333796940025e+00 7.059538315967074595e+01 6.602987238339937903e+01
7.009735744089011789e+00 7.060769331626943313e+01 6.603850227943712525e+01
7.510431154381083552e+00 7.061974191557965241e+01 6.604684111418282555e+01
8.011126564673157091e+00 7.063153142327792011e+01 6.605489242810836004e+01
8.511821974965229742e+00 7.064306435044272803e+01 6.606265980768330337e+01
9.012517385257300617e+00 7.065434323609224521e+01 6.607014683624402096e+01
9.513212795549373268e+00 7.066537065416923724e+01 6.607735714958653261e+01
1.001390820584144592e+01 7.067614921354106627e+01 6.608429442017768451e+01
1.051460361613352035e+01 7.068668156382045709e+01 6.609096232441333996e+01
1.101529902642559122e+01 7.069697037557489239e+01 6.609736458969382511e+01
1.151599443671766032e+01 7.070701836360967718e+01 6.610350496648425178e+01
1.201668984700973475e+01 7.071682827532640658e+01 6.610938723246181326e+01
1.251738525730180740e+01 7.072640289421542548e+01 6.611501519324338005e+01
1.301808066759388005e+01 7.073574503054260276e+01 6.612039268704211281e+01
1.351877607788595093e+01 7.074485753444605507e+01 6.612552357127970026e+01
1.401947148817802358e+01 7.075374328836915083e+01 6.613041175110811309e+01
1.452016689847009623e+01 7.076240520997089334e+01 6.613506113961011579e+01
1.502086230876216710e+01 7.077084624746930785e+01 6.613947569301490148e+01
1.552155771905424153e+01 7.077906939040985890e+01 6.614365938290393387e+01
1.602225312934631418e+01 7.078707765162107535e+01 6.614761621496472799e+01
1.652294853963838506e+01 7.079487408800105186e+01 6.615135022528011177e+01
1.702364394993045948e+01 7.080246178314610006e+01 6.615486547439832066e+01
1.752433936022252681e+01 7.080984385565443517e+01 6.615816604667816136e+01
1.802503477051460123e+01 7.081702346329166176e+01 6.616125606322202657e+01
1.852573018080667566e+01 7.082400378623333381e+01 6.616413965910214756e+01
1.902642559109874654e+01 7.083078804976594256e+01 6.616682100198704575e+01
1.952712100139081741e+01 7.083737950391423510e+01 6.616930429679814551e+01
2.002781641168289184e+01 7.084378144090351270e+01 6.617159375529627141e+01
2.052851182197496627e+01 7.084999717624214099e+01 6.617369362962381274e+01
2.102920723226704069e+01 7.085603006152723538e+01 6.617560819134996564e+01
2.152990264255910802e+01 7.086188348677296744e+01 6.617734173190729052e+01
2.203059805285118244e+01 7.086756086876903282e+01 6.617889858776652545e+01
2.253129346314325332e+01 7.087306565806557046e+01 6.618028309714463830e+01
2.303198887343532064e+01 7.087840133839108603e+01 6.618149963900395960e+01
2.353268428372739507e+01 7.088357142665245192e+01 6.618255260733167233e+01
2.403337969401946950e+01 7.088857946944244759e+01 6.618344642467309313e+01
2.453407510431154037e+01 7.089342904536806600e+01 6.618418553390984016e+01
2.503477051460361480e+01 7.089812376563259022e+01 6.618477440218885022e+01
2.553546592489568567e+01 7.090266727170728700e+01 6.618521752197739261e+01
2.603616133518776010e+01 7.090706323533140676e+01 6.618551939854842203e+01
2.653685674547983453e+01 7.091131536316879647e+01 6.618568457442779618e+01
2.703755215577190185e+01 7.091542738516636746e+01 6.618571759738006222e+01
2.753824756606397628e+01 7.091940306270316796e+01 6.618562304247279826e+01
2.803894297635604715e+01 7.092324619091868954e+01 6.618540550647412601e+01
2.853963838664812158e+01 7.092696058939964132e+01 6.618506960170452658e+01
2.904033379694019246e+01 7.093055010683656292e+01 6.618461996149380866e+01
2.954102920723226333e+01 7.093401861985967116e+01 6.618406123343265790e+01
3.004172461752433421e+01 7.093737003769547300e+01 6.618339808519340295e+01
3.054242002781640863e+01 7.094060828528654383e+01 6.618263520394793886e+01
3.104311543810848306e+01 7.094373732308213221e+01 6.618177728589034814e+01
3.154381084840055394e+01 7.094676113539662765e+01 6.618082904700531799e+01
3.204450625869262836e+01 7.094968372808125423e+01 6.617979521375491458e+01
3.254520166898469569e+01 7.095250913376276003e+01 6.617868052773519594e+01
3.304589707927677011e+01 7.095524140951511072e+01 6.617748974451205868e+01
3.354659248956884454e+01 7.095788463336702989e+01 6.617622762838254857e+01
3.404728789986091897e+01 7.096044290430199908e+01 6.617489895004655409e+01
3.454798331015298629e+01 7.096292034575071739e+01 6.617350849708418536e+01
3.504867872044505361e+01 7.096532109744202899e+01 6.617206106347839523e+01
3.554937413073713515e+01 7.096764932238784240e+01 6.617056144495836634e+01
3.605006954102920247e+01 7.096990919989821123e+01 6.616901444831273693e+01
3.655076495132127690e+01 7.097210492674548732e+01 6.616742488789714116e+01
3.705146036161335132e+01 7.097424071716432081e+01 6.616579757515683013e+01
3.755215577190541865e+01 7.097632080052335368e+01 6.616413732619366783e+01
3.805285118219749307e+01 7.097834941899691330e+01 6.616244896176613111e+01
3.855354659248956750e+01 7.098033082872916566e+01 6.616073730030439037e+01
3.905424200278163482e+01 7.098226929983411537e+01 6.615900715558200318e+01
3.955493741307371636e+01 7.098416911057483958e+01 6.615726334719329316e+01
4.005563282336578368e+01 7.098603455202010082e+01 6.615551068425520498e+01
4.055632823365785811e+01 7.098786992105942772e+01 6.615375397239222366e+01
4.105702364394993253e+01 7.098967952273142146e+01 6.615199801257222134e+01
4.155771905424199986e+01 7.099146766440298961e+01 6.615024759528569120e+01
4.205841446453408139e+01 7.099323866508257197e+01 6.614850750287405390e+01
4.255910987482614871e+01 7.099499684290549339e+01 6.614678250720135111e+01
4.305980528511821603e+01 7.099674651455188723e+01 6.614507736965424556e+01
4.356050069541029046e+01 7.099849200164953800e+01 6.614339683299294848e+01
4.406119610570236489e+01 7.100023761913234921e+01 6.614174563066444534e+01
4.456189151599443221e+01 7.100198768600876065e+01 6.614012847748927015e+01
4.506258692628650664e+01 7.100374651430229278e+01 6.613855006733319897e+01
4.556328233657857396e+01 7.100551840439493390e+01 6.613701507776386279e+01
4.606397774687064128e+01 7.100730765434036584e+01 6.613552816539413470e+01
4.656467315716272282e+01 7.100911855520735116e+01 6.613409396355382341e+01
4.706536856745479014e+01 7.101095537943820091e+01 6.613271707996136684e+01
4.756606397774686457e+01 7.101282239249030681e+01 6.613140209905213851e+01
4.806675938803893899e+01 7.101472384352291556e+01 6.613015357732183475e+01
4.856745479833100632e+01 7.101666396772543521e+01 6.612897604099816817e+01
4.906815020862308074e+01 7.101864697700420948e+01 6.612787399069748062e+01
4.956884561891514807e+01 7.102067706813159020e+01 6.612685188745490450e+01
5.006954102920722960e+01 7.102275841576101811e+01 6.612591416902250785e+01
5.057023643949929692e+01 7.102489516660625668e+01 6.612506522891453642e+01
5.107093184979137135e+01 7.102709144875461789e+01 6.612430943270555872e+01
5.157162726008345288e+01 7.102935135653297039e+01 6.612365110173232097e+01
5.207232267037552020e+01 7.103167896214927168e+01 6.612309452240697283e+01
5.257301808066758753e+01 7.103407829823026987e+01 6.612264393806799490e+01
5.307371349095966906e+01 7.103655337295549543e+01 6.612230355130850512e+01
5.357440890125173638e+01 7.103910815375911625e+01 6.612207752281210560e+01
5.407510431154380370e+01 7.104174657198655041e+01 6.612196996436796326e+01
5.457579972183587813e+01 7.104447252056615980e+01 6.612198494469157595e+01
5.507649513212795256e+01 7.104728985517340334e+01 6.612212648243985313e+01
5.557719054242002699e+01 7.105020238375345798e+01 6.612239855086772877e+01
5.607788595271209431e+01 7.105321387117783161e+01 6.612280506851493556e+01
5.657858136300416163e+01 7.105632803691605659e+01 6.612334990619092423e+01
5.707927677329624316e+01 7.105954854805077048e+01 6.612403687766163785e+01
5.757997218358831759e+01 7.106287902509848209e+01 6.612486974547027785e+01
5.808066759388038491e+01 7.106632303502465220e+01 6.612585221395238477e+01
5.858136300417245934e+01 7.106988408891538711e+01 6.612698793389245111e+01
5.908205841446452666e+01 7.107356563964913221e+01 6.612828049553900200e+01
5.958275382475660109e+01 7.107737108538913162e+01 6.612973343326120812e+01
6.008344923504866841e+01 7.108130376027020247e+01 6.613135021390735346e+01
6.058414464534074995e+01 7.108536693905534776e+01 6.613313424844636756e+01
6.108484005563281727e+01 7.108956383015083702e+01 6.613508888498290617e+01
6.158553546592489170e+01 7.109389757444205316e+01 6.613721740642904479e+01
6.208623087621696612e+01 7.109837124529349239e+01 6.613952302817597229e+01
6.258692628650903345e+01 7.110298784971291752e+01 6.614200890042229730e+01
6.308762169680110787e+01 7.110775031670982571e+01 6.614467811283066112e+01
6.358831710709318941e+01 7.111266150544452103e+01 6.614753367706543941e+01
6.408901251738525673e+01 7.111772419591488870e+01 6.615057854192673403e+01
6.458970792767732405e+01 7.112294109594131442e+01 6.615381558170884091e+01
6.509040333796939137e+01 7.112831482719684573e+01 6.615724759852855641e+01
6.559109874826147291e+01 7.113384793452041777e+01 6.616087732581763703e+01
6.609179415855354023e+01 7.113954288126024039e+01 6.616470742250203330e+01
6.659248956884562176e+01 7.114540203879641922e+01 6.616874047067358333e+01
6.709318497913768908e+01 7.115142770051079424e+01 6.617297897791831929e+01
6.759388038942975641e+01 7.115762206898125442e+01 6.617742537731646735e+01
6.809457579972183794e+01 7.116398725481758447e+01 6.618208201812922198e+01
6.859527121001390526e+01 7.117052528131807776e+01 6.618695117744027812e+01
6.909596662030597258e+01 7.117723807282800408e+01 6.619203504851429898e+01
6.959666203059803991e+01 7.118412746754529508e+01 6.619733574778183538e+01
7.009735744089010723e+01 7.119119520238655241e+01 6.620285530319779355e+01
7.059805285118218876e+01 7.119844291764366062e+01 6.620859566821127373e+01
7.109874826147427029e+01 7.120587215698378714e+01 6.621455870197496552e+01
7.159944367176633762e+01 7.121348436395692261e+01 6.622074619029990572e+01
7.210013908205840494e+01 7.122128087733926805e+01 6.622715982470072049e+01
7.260083449235048647e+01 7.122926293811815412e+01 6.623380121054469782e+01
7.310152990264255379e+01 7.123743167901466222e+01 6.624067187054424721e+01
7.360222531293462112e+01 7.124578813146854372e+01 6.624777322845875460e+01
7.410292072322670265e+01 7.125433321632499428e+01 6.625510663004934031e+01
7.460361613351876997e+01 7.126306775431203278e+01 6.626267331513918180e+01
7.510431154381083729e+01 7.127199244974235626e+01 6.627047444380696106e+01
7.560500695410290461e+01 7.128110790448317857e+01 6.627851107543210674e+01
7.610570236439498615e+01 7.129041460398639174e+01 6.628678417218725372e+01
7.660639777468706768e+01 7.129991293009425135e+01 6.629529460718731571e+01
7.710709318497913500e+01 7.130960314706953795e+01 6.630404315110172320e+01
7.760778859527120233e+01 7.131948540741632314e+01 6.631303047681103635e+01
7.810848400556326965e+01 7.132955975187996955e+01 6.632225715940694499e+01
7.860917941585533697e+01 7.133982610711882444e+01 6.633172366687904287e+01
7.910987482614743271e+01 7.135028428454006644e+01 6.634143037175635982e+01
7.961057023643950004e+01 7.136093398146385880e+01 6.635137753830167640e+01
8.011126564673156736e+01 7.137177478112334938e+01 6.636156532949644316e+01
8.061196105702363468e+01 7.138280614684390457e+01 6.637199380005586136e+01
8.111265646731571621e+01 7.139402743135633500e+01 6.638266289410057652e+01
8.161335187760779775e+01 7.140543786515536340e+01 6.639357245330575097e+01
8.211404728789986507e+01 7.141703656814115675e+01 6.640472220758783806e+01
8.261474269819193239e+01 7.142882254263440700e+01 6.641611176928381610e+01
8.311543810848399971e+01 7.144079467104802461e+01 6.642774064712102700e+01
8.361613351877606704e+01 7.145295172520036431e+01 6.643960822991903115e+01
8.411682892906816278e+01 7.146529235467369290e+01 6.645171379357452679e+01
8.461752433936023010e+01 7.147781509729156824e+01 6.646405649756889034e+01
8.511821974965229742e+01 7.149051837446222635e+01 6.647663538496817637e+01
8.561891515994436475e+01 7.150340049117858143e+01 6.648944938009481120e+01
8.611961057023643207e+01 7.151645964067483874e+01 6.650249728387098003e+01
8.662030598052849939e+01 7.152969389976988168e+01 6.651577778080354619e+01
8.712100139082058092e+01 7.154310123352388473e+01 6.652928943665574479e+01
8.762169680111264825e+01 7.155667949058170052e+01 6.654303068214903760e+01
8.812239221140472978e+01 7.157042641365023883e+01 6.655699983624617744e+01
8.862308762169679710e+01 7.158433963018524082e+01 6.657119509101721633e+01
8.912378303198886442e+01 7.159841665937619837e+01 6.658561450931119907e+01
8.962447844228094596e+01 7.161265490981804760e+01 6.660025603174108255e+01
9.012517385257301328e+01 7.162705168533193500e+01 6.661511746737050998e+01
9.062586926286508060e+01 7.164160418263691099e+01 6.663019650419118989e+01
9.112656467315714792e+01 7.165630949018577667e+01 6.664549069748136390e+01
9.162726008344921524e+01 7.167116459747830959e+01 6.666099747446241963e+01
9.212795549374128257e+01 7.168616638807634445e+01 6.667671413895550359e+01
9.262865090403337831e+01 7.170131164658869238e+01 6.669263785973998893e+01
9.312934631432544563e+01 7.171659705983529420e+01 6.670876567986670125e+01
9.363004172461751295e+01 7.173201921335476072e+01 6.672509451432961214e+01
9.413073713490958028e+01 7.174757460304590495e+01 6.674162114773753274e+01
9.463143254520164760e+01 7.176325962585451634e+01 6.675834223431411374e+01
9.513212795549372913e+01 7.177907059141489299e+01 6.677525430604691792e+01
9.563282336578581067e+01 7.179500371622907551e+01 6.679235376104588795e+01
9.613351877607787799e+01 7.181105513065176638e+01 6.680963687518487859e+01
9.663421418636994531e+01 7.182722088354694279e+01 6.682709979511673737e+01
9.713490959666201263e+01 7.184349693530293735e+01 6.684473854176576424e+01
9.763560500695409416e+01 7.185987916947397025e+01 6.686254901731263089e+01
9.813630041724616149e+01 7.187636338812353642e+01 6.688052699355284858e+01
9.863699582753822881e+01 7.189294532113763125e+01 6.689866812586660672e+01
9.913769123783029613e+01 7.190962061923983129e+01 6.691696794390554714e+01
9.963838664812239188e+01 7.192638487028943928e+01 6.693542186556260276e+01
1.001390820584144592e+02 7.194323358647579880e+01 6.695402518300215888e+01
1.006397774687065265e+02 7.196016221828813286e+01 6.697277308361481118e+01
1.011404728789985938e+02 7.197716615218723746e+01 6.699166063371922064e+01
1.016411682892906754e+02 7.199424071526209445e+01 6.701068279020364571e+01
1.021418636995827427e+02 7.201138117639402481e+01 6.702983440401840198e+01
1.026425591098748242e+02 7.202858274625668855e+01 6.704911021784755576e+01
1.031432545201669058e+02 7.204584059128592344e+01 6.706850486843723047e+01
1.036439499304589731e+02 7.206314981970990630e+01 6.708801289940129209e+01
1.041446453407510404e+02 7.208050550017560454e+01 6.710762874725151050e+01
1.046453407510431077e+02 7.209790265476385684e+01 6.712734675769570458e+01
1.051460361613351751e+02 7.211533626597429247e+01 6.714716118330943573e+01
1.056467315716272708e+02 7.213280127672533126e+01 6.716706619168508041e+01
1.061474269819193381e+02 7.215029259501079650e+01 6.718705585611860442e+01
1.066481223922114054e+02 7.216780510088483425e+01 6.720712417656432081e+01
1.071488178025034728e+02 7.218533364064114721e+01 6.722726506799335766e+01
1.076495132127955401e+02 7.220287303612622054e+01 6.724747237436349678e+01
1.081502086230876074e+02 7.222041808357516857e+01 6.726773986512671399e+01
1.086509040333796889e+02 7.223796356176080735e+01 6.728806124454240489e+01
1.091515994436717563e+02 7.225550423082950147e+01 6.730843015225946147e+01
1.096522948539638236e+02 7.227303483230116399e+01 6.732884016331627208e+01
1.101529902642559051e+02 7.229055009721832903e+01 6.734928480327471334e+01
1.106536856745479724e+02 7.230804475196691783e+01 6.736975754123523075e+01
1.111543810848400540e+02 7.232551350896301301e+01 6.739025179973214108e+01
1.116550764951321213e+02 7.234295107596608432e+01 6.741076095706193883e+01
1.121557719054241886e+02 7.236035216539221437e+01 6.743127834728329617e+01
1.126564673157162559e+02 7.237771148732917936e+01 6.745179727418690163e+01
1.131571627260083233e+02 7.239502374953644903e+01 6.747231100896715361e+01
1.136578581363004190e+02 7.241228367490748496e+01 6.749281278789385397e+01
1.141585535465924863e+02 7.242948598866405518e+01 6.751329583326696593e+01
1.146592489568845536e+02 7.244662542766945990e+01 6.753375333944677550e+01
1.151599443671766352e+02 7.246369674275683792e+01 6.755417848915203649e+01
1.156606397774686883e+02 7.248069469523670705e+01 6.757456445345997054e+01
1.161613351877607698e+02 7.249761407203095587e+01 6.759490439180626709e+01
1.166620305980528229e+02 7.251444966937469871e+01 6.761519146362661559e+01
1.171627260083449187e+02 7.253119631377103360e+01 6.763541882835670549e+01
1.176634214186370002e+02 7.254784884802120359e+01 6.765557964455911133e+01
1.181641168289290533e+02 7.256440214519443543e+01 6.767566708505728457e+01
1.186648122392211349e+02 7.258085110164302023e+01 6.769567432238363835e+01
1.191655076495132022e+02 7.259719064398723276e+01 6.771559455788337800e+01
1.196662030598052695e+02 7.261341572911533149e+01 6.773542100454324100e+01
1.201668984700973368e+02 7.262952134534771176e+01 6.775514689630472276e+01
1.206675938803894041e+02 7.264550251709351869e+01 6.777476549039238307e+01
1.211682892906814999e+02 7.266135429786572786e+01 6.779427007371668878e+01
1.216689847009735672e+02 7.267707178657929035e+01 6.781365396985893312e+01
1.221696801112656345e+02 7.269265011241714092e+01 6.783291052742970351e+01
1.226703755215577019e+02 7.270808444530757697e+01 6.785203313869533304e+01
1.231710709318497834e+02 7.272336999825256498e+01 6.787101523433921102e+01
1.236717663421418507e+02 7.273850201917866798e+01 6.788985029044670227e+01
1.241724617524339322e+02 7.275347580723519059e+01 6.790853181919192139e+01
1.246731571627260138e+02 7.276828669533188076e+01 6.792705339212079707e+01
1.251738525730180669e+02 7.278293006992953451e+01 6.794540862501708034e+01
1.256745479833101484e+02 7.279740135357769759e+01 6.796359118488726381e+01
1.261752433936022157e+02 7.281169601888450416e+01 6.798159479810965422e+01
1.266759388038942831e+02 7.282580958851667674e+01 6.799941323879284027e+01
1.271766342141863788e+02 7.283973762239384087e+01 6.801704035322291020e+01
1.276773296244784177e+02 7.285347573631497653e+01 6.803447003658038739e+01
1.281780250347705135e+02 7.286701959031688602e+01 6.805169624632799241e+01
1.286787204450625950e+02 7.288036489333080681e+01 6.806871300686725590e+01
1.291794158553546481e+02 7.289350740551071794e+01 6.808551440837436530e+01
1.296801112656467296e+02 7.290644292892011435e+01 6.810209460097939882e+01
1.301808066759387827e+02 7.291916732383015187e+01 6.811844781048239383e+01
1.306815020862308643e+02 7.293167649474980863e+01 6.813456832089104864e+01
1.311821974965229458e+02 7.294396639508249791e+01 6.815045049304717395e+01
1.316828929068149989e+02 7.295603302945437463e+01 6.816608875109341170e+01
1.321835883171070805e+02 7.296787245138602884e+01 6.818147759702515032e+01
1.326842837273991336e+02 7.297948076794909866e+01 6.819661159817587759e+01
1.331849791376912435e+02 7.299085412579643162e+01 6.821148539536625321e+01
1.336856745479833251e+02 7.300198872978853615e+01 6.822609369984820660e+01
1.341863699582753782e+02 7.301288083018789621e+01 6.824043129912570294e+01
1.346870653685674597e+02 7.302352672789766075e+01 6.825449304647736426e+01
1.351877607788595128e+02 7.303392276980503084e+01 6.826827387783669110e+01
1.356884561891515943e+02 7.304406535343787255e+01 6.828176878850899811e+01
1.361891515994436759e+02 7.305395092114395084e+01 6.829497285645447846e+01
1.366898470097357290e+02 7.306357596765792550e+01 6.830788122948251839e+01
1.371905424200278105e+02 7.307293702613151254e+01 6.832048912525169726e+01
1.376912378303198636e+02 7.308203068559578242e+01 6.833279183825470682e+01
1.381919332406119452e+02 7.309085357815547468e+01 6.834478472410228278e+01
1.386926286509039983e+02 7.309940237898899795e+01 6.835646321931380953e+01
1.391933240611960798e+02 7.310767381100504281e+01 6.836782282385502185e+01
1.396940194714881613e+02 7.311566463552935602e+01 6.837885911277953710e+01
1.401947148817802145e+02 7.312337166976703884e+01 6.838956773040808912e+01
1.406954102920723244e+02 7.313079175886286976e+01 6.839994438217945572e+01
1.411961057023643775e+02 7.313792180616928817e+01 6.840998484512783762e+01
1.416968011126564591e+02 7.314475874181425752e+01 6.841968496788285847e+01
1.421974965229485406e+02 7.315129955064094247e+01 6.842904065728180285e+01
1.426981919332405937e+02 7.315754124659633817e+01 6.843804789233945485e+01
1.431988873435326752e+02 7.316348089135772170e+01 6.844670270562164660e+01
1.436995827538247283e+02 7.316911558385527314e+01 6.845500120041651826e+01
1.442002781641168099e+02 7.317444245561546268e+01 6.846293954258544545e+01
1.447009735744088914e+02 7.317945868473088922e+01 6.847051395881680946e+01
1.452016689847009729e+02 7.318416147839798214e+01 6.847772072760380979e+01
1.457023643949930261e+02 7.318854808688683988e+01 6.848455619525157090e+01
1.462030598052851076e+02 7.319261578957139136e+01 6.849101675899692054e+01
1.467037552155771891e+02 7.319636190424262168e+01 6.849709888214238163e+01
1.472044506258692422e+02 7.319978377663119318e+01 6.850279906757168646e+01
1.477051460361613238e+02 7.320287879554143728e+01 6.850811388918191369e+01
1.482058414464534053e+02 7.320564437189659657e+01 6.851303996161550458e+01
1.487065368567454584e+02 7.320807795503696980e+01 6.851757395161075692e+01
1.492072322670375399e+02 7.321017702107837977e+01 6.852171258382259111e+01
1.497079276773296215e+02 7.321193907640463294e+01 6.852545262627063494e+01
1.502086230876216746e+02 7.321336165650336625e+01 6.852879089499583642e+01
1.507093184979137845e+02 7.321444232596604706e+01 6.853172425638877030e+01
1.512100139082058092e+02 7.321517867848797323e+01 6.853424961554810579e+01
1.517107093184979192e+02 7.321556833221166016e+01 6.853636392966836866e+01
1.522114047287899723e+02 7.321560892972684087e+01 6.853806418708518322e+01
1.527121001390820538e+02 7.321529814330915542e+01 6.853934743317768152e+01
1.532127955493741354e+02 7.321463366793523164e+01 6.854021074359297927e+01
1.537134909596661885e+02 7.321361322011853190e+01 6.854065123763393785e+01
1.542141863699582700e+02 7.321223454256596597e+01 6.854066606428932573e+01
1.547148817802503231e+02 7.321049540010335477e+01 6.854025242435272958e+01
1.552155771905424047e+02 7.320839357734712394e+01 6.853940753782626416e+01
1.557162726008344862e+02 7.320592688336091669e+01 6.853812867477063264e+01
1.562169680111265393e+02 7.320309314263340639e+01 6.853641312387298967e+01
1.567176634214186208e+02 7.319989020555567549e+01 6.853425822271492507e+01
1.572183588317106739e+02 7.319631593852591323e+01 6.853166132670412480e+01
1.577190542420027555e+02 7.319236822744187521e+01 6.852861982740978419e+01
1.582197496522948654e+02 7.318804497449946211e+01 6.852513114426801621e+01
1.587204450625868901e+02 7.318334410052102612e+01 6.852119272545496642e+01
1.592211404728790001e+02 7.317826354684711987e+01 6.851680205174307048e+01
1.597218358831710532e+02 7.317280126544119412e+01 6.851195661605561327e+01
1.602225312934631347e+02 7.316695522791178519e+01 6.850665395868236374e+01
1.607232267037552162e+02 7.316072341561721259e+01 6.850089162144104193e+01
1.612239221140472694e+02 7.315410383552716667e+01 6.849466719220617961e+01
1.617246175243393509e+02 7.314709450043210381e+01 6.848797826540067035e+01
1.622253129346314324e+02 7.313969344291308516e+01 6.848082246353260416e+01
1.627260083449234855e+02 7.313189870370024437e+01 6.847319743224761623e+01
1.632267037552155955e+02 7.312370834215016657e+01 6.846510083858265716e+01
1.637273991655076486e+02 7.311512042576850945e+01 6.845653037045667588e+01
1.642280945757997301e+02 7.310613304068738216e+01 6.844748373346919834e+01
1.647287899860917832e+02 7.309674428002381319e+01 6.843795865046377003e+01
1.652294853963838648e+02 7.308695225435712928e+01 6.842795286996806681e+01
1.657301808066759463e+02 7.307675508008742327e+01 6.841746415680790960e+01
1.662308762169679994e+02 7.306615089413298847e+01 6.840649029094311118e+01
1.667315716272600810e+02 7.305513783705009700e+01 6.839502907212408900e+01
1.672322670375521341e+02 7.304371406205518724e+01 6.838307831407109916e+01
1.677329624478442156e+02 7.303187774084562989e+01 6.837063585873511329e+01
1.682336578581363256e+02 7.301962704686502548e+01 6.835769955417890742e+01
1.687343532684283502e+02 7.300696017509380908e+01 6.834426727029313042e+01
1.692350486787204602e+02 7.299387532342279883e+01 6.833033689646799758e+01
1.697357440890125133e+02 7.298037070371265145e+01 6.831590632325787737e+01
1.702364394993045948e+02 7.296644454179386230e+01 6.830097348458184570e+01
1.707371349095966480e+02 7.295209507281015249e+01 6.828553631465001672e+01
1.712378303198887295e+02 7.293732054238262208e+01 6.826959275902299851e+01
1.717385257301808110e+02 7.292211921592297585e+01 6.825314080138741701e+01
1.722392211404728641e+02 7.290648935767876537e+01 6.823617842670319078e+01
1.727399165507649457e+02 7.289042925809098961e+01 6.821870364230380801e+01
1.732406119610569988e+02 7.287393721167518379e+01 6.820071447622285632e+01
1.737413073713490803e+02 7.285701152749879839e+01 6.818220896628008632e+01
1.742420027816411618e+02 7.283965053383781196e+01 6.816318519271408150e+01
1.747426981919332150e+02 7.282185256246066274e+01 6.814364123285304231e+01
1.752433936022252965e+02 7.280361596900092991e+01 6.812357519647594017e+01
1.757440890125173496e+02 7.278493912131580146e+01 6.810298520909145736e+01
1.762447844228094596e+02 7.276582040297853382e+01 6.808186942316115164e+01
1.767454798331015411e+02 7.274625820978599222e+01 6.806022601621680224e+01
1.772461752433935942e+02 7.272625095616149338e+01 6.803805318614922726e+01
1.777468706536856757e+02 7.270579708679633768e+01 6.801534915704269224e+01
1.782475660639777288e+02 7.268489503939690621e+01 6.799211218383152300e+01
1.787482614742698104e+02 7.266354329357909592e+01 6.796834054706141615e+01
1.792489568845618919e+02 7.264174034118241252e+01 6.794403255434463063e+01
1.797496522948539450e+02 7.261948469092658343e+01 6.791918654676283040e+01
1.802503477051460266e+02 7.259677487888893666e+01 6.789380090003123769e+01
1.807510431154380797e+02 7.257360946442986460e+01 6.786787402100617328e+01
1.812517385257301612e+02 7.254998702844659419e+01 6.784140434972232470e+01
1.817524339360222427e+02 7.252590617628356995e+01 6.781439036870597192e+01
1.822531293463142958e+02 7.250136554588152649e+01 6.778683059890045115e+01
1.827538247566063774e+02 7.247636379555387975e+01 6.775872360275843675e+01
1.832545201668984305e+02 7.245089962028487207e+01 6.773006798060396250e+01
1.837552155771905404e+02 7.242497174183426978e+01 6.770086238452950056e+01
1.842559109874825651e+02 7.239857890757321002e+01 6.767110551068344648e+01
1.847566063977746751e+02 7.237171991900595458e+01 6.764079611342185672e+01
1.852573018080667566e+02 7.234439358986037405e+01 6.760993299133861001e+01
1.857579972183588097e+02 7.231659878566915722e+01 6.757851499657863314e+01
1.862586926286508913e+02 7.228833440747166605e+01 6.754654104662495229e+01
1.867593880389429444e+02 7.225959939094082074e+01 6.751401011789585027e+01
1.872600834492350259e+02 7.223039272617370443e+01 6.748092124312552187e+01
1.877607788595271074e+02 7.220071343848303513e+01 6.744727353406506154e+01
1.882614742698191606e+02 7.217056060469531076e+01 6.741306616329256940e+01
1.887621696801112421e+02 7.213993334936731117e+01 6.737829837934714305e+01
1.892628650904032952e+02 7.210883084944271104e+01 6.734296950731095421e+01
1.897635605006953767e+02 7.207725233658038633e+01 6.730707894804527314e+01
1.902642559109874583e+02 7.204519709424403118e+01 6.727062619085063488e+01
1.907649513212795114e+02 7.201266446643330710e+01 6.723361081237544568e+01
1.912656467315716213e+02 7.197965386117630260e+01 6.719603248012663244e+01
1.917663421418636460e+02 7.194616474936537998e+01 6.715789094843148632e+01
1.922670375521557560e+02 7.191219666533925192e+01 6.711918608095675154e+01
1.927677329624478375e+02 7.187774921852451371e+01 6.707991783783018036e+01
1.932684283727398906e+02 7.184282208412241744e+01 6.704008628890096588e+01
1.937691237830319722e+02 7.180741502057117032e+01 6.699969161810531659e+01
1.942698191933240253e+02 7.177152785674024926e+01 6.695873411648153706e+01
1.947705146036161068e+02 7.173516050881062256e+01 6.691721420545309229e+01
1.952712100139081883e+02 7.169831298027474986e+01 6.687513243246303318e+01
1.957719054242002414e+02 7.166098535611581610e+01 6.683248946748153685e+01
1.962726008344923230e+02 7.162317782201625960e+01 6.678928612105028151e+01
1.967732962447844045e+02 7.158489065038793342e+01 6.674552333962583361e+01
1.972739916550764576e+02 7.154612422249101655e+01 6.670120221751221834e+01
1.977746870653685392e+02 7.150687901330002205e+01 6.665632400923004752e+01
1.982753824756605923e+02 7.146715561245855497e+01 6.661089010681553191e+01
1.987760778859527022e+02 7.142695471962269949e+01 6.656490208231207362e+01
1.992767732962447838e+02 7.138627714562517212e+01 6.651836166274097195e+01
1.997774687065368369e+02 7.134512382644516038e+01 6.647127074880063446e+01
2.002781641168289184e+02 7.130349581680547999e+01 6.642363142867270653e+01
2.007788595271209999e+02 7.126139430181410717e+01 6.637544596630777960e+01
2.012795549374130530e+02 7.121882059929248499e+01 6.632671681295778399e+01
2.017802503477051346e+02 7.117577616559628950e+01 6.627744663511566614e+01
2.022809457579971877e+02 7.113226259095881687e+01 6.622763827738981490e+01
2.027816411682892692e+02 7.108828162510235416e+01 6.617729480732396041e+01
2.032823365785813508e+02 7.104383515744757460e+01 6.612641950491979514e+01
2.037830319888734039e+02 7.099892523923244880e+01 6.607501586671151017e+01
2.042837273991654854e+02 7.095355407885563181e+01 6.602308761813492310e+01
2.047844228094575953e+02 7.090772405351799534e+01 6.597063872051239741e+01
2.052851182197496485e+02 7.086143771562547045e+01 6.591767337134388072e+01
2.057858136300417300e+02 7.081469778347582178e+01 6.586419601420220715e+01
2.062865090403338115e+02 7.076750716104925232e+01 6.581021134702768904e+01
2.067872044506258646e+02 7.071986894732162909e+01 6.575572432445642335e+01
2.072878998609179462e+02 7.067178641822010832e+01 6.570074015723821503e+01
2.077885952712099993e+02 7.062326305689111905e+01 6.564526434250456077e+01
2.082892906815020808e+02 7.057430255020790355e+01 6.558930264048558456e+01
2.087899860917941623e+02 7.052490878644221084e+01 6.553286109779310209e+01
2.092906815020862155e+02 7.047508587039828853e+01 6.547594605498761666e+01
2.097913769123782970e+02 7.042483812574118929e+01 6.541856413726509345e+01
2.102920723226703501e+02 7.037417010081753688e+01 6.536072227657587064e+01
2.107927677329624316e+02 7.032308657331213908e+01 6.530242770463974011e+01
2.112934631432545416e+02 7.027159255606875377e+01 6.524368797215447557e+01
2.117941585535465663e+02 7.021969330058254855e+01 6.518451093890053016e+01
2.122948539638386762e+02 7.016739430864163296e+01 6.512490479003918153e+01
2.127955493741307293e+02 7.011470132767044561e+01 6.506487803844083828e+01
2.132962447844228109e+02 7.006162036469959276e+01 6.500443952002842707e+01
2.137969401947148924e+02 7.000815769218661444e+01 6.494359841415007395e+01
2.142976356050069455e+02 6.995431983986691193e+01 6.488236423659418506e+01
2.147983310152990271e+02 6.990011361570850568e+01 6.482074684424605948e+01
2.152990264255910802e+02 6.984554610591203527e+01 6.475875644963980449e+01
2.157997218358831617e+02 6.979062467258245306e+01 6.469640360233188403e+01
2.163004172461752148e+02 6.973535696886301594e+01 6.463369922033325565e+01
2.168011126564672963e+02 6.967975093777113216e+01 6.457065456799045933e+01
2.173018080667593779e+02 6.962381481336251454e+01 6.450728127053753269e+01
2.178025034770514310e+02 6.956755713237271266e+01 6.444359131293185783e+01
2.183031988873435125e+02 6.951098674120203214e+01 6.437959704683908058e+01
2.188038942976355656e+02 6.945411277845323639e+01 6.431531118364819122e+01
2.193045897079276472e+02 6.939694470636368351e+01 6.425074679679983092e+01
2.198052851182197571e+02 6.933949229450718121e+01 6.418591732760705781e+01
2.203059805285118102e+02 6.928176563492797868e+01 6.412083658176288736e+01
2.208066759388038918e+02 6.922377513282754080e+01 6.405551872934029234e+01
2.213073713490959449e+02 6.916553152519099967e+01 6.398997829315067065e+01
2.218080667593880264e+02 6.910704586448900955e+01 6.392423016969860328e+01
2.223087621696801079e+02 6.904832953614004509e+01 6.385828961171955598e+01
2.228094575799721611e+02 6.898939424919717567e+01 6.379217222119496000e+01
2.233101529902642426e+02 6.893025204798959749e+01 6.372589395866543782e+01
2.238108484005562957e+02 6.887091530280940788e+01 6.365947113391757739e+01
2.243115438108483772e+02 6.881139671689652459e+01 6.359292040249147249e+01
2.248122392211404588e+02 6.875170932643868582e+01 6.352625876102410984e+01
2.253129346314325119e+02 6.869186649591483729e+01 6.345950353793614340e+01
2.258136300417245934e+02 6.863188191809513228e+01 6.339267239343189431e+01
2.263143254520166465e+02 6.857176961869754450e+01 6.332578331484273804e+01
2.268150208623087565e+02 6.851154395405956166e+01 6.325885460265726579e+01
2.273157162726008380e+02 6.845121959484004037e+01 6.319190486353636516e+01
2.278164116828928911e+02 6.839081154697396414e+01 6.312495301729813946e+01
2.283171070931849727e+02 6.833033512838937895e+01 6.305801826781407726e+01
2.288178025034770258e+02 6.826980597832061903e+01 6.299112010533735884e+01
2.293184979137691073e+02 6.820924004566677468e+01 6.292427829486132396e+01
2.298191933240611604e+02 6.814865358899169223e+01 6.285751286913455260e+01
2.303198887343532704e+02 6.808806316953905480e+01 6.279084411818348599e+01
2.308205841446453235e+02 6.802748564657576935e+01 6.272429257301428152e+01
2.313212795549373766e+02 6.796693817040704744e+01 6.265787900328450633e+01
2.318219749652294297e+02 6.790643817771979229e+01 6.259162439634837938e+01
2.323226703755215397e+02 6.784600338459767954e+01 6.252554995376431179e+01
2.328233657858135928e+02 6.778565177255131857e+01 6.245967707499676180e+01
2.333240611961056459e+02 6.772540159201071219e+01 6.239402734577470255e+01
2.338247566063977843e+02 6.766527134369880514e+01 6.232862252645008994e+01
2.343254520166898374e+02 6.760527977397487120e+01 6.226348453569971753e+01
2.348261474269818621e+02 6.754544586552128749e+01 6.219863544121199084e+01
2.353268428372740004e+02 6.748578882453784900e+01 6.213409744571708870e+01
2.358275382475660535e+02 6.742632807142854290e+01 6.206989287068881822e+01
2.363282336578581067e+02 6.736708323381662922e+01 6.200604414004646969e+01
2.368289290681501882e+02 6.730807412791818933e+01 6.194257377666235698e+01
2.373296244784422697e+02 6.724932074922890024e+01 6.187950437675044668e+01
2.378303198887343228e+02 6.719084326088250236e+01 6.181685859822482598e+01
2.383310152990264044e+02 6.713266198200926738e+01 6.175465915487893653e+01
2.388317107093184859e+02 6.707479737376615958e+01 6.169292878728174401e+01
2.393324061196105390e+02 6.701727001605377154e+01 6.163169026044943166e+01
2.398331015299026205e+02 6.696010061450124340e+01 6.157096634056233597e+01
2.403337969401946737e+02 6.690330996437751310e+01 6.151077978681587410e+01
2.408344923504867552e+02 6.684691894360639708e+01 6.145115333279409242e+01
2.413351877607788083e+02 6.679094850112505810e+01 6.139210967249982787e+01
2.418358831710709183e+02 6.673541963709340052e+01 6.133367144871317578e+01
2.423365785813629998e+02 6.668035339008838491e+01 6.127586122854427231e+01
2.428372739916550529e+02 6.662577081382096367e+01 6.121870149994083476e+01
2.433379694019471344e+02 6.657169297015116172e+01 6.116221465189755691e+01
2.438386648122392160e+02 6.651814090464085893e+01 6.110642295932211709e+01
2.443393602225312691e+02 6.646513563025564508e+01 6.105134856673703325e+01
2.448400556328233506e+02 6.641269811805159407e+01 6.099701347780228389e+01
2.453407510431154037e+02 6.636084926690728025e+01 6.094343953785300982e+01
2.458414464534074853e+02 6.630960989421055274e+01 6.089064841876552236e+01
2.463421418636995668e+02 6.625900071723208384e+01 6.083866160149500502e+01
2.468428372739916199e+02 6.620904233449891763e+01 6.078750036909059418e+01
2.473435326842837014e+02 6.615975520251140551e+01 6.073718578690477443e+01
2.478442280945758114e+02 6.611115962642998056e+01 6.068773868163862062e+01
2.483449235048678645e+02 6.606327573446378665e+01 6.063917963901349140e+01
2.488456189151599460e+02 6.601612346157253342e+01 6.059152897815965844e+01
2.493463143254520276e+02 6.596972253084004478e+01 6.054480674230308068e+01
2.498470097357440807e+02 6.592409243717611389e+01 6.049903267548233998e+01
2.503477051460361338e+02 6.587925242403343873e+01 6.045422622487694753e+01
2.508484005563282153e+02 6.583522146710947709e+01 6.041040649889782799e+01
2.513490959666202968e+02 6.579201825571999507e+01 6.036759227650054527e+01
2.518497913769123500e+02 6.574966117882922845e+01 6.032580197458901239e+01
2.523504867872044315e+02 6.570816829478189902e+01 6.028505364685133827e+01
2.528511821974965130e+02 6.566755732431829529e+01 6.024536494650692475e+01
2.533518776077885661e+02 6.562784562496290164e+01 6.020675313794799877e+01
2.538525730180806477e+02 6.558905017705455975e+01 6.016923505133763683e+01
2.543532684283727576e+02 6.555118756744832353e+01 6.013282709075883758e+01
2.548539638386647823e+02 6.551427396157578187e+01 6.009754520394653809e+01
2.553546592489568354e+02 6.547832509646013932e+01 6.006340486715362204e+01
2.558553546592489738e+02 6.544335626092561142e+01 6.003042107001692784e+01
2.563560500695410269e+02 6.540938226998605387e+01 5.999860830624402297e+01
2.568567454798330800e+02 6.537641746018834965e+01 5.996798053636030090e+01
2.573574408901251900e+02 6.534447566632934468e+01 5.993855119702220691e+01
2.578581363004172431e+02 6.531357020632185595e+01 5.991033316492848826e+01
2.583588317107092962e+02 6.528371386023991363e+01 5.988333874285035563e+01
2.588595271210013493e+02 6.525491886566214816e+01 5.985757965497487021e+01
2.593602225312934593e+02 6.522719689438872592e+01 5.983306701314450038e+01
2.598609179415855124e+02 6.520055903381489770e+01 5.980981131336466206e+01
2.603616133518775655e+02 6.517501578925930517e+01 5.978782241019234789e+01
2.608623087621696754e+02 6.515057705136769073e+01 5.976710951207951439e+01
2.613630041724617286e+02 6.512725209611289756e+01 5.974768114994094503e+01
2.618636995827537817e+02 6.510504956384011166e+01 5.972954517948255670e+01
2.623643949930458916e+02 6.508397745461024897e+01 5.971270874860510958e+01
2.628650904033379447e+02 6.506404311190181033e+01 5.969717829973251355e+01
2.633657858136299978e+02 6.504525321562596218e+01 5.968295954070799780e+01
2.638664812239220510e+02 6.502761377048500435e+01 5.967005744479411078e+01
2.643671766342141609e+02 6.501113009665914433e+01 5.965847622971796227e+01
2.648678720445062140e+02 6.499580682049327152e+01 5.964821934370138479e+01
2.653685674547982671e+02 6.498164787915357010e+01 5.963928946429678035e+01
2.658692628650904339e+02 6.496865649035953538e+01 5.963168847976066900e+01
2.663699582753824870e+02 6.495683517333873169e+01 5.962541748439707590e+01
2.668706536856744833e+02 6.494618572787203448e+01 5.962047676924430561e+01
2.673713490959666501e+02 6.493670923662193672e+01 5.961686581159756315e+01
2.678720445062587032e+02 6.492840605581932323e+01 5.961458327268064750e+01
2.683727399165507563e+02 6.492127582923330920e+01 5.961362699298933876e+01
2.688734353268428094e+02 6.491531746954478876e+01 5.961399398763478530e+01
2.693741307371349194e+02 6.491052916998796718e+01 5.961568044517935050e+01
2.698748261474269725e+02 6.490690840900697367e+01 5.961868172065169347e+01
2.703755215577190256e+02 6.490445193628602283e+01 5.962299234718830121e+01
2.708762169680111356e+02 6.490315579952493863e+01 5.962860602788441611e+01
2.713769123783031887e+02 6.490301532814100938e+01 5.963551564394310844e+01
2.718776077885952418e+02 6.490402515655205207e+01 5.964371325583942962e+01
2.723783031988873518e+02 6.490617921719149308e+01 5.965319011729025078e+01
2.728789986091794049e+02 6.490947076029897289e+01 5.966393667176180315e+01
2.733796940194714580e+02 6.491389235624865250e+01 5.967594256993197632e+01
2.738803894297635111e+02 6.491943590369828598e+01 5.968919667551108432e+01
2.743810848400556210e+02 6.492609265287228482e+01 5.970368708037585748e+01
2.748817802503476742e+02 6.493385320090510504e+01 5.971940111853928101e+01
2.753824756606397273e+02 6.494270752210923092e+01 5.973632537779212726e+01
2.758831710709318372e+02 6.495264497146763460e+01 5.975444571600110066e+01
2.763838664812238903e+02 6.496365429627530830e+01 5.977374728322774899e+01
2.768845618915159434e+02 6.497572366815347777e+01 5.979421453569830192e+01
2.773852573018079966e+02 6.498884068304960238e+01 5.981583125908673537e+01
2.778859527121001065e+02 6.500299239092328207e+01 5.983858058714122308e+01
2.783866481223921596e+02 6.501816530505948322e+01 5.986244502729550732e+01
2.788873435326842127e+02 6.503434542593367951e+01 5.988740648162365687e+01
2.793880389429763227e+02 6.505151826449491637e+01 5.991344627245143784e+01
2.798887343532683758e+02 6.506966885206111328e+01 5.994054516796768439e+01
2.803894297635604289e+02 6.508878177058704750e+01 5.996868340783566964e+01
2.808901251738525957e+02 6.510884116896249907e+01 5.999784073055070621e+01
2.813908205841446488e+02 6.512983078862362163e+01 6.002799639905151707e+01
2.818915159944367019e+02 6.515173397985108750e+01 6.005912923680898530e+01
2.823922114047287550e+02 6.517453373203807132e+01 6.009121764412429911e+01
2.828929068150208650e+02 6.519821268649593549e+01 6.012423963712808472e+01
2.833936022253129181e+02 6.522275316905052023e+01 6.015817287339177710e+01
2.838942976356049712e+02 6.524813720401198225e+01 6.019299468219560367e+01
2.843949930458970812e+02 6.527434654444277840e+01 6.022868209246826154e+01
2.848956884561891343e+02 6.530136269427657680e+01 6.026521187120397371e+01
2.853963838664811874e+02 6.532916692228809552e+01 6.030256053510402126e+01
2.858970792767732974e+02 6.535774029934600549e+01 6.034070440238156152e+01
2.863977746870653505e+02 6.538706370772615628e+01 6.037961960498523695e+01
2.868984700973574036e+02 6.541711786905125336e+01 6.041928212643415463e+01
2.873991655076494567e+02 6.544788337223053531e+01 6.045966783092171681e+01
2.878998609179415666e+02 6.547934068277299957e+01 6.050075248601660860e+01
2.884005563282336198e+02 6.551147017771199899e+01 6.054251179351285828e+01
2.889012517385257297e+02 6.554425215608262079e+01 6.058492142086197418e+01
2.894019471488177828e+02 6.557766686453305738e+01 6.062795702241874096e+01
2.899026425591098359e+02 6.561169451827936427e+01 6.067159426388843713e+01
2.904033379694019459e+02 6.564631531740360515e+01 6.071580885783350823e+01
2.909040333796939990e+02 6.568150947130106942e+01 6.076057657706132886e+01
2.914047287899860521e+02 6.571725721265011089e+01 6.080587328169076500e+01
2.919054242002781621e+02 6.575353881254613952e+01 6.085167494359939155e+01
2.924061196105702152e+02 6.579033461193375842e+01 6.089795767785562930e+01
2.929068150208622683e+02 6.582762502277091698e+01 6.094469773922628519e+01
2.934075104311543782e+02 6.586539055014782207e+01 6.099187156757852790e+01
2.939082058414464314e+02 6.590361181440584915e+01 6.103945579253650067e+01
2.944089012517384845e+02 6.594226955230169551e+01 6.108742725312640687e+01
2.949095966620305944e+02 6.598134464494705753e+01 6.113576302571618726e+01
2.954102920723226475e+02 6.602081812130109029e+01 6.118444042838109453e+01
2.959109874826147006e+02 6.606067118261762516e+01 6.123343704244052788e+01
2.964116828929068106e+02 6.610088519778855698e+01 6.128273072039337421e+01
2.969123783031988637e+02 6.614144173011936800e+01 6.133229961296638066e+01
2.974130737134909168e+02 6.618232254198574083e+01 6.138212216695865209e+01
2.979137691237830268e+02 6.622350960763924377e+01 6.143217713715603168e+01
2.984144645340750799e+02 6.626498511728186713e+01 6.148244361536671931e+01
2.989151599443671330e+02 6.630673149045378523e+01 6.153290102401842887e+01
2.994158553546592429e+02 6.634873138418242888e+01 6.158352911848669464e+01
2.999165507649512961e+02 6.639096770229571121e+01 6.163430801648974011e+01
3.004172461752433492e+02 6.643342359600410418e+01 6.168521818702902237e+01
3.009179415855354023e+02 6.647608247496009426e+01 6.173624047076191346e+01
3.014186369958275691e+02 6.651892801206031436e+01 6.178735606836016814e+01
3.019193324061196222e+02 6.656194415334084624e+01 6.183854656059156696e+01
3.024200278164116185e+02 6.660511511535787577e+01 6.188979391131215380e+01
3.029207232267037853e+02 6.664842538926222915e+01 6.194108045433313237e+01
3.034214186369958384e+02 6.669185975258642429e+01 6.199238891952336417e+01
3.039221140472878915e+02 6.673540326749844098e+01 6.204370241385549889e+01
3.044228094575799446e+02 6.677904127614510799e+01 6.209500443895012722e+01
3.049235048678720545e+02 6.682275941345778847e+01 6.214627889122130000e+01
3.054242002781641077e+02 6.686654361195451202e+01 6.219751003335477435e+01
3.059248956884561608e+02 6.691038008544182958e+01 6.224868253941895091e+01
3.064255910987482707e+02 6.695425534793230327e+01 6.229978145237328135e+01
3.069262865090403238e+02 6.699815620142089756e+01 6.235079222492277040e+01
3.074269819193323769e+02 6.704206974767203064e+01 6.240170067018698319e+01
3.079276773296244869e+02 6.708598337890634866e+01 6.245249299640636309e+01
3.084283727399165400e+02 6.712988477663657250e+01 6.250315578496883973e+01
3.089290681502085931e+02 6.717376191836137878e+01 6.255367599735836848e+01
3.094297635605006462e+02 6.721760306941632734e+01 6.260404097573700710e+01
3.099304589707927562e+02 6.726139678588424431e+01 6.265423841151277884e+01
3.104311543810848093e+02 6.730513191343106882e+01 6.270425638389315282e+01
3.109318497913768624e+02 6.734879757391809108e+01 6.275408332441475068e+01
3.114325452016689724e+02 6.739238318271873140e+01 6.280370800961281930e+01
3.119332406119610255e+02 6.743587842892793560e+01 6.285311959423597727e+01
3.124339360222530786e+02 6.747927328671266878e+01 6.290230756830897008e+01
3.129346314325451885e+02 6.752255799464819574e+01 6.295126175146197056e+01
3.134353268428372417e+02 6.756572307070655370e+01 6.299997232259829616e+01
3.139360222531292948e+02 6.760875930294332647e+01 6.304842977655698633e+01
3.144367176634213479e+02 6.765165773669195914e+01 6.309662495188877074e+01
3.149374130737134578e+02 6.769440968969774985e+01 6.314454899549946276e+01
3.154381084840055109e+02 6.773700673523762816e+01 6.319219337239974266e+01
3.159388038942975641e+02 6.777944069746354216e+01 6.323954986221269792e+01
3.164394993045897309e+02 6.782170365489491815e+01 6.328661054185704415e+01
3.169401947148817840e+02 6.786378793110543484e+01 6.333336779777073389e+01
3.174408901251737802e+02 6.790568609879755968e+01 6.337981430277341133e+01
3.179415855354659470e+02 6.794739096688772406e+01 6.342594302188717847e+01
3.184422809457580001e+02 6.798889558094288077e+01 6.347174718934456905e+01
3.189429763560500533e+02 6.803019321554074850e+01 6.351722032954330643e+01
3.194436717663421064e+02 6.807127737237806286e+01 6.356235623349039088e+01
3.199443671766342163e+02 6.811214178365389671e+01 6.360714894792454288e+01
3.204450625869262694e+02 6.815278039577151503e+01 6.365159279201280640e+01
3.209457579972183225e+02 6.819318737166668143e+01 6.369568232447009848e+01
3.214464534075104325e+02 6.823335707916612591e+01 6.373941236029715185e+01
3.219471488178024856e+02 6.827328410728568997e+01 6.378277795236137138e+01
3.224478442280945387e+02 6.831296323596234288e+01 6.382577439209491388e+01
3.229485396383865918e+02 6.835238944418051688e+01 6.386839719394266979e+01
3.234492350486787018e+02 6.839155791588382272e+01 6.391064210903643072e+01
3.239499304589707549e+02 6.843046401306310145e+01 6.395250509601829947e+01
3.244506258692628649e+02 6.846910329913043824e+01 6.399398234141337127e+01
3.249513212795549180e+02 6.850747150280767528e+01 6.403507022004852445e+01
3.254520166898469711e+02 6.854556454024532286e+01 6.407576534336477891e+01
3.259527121001390810e+02 6.858337851036594657e+01 6.411606448607564346e+01
3.264534075104311910e+02 6.862090966692449001e+01 6.415596465296040662e+01
3.269541029207232441e+02 6.865815444703002868e+01 6.419546300262119587e+01
3.274547983310152972e+02 6.869510943709428830e+01 6.423455689253934509e+01
3.279554937413073503e+02 6.873177139029394311e+01 6.427324387950285711e+01
3.284561891515994603e+02 6.876813721522012202e+01 6.431152166601897591e+01
3.289568845618915134e+02 6.880420397384114040e+01 6.434938813304690086e+01
3.294575799721835665e+02 6.883996887480861915e+01 6.438684134489086830e+01
3.299582753824756765e+02 6.887542926821879519e+01 6.442387950118792617e+01
3.304589707927677296e+02 6.891058265347055567e+01 6.446050098980414589e+01
3.309596662030597827e+02 6.894542666267625464e+01 6.449670431960477401e+01
3.314603616133518926e+02 6.897995906721007486e+01 6.453248817764325906e+01
3.319610570236439457e+02 6.901417777014103194e+01 6.456785136576947082e+01
3.324617524339359989e+02 6.904808079430040380e+01 6.460279286524020392e+01
3.329624478442280520e+02 6.908166629857987573e+01 6.463731175773865800e+01
3.334631432545201619e+02 6.911493255770437827e+01 6.467140728743835609e+01
3.339638386648122150e+02 6.914787796921700647e+01 6.470507881769300695e+01
3.344645340751042681e+02 6.918050104416579416e+01 6.473832583220065828e+01
3.349652294853963781e+02 6.921280041117825022e+01 6.477114794941009279e+01
3.354659248956884312e+02 6.924477480598397960e+01 6.480354491320760246e+01
3.359666203059804843e+02 6.927642307025053015e+01 6.483551655755583454e+01
3.364673157162726511e+02 6.930774414692677965e+01 6.486706286062691618e+01
3.369680111265647042e+02 6.933873710003354063e+01 6.489818389442554292e+01
3.374687065368567005e+02 6.936940107741065731e+01 6.492887984579148508e+01
3.379694019471487536e+02 6.939973532468684425e+01 6.495915100760477401e+01
3.384700973574409204e+02 6.942973918178722670e+01 6.498899776048212118e+01
3.389707927677329735e+02 6.945941209224656632e+01 6.501842060617356367e+01
3.394714881780250266e+02 6.948875357759789040e+01 6.504742012035286791e+01
3.399721835883171366e+02 6.951776325134233048e+01 6.507599699157118778e+01
3.404728789986091897e+02 6.954644082011327555e+01 6.510415199830141830e+01
3.409735744089012428e+02 6.957478605573669483e+01 6.513188599031174419e+01
3.414742698191932959e+02 6.960279883015573432e+01 6.515919992617320133e+01
3.419749652294854059e+02 6.963047908749103954e+01 6.518609483541588645e+01
3.424756606397774590e+02 6.965782685044359823e+01 6.521257182864140134e+01
3.429763560500695121e+02 6.968484221330982109e+01 6.523863210725615147e+01
3.434770514603616220e+02 6.971152534867542272e+01 6.526427693814987663e+01
3.439777468706536752e+02 6.973787649926634913e+01 6.528950766992132060e+01
3.444784422809457283e+02 6.976389597562047129e+01 6.531432573084096305e+01
3.449791376912378382e+02 6.978958416249042784e+01 6.533873261750052563e+01
3.454798331015298913e+02 6.981494150545586308e+01 6.536272987356717579e+01
3.459805285118219444e+02 6.983996852256495913e+01 6.538631915679509632e+01
3.464812239221139976e+02 6.986466578978252073e+01 6.540950215054984085e+01
3.469819193324061075e+02 6.988903394273620506e+01 6.543228061952397923e+01
3.474826147426981606e+02 6.991307369228707103e+01 6.545465639709513539e+01
3.479833101529902137e+02 6.993678578902290610e+01 6.547663136302512044e+01
3.484840055632823237e+02 6.996017105207101849e+01 6.549820746561530882e+01
3.489847009735743768e+02 6.998323036385954765e+01 6.551938671419415527e+01
3.494853963838664299e+02 7.000596465163653193e+01 6.554017117047700935e+01
3.499860917941585399e+02 7.002837489605553856e+01 6.556056295787934118e+01
3.504867872044505930e+02 7.005046214310823416e+01 6.558056424638274962e+01
3.509874826147426461e+02 7.007222747996820544e+01 6.560017725486326867e+01
3.514881780250346992e+02 7.009367205303533410e+01 6.561940427612066173e+01
3.519888734353268660e+02 7.011479705236524751e+01 6.563824762802036616e+01
3.524895688456189191e+02 7.013560371718085662e+01 6.565670969176503036e+01
3.529902642559109154e+02 7.015609334001965181e+01 6.567479289957086053e+01
3.534909596662030822e+02 7.017626725847549096e+01 6.569249971891517248e+01
3.539916550764951353e+02 7.019612685789070383e+01 6.570983267016239893e+01
3.544923504867871884e+02 7.021567356086052314e+01 6.572679432666868138e+01
3.549930458970792415e+02 7.023490885051614896e+01 6.574338729116684021e+01
3.554937413073713515e+02 7.025383424258507148e+01 6.575961422075019414e+01
3.559944367176634046e+02 7.027245130285336927e+01 6.577547781534926230e+01
3.564951321279554577e+02 7.029076162737510458e+01 6.579098080708612883e+01
3.569958275382475676e+02 7.030876687274030701e+01 6.580612597726835133e+01
3.574965229485396208e+02 7.032646872056830034e+01 6.582091614351051589e+01
3.579972183588316739e+02 7.034386890646601387e+01 6.583535416671915641e+01
3.584979137691237838e+02 7.036096919965530105e+01 6.584944294730925662e+01
3.589986091794158369e+02 7.037777141257720359e+01 6.586318541960146433e+01
3.594993045897078900e+02 7.039427738925041922e+01 6.587658455764405119e+01
3.600000000000000000e+02 7.041048902142392762e+01 6.588964337652079450e+01
