# lons lats(polar edge) lats(equatorward edge)
0.000000000000000000e+00 7.049595307745039463e+01 6.591860762509168126e+01
5.006954102920723182e-01 7.051154986181063578e+01 6.593122763562132604e+01
1.001390820584144636e+00 7.052690095891011879e+01 6.594356446995516308e+01
1.502086230876216844e+00 7.054200843599392101e+01 6.595562190838973038e+01
2.002781641168289273e+00 7.055687437747837976e+01 6.596740371594205499e+01
2.503477051460361480e+00 7.057150088174967095e+01 6.597891368484124541e+01
3.004172461752433687e+00 7.058589007164118811e+01 6.599015558650717139e+01
3.504867872044505894e+00 7.060004408395616338e+01 6.600113323121331632e+01
4.005563282336578546e+00 7.061396507063182071e+01 6.601185039539996069e+01
4.506258692628650309e+00 7.062765519873937592e+01 6.602231088250118773e+01
5.006954102920722960e+00 7.064111665805103257e+01 6.603251847652427386e+01
5.507649513212795611e+00 7.065435164823429659e+01 6.604247697842947673e+01
6.008344923504867374e+00 7.066736238292651251e+01 6.605219016705814283e+01
6.509040333796940025e+00 7.068015109730185941e+01 6.606166182998276781e+01
7.009735744089011789e+00 7.069272004050435498e+01 6.607089574895508122e+01
7.510431154381083552e+00 7.070507146866293624e+01 6.607989568710036110e+01
8.011126564673157091e+00 7.071720766817452386e+01 6.608866542093164753e+01
8.511821974965229742e+00 7.072913092543603852e+01 6.609720870484306943e+01
9.012517385257300617e+00 7.074084354779915884e+01 6.610552928275137674e+01
9.513212795549373268e+00 7.075234786065993831e+01 6.611363090002851095e+01
1.001390820584144592e+01 7.076364619916421361e+01 6.612151728174649179e+01
1.051460361613352035e+01 7.077474091679323465e+01 6.612919214606517926e+01
1.101529902642559122e+01 7.078563437808770686e+01 6.613665920175844803e+01
1.151599443671766032e+01 7.079632897174451500e+01 6.614392214646795765e+01
1.201668984700973475e+01 7.080682709126267582e+01 6.615098466473864391e+01
1.251738525730180740e+01 7.081713115342427045e+01 6.615785042452625930e+01
1.301808066759388005e+01 7.082724358781706542e+01 6.616452309465967119e+01
1.351877607788595093e+01 7.083716683741658926e+01 6.617100631049834192e+01
1.401947148817802358e+01 7.084690336789935827e+01 6.617730371773359366e+01
1.452016689847009623e+01 7.085645565716549754e+01 6.618341893659089692e+01
1.502086230876216710e+01 7.086582620115950704e+01 6.618935558016528375e+01
1.552155771905424153e+01 7.087501751328818500e+01 6.619511724801850505e+01
1.602225312934631418e+01 7.088403212442062795e+01 6.620070752574247308e+01
1.652294853963838506e+01 7.089287258405238390e+01 6.620612998845172115e+01
1.702364394993045948e+01 7.090154146030545235e+01 6.621138821242493577e+01
1.752433936022252681e+01 7.091004133876413107e+01 6.621648574832943268e+01
1.802503477051460123e+01 7.091837482480332255e+01 6.622142613519099541e+01
1.852573018080667566e+01 7.092654454475268722e+01 6.622621291902032681e+01
1.902642559109874654e+01 7.093455314589664340e+01 6.623084963011206128e+01
1.952712100139081741e+01 7.094240328948944807e+01 6.623533978304476477e+01
2.002781641168289184e+01 7.095009766530711204e+01 6.623968690345645882e+01
2.052851182197496627e+01 7.095763898233417422e+01 6.624389448846341111e+01
2.102920723226704069e+01 7.096502996992785484e+01 6.624796605148003437e+01
2.152990264255910802e+01 7.097227338480297476e+01 6.625190508554806001e+01
2.203059805285118244e+01 7.097937199997249991e+01 6.625571509244036861e+01
2.253129346314325332e+01 7.098632861406076699e+01 6.625939956519869156e+01
2.303198887343532064e+01 7.099314605246763676e+01 6.626296199977514334e+01
2.353268428372739507e+01 7.099982716271188110e+01 6.626640589095768519e+01
2.403337969401946950e+01 7.100637481675948948e+01 6.626973473120597191e+01
2.453407510431154037e+01 7.101279191568028182e+01 6.627295201763627119e+01
2.503477051460361480e+01 7.101908137800637633e+01 6.627606125696911477e+01
2.553546592489568567e+01 7.102524615603033453e+01 6.627906595272361301e+01
2.603616133518776010e+01 7.103128922649193555e+01 6.628196961976937018e+01
2.653685674547983453e+01 7.103721359523478895e+01 6.628477577559533529e+01
2.703755215577190185e+01 7.104302228905726224e+01 6.628748794991406612e+01
2.753824756606397628e+01 7.104871836735401303e+01 6.629010967651265673e+01
2.803894297635604715e+01 7.105430491745937616e+01 6.629264450955088250e+01
2.853963838664812158e+01 7.105978505231905729e+01 6.629509600488017895e+01
2.904033379694019246e+01 7.106516191863920540e+01 6.629746773714214214e+01
2.954102920723226333e+01 7.107043868757318705e+01 6.629976329129203805e+01
3.004172461752433421e+01 7.107561855821404606e+01 6.630198627213030704e+01
3.054242002781640863e+01 7.108070476457942277e+01 6.630414029784515151e+01
3.104311543810848306e+01 7.108570056746248156e+01 6.630622900408707210e+01
3.154381084840055394e+01 7.109060925443191081e+01 6.630825604338679113e+01
3.204450625869262836e+01 7.109543414565268904e+01 6.631022509039394208e+01
3.254520166898469569e+01 7.110017859155777842e+01 6.631213983605630347e+01
3.304589707927677011e+01 7.110484597051981837e+01 6.631400399635094800e+01
3.354659248956884454e+01 7.110943969117943197e+01 6.631582130471724668e+01
3.404728789986091897e+01 7.111396319244522601e+01 6.631759551845971146e+01
3.454798331015298629e+01 7.111841994116548449e+01 6.631933041641968885e+01
3.504867872044505361e+01 7.112281343562062830e+01 6.632102980537820258e+01
3.554937413073713515e+01 7.112714720086660236e+01 6.632269750957857468e+01
3.605006954102920247e+01 7.113142479106318206e+01 6.632433738236795762e+01
3.655076495132127690e+01 7.113564978947397321e+01 6.632595329688410857e+01
3.705146036161335132e+01 7.113982580730225891e+01 6.632754915769692161e+01
3.755215577190541865e+01 7.114395648369099945e+01 6.632912888800274231e+01
3.805285118219749307e+01 7.114804548223037273e+01 6.633069643893759348e+01
3.855354659248956750e+01 7.115209649445023388e+01 6.633225578492056229e+01
3.905424200278163482e+01 7.115611323982011527e+01 6.633381092714625993e+01
3.955493741307371636e+01 7.116009945643600076e+01 6.633536589125651517e+01
4.005563282336578368e+01 7.116405891499016434e+01 6.633692472501206794e+01
4.055632823365785811e+01 7.116799540247302502e+01 6.633849150178502896e+01
4.105702364394993253e+01 7.117191273148637265e+01 6.634007031939472654e+01
4.155771905424199986e+01 7.117581473558675498e+01 6.634166529545109370e+01
4.205841446453408139e+01 7.117970526812132448e+01 6.634328057084712782e+01
4.255910987482614871e+01 7.118358820339199156e+01 6.634492030975889065e+01
4.305980528511821603e+01 7.118746743083465844e+01 6.634658869498889544e+01
4.356050069541029046e+01 7.119134685967583209e+01 6.634828992680195370e+01
4.406119610570236489e+01 7.119523041194770485e+01 6.635002822758178809e+01
4.456189151599443221e+01 7.119912202481646091e+01 6.635180783601026633e+01
4.506258692628650664e+01 7.120302565174642950e+01 6.635363300241078832e+01
4.556328233657857396e+01 7.120694525085855275e+01 6.635550799689735868e+01
4.606397774687064128e+01 7.121088479191530496e+01 6.635743710238966742e+01
4.656467315716272282e+01 7.121484825515653938e+01 6.635942460762817063e+01
4.706536856745479014e+01 7.121883962431456894e+01 6.636147481648731628e+01
4.756606397774686457e+01 7.122286288894247264e+01 6.636359204099062481e+01
4.806675938803893899e+01 7.122692203742917627e+01 6.636578059316161671e+01
4.856745479833100632e+01 7.123102106514852494e+01 6.636804479899365106e+01
4.906815020862308074e+01 7.123516395816113800e+01 6.637038897516686120e+01
4.956884561891514807e+01 7.123935470485594124e+01 6.637281745000291266e+01
5.006954102920722960e+01 7.124359728430863470e+01 6.637533454251024523e+01
5.057023643949929692e+01 7.124789566860999912e+01 6.637794456936899223e+01
5.107093184979137135e+01 7.125225382053758949e+01 6.638065184260267415e+01
5.157162726008345288e+01 7.125667568889912218e+01 6.638346066259327927e+01
5.207232267037552020e+01 7.126116520620416850e+01 6.638637531808126369e+01
5.257301808066758753e+01 7.126572629332076758e+01 6.638940008849385777e+01
5.307371349095966906e+01 7.127036284084897488e+01 6.639253923230353394e+01
5.357440890125173638e+01 7.127507872774731368e+01 6.639579698935631313e+01
5.407510431154380370e+01 7.127987780270632356e+01 6.639917758087176480e+01
5.457579972183587813e+01 7.128476388647686690e+01 6.640268520245808759e+01
5.507649513212795256e+01 7.128974076954182237e+01 6.640632402178380289e+01
5.557719054242002699e+01 7.129481220978777856e+01 6.641009817624944844e+01
5.607788595271209431e+01 7.129998192901257426e+01 6.641401177298757830e+01
5.657858136300416163e+01 7.130525361292529851e+01 6.641806887954953709e+01
5.707927677329624316e+01 7.131063089950475842e+01 6.642227352623376646e+01
5.757997218358831759e+01 7.131611738831270486e+01 6.642662970608580508e+01
5.808066759388038491e+01 7.132171663001645356e+01 6.643114136442090967e+01
5.858136300417245934e+01 7.132743212406057864e+01 6.643581239649574854e+01
5.908205841446452666e+01 7.133326731633860618e+01 6.644064665216501453e+01
5.958275382475660109e+01 7.133922559802886099e+01 6.644564792423989275e+01
6.008344923504866841e+01 7.134531030093785375e+01 6.645081995314467349e+01
6.058414464534074995e+01 7.135152469517197460e+01 6.645616641294691362e+01
6.108484005563281727e+01 7.135787198448088020e+01 6.646169092067066231e+01
6.158553546592489170e+01 7.136435530509334058e+01 6.646739702931154170e+01
6.208623087621696612e+01 7.137097772571723908e+01 6.647328821735936799e+01
6.258692628650903345e+01 7.137774223822634667e+01 6.647936789345476427e+01
6.308762169680110787e+01 7.138465175300370902e+01 6.648563939638916054e+01
6.358831710709318941e+01 7.139170911058317870e+01 6.649210598229910829e+01
6.408901251738525673e+01 7.139891706302296370e+01 6.649877082699458697e+01
6.458970792767732405e+01 7.140627827623393387e+01 6.650563702363069751e+01
6.509040333796939137e+01 7.141379532765131444e+01 6.651270757572274306e+01
6.559109874826147291e+01 7.142147070972714573e+01 6.651998540063868859e+01
6.609179415855354023e+01 7.142930681130383164e+01 6.652747332377839484e+01
6.659248956884562176e+01 7.143730593158397824e+01 6.653517406926039257e+01
6.709318497913768908e+01 7.144547026848886162e+01 6.654309026923510828e+01
6.759388038942975641e+01 7.145380191283766180e+01 6.655122444758671918e+01
6.809457579972183794e+01 7.146230286115314811e+01 6.655957903041053214e+01
6.859527121001390526e+01 7.147097499237861484e+01 6.656815633204314508e+01
6.909596662030597258e+01 7.147982007951941341e+01 6.657695855739075341e+01
6.959666203059803991e+01 7.148883978615049273e+01 6.658598780192915001e+01
7.009735744089010723e+01 7.149803565826732665e+01 6.659524604239049950e+01
7.059805285118218876e+01 7.150740912312176079e+01 6.660473513676333823e+01
7.109874826147427029e+01 7.151696149387862533e+01 6.661445682429257431e+01
7.159944367176633762e+01 7.152669395913835615e+01 6.662441272198702791e+01
7.210013908205840494e+01 7.153660758526530117e+01 6.663460431763451197e+01
7.260083449235048647e+01 7.154670331405941397e+01 6.664503297096598544e+01
7.310152990264255379e+01 7.155698196042794734e+01 6.665569991481970646e+01
7.360222531293462112e+01 7.156744420772884041e+01 6.666660624233554699e+01
7.410292072322670265e+01 7.157809061475563794e+01 6.667775291976067820e+01
7.460361613351876997e+01 7.158892160758841783e+01 6.668914076782311895e+01
7.510431154381083729e+01 7.159993747028056532e+01 6.670077046988080838e+01
7.560500695410290461e+01 7.161113836581353098e+01 6.671264256726499298e+01
7.610570236439498615e+01 7.162252431048545986e+01 6.672475745753399679e+01
7.660639777468706768e+01 7.163409519020933658e+01 6.673711539272699156e+01
7.710709318497913500e+01 7.164585075352806598e+01 6.674971647587153711e+01
7.760778859527120233e+01 7.165779060695786029e+01 6.676256065981942811e+01
7.810848400556326965e+01 7.166991422080900520e+01 6.677564774782877066e+01
7.860917941585533697e+01 7.168222092220094055e+01 6.678897738832529285e+01
7.910987482614743271e+01 7.169470990204717964e+01 6.680254907490234473e+01
7.961057023643950004e+01 7.170738021272700280e+01 6.681636214399259188e+01
8.011126564673156736e+01 7.172023075760807842e+01 6.683041578068878152e+01
8.061196105702363468e+01 7.173326030967291445e+01 6.684470900477390387e+01
8.111265646731571621e+01 7.174646749405656010e+01 6.685924067770611146e+01
8.161335187760779775e+01 7.175985079968813807e+01 6.687400950261871913e+01
8.211404728789986507e+01 7.177340857696253806e+01 6.688901402199189761e+01
8.261474269819193239e+01 7.178713903075549752e+01 6.690425261066775420e+01
8.311543810848399971e+01 7.180104023555759341e+01 6.691972348283525207e+01
8.361613351877606704e+01 7.181511012383271009e+01 6.693542469319436350e+01
8.411682892906816278e+01 7.182934649067465216e+01 6.695135412764284411e+01
8.461752433936023010e+01 7.184374699962791055e+01 6.696750951258945861e+01
8.511821974965229742e+01 7.185830917570274323e+01 6.698388840680490830e+01
8.561891515994436475e+01 7.187303041352424771e+01 6.700048820491429069e+01
8.611961057023643207e+01 7.188790797500405461e+01 6.701730614205371239e+01
8.662030598052849939e+01 7.190293899516109377e+01 6.703433928572121658e+01
8.712100139082058092e+01 7.191812047746498138e+01 6.705158454392585554e+01
8.762169680111264825e+01 7.193344929965678602e+01 6.706903866169523099e+01
8.812239221140472978e+01 7.194892221840564162e+01 6.708669821874718764e+01
8.862308762169679710e+01 7.196453586698044091e+01 6.710455964462380507e+01
8.912378303198886442e+01 7.198028675990644842e+01 6.712261920006494620e+01
8.962447844228094596e+01 7.199617129063699394e+01 6.714087299214224913e+01
9.012517385257301328e+01 7.201218574319500476e+01 6.715931697425912716e+01
9.062586926286508060e+01 7.202832628518808633e+01 6.717794694149415591e+01
9.112656467315714792e+01 7.204458898177836090e+01 6.719675853991429904e+01
9.162726008344921524e+01 7.206096978404093534e+01 6.721574726424660184e+01
9.212795549374128257e+01 7.207746454293373972e+01 6.723490845787819126e+01
9.262865090403337831e+01 7.209406900929752737e+01 6.725423732682611444e+01
9.312934631432544563e+01 7.211077883502002805e+01 6.727372892343919375e+01
9.363004172461751295e+01 7.212758958002086729e+01 6.729337816968109109e+01
9.413073713490958028e+01 7.214449670992325991e+01 6.731317984083216288e+01
9.463143254520164760e+01 7.216149560536723584e+01 6.733312858644421794e+01
9.513212795549372913e+01 7.217858156317379326e+01 6.735321891753483214e+01
9.563282336578581067e+01 7.219574979867320508e+01 6.737344522288549342e+01
9.613351877607787799e+01 7.221299545036163181e+01 6.739380175972837606e+01
9.663421418636994531e+01 7.223031357990112156e+01 6.741428267470109859e+01
9.713490959666201263e+01 7.224769918143283576e+01 6.743488198638442555e+01
9.763560500695409416e+01 7.226514718390535563e+01 6.745559360858533182e+01
9.813630041724616149e+01 7.228265245340298861e+01 6.747641134335208335e+01
9.863699582753822881e+01 7.230020979314576834e+01 6.749732888563084998e+01
9.913769123783029613e+01 7.231781395396683365e+01 6.751833983374308445e+01
9.963838664812239188e+01 7.233545963664073497e+01 6.753943768472890952e+01
1.001390820584144592e+02 7.235314148955512792e+01 6.756061584831695654e+01
1.006397774687065265e+02 7.237085412035230547e+01 6.758186764692436554e+01
1.011404728789985938e+02 7.238859209476504475e+01 6.760318631682093837e+01
1.016411682892906754e+02 7.240634994360152632e+01 6.762456501744236448e+01
1.021418636995827427e+02 7.242412216158118099e+01 6.764599683837514021e+01
1.026425591098748242e+02 7.244190321664791554e+01 6.766747479702826240e+01
1.031432545201669058e+02 7.245968754764180630e+01 6.768899185027476051e+01
1.036439499304589731e+02 7.247746957477647811e+01 6.771054089212339022e+01
1.041446453407510404e+02 7.249524369847495109e+01 6.773211477001677849e+01
1.046453407510431077e+02 7.251300430402625352e+01 6.775370627551819780e+01
1.051460361613351751e+02 7.253074576624203473e+01 6.777530816060971119e+01
1.056467315716272708e+02 7.254846244829241186e+01 6.779691314002047875e+01
1.061474269819193381e+02 7.256614871218334883e+01 6.781851389355506399e+01
1.066481223922114054e+02 7.258379891642834991e+01 6.784010306609343388e+01
1.071488178025034728e+02 7.260140742303337902e+01 6.786167328854571679e+01
1.076495132127955401e+02 7.261896859516855329e+01 6.788321717086728313e+01
1.081502086230876074e+02 7.263647680997382849e+01 6.790472730322289863e+01
1.086509040333796889e+02 7.265392645157407969e+01 6.792619627228486934e+01
1.091515994436717563e+02 7.267131191573571414e+01 6.794761665890473523e+01
1.096522948539638236e+02 7.268862762150820345e+01 6.796898104393403628e+01
1.101529902642559051e+02 7.270586800191085786e+01 6.799028201171677210e+01
1.106536856745479724e+02 7.272302751790266484e+01 6.801151215940262773e+01
1.111543810848400540e+02 7.274010064790491015e+01 6.803266409694697359e+01
1.116550764951321213e+02 7.275708190409932286e+01 6.805373045002124854e+01
1.121557719054241886e+02 7.277396582427900285e+01 6.807470386932618567e+01
1.126564673157162559e+02 7.279074698348995298e+01 6.809557703175596544e+01
1.131571627260083233e+02 7.280741998471785337e+01 6.811634264621898183e+01
1.136578581363004190e+02 7.282397947285789996e+01 6.813699345305576571e+01
1.141585535465924863e+02 7.284042012889403850e+01 6.815752223568051704e+01
1.146592489568845536e+02 7.285673667455557734e+01 6.817792181359618553e+01
1.151599443671766352e+02 7.287292387348134071e+01 6.819818505752846249e+01
1.156606397774686883e+02 7.288897653587628156e+01 6.821830488593332120e+01
1.161613351877607698e+02 7.290488951152656227e+01 6.823827426732532331e+01
1.166620305980528229e+02 7.292065770842600614e+01 6.825808622959084460e+01
1.171627260083449187e+02 7.293627607182133943e+01 6.827773385533146211e+01
1.176634214186370002e+02 7.295173960516694933e+01 6.829721029001302668e+01
1.181641168289290533e+02 7.296704335848335177e+01 6.831650874778642901e+01
1.186648122392211349e+02 7.298218243534211069e+01 6.833562250217437395e+01
1.191655076495132022e+02 7.299715199752245098e+01 6.835454489800395095e+01
1.196662030598052695e+02 7.301194725569803268e+01 6.837326935722740018e+01
1.201668984700973368e+02 7.302656347875017673e+01 6.839178936553435051e+01
1.206675938803894041e+02 7.304099598911125213e+01 6.841009849447073066e+01
1.211682892906814999e+02 7.305524017207790166e+01 6.842819038543166243e+01
1.216689847009735672e+02 7.306929146649781615e+01 6.844605876828791224e+01
1.221696801112656345e+02 7.308314536942634732e+01 6.846369744043113315e+01
1.226703755215577019e+02 7.309679744078312069e+01 6.848110029122108244e+01
1.231710709318497834e+02 7.311024329403880984e+01 6.849826129034408950e+01
1.236717663421418507e+02 7.312347860785666853e+01 6.851517449479797506e+01
1.241724617524339322e+02 7.313649911677930504e+01 6.853183404423543834e+01
1.246731571627260138e+02 7.314930061588529497e+01 6.854823416794897639e+01
1.251738525730180669e+02 7.316187896078918129e+01 6.856436918021427118e+01
1.256745479833101484e+02 7.317423006880562752e+01 6.858023348261849605e+01
1.261752433936022157e+02 7.318634991662111133e+01 6.859582156988108181e+01
1.266759388038942831e+02 7.319823453912977129e+01 6.861112802286879742e+01
1.271766342141863788e+02 7.320988003409001976e+01 6.862614750859574997e+01
1.276773296244784177e+02 7.322128255630377680e+01 6.864087479186491692e+01
1.281780250347705135e+02 7.323243832343723625e+01 6.865530471780584776e+01
1.286787204450625950e+02 7.324334361136425287e+01 6.866943222584450268e+01
1.291794158553546481e+02 7.325399474950972944e+01 6.868325235203155898e+01
1.296801112656467296e+02 7.326438813249114901e+01 6.869676020623228396e+01
1.301808066759387827e+02 7.327452021080534905e+01 6.870995099933861638e+01
1.306815020862308643e+02 7.328438749199267477e+01 6.872282002631618525e+01
1.311821974965229458e+02 7.329398653830867261e+01 6.873536266896917368e+01
1.316828929068149989e+02 7.330331397138070315e+01 6.874757440398025210e+01
1.321835883171070805e+02 7.331236647104378790e+01 6.875945078311997349e+01
1.326842837273991336e+02 7.332114076602738351e+01 6.877098745187322493e+01
1.331849791376912435e+02 7.332963364559691399e+01 6.878218014361846144e+01
1.336856745479833251e+02 7.333784194558393210e+01 6.879302466973240371e+01
1.341863699582753782e+02 7.334576256002765149e+01 6.880351692657495732e+01
1.346870653685674597e+02 7.335339243535418063e+01 6.881365289898167248e+01
1.351877607788595128e+02 7.336072856571990997e+01 6.882342864280144568e+01
1.356884561891515943e+02 7.336776799999643117e+01 6.883284030003051157e+01
1.361891515994436759e+02 7.337450783478561789e+01 6.884188409823036636e+01
1.366898470097357290e+02 7.338094521558377892e+01 6.885055633306546952e+01
1.371905424200278105e+02 7.338707733212504536e+01 6.885885338110892917e+01
1.376912378303198636e+02 7.339290143235120922e+01 6.886677169285758282e+01
1.381919332406119452e+02 7.339841480145696551e+01 6.887430779913484002e+01
1.386926286509039983e+02 7.340361476654652506e+01 6.888145829362838413e+01
1.391933240611960798e+02 7.340849870827514678e+01 6.888821985384493019e+01
1.396940194714881613e+02 7.341306404687929899e+01 6.889458921549885417e+01
1.401947148817802145e+02 7.341730824683327228e+01 6.890056319346695091e+01
1.406954102920723244e+02 7.342122880811803043e+01 6.890613866199782933e+01
1.411961057023643775e+02 7.342482327902689576e+01 6.891131256402513827e+01
1.416968011126564591e+02 7.342808924568817019e+01 6.891608191349587287e+01
1.421974965229485406e+02 7.343102432740852237e+01 6.892044377208731021e+01
1.426981919332405937e+02 7.343362618656829000e+01 6.892439528005706961e+01
1.431988873435326752e+02 7.343589252512902021e+01 6.892793362597512896e+01
1.436995827538247283e+02 7.343782107415609062e+01 6.893105606651442940e+01
1.442002781641168099e+02 7.343940960429608822e+01 6.893375990083950455e+01
1.447009735744088914e+02 7.344065591646358371e+01 6.893604250029238756e+01
1.452016689847009729e+02 7.344155784999020398e+01 6.893790128394539352e+01
1.457023643949930261e+02 7.344211327098309994e+01 6.893933371394450660e+01
1.462030598052851076e+02 7.344232008047401905e+01 6.894033731660965714e+01
1.467037552155771891e+02 7.344217620976269245e+01 6.894090966322619352e+01
1.472044506258692422e+02 7.344167961517814547e+01 6.894104837302802480e+01
1.477051460361613238e+02 7.344082828622777015e+01 6.894075111116035259e+01
1.482058414464534053e+02 7.343962024210486561e+01 6.894001558576928801e+01
1.487065368567454584e+02 7.343805352237541229e+01 6.893883955382261775e+01
1.492072322670375399e+02 7.343612619367195293e+01 6.893722081186933792e+01
1.497079276773296215e+02 7.343383635318605229e+01 6.893515719662173069e+01
1.502086230876216746e+02 7.343118211935507134e+01 6.893264658320913441e+01
1.507093184979137845e+02 7.342816163069801405e+01 6.892968688877954264e+01
1.512100139082058092e+02 7.342477305541979149e+01 6.892627606551468489e+01
1.517107093184979192e+02 7.342101457627722993e+01 6.892241209662824986e+01
1.522114047287899723e+02 7.341688440280267969e+01 6.891809300436943886e+01
1.527121001390820538e+02 7.341238075966248289e+01 6.891331684365650290e+01
1.532127955493741354e+02 7.340750189597019926e+01 6.890808169814772555e+01
1.537134909596661885e+02 7.340224607946584001e+01 6.890238568152835796e+01
1.542141863699582700e+02 7.339661159185925499e+01 6.889622694022091309e+01
1.547148817802503231e+02 7.339059673814335838e+01 6.888960364415379445e+01
1.552155771905424047e+02 7.338419983728090301e+01 6.888251398714328388e+01
1.557162726008344862e+02 7.337741921987617388e+01 6.887495620200479607e+01
1.562169680111265393e+02 7.337025323981652036e+01 6.886692852621035854e+01
1.567176634214186208e+02 7.336270026495913044e+01 6.885842923914151470e+01
1.572183588317106739e+02 7.335475867480272427e+01 6.884945662600057403e+01
1.577190542420027555e+02 7.334642686048755422e+01 6.884000900575028936e+01
1.582197496522948654e+02 7.333770323410863057e+01 6.883008471132325212e+01
1.587204450625868901e+02 7.332858621591003612e+01 6.881968209893511812e+01
1.592211404728790001e+02 7.331907423661323264e+01 6.880879953367821145e+01
1.597218358831710532e+02 7.330916574207367375e+01 6.879743541222251224e+01
1.602225312934631347e+02 7.329885919095249847e+01 6.878558813225663471e+01
1.607232267037552162e+02 7.328815304889576510e+01 6.877325611751712131e+01
1.612239221140472694e+02 7.327704579551937059e+01 6.876043780803865957e+01
1.617246175243393509e+02 7.326553591975243762e+01 6.874713165084085631e+01
1.622253129346314324e+02 7.325362192449392751e+01 6.873333611448015290e+01
1.627260083449234855e+02 7.324130231147864833e+01 6.871904966809506732e+01
1.632267037552155955e+02 7.322857560223201290e+01 6.870427080585341173e+01
1.637273991655076486e+02 7.321544032642850652e+01 6.868899802599753457e+01
1.642280945757997301e+02 7.320189501723507419e+01 6.867322984073962289e+01
1.647287899860917832e+02 7.318793822411680594e+01 6.865696477160508948e+01
1.652294853963838648e+02 7.317356849886709824e+01 6.864020136107410508e+01
1.657301808066759463e+02 7.315878440492087975e+01 6.862293814289569127e+01
1.662308762169679994e+02 7.314358451560838148e+01 6.860517366769909131e+01
1.667315716272600810e+02 7.312796740717021748e+01 6.858690650648622977e+01
1.672322670375521341e+02 7.311193167156307027e+01 6.856813522647553327e+01
1.677329624478442156e+02 7.309547590016154572e+01 6.854885840448969248e+01
1.682336578581363256e+02 7.307859870296670124e+01 6.852907462826533447e+01
1.687343532684283502e+02 7.306129868997959420e+01 6.850878250169171224e+01
1.692350486787204602e+02 7.304357448749942705e+01 6.848798063120466395e+01
1.697357440890125133e+02 7.302542472415370867e+01 6.846666762374934478e+01
1.702364394993045948e+02 7.300684803773765452e+01 6.844484211370127014e+01
1.707371349095966480e+02 7.298784308045287617e+01 6.842250272590445093e+01
1.712378303198887295e+02 7.296840850988519378e+01 6.839964810339279211e+01
1.717385257301808110e+02 7.294854299307917245e+01 6.837627690040517336e+01
1.722392211404728641e+02 7.292824520872090943e+01 6.835238777787435538e+01
1.727399165507649457e+02 7.290751384626491927e+01 6.832797940750151611e+01
1.732406119610569988e+02 7.288634760476998053e+01 6.830305047262936569e+01
1.737413073713490803e+02 7.286474519348121248e+01 6.827759966575013095e+01
1.742420027816411618e+02 7.284270533765084110e+01 6.825162569381700450e+01
1.747426981919332150e+02 7.282022677068016492e+01 6.822512727464254567e+01
1.752433936022252965e+02 7.279730824343278073e+01 6.819810314337428281e+01
1.757440890125173496e+02 7.277394851492135786e+01 6.817055203985273693e+01
1.762447844228094596e+02 7.275014635929255746e+01 6.814247272942066047e+01
1.767454798331015411e+02 7.272590057281195186e+01 6.811386398305967305e+01
1.772461752433935942e+02 7.270120995873003267e+01 6.808472460729444720e+01
1.777468706536856757e+02 7.267607334066997282e+01 6.805505340581203200e+01
1.782475660639777288e+02 7.265048956029932015e+01 6.802484921307677723e+01
1.787482614742698104e+02 7.262445748315076344e+01 6.799411088356191613e+01
1.792489568845618919e+02 7.259797597766737454e+01 6.796283728629259713e+01
1.797496522948539450e+02 7.257104395536589436e+01 6.793102732812894828e+01
1.802503477051460266e+02 7.254366033125552349e+01 6.789867993397547252e+01
1.807510431154380797e+02 7.251582405410590582e+01 6.786579404969143070e+01
1.812517385257301612e+02 7.248753409247728996e+01 6.783236865664275683e+01
1.817524339360222427e+02 7.245878944054129533e+01 6.779840277286621131e+01
1.822531293463142958e+02 7.242958912244648673e+01 6.776389543211462296e+01
1.827538247566063774e+02 7.239993218882591464e+01 6.772884572331076924e+01
1.832545201668984305e+02 7.236981771985301748e+01 6.769325275496794347e+01
1.837552155771905404e+02 7.233924482698785141e+01 6.765711568644019280e+01
1.842559109874825651e+02 7.230821265588747337e+01 6.762043370747687732e+01
1.847566063977746751e+02 7.227672038757009432e+01 6.758320606196048175e+01
1.852573018080667566e+02 7.224476724088890478e+01 6.754543204674246226e+01
1.857579972183588097e+02 7.221235247020376846e+01 6.750711098181182024e+01
1.862586926286508913e+02 7.217947537236614153e+01 6.746824226588341844e+01
1.867593880389429444e+02 7.214613529079360887e+01 6.742882534176442277e+01
1.872600834492350259e+02 7.211233160615665838e+01 6.738885971498075378e+01
1.877607788595271074e+02 7.207806375034851953e+01 6.734834494548249495e+01
1.882614742698191606e+02 7.204333120532101020e+01 6.730728066554274847e+01
1.887621696801112421e+02 7.200813350541284308e+01 6.726566656986233284e+01
1.892628650904032952e+02 7.197247023618547246e+01 6.722350243099481304e+01
1.897635605006953767e+02 7.193634104373631999e+01 6.718078809003327478e+01
1.902642559109874583e+02 7.189974562887800857e+01 6.713752347887475480e+01
1.907649513212795114e+02 7.186268375994404778e+01 6.709370859577302326e+01
1.912656467315716213e+02 7.182515526929637417e+01 6.704934354550186981e+01
1.917663421418636460e+02 7.178716005099704489e+01 6.700442851840034564e+01
1.922670375521557560e+02 7.174869808176299557e+01 6.695896378571615060e+01
1.927677329624478375e+02 7.170976940641412511e+01 6.691294974267930229e+01
1.932684283727398906e+02 7.167037414485821500e+01 6.686638687823415239e+01
1.937691237830319722e+02 7.163051250024000183e+01 6.681927578842714865e+01
1.942698191933240253e+02 7.159018475894117728e+01 6.677161719503328641e+01
1.947705146036161068e+02 7.154939130513230339e+01 6.672341192416479316e+01
1.952712100139081883e+02 7.150813259632559493e+01 6.667466094614337635e+01
1.957719054242002414e+02 7.146640920062782243e+01 6.662536535309027386e+01
1.962726008344923230e+02 7.142422178509877995e+01 6.657552636678428826e+01
1.967732962447844045e+02 7.138157110934844241e+01 6.652514536150829372e+01
1.972739916550764576e+02 7.133845804765587673e+01 6.647422385735535499e+01
1.977746870653685392e+02 7.129488358780508861e+01 6.642276351673626777e+01
1.982753824756605923e+02 7.125084883108502254e+01 6.637076618483388302e+01
1.987760778859527022e+02 7.120635499752825126e+01 6.631823384558356338e+01
1.992767732962447838e+02 7.116140343464212492e+01 6.626516867376903974e+01
1.997774687065368369e+02 7.111599562206538394e+01 6.621157301479524904e+01
2.002781641168289184e+02 7.107013316749362275e+01 6.615744940389686235e+01
2.007788595271209999e+02 7.102381782472366467e+01 6.610280055820749112e+01
2.012795549374130530e+02 7.097705148957902566e+01 6.604762940819182404e+01
2.017802503477051346e+02 7.092983620456652716e+01 6.599193907494463929e+01
2.022809457579971877e+02 7.088217416993575171e+01 6.593573289965843287e+01
2.027816411682892692e+02 7.083406775008188561e+01 6.587901443867576745e+01
2.032823365785813508e+02 7.078551946772495285e+01 6.582178748138812807e+01
2.037830319888734039e+02 7.073653202137211338e+01 6.576405604761657742e+01
2.042837273991654854e+02 7.068710828066105023e+01 6.570582439117697504e+01
2.047844228094575953e+02 7.063725130498642102e+01 6.564709702490927157e+01
2.052851182197496485e+02 7.058696434000739828e+01 6.558787870903597650e+01
2.057858136300417300e+02 7.053625082230428234e+01 6.552817447444522259e+01
2.062865090403338115e+02 7.048511439102003351e+01 6.546798961919830617e+01
2.067872044506258646e+02 7.043355889309896156e+01 6.540732971842498955e+01
2.072878998609179462e+02 7.038158838328672573e+01 6.534620063130842027e+01
2.077885952712099993e+02 7.032920714159263298e+01 6.528460851621912298e+01
2.082892906815020808e+02 7.027641966630471870e+01 6.522255983420745906e+01
2.087899860917941623e+02 7.022323068854166195e+01 6.516006134667532024e+01
2.092906815020862155e+02 7.016964518156601116e+01 6.509712013400258002e+01
2.097913769123782970e+02 7.011566835612757131e+01 6.503374360442376201e+01
2.102920723226703501e+02 7.006130567443324253e+01 6.496993949111765687e+01
2.107927677329624316e+02 7.000656285946024582e+01 6.490571587519934837e+01
2.112934631432545416e+02 6.995144589146366343e+01 6.484108116651168530e+01
2.117941585535465663e+02 6.989596102660289034e+01 6.477604414509823982e+01
2.122948539638386762e+02 6.984011478995671496e+01 6.471061394257685606e+01
2.127955493741307293e+02 6.978391399531392381e+01 6.464480005378118221e+01
2.132962447844228109e+02 6.972736574168084189e+01 6.457861235305881564e+01
2.137969401947148924e+02 6.967047742026625201e+01 6.451206108961468999e+01
2.142976356050069455e+02 6.961325672845123336e+01 6.444515689682430093e+01
2.147983310152990271e+02 6.955571166978916153e+01 6.437791080620354478e+01
2.152990264255910802e+02 6.949785055866232142e+01 6.431033423809549276e+01
2.157997218358831617e+02 6.943968202843097970e+01 6.424243902029684250e+01
2.163004172461752148e+02 6.938121503841830418e+01 6.417423738805791800e+01
2.168011126564672963e+02 6.932245888147735968e+01 6.410574198757512931e+01
2.173018080667593779e+02 6.926342318166280165e+01 6.403696588064758544e+01
2.178025034770514310e+02 6.920411790354410186e+01 6.396792255166201357e+01
2.183031988873435125e+02 6.914455336035462096e+01 6.389862590992106561e+01
2.188038942976355656e+02 6.908474021806614473e+01 6.382909029080747132e+01
2.193045897079276472e+02 6.902468949306057766e+01 6.375933045694819157e+01
2.198052851182197571e+02 6.896441256609978154e+01 6.368936160752764408e+01
2.203059805285118102e+02 6.890392117650480941e+01 6.361919937595939700e+01
2.208066759388038918e+02 6.884322743845405057e+01 6.354885982988616888e+01
2.213073713490959449e+02 6.878234382701339200e+01 6.347835947234398191e+01
2.218080667593880264e+02 6.872128319676266983e+01 6.340771524409046833e+01
2.223087621696801079e+02 6.866005877946736291e+01 6.333694452127656405e+01
2.228094575799721611e+02 6.859868418175028637e+01 6.326606511311820213e+01
2.233101529902642426e+02 6.853717339091235772e+01 6.319509526655292575e+01
2.238108484005562957e+02 6.847554077493259683e+01 6.312405365692666237e+01
2.243115438108483772e+02 6.841380108479643241e+01 6.305295938333711092e+01
2.248122392211404588e+02 6.835196945216739550e+01 6.298183197561866109e+01
2.253129346314325119e+02 6.829006139287957922e+01 6.291069138037255470e+01
2.258136300417245934e+02 6.822809279995271936e+01 6.283955795863857929e+01
2.263143254520166465e+02 6.816607994824880734e+01 6.276845248123845522e+01
2.268150208623087565e+02 6.810403948748717085e+01 6.269739612179091637e+01
2.273157162726008380e+02 6.804198844457278028e+01 6.262641044856263761e+01
2.278164116828928911e+02 6.797994421893963590e+01 6.255551741748331551e+01
2.283171070931849727e+02 6.791792457207338884e+01 6.248473936516074900e+01
2.288178025034770258e+02 6.785594762983964756e+01 6.241409899258269434e+01
2.293184979137691073e+02 6.779403187782736495e+01 6.234361936162440543e+01
2.298191933240611604e+02 6.773219615203561261e+01 6.227332388573540811e+01
2.303198887343532704e+02 6.767045962839620188e+01 6.220323630665643577e+01
2.308205841446453235e+02 6.760884182277368382e+01 6.213338069674773578e+01
2.313212795549373766e+02 6.754736257699551061e+01 6.206378143337769870e+01
2.318219749652294297e+02 6.748604205419542268e+01 6.199446319193793897e+01
2.323226703755215397e+02 6.742490072484361008e+01 6.192545092954514985e+01
2.328233657858135928e+02 6.736395935277687386e+01 6.185676986641465191e+01
2.333240611961056459e+02 6.730323899752693251e+01 6.178844547189055447e+01
2.338247566063977843e+02 6.724276098172413185e+01 6.172050345047591691e+01
2.343254520166898374e+02 6.718254689808236435e+01 6.165296971622137789e+01
2.348261474269818621e+02 6.712261857447447255e+01 6.158587037875531678e+01
2.353268428372740004e+02 6.706299808324547485e+01 6.151923173280647461e+01
2.358275382475660535e+02 6.700370770163135603e+01 6.145308022095105116e+01
2.363282336578581067e+02 6.694476991117699072e+01 6.138744241964286630e+01
2.368289290681501882e+02 6.688620737445307896e+01 6.132234502990013425e+01
2.373296244784422697e+02 6.682804291759384796e+01 6.125781483656010096e+01
2.378303198887343228e+02 6.677029951167060062e+01 6.119387870362243120e+01
2.383310152990264044e+02 6.671300024882657453e+01 6.113056353699630563e+01
2.388317107093184859e+02 6.665616833063540980e+01 6.106789626820227568e+01
2.393324061196105390e+02 6.659982704248977825e+01 6.100590382876089279e+01
2.398331015299026205e+02 6.654399972799001262e+01 6.094461313156625692e+01
2.403337969401946737e+02 6.648870977264596149e+01 6.088405103363311355e+01
2.408344923504867552e+02 6.643398057826561853e+01 6.082424432212701504e+01
2.413351877607788083e+02 6.637983553734375164e+01 6.076521968176803057e+01
2.418358831710709183e+02 6.632629801210714504e+01 6.070700367271183495e+01
2.423365785813629998e+02 6.627339130424661562e+01 6.064962270028172497e+01
2.428372739916550529e+02 6.622113864094717428e+01 6.059310299168555503e+01
2.433379694019471344e+02 6.616956313530681655e+01 6.053747056807605986e+01
2.438386648122392160e+02 6.611868777236668393e+01 6.048275121311871771e+01
2.443393602225312691e+02 6.606853536720154807e+01 6.042897045436529879e+01
2.448400556328233506e+02 6.601912856259150431e+01 6.037615351901604299e+01
2.453407510431154037e+02 6.597048977547092363e+01 6.032432532809889381e+01
2.458414464534074853e+02 6.592264118528692052e+01 6.027351044990336959e+01
2.463421418636995668e+02 6.587560470373136923e+01 6.022373307902580564e+01
2.468428372739916199e+02 6.582940194680122659e+01 6.017501700988486846e+01
2.473435326842837014e+02 6.578405420685885474e+01 6.012738560412526567e+01
2.478442280945758114e+02 6.573958242702065036e+01 6.008086175976768573e+01
2.483449235048678645e+02 6.569600716623244807e+01 6.003546789461961453e+01
2.488456189151599460e+02 6.565334858762798831e+01 5.999122590931347077e+01
2.493463143254520276e+02 6.561162641196278855e+01 5.994815715296408598e+01
2.498470097357440807e+02 6.557085991062922403e+01 5.990628241734793846e+01
2.503477051460361338e+02 6.553106786607531831e+01 5.986562188131483708e+01
2.508484005563282153e+02 6.549226854852167889e+01 5.982619510613130842e+01
2.513490959666202968e+02 6.545447969267843291e+01 5.978802099473523413e+01
2.518497913769123500e+02 6.541771847446216270e+01 5.975111778009431873e+01
2.523504867872044315e+02 6.538200148305622861e+01 5.971550297572957788e+01
2.528511821974965130e+02 6.534734469995601103e+01 5.968119337804364477e+01
2.533518776077885661e+02 6.531376346986507997e+01 5.964820502441125427e+01
2.538525730180806477e+02 6.528127249371027574e+01 5.961655316523956571e+01
2.543532684283727576e+02 6.524988579138880596e+01 5.958625225931155001e+01
2.548539638386647823e+02 6.521961668547010049e+01 5.955731593769723986e+01
2.553546592489568354e+02 6.519047779537504539e+01 5.952975698047066544e+01
2.558553546592489738e+02 6.516248099779477343e+01 5.950358730739662860e+01
2.563560500695410269e+02 6.513563742669066414e+01 5.947881794184195314e+01
2.568567454798330800e+02 6.510995745001127943e+01 5.945545901193963800e+01
2.573574408901251900e+02 6.508545065805083141e+01 5.943351972032087360e+01
2.578581363004172431e+02 6.506212584365857765e+01 5.941300832316028391e+01
2.583588317107092962e+02 6.503999099991051480e+01 5.939393213832499896e+01
2.588595271210013493e+02 6.501905330381123349e+01 5.937629749880852614e+01
2.593602225312934593e+02 6.499931910465238616e+01 5.936010977135720168e+01
2.598609179415855124e+02 6.498079392284853384e+01 5.934537332387390052e+01
2.603616133518775655e+02 6.496348243713146076e+01 5.933209153589541529e+01
2.608623087621696754e+02 6.494738848222186789e+01 5.932026677065277909e+01
2.613630041724617286e+02 6.493251504882937297e+01 5.930990038671279763e+01
2.618636995827537817e+02 6.491886426735436544e+01 5.930099271353083168e+01
2.623643949930458916e+02 6.490643743117107078e+01 5.929354308055462752e+01
2.628650904033379447e+02 6.489523497334448621e+01 5.928754978229972039e+01
2.633657858136299978e+02 6.488525648525683209e+01 5.928301009930419241e+01
2.638664812239220510e+02 6.487650071195093915e+01 5.927992030394943868e+01
2.643671766342141609e+02 6.486896556027932093e+01 5.927827565114694153e+01
2.648678720445062140e+02 6.486264810938155279e+01 5.927807038881564949e+01
2.653685674547982671e+02 6.485754461068427190e+01 5.927929777883673523e+01
2.658692628650904339e+02 6.485365050419932231e+01 5.928195009239698265e+01
2.663699582753824870e+02 6.485096042783698067e+01 5.928601863094354485e+01
2.668706536856744833e+02 6.484946823021164164e+01 5.929149373433301662e+01
2.673713490959666501e+02 6.484916697995504364e+01 5.929836480178619240e+01
2.678720445062587032e+02 6.485004898899933323e+01 5.930662030585790490e+01
2.683727399165507563e+02 6.485210581956198439e+01 5.931624781572008942e+01
2.688734353268428094e+02 6.485532831208547577e+01 5.932723401345992897e+01
2.693741307371349194e+02 6.485970659222221002e+01 5.933956471736291860e+01
2.698748261474269725e+02 6.486523009411757812e+01 5.935322490985254262e+01
2.703755215577190256e+02 6.487188759067794308e+01 5.936819875611672614e+01
2.708762169680111356e+02 6.487966719822725281e+01 5.938446963670412515e+01
2.713769123783031887e+02 6.488855640910333022e+01 5.940202017429965053e+01
2.718776077885952418e+02 6.489854211494093761e+01 5.942083226166414534e+01
2.723783031988873518e+02 6.490961062529822811e+01 5.944088709190236841e+01
2.728789986091794049e+02 6.492174769792472944e+01 5.946216518873097812e+01
2.733796940194714580e+02 6.493493855273118243e+01 5.948464644489558850e+01
2.738803894297635111e+02 6.494916790904244408e+01 5.950831014778214012e+01
2.743810848400556210e+02 6.496442000888055190e+01 5.953313501201319013e+01
2.748817802503476742e+02 6.498067863559117541e+01 5.955909922135742818e+01
2.753824756606397273e+02 6.499792714818613604e+01 5.958618046132596646e+01
2.758831710709318372e+02 6.501614849996985868e+01 5.961435594478371058e+01
2.763838664812238903e+02 6.503532527229981497e+01 5.964360245851548825e+01
2.768845618915159434e+02 6.505543969786958769e+01 5.967389639582233940e+01
2.773852573018079966e+02 6.507647368573816493e+01 5.970521378446119343e+01
2.778859527121001065e+02 6.509840885276207700e+01 5.973753033553930436e+01
2.783866481223921596e+02 6.512122653989354149e+01 5.977082146214070235e+01
2.788873435326842127e+02 6.514490784710505977e+01 5.980506232589232241e+01
2.793880389429763227e+02 6.516943365667248145e+01 5.984022786723198806e+01
2.798887343532683758e+02 6.519478465296560898e+01 5.987629283684054826e+01
2.803894297635604289e+02 6.522094135737279430e+01 5.991323183522308682e+01
2.808901251738525957e+02 6.524788414459908381e+01 5.995101933948444639e+01
2.813908205841446488e+02 6.527559326362097636e+01 5.998962973359721218e+01
2.818915159944367019e+02 6.530404887261101976e+01 6.002903734914707456e+01
2.823922114047287550e+02 6.533323105290764943e+01 6.006921647930266772e+01
2.828929068150208650e+02 6.536311982764163986e+01 6.011014142421754514e+01
2.833936022253129181e+02 6.539369519782485440e+01 6.015178650965663110e+01
2.838942976356049712e+02 6.542493714467855170e+01 6.019412612192081724e+01
2.843949930458970812e+02 6.545682566222967580e+01 6.023713471832434152e+01
2.848956884561891343e+02 6.548934077244484797e+01 6.028078687143261050e+01
2.853963838664811874e+02 6.552246254269266501e+01 6.032505728070373152e+01
2.858970792767732974e+02 6.555617110437015072e+01 6.036992080042818998e+01
2.863977746870653505e+02 6.559044667385751382e+01 6.041535245951945399e+01
2.868984700973574036e+02 6.562526956066722050e+01 6.046132747548381303e+01
2.873991655076494567e+02 6.566062019072705880e+01 6.050782129167328094e+01
2.878998609179415666e+02 6.569647911103675142e+01 6.055480957379313622e+01
2.884005563282336198e+02 6.573282701993593946e+01 6.060226824482651864e+01
2.889012517385257297e+02 6.576964476244756952e+01 6.065017348503442918e+01
2.894019471488177828e+02 6.580691335356095806e+01 6.069850175756710087e+01
2.899026425591098359e+02 6.584461398521671072e+01 6.074722982126968418e+01
2.904033379694019459e+02 6.588272804260486737e+01 6.079633474232377921e+01
2.909040333796939990e+02 6.592123710416490212e+01 6.084579389890404855e+01
2.914047287899860521e+02 6.596012296021217480e+01 6.089558499281974946e+01
2.919054242002781621e+02 6.599936762399738654e+01 6.094568607279779826e+01
2.924061196105702152e+02 6.603895332530373707e+01 6.099607552749785100e+01
2.929068150208622683e+02 6.607886253256583586e+01 6.104673209948214208e+01
2.934075104311543782e+02 6.611907795228762552e+01 6.109763488492444594e+01
2.939082058414464314e+02 6.615958253660937771e+01 6.114876335340068181e+01
2.944089012517384845e+02 6.620035949116572738e+01 6.120009733246388350e+01
2.949095966620305944e+02 6.624139227624982595e+01 6.125161703092726384e+01
2.954102920723226475e+02 6.628266460914164782e+01 6.130330303566279326e+01
2.959109874826147006e+02 6.632416048506274819e+01 6.135513629995966767e+01
2.964116828929068106e+02 6.636586415302008390e+01 6.140709817175502394e+01
2.969123783031988637e+02 6.640776013559661806e+01 6.145917036744049256e+01
2.974130737134909168e+02 6.644983323360793293e+01 6.151133499863772158e+01
2.979137691237830268e+02 6.649206852377392352e+01 6.156357454860608414e+01
2.984144645340750799e+02 6.653445135173387825e+01 6.161587188861358300e+01
2.989151599443671330e+02 6.657696734718047082e+01 6.166821025687295332e+01
2.994158553546592429e+02 6.661960241949418560e+01 6.172057329353901878e+01
2.999165507649512961e+02 6.666234275134047493e+01 6.177294499383333459e+01
3.004172461752433492e+02 6.670517481205752119e+01 6.182530974064047768e+01
3.009179415855354023e+02 6.674808534135809168e+01 6.187765227947875246e+01
3.014186369958275691e+02 6.679106136824702844e+01 6.192995772894119000e+01
3.019193324061196222e+02 6.683409018832026049e+01 6.198221157734860753e+01
3.024200278164116185e+02 6.687715937773464248e+01 6.203439966041241860e+01
3.029207232267037853e+02 6.692025679582729936e+01 6.208650819223021244e+01
3.034214186369958384e+02 6.696337056183256209e+01 6.213852372101155197e+01
3.039221140472878915e+02 6.700648907874710858e+01 6.219043316051011061e+01
3.044228094575799446e+02 6.704960101470351219e+01 6.224222375975568866e+01
3.049235048678720545e+02 6.709269530791789293e+01 6.229388311207640072e+01
3.054242002781641077e+02 6.713576115388423204e+01 6.234539914462129673e+01
3.059248956884561608e+02 6.717878802865743637e+01 6.239676012709151109e+01
3.064255910987482707e+02 6.722176565160043538e+01 6.244795463426679305e+01
3.069262865090403238e+02 6.726468401390593499e+01 6.249897158734209768e+01
3.074269819193323769e+02 6.730753335531335324e+01 6.254980020944496744e+01
3.079276773296244869e+02 6.735030416992958635e+01 6.260043004082983487e+01
3.084283727399165400e+02 6.739298720055376180e+01 6.265085092301016800e+01
3.089290681502085931e+02 6.743557343867723830e+01 6.270105300550351046e+01
3.094297635605006462e+02 6.747805412070010789e+01 6.275102674139854741e+01
3.099304589707927562e+02 6.752042072502081282e+01 6.280076286516343487e+01
3.104311543810848093e+02 6.756266495821182616e+01 6.285025240090401155e+01
3.109318497913768624e+02 6.760477877015364356e+01 6.289948666170896274e+01
3.114325452016689724e+02 6.764675434006494470e+01 6.294845722664869925e+01
3.119332406119610255e+02 6.768858407912193798e+01 6.299715596885259572e+01
3.124339360222530786e+02 6.773026061008567922e+01 6.304557500575508300e+01
3.129346314325451885e+02 6.777177679116721265e+01 6.309370673138953123e+01
3.134353268428372417e+02 6.781312568808789365e+01 6.314154380344159279e+01
3.139360222531292948e+02 6.785430059125064872e+01 6.318907912348701927e+01
3.144367176634213479e+02 6.789529498954652809e+01 6.323630584863319370e+01
3.149374130737134578e+02 6.793610259480192326e+01 6.328321738628044102e+01
3.154381084840055109e+02 6.797671730568981729e+01 6.332980737733346643e+01
3.159388038942975641e+02 6.801713324090815149e+01 6.337606969932717504e+01
3.164394993045897309e+02 6.805734469799790531e+01 6.342199847890920239e+01
3.169401947148817840e+02 6.809734618535730988e+01 6.346758805072791176e+01
3.174408901251737802e+02 6.813713239750359207e+01 6.351283297731465893e+01
3.179415855354659470e+02 6.817669820750597864e+01 6.355772807120270329e+01
3.184422809457580001e+02 6.821603868401143700e+01 6.360226832653320628e+01
3.189429763560500533e+02 6.825514907727483660e+01 6.364644896794966655e+01
3.194436717663421064e+02 6.829402480984572321e+01 6.369026542731485563e+01
3.199443671766342163e+02 6.833266148238908499e+01 6.373371334138251143e+01
3.204450625869262694e+02 6.837105486408108845e+01 6.377678855296149152e+01
3.209457579972183225e+02 6.840920090075815096e+01 6.381948710160254734e+01
3.214464534075104325e+02 6.844709569803671911e+01 6.386180522099716939e+01
3.219471488178024856e+02 6.848473552131326869e+01 6.390373934681743151e+01
3.224478442280945387e+02 6.852211680245818570e+01 6.394528609390586382e+01
3.229485396383865918e+02 6.855923612701008096e+01 6.398644227690279251e+01
3.234492350486787018e+02 6.859609023068333045e+01 6.402720486318908399e+01
3.239499304589707549e+02 6.863267600591643713e+01 6.406757102852903074e+01
3.244506258692628649e+02 6.866899048499180935e+01 6.410753812444677635e+01
3.249513212795549180e+02 6.870503085356904194e+01 6.414710365970900341e+01
3.254520166898469711e+02 6.874079443245864240e+01 6.418626533173888049e+01
3.259527121001390810e+02 6.877627868635318009e+01 6.422502098656191549e+01
3.264534075104311910e+02 6.881148121284059016e+01 6.426336864973787044e+01
3.269541029207232441e+02 6.884639974182209698e+01 6.430130651253644203e+01
3.274547983310152972e+02 6.888103214056900470e+01 6.433883290670787858e+01
3.279554937413073503e+02 6.891537639509624569e+01 6.437594633715202974e+01
3.284561891515994603e+02 6.894943062646052567e+01 6.441264546640236688e+01
3.289568845618915134e+02 6.898319306980556576e+01 6.444892909192499530e+01
3.294575799721835665e+02 6.901666208600363461e+01 6.448479617294874799e+01
3.299582753824756765e+02 6.904983615467062918e+01 6.452024581075224319e+01
3.304589707927677296e+02 6.908271386252454249e+01 6.455527724571570047e+01
3.309596662030597827e+02 6.911529391502699582e+01 6.458988987204779164e+01
3.314603616133518926e+02 6.914757512939831940e+01 6.462408321681127177e+01
3.319610570236439457e+02 6.917955642414017348e+01 6.465785693614438401e+01
3.324617524339359989e+02 6.921123682994948467e+01 6.469121082544720025e+01
3.329624478442280520e+02 6.924261547400237760e+01 6.472414482709413619e+01
3.334631432545201619e+02 6.927369159072259208e+01 6.475665897455459685e+01
3.339638386648122150e+02 6.930446450373710832e+01 6.478875347737616153e+01
3.344645340751042681e+02 6.933493364377500257e+01 6.482042863125374765e+01
3.349652294853963781e+02 6.936509852538438281e+01 6.485168486254028153e+01
3.354659248956884312e+02 6.939495875740976771e+01 6.488252273646853041e+01
3.359666203059804843e+02 6.942451403717132052e+01 6.491294291172395958e+01
3.364673157162726511e+02 6.945376415744976839e+01 6.494294617627035393e+01
3.369680111265647042e+02 6.948270898291229969e+01 6.497253342135097398e+01
3.374687065368567005e+02 6.951134847252251348e+01 6.500170566576956332e+01
3.379694019471487536e+02 6.953968265829462325e+01 6.503046401663299036e+01
3.384700973574409204e+02 6.956771165286045289e+01 6.505880970394785834e+01
3.389707927677329735e+02 6.959543564641353441e+01 6.508674404951010217e+01
3.394714881780250266e+02 6.962285490292561008e+01 6.511426847795222272e+01
3.399721835883171366e+02 6.964996976363909198e+01 6.514138453074950519e+01
3.404728789986091897e+02 6.967678063600760652e+01 6.516809382376480642e+01
3.409735744089012428e+02 6.970328799733397318e+01 6.519439808226410094e+01
3.414742698191932959e+02 6.972949238778528525e+01 6.522029911766979637e+01
3.419749652294854059e+02 6.975539442552690161e+01 6.524579884443186018e+01
3.424756606397774590e+02 6.978099477878276957e+01 6.527089924510322305e+01
3.429763560500695121e+02 6.980629417980526341e+01 6.529560239911846509e+01
3.434770514603616220e+02 6.983129343418841017e+01 6.531991047769155045e+01
3.439777468706536752e+02 6.985599338419706328e+01 6.534382572382058640e+01
3.444784422809457283e+02 6.988039494951226516e+01 6.536735046290162643e+01
3.449791376912378382e+02 6.990449908997834427e+01 6.539048710007521947e+01
3.454798331015298913e+02 6.992830682655767305e+01 6.541323811187824333e+01
3.459805285118219444e+02 6.995181922794290585e+01 6.543560604907754907e+01
3.464812239221139976e+02 6.997503741870605154e+01 6.545759354129616270e+01
3.469819193324061075e+02 6.999796256445551990e+01 6.547920328209359297e+01
3.474826147426981606e+02 7.002059588056727080e+01 6.550043801952627120e+01
3.479833101529902137e+02 7.004293863393104402e+01 6.552130058106770605e+01
3.484840055632823237e+02 7.006499213130882708e+01 6.554179385818345338e+01
3.489847009735743768e+02 7.008675771729758708e+01 6.556192078675879031e+01
3.494853963838664299e+02 7.010823679120949237e+01 6.558168437845809251e+01
3.499860917941585399e+02 7.012943077913223533e+01 6.560108768278071523e+01
3.504867872044505930e+02 7.015034115255548386e+01 6.562013382433215725e+01
3.509874826147426461e+02 7.017096942167700035e+01 6.563882595269242870e+01
3.514881780250346992e+02 7.019131712958187563e+01 6.565716729840497123e+01
3.519888734353268660e+02 7.021138585515291197e+01 6.567516110014403807e+01
3.524895688456189191e+02 7.023117721248854650e+01 6.569281068505952703e+01
3.529902642559109154e+02 7.025069285352219595e+01 6.571011938219308490e+01
3.534909596662030822e+02 7.026993444823165191e+01 6.572709059698391343e+01
3.539916550764951353e+02 7.028890371694433270e+01 6.574372773996438468e+01
3.544923504867871884e+02 7.030760239133815048e+01 6.576003428438107790e+01
3.549930458970792415e+02 7.032603224296326516e+01 6.577601372619520248e+01
3.554937413073713515e+02 7.034419506461563287e+01 6.579166960209968806e+01
3.559944367176634046e+02 7.036209268226957647e+01 6.580700546276185037e+01
3.564951321279554577e+02 7.037972694139898522e+01 6.582202490250475080e+01
3.569958275382475676e+02 7.039709971629054053e+01 6.583673152903921277e+01
3.574965229485396208e+02 7.041421290596917970e+01 6.585112899373180539e+01
3.579972183588316739e+02 7.043106842895940645e+01 6.586522094736702115e+01
3.584979137691237838e+02 7.044766823267127620e+01 6.587901107885537044e+01
3.589986091794158369e+02 7.046401428059471073e+01 6.589250309208205181e+01
3.594993045897078900e+02 7.048010855913889827e+01 6.590570069424779831e+01
3.600000000000000000e+02 7.049595307792333188e+01 6.591860763071076690e+01
