# lons lats(polar edge) lats(equatorward edge)
0.000000000000000000e+00 7.052657793299295008e+01 6.590369191649369895e+01
5.006954102920723182e-01 7.054086483514402062e+01 6.591314016189426184e+01
1.001390820584144636e+00 7.055486622697208077e+01 6.592226433483301662e+01
1.502086230876216844e+00 7.056858518591616303e+01 6.593106938448505616e+01
2.002781641168289273e+00 7.058202482841443270e+01 6.593956029644891714e+01
2.503477051460361480e+00 7.059518830000888556e+01 6.594774210962191319e+01
3.004172461752433687e+00 7.060807878116611391e+01 6.595561989894326871e+01
3.504867872044505894e+00 7.062069948727730662e+01 6.596319878726922070e+01
4.005563282336578546e+00 7.063305366865824908e+01 6.597048392597776001e+01
4.506258692628650309e+00 7.064514460822101682e+01 6.597748052407246178e+01
5.006954102920722960e+00 7.065697562147397548e+01 6.598419381558619534e+01
5.507649513212795611e+00 7.066855005885008723e+01 6.599062908693872487e+01
6.008344923504867374e+00 7.067987130454275757e+01 6.599679164841495549e+01
6.509040333796940025e+00 7.069094277650583535e+01 6.600268686443291699e+01
7.009735744089011789e+00 7.070176791830454022e+01 6.600832011803709065e+01
7.510431154381083552e+00 7.071235022007022053e+01 6.601369684349469935e+01
8.011126564673157091e+00 7.072269319521728903e+01 6.601882251228948917e+01
8.511821974965229742e+00 7.073280038859229535e+01 6.602370261464079704e+01
9.012517385257300617e+00 7.074267538564163260e+01 6.602834268722494926e+01
9.513212795549373268e+00 7.075232180135208182e+01 6.603274830066061440e+01
1.001390820584144592e+01 7.076174327704939060e+01 6.603692504244668271e+01
1.051460361613352035e+01 7.077094349844264798e+01 6.604087855567036058e+01
1.101529902642559122e+01 7.077992616986739449e+01 6.604461448749339070e+01
1.151599443671766032e+01 7.078869503756868653e+01 6.604813852829670395e+01
1.201668984700973475e+01 7.079725387573125772e+01 6.605145640338582780e+01
1.251738525730180740e+01 7.080560649113613181e+01 6.605457384941678356e+01
1.301808066759388005e+01 7.081375671733985655e+01 6.605749662836592506e+01
1.351877607788595093e+01 7.082170842748018913e+01 6.606023054499223690e+01
1.401947148817802358e+01 7.082946551914210431e+01 6.606278140958443146e+01
1.452016689847009623e+01 7.083703192367102019e+01 6.606515505746051531e+01
1.502086230876216710e+01 7.084441160151618533e+01 6.606735735595270853e+01
1.552155771905424153e+01 7.085160854164860211e+01 6.606939417006492477e+01
1.602225312934631418e+01 7.085862676505348645e+01 6.607127140438228707e+01
1.652294853963838506e+01 7.086547032356611453e+01 6.607299496901964631e+01
1.702364394993045948e+01 7.087214329288690351e+01 6.607457079140863243e+01
1.752433936022252681e+01 7.087864978131256066e+01 6.607600480931273523e+01
1.802503477051460123e+01 7.088499392740777694e+01 6.607730297519287888e+01
1.852573018080667566e+01 7.089117988952784799e+01 6.607847125417015377e+01
1.902642559109874654e+01 7.089721186095266603e+01 6.607951561485810998e+01
1.952712100139081741e+01 7.090309405940934084e+01 6.608044203867598299e+01
2.002781641168289184e+01 7.090883072765427642e+01 6.608125650762508485e+01
2.052851182197496627e+01 7.091442613580147736e+01 6.608196501069164697e+01
2.102920723226704069e+01 7.091988457783008926e+01 6.608257353453359428e+01
2.152990264255910802e+01 7.092521037391270511e+01 6.608308807162961784e+01
2.203059805285118244e+01 7.093040786634082906e+01 6.608351460689141277e+01
2.253129346314325332e+01 7.093548142127110623e+01 6.608385912872313384e+01
2.303198887343532064e+01 7.094043542756116949e+01 6.608412761505155686e+01
2.353268428372739507e+01 7.094527429560548626e+01 6.608432603798269156e+01
2.403337969401946950e+01 7.095000245966366492e+01 6.608446035914516870e+01
2.453407510431154037e+01 7.095462436680099927e+01 6.608453653434685293e+01
2.503477051460361480e+01 7.095914449318661354e+01 6.608456050018708083e+01
2.553546592489568567e+01 7.096356732546701096e+01 6.608453818104158017e+01
2.603616133518776010e+01 7.096789737124345265e+01 6.608447548731624011e+01
2.653685674547983453e+01 7.097213915674365126e+01 6.608437830496973220e+01
2.703755215577190185e+01 7.097629721983685158e+01 6.608425250424465958e+01
2.753824756606397628e+01 7.098037611701874994e+01 6.608410393151848439e+01
2.803894297635604715e+01 7.098438041526242159e+01 6.608393840290068511e+01
2.853963838664812158e+01 7.098831469551078044e+01 6.608376171703844193e+01
2.904033379694019246e+01 7.099218355034827255e+01 6.608357963881849173e+01
2.954102920723226333e+01 7.099599158400087617e+01 6.608339790053128127e+01
3.004172461752433421e+01 7.099974340651533566e+01 6.608322220652758006e+01
3.054242002781640863e+01 7.100344363957992755e+01 6.608305822157694820e+01
3.104311543810848306e+01 7.100709691070369445e+01 6.608291157901680890e+01
3.154381084840055394e+01 7.101070784855983220e+01 6.608278786794676307e+01
3.204450625869262836e+01 7.101428109579137526e+01 6.608269264254181508e+01
3.254520166898469569e+01 7.101782128572813235e+01 6.608263141041084054e+01
3.304589707927677011e+01 7.102133306334144436e+01 6.608260963492489282e+01
3.354659248956884454e+01 7.102482106661773287e+01 6.608263273638135615e+01
3.404728789986091897e+01 7.102828993820003234e+01 6.608270608618317965e+01
3.454798331015298629e+01 7.103174431374645792e+01 6.608283500451057080e+01
3.504867872044505361e+01 7.103518882716889493e+01 6.608302475682853583e+01
3.554937413073713515e+01 7.103862810131977312e+01 6.608328056320010546e+01
3.605006954102920247e+01 7.104206676079775207e+01 6.608360758315234307e+01
3.655076495132127690e+01 7.104550941099296324e+01 6.608401091916880432e+01
3.705146036161335132e+01 7.104896065729553811e+01 6.608449561668953720e+01
3.755215577190541865e+01 7.105242508414085023e+01 6.608506666294692877e+01
3.805285118219749307e+01 7.105590726432274096e+01 6.608572897998078588e+01
3.855354659248956750e+01 7.105941175899351947e+01 6.608648743045910123e+01
3.905424200278163482e+01 7.106294310951489024e+01 6.608734680836482767e+01
3.955493741307371636e+01 7.106650583745795302e+01 6.608831184830910388e+01
4.005563282336578368e+01 7.107010444460320286e+01 6.608938721156141582e+01
4.055632823365785811e+01 7.107374340944807045e+01 6.609057749303451601e+01
4.105702364394993253e+01 7.107742718953522854e+01 6.609188722128442350e+01
4.155771905424199986e+01 7.108116021446767263e+01 6.609332084803304497e+01
4.205841446453408139e+01 7.108494688358041458e+01 6.609488275864555362e+01
4.255910987482614871e+01 7.108879156943294220e+01 6.609657726165301028e+01
4.305980528511821603e+01 7.109269861431675963e+01 6.609840859573728267e+01
4.356050069541029046e+01 7.109667232676292770e+01 6.610038091808951322e+01
4.406119610570236489e+01 7.110071697688545100e+01 6.610249831721580449e+01
4.456189151599443221e+01 7.110483680103789084e+01 6.610476480245984021e+01
4.506258692628650664e+01 7.110903599482844584e+01 6.610718430633119169e+01
4.556328233657857396e+01 7.111331871661241166e+01 6.610976067984870497e+01
4.606397774687064128e+01 7.111768907817895524e+01 6.611249770185372654e+01
4.656467315716272282e+01 7.112215114940772764e+01 6.611539906504026476e+01
4.706536856745479014e+01 7.112670895128394477e+01 6.611846838759652201e+01
4.756606397774686457e+01 7.113136646055500023e+01 6.612170920621997539e+01
4.806675938803893899e+01 7.113612760041723959e+01 6.612512497611737672e+01
4.856745479833100632e+01 7.114099624284426682e+01 6.612871907100475255e+01
4.906815020862308074e+01 7.114597620742279105e+01 6.613249478543571058e+01
4.956884561891514807e+01 7.115107125436770730e+01 6.613645532781652037e+01
5.006954102920722960e+01 7.115628509150701575e+01 6.614060383437595192e+01
5.057023643949929692e+01 7.116162136264028959e+01 6.614494334821051780e+01
5.107093184979137135e+01 7.116708364870282821e+01 6.614947683674677137e+01
5.157162726008345288e+01 7.117267547591472976e+01 6.615420718242808107e+01
5.207232267037552020e+01 7.117840029482613318e+01 6.615913719202785614e+01
5.257301808066758753e+01 7.118426149894366972e+01 6.616426957569478873e+01
5.307371349095966906e+01 7.119026240144739859e+01 6.616960697954914394e+01
5.357440890125173638e+01 7.119640625614556484e+01 6.617515195075816337e+01
5.407510431154380370e+01 7.120269623651984148e+01 6.618090696547574225e+01
5.457579972183587813e+01 7.120913544736686163e+01 6.618687441487259093e+01
5.507649513212795256e+01 7.121572691432083957e+01 6.619305660251689005e+01
5.557719054242002699e+01 7.122247358268941753e+01 6.619945575601582277e+01
5.607788595271209431e+01 7.122937832676689140e+01 6.620607402294103849e+01
5.657858136300416163e+01 7.123644392655114643e+01 6.621291345685881424e+01
5.707927677329624316e+01 7.124367309219087474e+01 6.621997604614284683e+01
5.757997218358831759e+01 7.125106844303081743e+01 6.622726368370626915e+01
5.808066759388038491e+01 7.125863250761176459e+01 6.623477818795640815e+01
5.858136300417245934e+01 7.126636773764039390e+01 6.624252129697401870e+01
5.908205841446452666e+01 7.127427648587035947e+01 6.625049465920005787e+01
5.958275382475660109e+01 7.128236101774382405e+01 6.625869984856967676e+01
6.008344923504866841e+01 7.129062350207823329e+01 6.626713835869145441e+01
6.058414464534074995e+01 7.129906602037954144e+01 6.627581159469832528e+01
6.108484005563281727e+01 7.130769055170821957e+01 6.628472088488911140e+01
6.158553546592489170e+01 7.131649898199248128e+01 6.629386747840021599e+01
6.208623087621696612e+01 7.132549309704336338e+01 6.630325253589239765e+01
6.258692628650903345e+01 7.133467457789811306e+01 6.631287714002814937e+01
6.308762169680110787e+01 7.134404501246172003e+01 6.632274229547169853e+01
6.358831710709318941e+01 7.135360588037292473e+01 6.633284891433709163e+01
6.408901251738525673e+01 7.136335855649667792e+01 6.634319783597879905e+01
6.458970792767732405e+01 7.137330431441660039e+01 6.635378981185772318e+01
6.509040333796939137e+01 7.138344431595760398e+01 6.636462551252611775e+01
6.559109874826147291e+01 7.139377961817081086e+01 6.637570552238889832e+01
6.609179415855354023e+01 7.140431116751278751e+01 6.638703034319610197e+01
6.659248956884562176e+01 7.141503980333800428e+01 6.639860039578911710e+01
6.709318497913768908e+01 7.142596624509315006e+01 6.641041600845915127e+01
6.759388038942975641e+01 7.143709111210773699e+01 6.642247742975291658e+01
6.809457579972183794e+01 7.144841489798272960e+01 6.643478481799525071e+01
6.859527121001390526e+01 7.145993799387360923e+01 6.644733824652780640e+01
6.909596662030597258e+01 7.147166066753561608e+01 6.646013770138074506e+01
6.959666203059803991e+01 7.148358307380112819e+01 6.647318307428781736e+01
7.009735744089010723e+01 7.149570524759474210e+01 6.648647417898450840e+01
7.059805285118218876e+01 7.150802711557480507e+01 6.650001072443251360e+01
7.109874826147427029e+01 7.152054847285035066e+01 6.651379233810280311e+01
7.159944367176633762e+01 7.153326900742831640e+01 6.652781855462512794e+01
7.210013908205840494e+01 7.154618828391539864e+01 6.654208880763894740e+01
7.260083449235048647e+01 7.155930574584635906e+01 6.655660244201703790e+01
7.310152990264255379e+01 7.157262071801233105e+01 6.657135870804472688e+01
7.360222531293462112e+01 7.158613240878912620e+01 6.658635675356185857e+01
7.410292072322670265e+01 7.159983989849570207e+01 6.660159563560432616e+01
7.460361613351876997e+01 7.161374215336400084e+01 6.661707430294177357e+01
7.510431154381083729e+01 7.162783801738987677e+01 6.663279161470404688e+01
7.560500695410290461e+01 7.164212621116894297e+01 6.664874631593397680e+01
7.610570236439498615e+01 7.165660533888149075e+01 6.666493706087044302e+01
7.660639777468706768e+01 7.167127388014341705e+01 6.668136239432192269e+01
7.710709318497913500e+01 7.168613019582699053e+01 6.669802075166649047e+01
7.760778859527120233e+01 7.170117253155331127e+01 6.671491047049335066e+01
7.810848400556326965e+01 7.171639900605077855e+01 6.673202977197638575e+01
7.860917941585533697e+01 7.173180762396077625e+01 6.674937677251568857e+01
7.910987482614743271e+01 7.174739626652444713e+01 6.676694947908094946e+01
7.961057023643950004e+01 7.176316270555253141e+01 6.678474579153976265e+01
8.011126564673156736e+01 7.177910458945552818e+01 6.680276348403117481e+01
8.061196105702363468e+01 7.179521945255692117e+01 6.682100023290536228e+01
8.111265646731571621e+01 7.181150471392902546e+01 6.683945359169433686e+01
8.161335187760779775e+01 7.182795767972129397e+01 6.685812100042517159e+01
8.211404728789986507e+01 7.184457554316031747e+01 6.687699978445584748e+01
8.261474269819193239e+01 7.186135538222151808e+01 6.689608714749033425e+01
8.311543810848399971e+01 7.187829416777822189e+01 6.691538018845881197e+01
8.361613351877606704e+01 7.189538876592996530e+01 6.693487587357799384e+01
8.411682892906816278e+01 7.191263592752511613e+01 6.695457105963419053e+01
8.461752433936023010e+01 7.193003230096655898e+01 6.697446248467008445e+01
8.511821974965229742e+01 7.194757443454000168e+01 6.699454676216396365e+01
8.561891515994436475e+01 7.196525876710074954e+01 6.701482039034294758e+01
8.611961057023643207e+01 7.198308164320769720e+01 6.703527974985468063e+01
8.662030598052849939e+01 7.200103930730256252e+01 6.705592109911071930e+01
8.712100139082058092e+01 7.201912790836649947e+01 6.707674057777899179e+01
8.762169680111264825e+01 7.203734349759179167e+01 6.709773421202248755e+01
8.812239221140472978e+01 7.205568203769507818e+01 6.711889790169357184e+01
8.862308762169679710e+01 7.207413940524565987e+01 6.714022743779628399e+01
8.912378303198886442e+01 7.209271138135227375e+01 6.716171848618819240e+01
8.962447844228094596e+01 7.211139367028954439e+01 6.718336660562476936e+01
9.012517385257301328e+01 7.213018188552814536e+01 6.720516723728201214e+01
9.062586926286508060e+01 7.214907157301786356e+01 6.722711570475644294e+01
9.112656467315714792e+01 7.216805819372530095e+01 6.724920722454248789e+01
9.162726008344921524e+01 7.218713713294710033e+01 6.727143690079378757e+01
9.212795549374128257e+01 7.220630371195147745e+01 6.729379972997980985e+01
9.262865090403337831e+01 7.222555317866499536e+01 6.731629060088584993e+01
9.312934631432544563e+01 7.224488071349333040e+01 6.733890429810548994e+01
9.363004172461751295e+01 7.226428144329111092e+01 6.736163550262267563e+01
9.413073713490958028e+01 7.228375042273546569e+01 6.738447879297586951e+01
9.463143254520164760e+01 7.230328266226570122e+01 6.740742865573542986e+01
9.513212795549372913e+01 7.232287310945685022e+01 6.743047947619038496e+01
9.563282336578581067e+01 7.234251666764612310e+01 6.745362554998996529e+01
9.613351877607787799e+01 7.236220819011214189e+01 6.747686107965114388e+01
9.663421418636994531e+01 7.238194248473155312e+01 6.750018018620016846e+01
9.713490959666201263e+01 7.240171432329225354e+01 6.752357689985933575e+01
9.763560500695409416e+01 7.242151843450847082e+01 6.754704517867344293e+01
9.813630041724616149e+01 7.244134951449814253e+01 6.757057889453994903e+01
9.863699582753822881e+01 7.246120222911122255e+01 6.759417185183542642e+01
9.913769123783029613e+01 7.248107121392968111e+01 6.761781778508725438e+01
9.963838664812239188e+01 7.250095108125242405e+01 6.764151035664531264e+01
1.001390820584144592e+02 7.252083642009529285e+01 6.766524317065182004e+01
1.006397774687065265e+02 7.254072179851937108e+01 6.768900977071302805e+01
1.011404728789985938e+02 7.256060177527251653e+01 6.771280364688414011e+01
1.016411682892906754e+02 7.258047088814782910e+01 6.773661823799761805e+01
1.021418636995827427e+02 7.260032367261010222e+01 6.776044693166318211e+01
1.026425591098748242e+02 7.262015465131844394e+01 6.778428307940180275e+01
1.031432545201669058e+02 7.263995834809611551e+01 6.780811998675039831e+01
1.036439499304589731e+02 7.265972928094561212e+01 6.783195092955998007e+01
1.041446453407510404e+02 7.267946197718265466e+01 6.785576915050319258e+01
1.046453407510431077e+02 7.269915096063050441e+01 6.787956787071584586e+01
1.051460361613351751e+02 7.271879077024641447e+01 6.790334027757330659e+01
1.056467315716272708e+02 7.273837594731594436e+01 6.792707955495848182e+01
1.061474269819193381e+02 7.275790105524356477e+01 6.795077885765044812e+01
1.066481223922114054e+02 7.277736066558281891e+01 6.797443134624904815e+01
1.071488178025034728e+02 7.279674936967785470e+01 6.799803016476494122e+01
1.076495132127955401e+02 7.281606178448419087e+01 6.802156845808190155e+01
1.081502086230876074e+02 7.283529254325549118e+01 6.804503937603135455e+01
1.086509040333796889e+02 7.285443630718509667e+01 6.806843607106407035e+01
1.091515994436717563e+02 7.287348776540602557e+01 6.809175171076481092e+01
1.096522948539638236e+02 7.289244163382682018e+01 6.811497947319571722e+01
1.101529902642559051e+02 7.291129266560892574e+01 6.813811255504538167e+01
1.106536856745479724e+02 7.293003564068931155e+01 6.816114417395715463e+01
1.111543810848400540e+02 7.294866538091446273e+01 6.818406757784237016e+01
1.116550764951321213e+02 7.296717673956300132e+01 6.820687603556712020e+01
1.121557719054241886e+02 7.298556461298721842e+01 6.822956285441455293e+01
1.126564673157162559e+02 7.300382393828476779e+01 6.825212137542825985e+01
1.131571627260083233e+02 7.302194969213451259e+01 6.827454497806888867e+01
1.136578581363004190e+02 7.303993689545313828e+01 6.829682708603490937e+01
1.141585535465924863e+02 7.305778061688761227e+01 6.831896116435223121e+01
1.146592489568845536e+02 7.307547597165103070e+01 6.834094072868742842e+01
1.151599443671766352e+02 7.309301811686600558e+01 6.836275934651189345e+01
1.156606397774686883e+02 7.311040226553450339e+01 6.838441063360937733e+01
1.161613351877607698e+02 7.312762367722461931e+01 6.840588826629959840e+01
1.166620305980528229e+02 7.314467765923473053e+01 6.842718597910993594e+01
1.171627260083449187e+02 7.316155957939918153e+01 6.844829756681269828e+01
1.176634214186370002e+02 7.317826484979013912e+01 6.846921688558927599e+01
1.181641168289290533e+02 7.319478893835912459e+01 6.848993785361221853e+01
1.186648122392211349e+02 7.321112737010116689e+01 6.851045446443299625e+01
1.191655076495132022e+02 7.322727571774157695e+01 6.853076077155697021e+01
1.196662030598052695e+02 7.324322961570578627e+01 6.855085090415946070e+01
1.201668984700973368e+02 7.325898475313442759e+01 6.857071905893667463e+01
1.206675938803894041e+02 7.327453686806256883e+01 6.859035950883685473e+01
1.211682892906814999e+02 7.328988176488201134e+01 6.860976659956781987e+01
1.216689847009735672e+02 7.330501529571483843e+01 6.862893475250734809e+01
1.221696801112656345e+02 7.331993336972664110e+01 6.864785846353902343e+01
1.226703755215577019e+02 7.333463196360389702e+01 6.866653231236546162e+01
1.231710709318497834e+02 7.334910709594259970e+01 6.868495094882950980e+01
1.236717663421418507e+02 7.336335484820301645e+01 6.870310910339162547e+01
1.241724617524339322e+02 7.337737136121722870e+01 6.872100159120441276e+01
1.246731571627260138e+02 7.339115282471175306e+01 6.873862329930693704e+01
1.251738525730180669e+02 7.340469549360568635e+01 6.875596920030352521e+01
1.256745479833101484e+02 7.341799566938425414e+01 6.877303434528789694e+01
1.261752433936022157e+02 7.343104971290449612e+01 6.878981386537111575e+01
1.266759388038942831e+02 7.344385404090280645e+01 6.880630297113589222e+01
1.271766342141863788e+02 7.345640512832324021e+01 6.882249695707491810e+01
1.276773296244784177e+02 7.346869949318352155e+01 6.883839118869423146e+01
1.281780250347705135e+02 7.348073371811187826e+01 6.885398112579628105e+01
1.286787204450625950e+02 7.349250443172059022e+01 6.886926229221194262e+01
1.291794158553546481e+02 7.350400831908336841e+01 6.888423029791943009e+01
1.296801112656467296e+02 7.351524211824289523e+01 6.889888083438768263e+01
1.301808066759387827e+02 7.352620261147967540e+01 6.891320966759144540e+01
1.306815020862308643e+02 7.353688663928187452e+01 6.892721263568296308e+01
1.311821974965229458e+02 7.354729108753963374e+01 6.894088565655897582e+01
1.316828929068149989e+02 7.355741289220168255e+01 6.895422473155326770e+01
1.321835883171070805e+02 7.356724903811118565e+01 6.896722592309947686e+01
1.326842837273991336e+02 7.357679655667743646e+01 6.897988537455808000e+01
1.331849791376912435e+02 7.358605252704001032e+01 6.899219930184904115e+01
1.336856745479833251e+02 7.359501407374045812e+01 6.900416399248774724e+01
1.341863699582753782e+02 7.360367836439399980e+01 6.901577579729041645e+01
1.346870653685674597e+02 7.361204261434613727e+01 6.902703114725431988e+01
1.351877607788595128e+02 7.362010407503112219e+01 6.903792653231198528e+01
1.356884561891515943e+02 7.362786004794179462e+01 6.904845851704726556e+01
1.361891515994436759e+02 7.363530787415220402e+01 6.905862372250544468e+01
1.366898470097357290e+02 7.364244493198930286e+01 6.906841884431037215e+01
1.371905424200278105e+02 7.364926863819709979e+01 6.907784062909036038e+01
1.376912378303198636e+02 7.365577645026496612e+01 6.908688589004873393e+01
1.381919332406119452e+02 7.366196587108424865e+01 6.909555150961955405e+01
1.386926286509039983e+02 7.366783442100859247e+01 6.910383440963619250e+01
1.391933240611960798e+02 7.367337967394269072e+01 6.911173158734732169e+01
1.396940194714881613e+02 7.367859922707430087e+01 6.911924008107439477e+01
1.401947148817802145e+02 7.368349071717238985e+01 6.912635699673251111e+01
1.406954102920723244e+02 7.368805181127390824e+01 6.913307947894486460e+01
1.411961057023643775e+02 7.369228020668379031e+01 6.913940473781826768e+01
1.416968011126564591e+02 7.369617363417637534e+01 6.914533001692893777e+01
1.421974965229485406e+02 7.369972984984633513e+01 6.915085262009802136e+01
1.426981919332405937e+02 7.370294664267566986e+01 6.915596989829487029e+01
1.431988873435326752e+02 7.370582182987709530e+01 6.916067923450304988e+01
1.436995827538247283e+02 7.370835324612562545e+01 6.916497807129621833e+01
1.442002781641168099e+02 7.371053876218502410e+01 6.916886388231637284e+01
1.447009735744088914e+02 7.371237626628135331e+01 6.917233418165983494e+01
1.452016689847009729e+02 7.371386367574450560e+01 6.917538653086216982e+01
1.457023643949930261e+02 7.371499892769497819e+01 6.917801851656099643e+01
1.462030598052851076e+02 7.371577998370048590e+01 6.918022776737620916e+01
1.467037552155771891e+02 7.371620481813442893e+01 6.918201195325514163e+01
1.472044506258692422e+02 7.371627143330988474e+01 6.918336876451780881e+01
1.477051460361613238e+02 7.371597785016638227e+01 6.918429592873712863e+01
1.482058414464534053e+02 7.371532210441364441e+01 6.918479119676908340e+01
1.487065368567454584e+02 7.371430225031508598e+01 6.918485235905086483e+01
1.492072322670375399e+02 7.371291635617672000e+01 6.918447722697442259e+01
1.497079276773296215e+02 7.371116250813065562e+01 6.918366363637892391e+01
1.502086230876216746e+02 7.370903881093545351e+01 6.918240944464037057e+01
1.507093184979137845e+02 7.370654337400628719e+01 6.918071253765651818e+01
1.512100139082058092e+02 7.370367432305647526e+01 6.917857081587703760e+01
1.517107093184979192e+02 7.370042980009748135e+01 6.917598220478089388e+01
1.522114047287899723e+02 7.369680795703607146e+01 6.917294465226154898e+01
1.527121001390820538e+02 7.369280694868939463e+01 6.916945610998232041e+01
1.532127955493741354e+02 7.368842495024728123e+01 6.916551455959711348e+01
1.537134909596661885e+02 7.368366014097409789e+01 6.916111798547467515e+01
1.542141863699582700e+02 7.367851070479082409e+01 6.915626439322045371e+01
1.547148817802503231e+02 7.367297484075243119e+01 6.915095179979948625e+01
1.552155771905424047e+02 7.366705074907804374e+01 6.914517823080791459e+01
1.557162726008344862e+02 7.366073663813585881e+01 6.913894171868128069e+01
1.562169680111265393e+02 7.365403071978653315e+01 6.913224031491813548e+01
1.567176634214186208e+02 7.364693121636810247e+01 6.912507206475970634e+01
1.572183588317106739e+02 7.363943634672614280e+01 6.911743503338334449e+01
1.577190542420027555e+02 7.363154433901945595e+01 6.910932728363809474e+01
1.582197496522948654e+02 7.362325342257099692e+01 6.910074688186546155e+01
1.587204450625868901e+02 7.361456182903202716e+01 6.909169190255602189e+01
1.592211404728790001e+02 7.360546779238211457e+01 6.908216041437958665e+01
1.597218358831710532e+02 7.359596954587323125e+01 6.907215050812487789e+01
1.602225312934631347e+02 7.358606532843259629e+01 6.906166024373055734e+01
1.607232267037552162e+02 7.357575337331218179e+01 6.905068770965704061e+01
1.612239221140472694e+02 7.356503192147647496e+01 6.903923097515621521e+01
1.617246175243393509e+02 7.355389920341258403e+01 6.902728812052123430e+01
1.622253129346314324e+02 7.354235345775668975e+01 6.901485721795074824e+01
1.627260083449234855e+02 7.353039291848836001e+01 6.900193632911145869e+01
1.632267037552155955e+02 7.351801581609470304e+01 6.898852352383732978e+01
1.637273991655076486e+02 7.350522038106282707e+01 6.897461686614155951e+01
1.642280945757997301e+02 7.349200484096945729e+01 6.896021440955996695e+01
1.647287899860917832e+02 7.347836742513754871e+01 6.894531420006137523e+01
1.652294853963838648e+02 7.346430634950229432e+01 6.892991428717982672e+01
1.657301808066759463e+02 7.344981983640172984e+01 6.891401270800747625e+01
1.662308762169679994e+02 7.343490610700973775e+01 6.889760749578022114e+01
1.667315716272600810e+02 7.341956336678413209e+01 6.888069667085551373e+01
1.672322670375521341e+02 7.340378982874972280e+01 6.886327824951627008e+01
1.677329624478442156e+02 7.338758369603601750e+01 6.884535024338879339e+01
1.682336578581363256e+02 7.337094317555602174e+01 6.882691065376752704e+01
1.687343532684283502e+02 7.335386645879771095e+01 6.880795747205161206e+01
1.692350486787204602e+02 7.333635174452501815e+01 6.878848868352838508e+01
1.697357440890125133e+02 7.331839722015138250e+01 6.876850226358988039e+01
1.702364394993045948e+02 7.330000106959778350e+01 6.874799618224392361e+01
1.707371349095966480e+02 7.328116148027766030e+01 6.872696839931199975e+01
1.712378303198887295e+02 7.326187662796291988e+01 6.870541685919056363e+01
1.717385257301808110e+02 7.324214468958962243e+01 6.868333951413410432e+01
1.722392211404728641e+02 7.322196383510890882e+01 6.866073429456923805e+01
1.727399165507649457e+02 7.320133223505399656e+01 6.863759913354192577e+01
1.732406119610569988e+02 7.318024805355526041e+01 6.861393194681772911e+01
1.737413073713490803e+02 7.315870945299684536e+01 6.858973064728820646e+01
1.742420027816411618e+02 7.313671459634497296e+01 6.856499315159203434e+01
1.747426981919332150e+02 7.311426163841679227e+01 6.853971735028358125e+01
1.752433936022252965e+02 7.309134874217852484e+01 6.851390114206628823e+01
1.757440890125173496e+02 7.306797406128316652e+01 6.848754242680774951e+01
1.762447844228094596e+02 7.304413575171201956e+01 6.846063907876418853e+01
1.767454798331015411e+02 7.301983196711807977e+01 6.843318899256451004e+01
1.772461752433935942e+02 7.299506087046756875e+01 6.840519005055944035e+01
1.777468706536856757e+02 7.296982061075686943e+01 6.837664012886057208e+01
1.782475660639777288e+02 7.294410935328050982e+01 6.834753710872723786e+01
1.787482614742698104e+02 7.291792525867640506e+01 6.831787887358336775e+01
1.792489568845618919e+02 7.289126649107492995e+01 6.828766330707117049e+01
1.797496522948539450e+02 7.286413122450176161e+01 6.825688829276009528e+01
1.802503477051460266e+02 7.283651763443776872e+01 6.822555172353281705e+01
1.807510431154380797e+02 7.280842389898316469e+01 6.819365149460031716e+01
1.812517385257301612e+02 7.277984820991696324e+01 6.816118551630756883e+01
1.817524339360222427e+02 7.275078876396582928e+01 6.812815169317877917e+01
1.822531293463142958e+02 7.272124376949795987e+01 6.809454796000613896e+01
1.827538247566063774e+02 7.269121144303062465e+01 6.806037224692522614e+01
1.832545201668984305e+02 7.266069001388677862e+01 6.802562250502637653e+01
1.837552155771905404e+02 7.262967773117998149e+01 6.799029670955610527e+01
1.842559109874825651e+02 7.259817284402379300e+01 6.795439284070857866e+01
1.847566063977746751e+02 7.256617363645636942e+01 6.791790891302048294e+01
1.852573018080667566e+02 7.253367839484417345e+01 6.788084295525300149e+01
1.857579972183588097e+02 7.250068543582165148e+01 6.784319302479821090e+01
1.862586926286508913e+02 7.246719309232139494e+01 6.780495720600561071e+01
1.867593880389429444e+02 7.243319972055905964e+01 6.776613362051398326e+01
1.872600834492350259e+02 7.239870370323478710e+01 6.772672041237206031e+01
1.877607788595271074e+02 7.236370345244358759e+01 6.768671577656027694e+01
1.882614742698191606e+02 7.232819740327249747e+01 6.764611793658082206e+01
1.887621696801112421e+02 7.229218403242703062e+01 6.760492516424824316e+01
1.892628650904032952e+02 7.225566183814953547e+01 6.756313577968944628e+01
1.897635605006953767e+02 7.221862936321122106e+01 6.752074814144839365e+01
1.902642559109874583e+02 7.218108518792723771e+01 6.747776068257485349e+01
1.907649513212795114e+02 7.214302793306706008e+01 6.743417187104319055e+01
1.912656467315716213e+02 7.210445626334694680e+01 6.738998025748264808e+01
1.917663421418636460e+02 7.206536889004928526e+01 6.734518443676029165e+01
1.922670375521557560e+02 7.202576457451505121e+01 6.729978308872637172e+01
1.927677329624478375e+02 7.198564212814380880e+01 6.725377496657279153e+01
1.932684283727398906e+02 7.194500042578147259e+01 6.720715889101234097e+01
1.937691237830319722e+02 7.190383839291462209e+01 6.715993377239760775e+01
1.942698191933240253e+02 7.186215502255072352e+01 6.711209861887004990e+01
1.947705146036161068e+02 7.181994937405397650e+01 6.706365251889769752e+01
1.952712100139081883e+02 7.177722057372739073e+01 6.701459465990160425e+01
1.957719054242002414e+02 7.173396782529016491e+01 6.696492434433571361e+01
1.962726008344923230e+02 7.169019040754938032e+01 6.691464097076936923e+01
1.967732962447844045e+02 7.164588767905661371e+01 6.686374406633808576e+01
1.972739916550764576e+02 7.160105909091362264e+01 6.681223326549775265e+01
1.977746870653685392e+02 7.155570417513081338e+01 6.676010834240264558e+01
1.982753824756605923e+02 7.150982256849238183e+01 6.670736919548039623e+01
1.987760778859527022e+02 7.146341399975062814e+01 6.665401587187920995e+01
1.992767732962447838e+02 7.141647830825240817e+01 6.660004856222917624e+01
1.997774687065368369e+02 7.136901543462590780e+01 6.654546761344795414e+01
2.002781641168289184e+02 7.132102544202643912e+01 6.649027351884546988e+01
2.007788595271209999e+02 7.127250850682321470e+01 6.643446696585419886e+01
2.012795549374130530e+02 7.122346493431541603e+01 6.637804879819418602e+01
2.017802503477051346e+02 7.117389516047842335e+01 6.632102004584999122e+01
2.022809457579971877e+02 7.112379975691146683e+01 6.626338193758533635e+01
2.027816411682892692e+02 7.107317943665839266e+01 6.620513589919687547e+01
2.032823365785813508e+02 7.102203506352088880e+01 6.614628355642457791e+01
2.037830319888734039e+02 7.097036765496886801e+01 6.608682676260036715e+01
2.042837273991654854e+02 7.091817838970746379e+01 6.602676758584243544e+01
2.047844228094575953e+02 7.086546861466194969e+01 6.596610833728595935e+01
2.052851182197496485e+02 7.081223985429096501e+01 6.590485156104227826e+01
2.057858136300417300e+02 7.075849381058651488e+01 6.584300006097441837e+01
2.062865090403338115e+02 7.070423237296927255e+01 6.578055689865982458e+01
2.067872044506258646e+02 7.064945763807918411e+01 6.571752540241254792e+01
2.072878998609179462e+02 7.059417189231317025e+01 6.565390918809248433e+01
2.077885952712099993e+02 7.053837764209310990e+01 6.558971216288887263e+01
2.082892906815020808e+02 7.048207761386584025e+01 6.552493852255543061e+01
2.087899860917941623e+02 7.042527475177485030e+01 6.545959278167833872e+01
2.092906815020862155e+02 7.036797224676411133e+01 6.539367977454935499e+01
2.097913769123782970e+02 7.031017352842900436e+01 6.532720466651630886e+01
2.102920723226703501e+02 7.025188227432954591e+01 6.526017296169561632e+01
2.107927677329624316e+02 7.019310243210929912e+01 6.519259051228550561e+01
2.112934631432545416e+02 7.013383820901799481e+01 6.512446354403186888e+01
2.117941585535465663e+02 7.007409409985120874e+01 6.505579864400465340e+01
2.122948539638386762e+02 7.001387487705505919e+01 6.498660278300781101e+01
2.127955493741307293e+02 6.995318561633757781e+01 6.491688333711613268e+01
2.132962447844228109e+02 6.989203169666870963e+01 6.484664807268677578e+01
2.137969401947148924e+02 6.983041880842938554e+01 6.477590518477632031e+01
2.142976356050069455e+02 6.976835297378420364e+01 6.470466328200677708e+01
2.147983310152990271e+02 6.970584053969650995e+01 6.463293142003499270e+01
2.152990264255910802e+02 6.964288820470392238e+01 6.456071909602292180e+01
2.157997218358831617e+02 6.957950301193341147e+01 6.448803626318954230e+01
2.163004172461752148e+02 6.951569236889190506e+01 6.441489335060146004e+01
2.168011126564672963e+02 6.945146405910782050e+01 6.434130125124033839e+01
2.173018080667593779e+02 6.938682624445937108e+01 6.426727136041995436e+01
2.178025034770514310e+02 6.932178747448779177e+01 6.419281556181636006e+01
2.183031988873435125e+02 6.925635670385963749e+01 6.411794624900471717e+01
2.188038942976355656e+02 6.919054329469508957e+01 6.404267633011590988e+01
2.193045897079276472e+02 6.912435702820948791e+01 6.396701923714977056e+01
2.198052851182197571e+02 6.905780811169825029e+01 6.389098893761661202e+01
2.203059805285118102e+02 6.899090719250671100e+01 6.381459993919384033e+01
2.208066759388038918e+02 6.892366536385088693e+01 6.373786730369579345e+01
2.213073713490959449e+02 6.885609417413070332e+01 6.366080663310390264e+01
2.218080667593880264e+02 6.878820563391491305e+01 6.358343411613282115e+01
2.223087621696801079e+02 6.872001222409016918e+01 6.350576648864921481e+01
2.228094575799721611e+02 6.865152690866671037e+01 6.342782107674543113e+01
2.233101529902642426e+02 6.858276313477836084e+01 6.334961577811304778e+01
2.238108484005562957e+02 6.851373484665236901e+01 6.327116907834101767e+01
2.243115438108483772e+02 6.844445648910186719e+01 6.319250005091566891e+01
2.248122392211404588e+02 6.837494301683909725e+01 6.311362836071316451e+01
2.253129346314325119e+02 6.830520989098295104e+01 6.303457426749196202e+01
2.258136300417245934e+02 6.823527310234203469e+01 6.295535862356450707e+01
2.263143254520166465e+02 6.816514915511652362e+01 6.287600288311045915e+01
2.268150208623087565e+02 6.809485509250953328e+01 6.279652908820685298e+01
2.273157162726008380e+02 6.802440848392143380e+01 6.271695988163378388e+01
2.278164116828928911e+02 6.795382743426307570e+01 6.263731849988948852e+01
2.283171070931849727e+02 6.788313058861240279e+01 6.255762876853373200e+01
2.288178025034770258e+02 6.781233712755783927e+01 6.247791509985950142e+01
2.293184979137691073e+02 6.774146678000397515e+01 6.239820248823639304e+01
2.298191933240611604e+02 6.767053980687342118e+01 6.231851650545399934e+01
2.303198887343532704e+02 6.759957701507664751e+01 6.223888328908037693e+01
2.308205841446453235e+02 6.752859974587045144e+01 6.215932954595450610e+01
2.313212795549373766e+02 6.745762987835041713e+01 6.207988252657492012e+01
2.318219749652294297e+02 6.738668982013768982e+01 6.200057002975631804e+01
2.323226703755215397e+02 6.731580251087143552e+01 6.192142038051065356e+01
2.328233657858135928e+02 6.724499140591069590e+01 6.184246243121128828e+01
2.333240611961056459e+02 6.717428048331930768e+01 6.176372552899670154e+01
2.338247566063977843e+02 6.710369422058283817e+01 6.168523951809879691e+01
2.343254520166898374e+02 6.703325759577273857e+01 6.160703471772399098e+01
2.348261474269818621e+02 6.696299607124819886e+01 6.152914190109845549e+01
2.353268428372740004e+02 6.689293559365614783e+01 6.145159228615489155e+01
2.358275382475660535e+02 6.682310256482742261e+01 6.137441750060793311e+01
2.363282336578581067e+02 6.675352383944846224e+01 6.129764958195414692e+01
2.368289290681501882e+02 6.668422670177824330e+01 6.122132094021912962e+01
2.373296244784422697e+02 6.661523886331997346e+01 6.114546434398766905e+01
2.378303198887343228e+02 6.654658842207572889e+01 6.107011288547914774e+01
2.383310152990264044e+02 6.647830386487476062e+01 6.099529996657770425e+01
2.388317107093184859e+02 6.641041403477720451e+01 6.092105926856424958e+01
2.393324061196105390e+02 6.634294811477593612e+01 6.084742472184848339e+01
2.398331015299026205e+02 6.627593559520028066e+01 6.077443047802921683e+01
2.403337969401946737e+02 6.620940626673109364e+01 6.070211088661130816e+01
2.408344923504867552e+02 6.614339017150632571e+01 6.063050045542445332e+01
2.413351877607788083e+02 6.607791759730025660e+01 6.055963382268350870e+01
2.418358831710709183e+02 6.601301903328567278e+01 6.048954572439220101e+01
2.423365785813629998e+02 6.594872514907910954e+01 6.042027095941853077e+01
2.428372739916550529e+02 6.588506675748794805e+01 6.035184436155509502e+01
2.433379694019471344e+02 6.582207479122735094e+01 6.028430074596803934e+01
2.438386648122392160e+02 6.575978025635413360e+01 6.021767489289891273e+01
2.443393602225312691e+02 6.569821420898369979e+01 6.015200150342684537e+01
2.448400556328233506e+02 6.563740771570883226e+01 6.008731515173826665e+01
2.453407510431154037e+02 6.557739181052602362e+01 6.002365026038864926e+01
2.458414464534074853e+02 6.551819746689579915e+01 5.996104105024392084e+01
2.463421418636995668e+02 6.545985555583320092e+01 5.989952150846625045e+01
2.468428372739916199e+02 6.540239679934165906e+01 5.983912533612715379e+01
2.473435326842837014e+02 6.534585174247331452e+01 5.977988591881262437e+01
2.478442280945758114e+02 6.529025069977797102e+01 5.972183627307208553e+01
2.483449235048678645e+02 6.523562372619926464e+01 5.966500901498625353e+01
2.488456189151599460e+02 6.518200055886700284e+01 5.960943630923543424e+01
2.493463143254520276e+02 6.512941059148579370e+01 5.955514982835416049e+01
2.498470097357440807e+02 6.507788281845569145e+01 5.950218070325468034e+01
2.503477051460361338e+02 6.502744579878344666e+01 5.945055949645143301e+01
2.508484005563282153e+02 6.497812761184468400e+01 5.940031613483120054e+01
2.513490959666202968e+02 6.492995580732531380e+01 5.935147987705681771e+01
2.518497913769123500e+02 6.488295737262524199e+01 5.930407927515011579e+01
2.523504867872044315e+02 6.483715868396393489e+01 5.925814211861256808e+01
2.528511821974965130e+02 6.479258545981429052e+01 5.921369539950069338e+01
2.533518776077885661e+02 6.474926272597804200e+01 5.917076526585992724e+01
2.538525730180806477e+02 6.470721476901962887e+01 5.912937697399434001e+01
2.543532684283727576e+02 6.466646510134160053e+01 5.908955485237788707e+01
2.548539638386647823e+02 6.462703640996187460e+01 5.905132226090904624e+01
2.553546592489568354e+02 6.458895052740990650e+01 5.901470154434468895e+01
2.558553546592489738e+02 6.455222838923509698e+01 5.897971399155471772e+01
2.563560500695410269e+02 6.451688999675388914e+01 5.894637980525408238e+01
2.568567454798330800e+02 6.448295437630440574e+01 5.891471804674188206e+01
2.573574408901251900e+02 6.445043956760491710e+01 5.888474661712939451e+01
2.578581363004172431e+02 6.441936255565087777e+01 5.885648221768610711e+01
2.583588317107092962e+02 6.438973926605831366e+01 5.882994030662052864e+01
2.588595271210013493e+02 6.436158453013922554e+01 5.880513507001273865e+01
2.593602225312934593e+02 6.433491204997699242e+01 5.878207940842662538e+01
2.598609179415855124e+02 6.430973438212822657e+01 5.876078487841118658e+01
2.603616133518775655e+02 6.428606290910101961e+01 5.874126168900806988e+01
2.608623087621696754e+02 6.426390782072849106e+01 5.872351867019210658e+01
2.613630041724617286e+02 6.424327809437818360e+01 5.870756324951548777e+01
2.618636995827537817e+02 6.422418147632561158e+01 5.869340143737395010e+01
2.623643949930458916e+02 6.420662447651557159e+01 5.868103780656133495e+01
2.628650904033379447e+02 6.419061234295077156e+01 5.867047547002334795e+01
2.633657858136299978e+02 6.417614906634844374e+01 5.866171609482739768e+01
2.638664812239220510e+02 6.416323736617050599e+01 5.865475986258138619e+01
2.643671766342141609e+02 6.415187868945940863e+01 5.864960548107524119e+01
2.648678720445062140e+02 6.414207320850982796e+01 5.864625017729599676e+01
2.653685674547982671e+02 6.413381982086866628e+01 5.864468970441271267e+01
2.658692628650904339e+02 6.412711616330489051e+01 5.864491833944816790e+01
2.663699582753824870e+02 6.412195860366045963e+01 5.864692888327886067e+01
2.668706536856744833e+02 6.411834226296923589e+01 5.865071267693315349e+01
2.673713490959666501e+02 6.411626101778529119e+01 5.865625962720264397e+01
2.678720445062587032e+02 6.411570752812258434e+01 5.866355819732893906e+01
2.683727399165507563e+02 6.411667323512665462e+01 5.867259544425655804e+01
2.688734353268428094e+02 6.411914840181998443e+01 5.868335703725938401e+01
2.693741307371349194e+02 6.412312212241522502e+01 5.869582727423880897e+01
2.698748261474269725e+02 6.412858234559826087e+01 5.870998912828986249e+01
2.703755215577190256e+02 6.413551591410941910e+01 5.872582425701443753e+01
2.708762169680111356e+02 6.414390857289254200e+01 5.874331305490818522e+01
2.713769123783031887e+02 6.415374502031772863e+01 5.876243467431527279e+01
2.718776077885952418e+02 6.416500892913609277e+01 5.878316707665112517e+01
2.723783031988873518e+02 6.417768297907605302e+01 5.880548706965532801e+01
2.728789986091794049e+02 6.419174890224530827e+01 5.882937033882376454e+01
2.733796940194714580e+02 6.420718751107051503e+01 5.885479151725780866e+01
2.738803894297635111e+02 6.422397874020680320e+01 5.888172420894738934e+01
2.743810848400556210e+02 6.424210169310390484e+01 5.891014105163526438e+01
2.748817802503476742e+02 6.426153466994583141e+01 5.894001376338314913e+01
2.753824756606397273e+02 6.428225521887361538e+01 5.897131319612276457e+01
2.758831710709318372e+02 6.430424017789482605e+01 5.900400938222196601e+01
2.763838664812238903e+02 6.432746571679308545e+01 5.903807159734901688e+01
2.768845618915159434e+02 6.435190737438097131e+01 5.907346840703871749e+01
2.773852573018079966e+02 6.437754011670767795e+01 5.911016773188498519e+01
2.778859527121001065e+02 6.440433836732700001e+01 5.914813688945037029e+01
2.783866481223921596e+02 6.443227606084838044e+01 5.918734266178694270e+01
2.788873435326842127e+02 6.446132668018981349e+01 5.922775134665903352e+01
2.793880389429763227e+02 6.449146331245719921e+01 5.926932880876597665e+01
2.798887343532683758e+02 6.452265867571986746e+01 5.931204054260638259e+01
2.803894297635604289e+02 6.455488517488993239e+01 5.935585172311880342e+01
2.808901251738525957e+02 6.458811493897519540e+01 5.940072725923278085e+01
2.813908205841446488e+02 6.462231986531696748e+01 5.944663185091235391e+01
2.818915159944367019e+02 6.465747166266373824e+01 5.949353002640896193e+01
2.823922114047287550e+02 6.469354188376746606e+01 5.954138621618517391e+01
2.828929068150208650e+02 6.473050197311386000e+01 5.959016478551097862e+01
2.833936022253129181e+02 6.476832330184697639e+01 5.963983008917898587e+01
2.838942976356049712e+02 6.480697720269381534e+01 5.969034651108563594e+01
2.843949930458970812e+02 6.484643501303798985e+01 5.974167852011055402e+01
2.848956884561891343e+02 6.488666809936694335e+01 5.979379070969775967e+01
2.853963838664811874e+02 6.492764790150977205e+01 5.984664783394441656e+01
2.858970792767732974e+02 6.496934595592028927e+01 5.990021485067450158e+01
2.863977746870653505e+02 6.501173393409408163e+01 5.995445696174760997e+01
2.868984700973574036e+02 6.505478366352326702e+01 6.000933965205808818e+01
2.873991655076494567e+02 6.509846716727770399e+01 6.006482871485536634e+01
2.878998609179415666e+02 6.514275667564652395e+01 6.012089028725063145e+01
2.884005563282336198e+02 6.518762467037595343e+01 6.017749089285393893e+01
2.889012517385257297e+02 6.523304388466931414e+01 6.023459744701290219e+01
2.894019471488177828e+02 6.527898734975315165e+01 6.029217730308778300e+01
2.899026425591098359e+02 6.532542839953384828e+01 6.035019826991378977e+01
2.904033379694019459e+02 6.537234069388068747e+01 6.040862863100960567e+01
2.909040333796939990e+02 6.541969824423722457e+01 6.046743717542744889e+01
2.914047287899860521e+02 6.546747541711374652e+01 6.052659320211864724e+01
2.919054242002781621e+02 6.551564695853448939e+01 6.058606655951484754e+01
2.924061196105702152e+02 6.556418800800747704e+01 6.064582762922987058e+01
2.929068150208622683e+02 6.561307411133020651e+01 6.070584737844660594e+01
2.934075104311543782e+02 6.566228122408210766e+01 6.076609732732072189e+01
2.939082058414464314e+02 6.571178572734061163e+01 6.082654960777040287e+01
2.944089012517384845e+02 6.576156444630760234e+01 6.088717693029798284e+01
2.949095966620305944e+02 6.581159464681695681e+01 6.094795262269803970e+01
2.954102920723226475e+02 6.586185403766285162e+01 6.100885060910263746e+01
2.959109874826147006e+02 6.591232079097244423e+01 6.106984544548799931e+01
2.964116828929068106e+02 6.596297353638510685e+01 6.113091229741007737e+01
2.969123783031988637e+02 6.601379137152980547e+01 6.119202694204182080e+01
2.974130737134909168e+02 6.606475385853264015e+01 6.125316580106050424e+01
2.979137691237830268e+02 6.611584103216591757e+01 6.131430589524575225e+01
2.984144645340750799e+02 6.616703339635569137e+01 6.137542488216899983e+01
2.989151599443671330e+02 6.621831192651006859e+01 6.143650102592550866e+01
2.994158553546592429e+02 6.626965807068336289e+01 6.149751321754342825e+01
2.999165507649512961e+02 6.632105374957609456e+01 6.155844095562974871e+01
3.004172461752433492e+02 6.637248134489345830e+01 6.161926433843950690e+01
3.009179415855354023e+02 6.642392371215100866e+01 6.167996408439398692e+01
3.014186369958275691e+02 6.647536417136143427e+01 6.174052148846135424e+01
3.019193324061196222e+02 6.652678649597510230e+01 6.180091845184256272e+01
3.024200278164116185e+02 6.657817491986497771e+01 6.186113744377740886e+01
3.029207232267037853e+02 6.662951413383416366e+01 6.192116152364411619e+01
3.034214186369958384e+02 6.668078926698944997e+01 6.198097430009744357e+01
3.039221140472878915e+02 6.673198589547246229e+01 6.204055995825689251e+01
3.044228094575799446e+02 6.678309003547474276e+01 6.209990322244964744e+01
3.049235048678720545e+02 6.683408813043206464e+01 6.215898935570993444e+01
3.054242002781641077e+02 6.688496704986027908e+01 6.221780415884200011e+01
3.059248956884561608e+02 6.693571408004208934e+01 6.227633395026418839e+01
3.064255910987482707e+02 6.698631692519120406e+01 6.233456555548104916e+01
3.069262865090403238e+02 6.703676368766173255e+01 6.239248631316388582e+01
3.074269819193323769e+02 6.708704287784348708e+01 6.245008403229678606e+01
3.079276773296244869e+02 6.713714338738645893e+01 6.250734702605643633e+01
3.084283727399165400e+02 6.718705450142442714e+01 6.256426406247430805e+01
3.089290681502085931e+02 6.723676587645604741e+01 6.262082436958610288e+01
3.094297635605006462e+02 6.728626753859862220e+01 6.267701763448587826e+01
3.099304589707927562e+02 6.733554988358810078e+01 6.273283397684156171e+01
3.104311543810848093e+02 6.738460364942147862e+01 6.278826393557994834e+01
3.109318497913768624e+02 6.743341993731155526e+01 6.284329847709034311e+01
3.114325452016689724e+02 6.748199017443403136e+01 6.289792898853067982e+01
3.119332406119610255e+02 6.753030612091242801e+01 6.295214721860122609e+01
3.124339360222530786e+02 6.757835987534781452e+01 6.300594533866262736e+01
3.129346314325451885e+02 6.762614383756590541e+01 6.305931587310499253e+01
3.134353268428372417e+02 6.767365072607935872e+01 6.311225171972057524e+01
3.139360222531292948e+02 6.772087355829717126e+01 6.316474614504716101e+01
3.144367176634213479e+02 6.776780564906948712e+01 6.321679274158543649e+01
3.149374130737134578e+02 6.781444059555360582e+01 6.326838546055046208e+01
3.154381084840055109e+02 6.786077228419890162e+01 6.331951856002820023e+01
3.159388038942975641e+02 6.790679486629960593e+01 6.337018663151798137e+01
3.164394993045897309e+02 6.795250276265142020e+01 6.342038456800696622e+01
3.169401947148817840e+02 6.799789065482036676e+01 6.347010757291900518e+01
3.174408901251737802e+02 6.804295347408333328e+01 6.351935113545368949e+01
3.179415855354659470e+02 6.808768639968184289e+01 6.356811102244864742e+01
3.184422809457580001e+02 6.813208484950882848e+01 6.361638329324523511e+01
3.189429763560500533e+02 6.817614447486994322e+01 6.366416425380339206e+01
3.194436717663421064e+02 6.821986114942410495e+01 6.371145047872619216e+01
3.199443671766342163e+02 6.826323096743726637e+01 6.375823879711720110e+01
3.204450625869262694e+02 6.830625024727487471e+01 6.380452627646195651e+01
3.209457579972183225e+02 6.834891549414896872e+01 6.385031021588406475e+01
3.214464534075104325e+02 6.839122343444250873e+01 6.389558815669192882e+01
3.219471488178024856e+02 6.843317098580519087e+01 6.394035785032360764e+01
3.224478442280945387e+02 6.847475525093250326e+01 6.398461726782780090e+01
3.229485396383865918e+02 6.851597352054886869e+01 6.402836459104374001e+01
3.234492350486787018e+02 6.855682326465830556e+01 6.407159819207090834e+01
3.239499304589707549e+02 6.859730213167131296e+01 6.411431666403014162e+01
3.244506258692628649e+02 6.863740792715907446e+01 6.415651875662088344e+01
3.249513212795549180e+02 6.867713863946482888e+01 6.419820343185502054e+01
3.254520166898469711e+02 6.871649239924954600e+01 6.423936981632660093e+01
3.259527121001390810e+02 6.875546750044668443e+01 6.428001720606853553e+01
3.264534075104311910e+02 6.879406238571027643e+01 6.432014507506546863e+01
3.269541029207232441e+02 6.883227563586478936e+01 6.435975305069742092e+01
3.274547983310152972e+02 6.887010598853157717e+01 6.439884092923757919e+01
3.279554937413073503e+02 6.890755230393187958e+01 6.443740864083675035e+01
3.284561891515994603e+02 6.894461357801992563e+01 6.447545627397057899e+01
3.289568845618915134e+02 6.898128893760804203e+01 6.451298407543954738e+01
3.294575799721835665e+02 6.901757764000285533e+01 6.454999239448962101e+01
3.299582753824756765e+02 6.905347905306916800e+01 6.458648175266144165e+01
3.304589707927677296e+02 6.908899266981825349e+01 6.462245276928452142e+01
3.309596662030597827e+02 6.912411808978140471e+01 6.465790622463255488e+01
3.314603616133518926e+02 6.915885502772687232e+01 6.469284299356668555e+01
3.319610570236439457e+02 6.919320330906009531e+01 6.472726408686294519e+01
3.324617524339359989e+02 6.922716285518652057e+01 6.476117061788836793e+01
3.329624478442280520e+02 6.926073369753828501e+01 6.479456382268263326e+01
3.334631432545201619e+02 6.929391595485901689e+01 6.482744505093587861e+01
3.339638386648122150e+02 6.932670984775575107e+01 6.485981574212355838e+01
3.344645340751042681e+02 6.935911568829430962e+01 6.489167745853929148e+01
3.349652294853963781e+02 6.939113387854411030e+01 6.492303184862403498e+01
3.354659248956884312e+02 6.942276490402980471e+01 6.495388066954825490e+01
3.359666203059804843e+02 6.945400933751477623e+01 6.498422575741921037e+01
3.364673157162726511e+02 6.948486783092482710e+01 6.501406906498510807e+01
3.369680111265647042e+02 6.951534111767648483e+01 6.504341260805000502e+01
3.374687065368567005e+02 6.954543000918454254e+01 6.507225851888784973e+01
3.379694019471487536e+02 6.957513539020544613e+01 6.510060899421938529e+01
3.384700973574409204e+02 6.960445821650898779e+01 6.512846632471615749e+01
3.389707927677329735e+02 6.963339952215426365e+01 6.515583287419127601e+01
3.394714881780250266e+02 6.966196040319152871e+01 6.518271110330084639e+01
3.399721835883171366e+02 6.969014202522919277e+01 6.520910353476489263e+01
3.404728789986091897e+02 6.971794562226966718e+01 6.523501277046585756e+01
3.409735744089012428e+02 6.974537248361264119e+01 6.526044148941133471e+01
3.414742698191932959e+02 6.977242396607869068e+01 6.528539245413691106e+01
3.419749652294854059e+02 6.979910149051681856e+01 6.530986847519949379e+01
3.424756606397774590e+02 6.982540653132707575e+01 6.533387246007174554e+01
3.429763560500695121e+02 6.985134062169925073e+01 6.535740736341091406e+01
3.434770514603616220e+02 6.987690534691898847e+01 6.538047621427091372e+01
3.439777468706536752e+02 6.990210235600932265e+01 6.540308212575206426e+01
3.444784422809457283e+02 6.992693335067122007e+01 6.542522824315989283e+01
3.449791376912378382e+02 6.995140007131374205e+01 6.544691779597366121e+01
3.454798331015298913e+02 6.997550432241644103e+01 6.546815408631397304e+01
3.459805285118219444e+02 6.999924795839126546e+01 6.548894045180810508e+01
3.464812239221139976e+02 7.002263287408516135e+01 6.550928031462996159e+01
3.469819193324061075e+02 7.004566102207411404e+01 6.552917714250094150e+01
3.474826147426981606e+02 7.006833439378772255e+01 6.554863446877158140e+01
3.479833101529902137e+02 7.009065503522526797e+01 6.556765588219883512e+01
3.484840055632823237e+02 7.011262503022101100e+01 6.558624503887864421e+01
3.489847009735743768e+02 7.013424650568288143e+01 6.560440562884929250e+01
3.494853963838664299e+02 7.015552164323401030e+01 6.562214143272564115e+01
3.499860917941585399e+02 7.017645265709381874e+01 6.563945625141337814e+01
3.504867872044505930e+02 7.019704180426435869e+01 6.565635396666317547e+01
3.509874826147426461e+02 7.021729139224282790e+01 6.567283849264919127e+01
3.514881780250346992e+02 7.023720375806681204e+01 6.568891382590942385e+01
3.519888734353268660e+02 7.025678129014215756e+01 6.570458398480974438e+01
3.524895688456189191e+02 7.027602640990755845e+01 6.571985306789707693e+01
3.529902642559109154e+02 7.029494157081592220e+01 6.573472519423654603e+01
3.534909596662030822e+02 7.031352928860235352e+01 6.574920456378373501e+01
3.539916550764951353e+02 7.033179209122556585e+01 6.576329541612773255e+01
3.544923504867871884e+02 7.034973256077739734e+01 6.577700204272383644e+01
3.549930458970792415e+02 7.036735331427428264e+01 6.579032877982223226e+01
3.554937413073713515e+02 7.038465699900064010e+01 6.580328001697176887e+01
3.559944367176634046e+02 7.040164630647871036e+01 6.581586019425282075e+01
3.564951321279554577e+02 7.041832396781194348e+01 6.582807379947604431e+01
3.569958275382475676e+02 7.043469273971516031e+01 6.583992536585407152e+01
3.574965229485396208e+02 7.045075542314100403e+01 6.585141947789958294e+01
3.579972183588316739e+02 7.046651484931010145e+01 6.586256076354908373e+01
3.584979137691237838e+02 7.048197389135259527e+01 6.587335390510412481e+01
3.589986091794158369e+02 7.049713545499491829e+01 6.588380362641197507e+01
3.594993045897078900e+02 7.051200247739564020e+01 6.589391468826585196e+01
3.600000000000000000e+02 7.052657793180208046e+01 6.590369191698124496e+01
