# lons lats(polar edge) lats(equatorward edge)
0.000000000000000000e+00 -8.260947482835035771e+01 -7.500097049959003925e+01
5.006954102920723182e-01 -8.255765833960498412e+01 -7.492770383227616549e+01
1.001390820584144636e+00 -8.250496925010244809e+01 -7.485362438112497330e+01
1.502086230876216844e+00 -8.245139482518536056e+01 -7.477872730558738112e+01
2.002781641168289273e+00 -8.239692218921059919e+01 -7.470300779106901246e+01
2.503477051460361480e+00 -8.234153832051620725e+01 -7.462646094511137562e+01
3.004172461752433687e+00 -8.228523003083759590e+01 -7.454908183903307872e+01
3.504867872044505894e+00 -8.222798400820846609e+01 -7.447086555428677457e+01
4.005563282336578546e+00 -8.216978680282403502e+01 -7.439180707861078190e+01
4.506258692628650309e+00 -8.211062482237241511e+01 -7.431190139916134285e+01
5.006954102920722960e+00 -8.205048434195006735e+01 -7.423114347806540536e+01
5.507649513212795611e+00 -8.198935152338260934e+01 -7.414952825358477639e+01
6.008344923504867374e+00 -8.192721241097983409e+01 -7.406705057084900545e+01
6.509040333796940025e+00 -8.186405290571156002e+01 -7.398370531901969116e+01
7.009735744089011789e+00 -8.179985882736373526e+01 -7.389948733432811423e+01
7.510431154381083552e+00 -8.173461588029365998e+01 -7.381439140697602852e+01
8.011126564673157091e+00 -8.166830966725521534e+01 -7.372841231923212035e+01
8.511821974965229742e+00 -8.160092571491941271e+01 -7.364154484518530808e+01
9.012517385257300617e+00 -8.153244944445549436e+01 -7.355378370894777618e+01
9.513212795549373268e+00 -8.146286621729862532e+01 -7.346512363454985461e+01
1.001390820584144592e+01 -8.139216132953127669e+01 -7.337555932029226824e+01
1.051460361613352035e+01 -8.132031999215661244e+01 -7.328508546433022275e+01
1.101529902642559122e+01 -8.124732739359447464e+01 -7.319369674517383828e+01
1.151599443671766032e+01 -8.117316865726543540e+01 -7.310138784235186904e+01
1.201668984700973475e+01 -8.109782887595693524e+01 -7.300815341880388587e+01
1.251738525730180740e+01 -8.102129314201420129e+01 -7.291398814532749384e+01
1.301808066759388005e+01 -8.094354649860058259e+01 -7.281888673872254003e+01
1.351877607788595093e+01 -8.086457401712486615e+01 -7.272284386771298159e+01
1.401947148817802358e+01 -8.078436075252120929e+01 -7.262585423978543986e+01
1.452016689847009623e+01 -8.070289179376959510e+01 -7.252791261159381975e+01
1.502086230876216710e+01 -8.062015225873346935e+01 -7.242901374444863905e+01
1.552155771905424153e+01 -8.053612730954644405e+01 -7.232915243109255243e+01
1.602225312934631418e+01 -8.045080215652239986e+01 -7.222832351374472637e+01
1.652294853963838506e+01 -8.036416209307783731e+01 -7.212652189923483093e+01
1.702364394993045948e+01 -8.027619248821397946e+01 -7.202374254852566082e+01
1.752433936022252681e+01 -8.018687880835612702e+01 -7.191998046157914359e+01
1.802503477051460123e+01 -8.009620661939973729e+01 -7.181523074662345607e+01
1.852573018080667566e+01 -8.000416164619615245e+01 -7.170948859315922164e+01
1.902642559109874654e+01 -7.991072972427056698e+01 -7.160274927981754445e+01
1.952712100139081741e+01 -7.981589685316131977e+01 -7.149500820331832074e+01
2.002781641168289184e+01 -7.971964921225728062e+01 -7.138626086450040020e+01
2.052851182197496627e+01 -7.962197316233934430e+01 -7.127650289778922854e+01
2.102920723226704069e+01 -7.952285529003412989e+01 -7.116573007643548010e+01
2.152990264255910802e+01 -7.942228238685922292e+01 -7.105393836126405915e+01
2.203059805285118244e+01 -7.932024147716285256e+01 -7.094112386313010177e+01
2.253129346314325332e+01 -7.921671987167493967e+01 -7.082728285295981152e+01
2.303198887343532064e+01 -7.911170514422403244e+01 -7.071241184091287835e+01
2.353268428372739507e+01 -7.900518517131851581e+01 -7.059650752414110286e+01
2.403337969401946950e+01 -7.889714814116879893e+01 -7.047956684324982746e+01
2.453407510431154037e+01 -7.878758257813453270e+01 -7.036158701591286047e+01
2.503477051460361480e+01 -7.867647737823128296e+01 -7.024256546878770280e+01
2.553546592489568567e+01 -7.856382180563807083e+01 -7.012249995851472306e+01
2.603616133518776010e+01 -7.844960551336109233e+01 -7.000138854054024762e+01
2.653685674547983453e+01 -7.833381859067296205e+01 -6.987922957373451993e+01
2.703755215577190185e+01 -7.821645158290331779e+01 -6.975602177796612580e+01
2.753824756606397628e+01 -7.809749547921521184e+01 -6.963176423810149629e+01
2.803894297635604715e+01 -7.797694176732031224e+01 -6.950645644107648025e+01
2.853963838664812158e+01 -7.785478246287377146e+01 -6.938009826108977052e+01
2.904033379694019246e+01 -7.773101010831007329e+01 -6.925269001504570099e+01
2.954102920723226333e+01 -7.760561782522992758e+01 -6.912423246648326369e+01
3.004172461752433421e+01 -7.747859931207196382e+01 -6.899472687814490257e+01
3.054242002781640863e+01 -7.734994888893263010e+01 -6.886417501057816537e+01
3.104311543810848306e+01 -7.721966154180401531e+01 -6.873257914941144975e+01
3.154381084840055394e+01 -7.708773291442477671e+01 -6.859994216277551971e+01
3.204450625869262836e+01 -7.695415935251796213e+01 -6.846626746043763490e+01
3.254520166898469569e+01 -7.681893795268544523e+01 -6.833155909034100262e+01
3.304589707927677011e+01 -7.668206656124377218e+01 -6.819582174144012754e+01
3.354659248956884454e+01 -7.654354381846198407e+01 -6.805906074562950892e+01
3.404728789986091897e+01 -7.640336921211266485e+01 -6.792128214471883041e+01
3.454798331015298629e+01 -7.626154307747194139e+01 -6.778249270256107195e+01
3.504867872044505361e+01 -7.611806664388561217e+01 -6.764269990354274853e+01
3.554937413073713515e+01 -7.597294207085789708e+01 -6.750191203774643611e+01
3.605006954102920247e+01 -7.582617248996095327e+01 -6.736013817125690650e+01
3.655076495132127690e+01 -7.567776201880471376e+01 -6.721738823085213710e+01
3.705146036161335132e+01 -7.552771583437854019e+01 -6.707367297737557976e+01
3.755215577190541865e+01 -7.537604016490215031e+01 -6.692900407836471288e+01
3.805285118219749307e+01 -7.522274237131634322e+01 -6.678339406625066488e+01
3.855354659248956750e+01 -7.506783094262638656e+01 -6.663685650341842859e+01
3.905424200278163482e+01 -7.491131558787012068e+01 -6.648940581227118685e+01
3.955493741307371636e+01 -7.475320721283489434e+01 -6.634105748381388423e+01
4.005563282336578368e+01 -7.459351800620490280e+01 -6.619182797964585063e+01
4.055632823365785811e+01 -7.443226145935179261e+01 -6.604173480679436636e+01
4.105702364394993253e+01 -7.426945242919893531e+01 -6.589079654696122645e+01
4.155771905424199986e+01 -7.410510712774404851e+01 -6.573903284887508391e+01
4.205841446453408139e+01 -7.393924321053484050e+01 -6.558646446007203679e+01
4.255910987482614871e+01 -7.377187978365392951e+01 -6.543311325811971813e+01
4.305980528511821603e+01 -7.360303747123973039e+01 -6.527900222347541614e+01
4.356050069541029046e+01 -7.343273840500907568e+01 -6.512415550802559494e+01
4.406119610570236489e+01 -7.326100631273286012e+01 -6.496859843283034763e+01
4.456189151599443221e+01 -7.308786651765396414e+01 -6.481235745501778922e+01
4.506258692628650664e+01 -7.291334596642693100e+01 -6.465546024402586056e+01
4.556328233657857396e+01 -7.273747329081808743e+01 -6.449793563129362894e+01
4.606397774687064128e+01 -7.256027881469046292e+01 -6.433981364497897459e+01
4.656467315716272282e+01 -7.238179455051133004e+01 -6.418112547856738104e+01
4.706536856745479014e+01 -7.220205428782784907e+01 -6.402190353509952558e+01
4.756606397774686457e+01 -7.202109355717831818e+01 -6.386218139690329565e+01
4.806675938803893899e+01 -7.183894966036015717e+01 -6.370199375574459566e+01
4.856745479833100632e+01 -7.165566170360827414e+01 -6.354137654786912037e+01
4.906815020862308074e+01 -7.147127055684970287e+01 -6.338036677239445282e+01
4.956884561891514807e+01 -7.128581890725465087e+01 -6.321900259666593058e+01
5.006954102920722960e+01 -7.109935122431190280e+01 -6.305732325031870289e+01
5.057023643949929692e+01 -7.091191376681373981e+01 -6.289536906718724651e+01
5.107093184979137135e+01 -7.072355457703517345e+01 -6.273318139217310829e+01
5.157162726008345288e+01 -7.053432344231688944e+01 -6.257080260045343323e+01
5.207232267037552020e+01 -7.034427189040863482e+01 -6.240827601016947312e+01
5.257301808066758753e+01 -7.015345315454462138e+01 -6.224564588242658658e+01
5.307371349095966906e+01 -6.996192212804155020e+01 -6.208295735144504590e+01
5.357440890125173638e+01 -6.976973534334385363e+01 -6.192025640127697272e+01
5.407510431154380370e+01 -6.957695090450280873e+01 -6.175758976132358669e+01
5.457579972183587813e+01 -6.938362844061040846e+01 -6.159500491564843117e+01
5.507649513212795256e+01 -6.918982906039738623e+01 -6.143254999762150703e+01
5.557719054242002699e+01 -6.899561526026511160e+01 -6.127027372981986275e+01
5.607788595271209431e+01 -6.880105085327224401e+01 -6.110822539928933850e+01
5.657858136300416163e+01 -6.860620090394215254e+01 -6.094645472162967792e+01
5.707927677329624316e+01 -6.841113165142880348e+01 -6.078501183459168544e+01
5.757997218358831759e+01 -6.821591037680329350e+01 -6.062394715765124431e+01
5.808066759388038491e+01 -6.802060535415941445e+01 -6.046331139113620168e+01
5.858136300417245934e+01 -6.782528571790018646e+01 -6.030315537303552276e+01
5.908205841446452666e+01 -6.763002136320275781e+01 -6.014353002486616617e+01
5.958275382475660109e+01 -6.743488283425969598e+01 -5.998448626610782242e+01
6.008344923504866841e+01 -6.723994121950519798e+01 -5.982607493896951212e+01
6.058414464534074995e+01 -6.704526801075255094e+01 -5.966834671118279232e+01
6.108484005563281727e+01 -6.685093499492788283e+01 -5.951135200004075898e+01
6.158553546592489170e+01 -6.665701412601330844e+01 -5.935514088275824918e+01
6.208623087621696612e+01 -6.646357739575316259e+01 -5.919976301047002210e+01
6.258692628650903345e+01 -6.627069670967168236e+01 -5.904526753765397018e+01
6.308762169680110787e+01 -6.607844374402768040e+01 -5.889170303132716811e+01
6.358831710709318941e+01 -6.588688982910818481e+01 -5.873911737354804075e+01
6.408901251738525673e+01 -6.569610582109882557e+01 -5.858755771426815784e+01
6.458970792767732405e+01 -6.550616195452741408e+01 -5.843707036583084857e+01
6.509040333796939137e+01 -6.531712773225146407e+01 -5.828770074418146407e+01
6.559109874826147291e+01 -6.512907179623718434e+01 -5.813949327806342637e+01
6.609179415855354023e+01 -6.494206179251770550e+01 -5.799249136710871255e+01
6.659248956884562176e+01 -6.475616428038912886e+01 -5.784673728870559728e+01
6.709318497913768908e+01 -6.457144458281683796e+01 -5.770227213979099190e+01
6.759388038942975641e+01 -6.438796669679570073e+01 -5.755913579959754145e+01
6.809457579972183794e+01 -6.420579317926305407e+01 -5.741736684117798006e+01
6.859527121001390526e+01 -6.402498505513059968e+01 -5.727700250230130052e+01
6.909596662030597258e+01 -6.384560170668984824e+01 -5.713807863481208926e+01
6.959666203059803991e+01 -6.366770079444970065e+01 -5.700062965107947832e+01
7.009735744089010723e+01 -6.349133818495894843e+01 -5.686468849722162133e+01
7.059805285118218876e+01 -6.331656784137587124e+01 -5.673028661701694375e+01
7.109874826147427029e+01 -6.314344179436440641e+01 -5.659745390941255039e+01
7.159944367176633762e+01 -6.297201005594681078e+01 -5.646621873085253185e+01
7.210013908205840494e+01 -6.280232055896769339e+01 -5.633660784405522293e+01
7.260083449235048647e+01 -6.263441914428833002e+01 -5.620864642965473479e+01
7.310152990264255379e+01 -6.246834947580347830e+01 -5.608235805476881808e+01
7.360222531293462112e+01 -6.230415304044137770e+01 -5.595776467532716936e+01
7.410292072322670265e+01 -6.214186910625423366e+01 -5.583488663839973754e+01
7.460361613351876997e+01 -6.198153471194083863e+01 -5.571374266939103848e+01
7.510431154381083729e+01 -6.182318465404088670e+01 -5.559434989532321936e+01
7.560500695410290461e+01 -6.166685147762174779e+01 -5.547672384483605867e+01
7.610570236439498615e+01 -6.151256548791999990e+01 -5.536087846681341773e+01
7.660639777468706768e+01 -6.136035474568481618e+01 -5.524682613853231317e+01
7.710709318497913500e+01 -6.121024509511764222e+01 -5.513457770058751350e+01
7.760778859527120233e+01 -6.106226018249864751e+01 -5.502414247318968421e+01
7.810848400556326965e+01 -6.091642147481317693e+01 -5.491552827944845205e+01
7.860917941585533697e+01 -6.077274829467634731e+01 -5.480874148844607419e+01
7.910987482614743271e+01 -6.063125786224256331e+01 -5.470378703619219607e+01
7.961057023643950004e+01 -6.049196533013011390e+01 -5.460066846287675446e+01
8.011126564673156736e+01 -6.035488383231560761e+01 -5.449938795943610614e+01
8.061196105702363468e+01 -6.022002453302840763e+01 -5.439994639432855195e+01
8.111265646731571621e+01 -6.008739667564506703e+01 -5.430234336708538478e+01
8.161335187760779775e+01 -5.995700764089698964e+01 -5.420657724323548621e+01
8.211404728789986507e+01 -5.982886301206301027e+01 -5.411264520087145513e+01
8.261474269819193239e+01 -5.970296662386382991e+01 -5.402054327954404300e+01
8.311543810848399971e+01 -5.957932063463951522e+01 -5.393026642449997610e+01
8.361613351877606704e+01 -5.945792558688546592e+01 -5.384180853557639068e+01
8.411682892906816278e+01 -5.933878047942991429e+01 -5.375516251260280853e+01
8.461752433936023010e+01 -5.922188282796989256e+01 -5.367032031244464463e+01
8.511821974965229742e+01 -5.910722873957703882e+01 -5.358727299091272300e+01
8.561891515994436475e+01 -5.899481297323356443e+01 -5.350601075631432479e+01
8.611961057023643207e+01 -5.888462902830789858e+01 -5.342652301718347019e+01
8.662030598052849939e+01 -5.877666918413589769e+01 -5.334879843466781324e+01
8.712100139082058092e+01 -5.867092460013802224e+01 -5.327282497375138348e+01
8.762169680111264825e+01 -5.856738536762415492e+01 -5.319858994399994856e+01
8.812239221140472978e+01 -5.846604057964279377e+01 -5.312608006126113480e+01
8.862308762169679710e+01 -5.836687840665101135e+01 -5.305528148491733020e+01
8.912378303198886442e+01 -5.826988615472211563e+01 -5.298617987376503891e+01
8.962447844228094596e+01 -5.817505033597691977e+01 -5.291876043374516314e+01
9.012517385257301328e+01 -5.808235673144801581e+01 -5.285300795403175300e+01
9.062586926286508060e+01 -5.799179046092896783e+01 -5.278890686756797379e+01
9.112656467315714792e+01 -5.790333603652535999e+01 -5.272644128366239613e+01
9.162726008344921524e+01 -5.781697742319076383e+01 -5.266559503804758435e+01
9.212795549374128257e+01 -5.773269810508347177e+01 -5.260635173711791879e+01
9.262865090403337831e+01 -5.765048114377415800e+01 -5.254869479751080519e+01
9.312934631432544563e+01 -5.757030921549878144e+01 -5.249260748335957771e+01
9.363004172461751295e+01 -5.749216469148515785e+01 -5.243807295402378088e+01
9.413073713490958028e+01 -5.741602967054924989e+01 -5.238507429202884680e+01
9.463143254520164760e+01 -5.734188603730282807e+01 -5.233359455196053034e+01
9.513212795549372913e+01 -5.726971550871959948e+01 -5.228361678840458637e+01
9.563282336578581067e+01 -5.719949967720887685e+01 -5.223512409319967276e+01
9.613351877607787799e+01 -5.713122006067416692e+01 -5.218809962919779366e+01
9.663421418636994531e+01 -5.706485814325853312e+01 -5.214252666053228324e+01
9.713490959666201263e+01 -5.700039541026919210e+01 -5.209838858754240221e+01
9.763560500695409416e+01 -5.693781339707194888e+01 -5.205566897005640215e+01
9.813630041724616149e+01 -5.687709371237426126e+01 -5.201435155998781568e+01
9.863699582753822881e+01 -5.681821808828382814e+01 -5.197442033043928689e+01
9.913769123783029613e+01 -5.676116840126334750e+01 -5.193585949432902282e+01
9.963838664812239188e+01 -5.670592670472680652e+01 -5.189865353582293039e+01
1.001390820584144592e+02 -5.665247526862069094e+01 -5.186278722546860820e+01
1.006397774687065265e+02 -5.660079658873721087e+01 -5.182824564580671733e+01
1.011404728789985938e+02 -5.655087342862381661e+01 -5.179501421465404576e+01
1.016411682892906754e+02 -5.650268883471719050e+01 -5.176307870023750013e+01
1.021418636995827427e+02 -5.645622616195461774e+01 -5.173242523749225086e+01
1.026425591098748242e+02 -5.641146909240043783e+01 -5.170304034785233682e+01
1.031432545201669058e+02 -5.636840165154418969e+01 -5.167491094856389111e+01
1.036439499304589731e+02 -5.632700823274782920e+01 -5.164802437422197556e+01
1.041446453407510404e+02 -5.628727360306649530e+01 -5.162236838026304042e+01
1.046453407510431077e+02 -5.624918292653157437e+01 -5.159793116508383548e+01
1.051460361613351751e+02 -5.621272176880731308e+01 -5.157470136654895043e+01
1.056467315716272708e+02 -5.617787611348896348e+01 -5.155266808119934296e+01
1.061474269819193381e+02 -5.614463237025185549e+01 -5.153182086541649198e+01
1.066481223922114054e+02 -5.611297737834385657e+01 -5.151214974706392979e+01
1.071488178025034728e+02 -5.608289842055521035e+01 -5.149364522432308888e+01
1.076495132127955401e+02 -5.605438322554684305e+01 -5.147629827151406801e+01
1.081502086230876074e+02 -5.602741996901451671e+01 -5.146010034608055150e+01
1.086509040333796889e+02 -5.600199728183790171e+01 -5.144504338626150286e+01
1.091515994436717563e+02 -5.597810425008057678e+01 -5.143111980876285827e+01
1.096522948539638236e+02 -5.595573041266172254e+01 -5.141832251457829273e+01
1.101529902642559051e+02 -5.593486576252027476e+01 -5.140664488200430071e+01
1.106536856745479724e+02 -5.591550074894323075e+01 -5.139608076896850264e+01
1.111543810848400540e+02 -5.589762626592411721e+01 -5.138662450371641910e+01
1.116550764951321213e+02 -5.588123365914790952e+01 -5.137827088248316443e+01
1.121557719054241886e+02 -5.586631471434949958e+01 -5.137101516483683383e+01
1.126564673157162559e+02 -5.585286165382123613e+01 -5.136485307135019696e+01
1.131571627260083233e+02 -5.584086712942800546e+01 -5.135978076264593994e+01
1.136578581363004190e+02 -5.583032421562231207e+01 -5.135579484638158476e+01
1.141585535465924863e+02 -5.582122640362351262e+01 -5.135289235862303769e+01
1.146592489568845536e+02 -5.581356758977628374e+01 -5.135107076151628291e+01
1.151599443671766352e+02 -5.580734206623739624e+01 -5.135032792000431812e+01
1.156606397774686883e+02 -5.580254451399079585e+01 -5.135066210648376739e+01
1.161613351877607698e+02 -5.579916998887776458e+01 -5.135207197868597007e+01
1.166620305980528229e+02 -5.579721391111954176e+01 -5.135455656803544855e+01
1.171627260083449187e+02 -5.579667205600409829e+01 -5.135811526800837612e+01
1.176634214186370002e+02 -5.579754053758799159e+01 -5.136274782016273832e+01
1.181641168289290533e+02 -5.579981579705483341e+01 -5.136845430133264756e+01
1.186648122392211349e+02 -5.580349459340206408e+01 -5.137523510733019805e+01
1.191655076495132022e+02 -5.580857398481450105e+01 -5.138309093315486109e+01
1.196662030598052695e+02 -5.581505131702280664e+01 -5.139202276775479561e+01
1.201668984700973368e+02 -5.582292421282610917e+01 -5.140203186841547733e+01
1.206675938803894041e+02 -5.583219054880893850e+01 -5.141311974911816662e+01
1.211682892906814999e+02 -5.584284844835630679e+01 -5.142528816540591663e+01
1.216689847009735672e+02 -5.585489626535556340e+01 -5.143853908695321309e+01
1.221696801112656345e+02 -5.586833257022655630e+01 -5.145287470134947228e+01
1.226703755215577019e+02 -5.588315612954895073e+01 -5.146829737524542736e+01
1.231710709318497834e+02 -5.589936589791315669e+01 -5.148480965027859213e+01
1.236717663421418507e+02 -5.591696099929387742e+01 -5.150241421971743705e+01
1.241724617524339322e+02 -5.593594071308027083e+01 -5.152111391623778047e+01
1.246731571627260138e+02 -5.595630445835988098e+01 -5.154091169213218393e+01
1.251738525730180669e+02 -5.597805178111295277e+01 -5.156181060330284538e+01
1.256745479833101484e+02 -5.600118233675013357e+01 -5.158381378365022840e+01
1.261752433936022157e+02 -5.602569587847094112e+01 -5.160692444507306220e+01
1.266759388038942831e+02 -5.605159223630900556e+01 -5.163114584952866437e+01
1.271766342141863788e+02 -5.607887132178868228e+01 -5.165648129273479583e+01
1.276773296244784177e+02 -5.610753308019477004e+01 -5.168293408787151577e+01
1.281780250347705135e+02 -5.613757751385557526e+01 -5.171050756194320286e+01
1.286787204450625950e+02 -5.616900464489000910e+01 -5.173920502143603528e+01
1.291794158553546481e+02 -5.620181451055097455e+01 -5.176902974853449280e+01
1.296801112656467296e+02 -5.623600714576306814e+01 -5.179998498540528828e+01
1.301808066759387827e+02 -5.627158257846596712e+01 -5.183207392357446963e+01
1.306815020862308643e+02 -5.630854081331628436e+01 -5.186529967016697640e+01
1.311821974965229458e+02 -5.634688181713565314e+01 -5.189966526827932114e+01
1.316828929068149989e+02 -5.638660550843334818e+01 -5.193517365507007355e+01
1.321835883171070805e+02 -5.642771175158551955e+01 -5.197182766641647333e+01
1.326842837273991336e+02 -5.647020034053704762e+01 -5.200963000431814010e+01
1.331849791376912435e+02 -5.651407099356285357e+01 -5.204858325916150363e+01
1.336856745479833251e+02 -5.655932333696975434e+01 -5.208868986606405826e+01
1.341863699582753782e+02 -5.660595690160400295e+01 -5.212995211040409060e+01
1.346870653685674597e+02 -5.665397111004560315e+01 -5.217237211908953043e+01
1.351877607788595128e+02 -5.670336526845923686e+01 -5.221595183858455869e+01
1.356884561891515943e+02 -5.675413856077349806e+01 -5.226069305004359933e+01
1.361891515994436759e+02 -5.680629003674832234e+01 -5.230659733148657153e+01
1.366898470097357290e+02 -5.685981861313914010e+01 -5.235366606816258184e+01
1.371905424200278105e+02 -5.691472304983173558e+01 -5.240190044940989367e+01
1.376912378303198636e+02 -5.697100196497623870e+01 -5.245130144373122505e+01
1.381919332406119452e+02 -5.702865380646537119e+01 -5.250186980316955498e+01
1.386926286509039983e+02 -5.708767686241182560e+01 -5.255360607138443640e+01
1.391933240611960798e+02 -5.714806924892465645e+01 -5.260651053941417388e+01
1.396940194714881613e+02 -5.720982890312436098e+01 -5.266058328467495642e+01
1.401947148817802145e+02 -5.727295357470276826e+01 -5.271582413952872059e+01
1.406954102920723244e+02 -5.733744084105703109e+01 -5.277223269186522714e+01
1.411961057023643775e+02 -5.740328807236502939e+01 -5.282980829208698026e+01
1.416968011126564591e+02 -5.747049245486843461e+01 -5.288855002225916735e+01
1.421974965229485406e+02 -5.753905096526133889e+01 -5.294845673452671519e+01
1.426981919332405937e+02 -5.760896037883932763e+01 -5.300952700745854429e+01
1.431988873435326752e+02 -5.768021727066363269e+01 -5.307175916700232676e+01
1.436995827538247283e+02 -5.775281800159129375e+01 -5.313515128168235435e+01
1.442002781641168099e+02 -5.782675871842067750e+01 -5.319970115532358079e+01
1.447009735744088914e+02 -5.790203535214524777e+01 -5.326540631994846819e+01
1.452016689847009729e+02 -5.797864361882668049e+01 -5.333226405469447684e+01
1.457023643949930261e+02 -5.805657901086371453e+01 -5.340027135714565532e+01
1.462030598052851076e+02 -5.813583680179428370e+01 -5.346942496403728740e+01
1.467037552155771891e+02 -5.821641203698229106e+01 -5.353972134098087565e+01
1.472044506258692422e+02 -5.829829954351291121e+01 -5.361115668992654548e+01
1.477051460361613238e+02 -5.838149391738690497e+01 -5.368372692818896041e+01
1.482058414464534053e+02 -5.846598952701307894e+01 -5.375742770911104174e+01
1.487065368567454584e+02 -5.855178051437243880e+01 -5.383225441475617856e+01
1.492072322670375399e+02 -5.863886079094365300e+01 -5.390820215952801675e+01
1.497079276773296215e+02 -5.872722404468797208e+01 -5.398526578474077553e+01
1.502086230876216746e+02 -5.881686372666146667e+01 -5.406343985612723202e+01
1.507093184979137845e+02 -5.890777306149240644e+01 -5.414271867020973161e+01
1.512100139082058092e+02 -5.899994505320202620e+01 -5.422309626244926051e+01
1.517107093184979192e+02 -5.909337246541392119e+01 -5.430456639560391352e+01
1.522114047287899723e+02 -5.918804784521918805e+01 -5.438712256089304731e+01
1.527121001390820538e+02 -5.928396351328112246e+01 -5.447075799458646372e+01
1.532127955493741354e+02 -5.938111155801445307e+01 -5.455546565704965190e+01
1.537134909596661885e+02 -5.947948386003255905e+01 -5.464123824700466514e+01
1.542141863699582700e+02 -5.957907206137016942e+01 -5.472806821666411281e+01
1.547148817802503231e+02 -5.967986760331834262e+01 -5.481594774961224914e+01
1.552155771905424047e+02 -5.978186170008549993e+01 -5.490486877593896509e+01
1.557162726008344862e+02 -5.988504536120737498e+01 -5.499482296962044359e+01
1.562169680111265393e+02 -5.998940938288862412e+01 -5.508580176394418970e+01
1.567176634214186208e+02 -6.009494435178632443e+01 -5.517779634219580487e+01
1.572183588317106739e+02 -6.020164065650598673e+01 -5.527079763358445064e+01
1.577190542420027555e+02 -6.030948848585532573e+01 -5.536479635253301979e+01
1.582197496522948654e+02 -6.041847782942633671e+01 -5.545978295705965877e+01
1.587204450625868901e+02 -6.052859848865475101e+01 -5.555574768966864951e+01
1.592211404728790001e+02 -6.063984008191320640e+01 -5.565268055814188131e+01
1.597218358831710532e+02 -6.075219204334709389e+01 -5.575057135241907247e+01
1.602225312934631347e+02 -6.086564361734482986e+01 -5.584940964692607679e+01
1.607232267037552162e+02 -6.098018390044737203e+01 -5.594918480945155181e+01
1.612239221140472694e+02 -6.109580179985707105e+01 -5.604988600187455461e+01
1.617246175243393509e+02 -6.121248607367371619e+01 -5.615150218409355887e+01
1.622253129346314324e+02 -6.133022531477828920e+01 -5.625402213760396819e+01
1.627260083449234855e+02 -6.144900797477086485e+01 -5.635743443608960490e+01
1.632267037552155955e+02 -6.156882234459837377e+01 -5.646172750728881340e+01
1.637273991655076486e+02 -6.168965658715089262e+01 -5.656688957462763767e+01
1.642280945757997301e+02 -6.181149872096349895e+01 -5.667290871688608433e+01
1.647287899860917832e+02 -6.193433664815594852e+01 -5.677977285772074367e+01
1.652294853963838648e+02 -6.205815812882130444e+01 -5.688746976071713846e+01
1.657301808066759463e+02 -6.218295081595053375e+01 -5.699598706169497575e+01
1.662308762169679994e+02 -6.230870224102611132e+01 -5.710531225852180626e+01
1.667315716272600810e+02 -6.243539982973808833e+01 -5.721543271053094770e+01
1.672322670375521341e+02 -6.256303090634966679e+01 -5.732633568770695831e+01
1.677329624478442156e+02 -6.269158268147359081e+01 -5.743800833488792534e+01
1.682336578581363256e+02 -6.282104228656018563e+01 -5.755043768922776337e+01
1.687343532684283502e+02 -6.295139674945014008e+01 -5.766361071395665761e+01
1.692350486787204602e+02 -6.308263301067265161e+01 -5.777751427975461240e+01
1.697357440890125133e+02 -6.321473793043034561e+01 -5.789213518570620920e+01
1.702364394993045948e+02 -6.334769827695774325e+01 -5.800746015231568720e+01
1.707371349095966480e+02 -6.348150074980432578e+01 -5.812347585992399956e+01
1.712378303198887295e+02 -6.361613195887977668e+01 -5.824016892076913621e+01
1.717385257301808110e+02 -6.375157844075212665e+01 -5.835752591682110335e+01
1.722392211404728641e+02 -6.388782665631944724e+01 -5.847553338115547206e+01
1.727399165507649457e+02 -6.402486299197400399e+01 -5.859417783287797477e+01
1.732406119610569988e+02 -6.416267375261733719e+01 -5.871344577246789243e+01
1.737413073713490803e+02 -6.430124516631687470e+01 -5.883332366071415720e+01
1.742420027816411618e+02 -6.444056338547008522e+01 -5.895379798783694980e+01
1.747426981919332150e+02 -6.458061447981955894e+01 -5.907485521206042733e+01
1.752433936022252965e+02 -6.472138443179639467e+01 -5.919648181978489276e+01
1.757440890125173496e+02 -6.486285913884850629e+01 -5.931866429379086014e+01
1.762447844228094596e+02 -6.500502440529155024e+01 -5.944138914561706599e+01
1.767454798331015411e+02 -6.514786593765231260e+01 -5.956464290135416206e+01
1.772461752433935942e+02 -6.529136934234040268e+01 -5.968841211968909022e+01
1.777468706536856757e+02 -6.543552010935010799e+01 -5.981268338259185668e+01
1.782475660639777288e+02 -6.558030362390192636e+01 -5.993744331277783033e+01
1.787482614742698104e+02 -6.572570513617458232e+01 -6.006267856905112978e+01
1.792489568845618919e+02 -6.587170976596163996e+01 -6.018837585387161937e+01
1.797496522948539450e+02 -6.601830249685073682e+01 -6.031452190869829622e+01
1.802503477051460266e+02 -6.616546815294051953e+01 -6.044110353145158854e+01
1.807510431154380797e+02 -6.631319140116895028e+01 -6.056810755206613806e+01
1.812517385257301612e+02 -6.646145673501516171e+01 -6.069552085984840062e+01
1.817524339360222427e+02 -6.661024845703715869e+01 -6.082333038950680759e+01
1.822531293463142958e+02 -6.675955068120012470e+01 -6.095152312406214890e+01
1.827538247566063774e+02 -6.690934730493674465e+01 -6.108008609546602941e+01
1.832545201668984305e+02 -6.705962200449059196e+01 -6.120900638329119658e+01
1.837552155771905404e+02 -6.721035821628967710e+01 -6.133827111611397243e+01
1.842559109874825651e+02 -6.736153913228983470e+01 -6.146786746263758516e+01
1.847566063977746751e+02 -6.751314767669165917e+01 -6.159778263347477889e+01
1.852573018080667566e+02 -6.766516648964235969e+01 -6.172800388114781356e+01
1.857579972183588097e+02 -6.781757792490745373e+01 -6.185851849543185210e+01
1.862586926286508913e+02 -6.797036401960278340e+01 -6.198931379637004113e+01
1.867593880389429444e+02 -6.812350649885112830e+01 -6.212037713078105128e+01
1.872600834492350259e+02 -6.827698673620099612e+01 -6.225169587225907719e+01
1.877607788595271074e+02 -6.843078576293984838e+01 -6.238325740953230536e+01
1.882614742698191606e+02 -6.858488424481103607e+01 -6.251504915111952698e+01
1.887621696801112421e+02 -6.873926245873073526e+01 -6.264705851252445257e+01
1.892628650904032952e+02 -6.889390029977286645e+01 -6.277927290692248619e+01
1.897635605006953767e+02 -6.904877725090111085e+01 -6.291167974516072547e+01
1.902642559109874583e+02 -6.920387238296891042e+01 -6.304426643808626807e+01
1.907649513212795114e+02 -6.935916433609301635e+01 -6.317702036278576827e+01
1.912656467315716213e+02 -6.951463131034026333e+01 -6.330992889052511430e+01
1.917663421418636460e+02 -6.967025106572756954e+01 -6.344297935182483172e+01
1.922670375521557560e+02 -6.982600090126717873e+01 -6.357615904111669636e+01
1.927677329624478375e+02 -6.998185766427988597e+01 -6.370945521557958102e+01
1.932684283727398906e+02 -7.013779772478366681e+01 -6.384285507418469763e+01
1.937691237830319722e+02 -7.029379699877674170e+01 -6.397634575769559717e+01
1.942698191933240253e+02 -7.044983091796959229e+01 -6.410991434866816974e+01
1.947705146036161068e+02 -7.060587445306802579e+01 -6.424354784583927369e+01
1.952712100139081883e+02 -7.076190209980333634e+01 -6.437723318042488074e+01
1.957719054242002414e+02 -7.091788789755875655e+01 -6.451095718818039870e+01
1.962726008344923230e+02 -7.107380542471284457e+01 -6.464470661871389723e+01
1.967732962447844045e+02 -7.122962780096779056e+01 -6.477846811685965633e+01
1.972739916550764576e+02 -7.138532771994570680e+01 -6.491222822733477926e+01
1.977746870653685392e+02 -7.154087743754709550e+01 -6.504597338309766030e+01
1.982753824756605923e+02 -7.169624880454713889e+01 -6.517968989836306548e+01
1.987760778859527022e+02 -7.185141327590892502e+01 -6.531336396860213256e+01
1.992767732962447838e+02 -7.200634193173820563e+01 -6.544698166821406460e+01
1.997774687065368369e+02 -7.216100549590984770e+01 -6.558052893189967847e+01
2.002781641168289184e+02 -7.231537436866412349e+01 -6.571399157328785634e+01
2.007788595271209999e+02 -7.246941864756146856e+01 -6.584735526630909419e+01
2.012795549374130530e+02 -7.262310816240707823e+01 -6.598060554053888893e+01
2.017802503477051346e+02 -7.277641250086227842e+01 -6.611372780331664956e+01
2.022809457579971877e+02 -7.292930104104081579e+01 -6.624670730598525381e+01
2.027816411682892692e+02 -7.308174299807498642e+01 -6.637952916775618917e+01
2.032823365785813508e+02 -7.323370744972700663e+01 -6.651217836872463351e+01
2.037830319888734039e+02 -7.338516338528344818e+01 -6.664463974754114872e+01
2.042837273991654854e+02 -7.353607974513644763e+01 -6.677689801305321282e+01
2.047844228094575953e+02 -7.368642545803660937e+01 -6.690893773790237731e+01
2.052851182197496485e+02 -7.383616949464405366e+01 -6.704074336550918645e+01
2.057858136300417300e+02 -7.398528091176623889e+01 -6.717229922055055624e+01
2.062865090403338115e+02 -7.413372889193917104e+01 -6.730358950546731478e+01
2.067872044506258646e+02 -7.428148279930675812e+01 -6.743459830977742797e+01
2.072878998609179462e+02 -7.442851222618693896e+01 -6.756530962404583818e+01
2.077885952712099993e+02 -7.457478704429442473e+01 -6.769570733755615777e+01
2.082892906815020808e+02 -7.472027744199360200e+01 -6.782577525460881418e+01
2.087899860917941623e+02 -7.486495398949111291e+01 -6.795549710267012244e+01
2.092906815020862155e+02 -7.500878768307367750e+01 -6.808485653935720450e+01
2.097913769123782970e+02 -7.515174998236099668e+01 -6.821383717222859389e+01
2.102920723226703501e+02 -7.529381286851341315e+01 -6.834242255878423578e+01
2.107927677329624316e+02 -7.543494889312634655e+01 -6.847059623091270453e+01
2.112934631432545416e+02 -7.557513121315489002e+01 -6.859834170304027623e+01
2.117941585535465663e+02 -7.571433363515163251e+01 -6.872564248377246088e+01
2.122948539638386762e+02 -7.585253067347431966e+01 -6.885248209684876031e+01
2.127955493741307293e+02 -7.598969756658399888e+01 -6.897884408754551089e+01
2.132962447844228109e+02 -7.612581033292437382e+01 -6.910471205410802042e+01
2.137969401947148924e+02 -7.626084579653317519e+01 -6.923006964192980206e+01
2.142976356050069455e+02 -7.639478162662337013e+01 -6.935490058080547726e+01
2.147983310152990271e+02 -7.652759636552283951e+01 -6.947918868900531209e+01
2.152990264255910802e+02 -7.665926945894236155e+01 -6.960291789655828154e+01
2.157997218358831617e+02 -7.678978126994545050e+01 -6.972607225689360178e+01
2.163004172461752148e+02 -7.691911312551448532e+01 -6.984863597012379444e+01
2.168011126564672963e+02 -7.704724731189409681e+01 -6.997059339235791242e+01
2.173018080667593779e+02 -7.717416710718745776e+01 -7.009192906713367677e+01
2.178025034770514310e+02 -7.729985678368458935e+01 -7.021262772308917022e+01
2.183031988873435125e+02 -7.742430162881711908e+01 -7.033267431703650630e+01
2.188038942976355656e+02 -7.754748794515828081e+01 -7.045205401766368425e+01
2.193045897079276472e+02 -7.766940306439275332e+01 -7.057075225326487100e+01
2.198052851182197571e+02 -7.779003533567512818e+01 -7.068875470359132862e+01
2.203059805285118102e+02 -7.790937414425636121e+01 -7.080604733594016409e+01
2.208066759388038918e+02 -7.802740988820070811e+01 -7.092261640748263574e+01
2.213073713490959449e+02 -7.814413398537064381e+01 -7.103844847748776203e+01
2.218080667593880264e+02 -7.825953885945702382e+01 -7.115353043526199883e+01
2.223087621696801079e+02 -7.837361793765077778e+01 -7.126784950364169902e+01
2.228094575799721611e+02 -7.848636562037492581e+01 -7.138139324132141894e+01
2.233101529902642426e+02 -7.859777728361288496e+01 -7.149414958767381734e+01
2.238108484005562957e+02 -7.870784925562540479e+01 -7.160610683131751841e+01
2.243115438108483772e+02 -7.881657879133919664e+01 -7.171725365784739381e+01
2.248122392211404588e+02 -7.892396406536201425e+01 -7.182757913353641754e+01
2.253129346314325119e+02 -7.903000412890898474e+01 -7.193707273094703680e+01
2.258136300417245934e+02 -7.913469890980260857e+01 -7.204572431961794621e+01
2.263143254520166465e+02 -7.923804917754816302e+01 -7.215352419633207148e+01
2.268150208623087565e+02 -7.934005650142418631e+01 -7.226046306416181153e+01
2.273157162726008380e+02 -7.944072325630324372e+01 -7.236653205808040923e+01
2.278164116828928911e+02 -7.954005256677257307e+01 -7.247172274030533856e+01
2.283171070931849727e+02 -7.963804828385102041e+01 -7.257602710146245784e+01
2.288178025034770258e+02 -7.973471496869089492e+01 -7.267943757688415474e+01
2.293184979137691073e+02 -7.983005785066845306e+01 -7.278194702565458840e+01
2.298191933240611604e+02 -7.992408280410083421e+01 -7.288354874574368125e+01
2.303198887343532704e+02 -8.001679631099315770e+01 -7.298423647633542544e+01
2.308205841446453235e+02 -8.010820544038477919e+01 -7.308400438385804421e+01
2.313212795549373766e+02 -8.019831780977210656e+01 -7.318284707828213698e+01
2.318219749652294297e+02 -8.028714155959680454e+01 -7.328075958634515530e+01
2.323226703755215397e+02 -8.037468532547680411e+01 -7.337773737017785436e+01
2.328233657858135928e+02 -8.046095820572531920e+01 -7.347377631333445436e+01
2.333240611961056459e+02 -8.054596972847375014e+01 -7.356887271613602763e+01
2.338247566063977843e+02 -8.062972983535357230e+01 -7.366302329101388580e+01
2.343254520166898374e+02 -8.071224883752051937e+01 -7.375622515319635397e+01
2.348261474269818621e+02 -8.079353740682888940e+01 -7.384847583002199656e+01
2.353268428372740004e+02 -8.087360653037416114e+01 -7.393977322368671423e+01
2.358275382475660535e+02 -8.095246749570520706e+01 -7.403011563452680832e+01
2.363282336578581067e+02 -8.103013186437613058e+01 -7.411950173511657169e+01
2.368289290681501882e+02 -8.110661144743392015e+01 -7.420793056677582911e+01
2.373296244784422697e+02 -8.118191827375535752e+01 -7.429540152851048163e+01
2.378303198887343228e+02 -8.125606458007649735e+01 -7.438191436886343411e+01
2.383310152990264044e+02 -8.132906277655291660e+01 -7.446746918096694401e+01
2.388317107093184859e+02 -8.140092543679074311e+01 -7.455206638857278278e+01
2.393324061196105390e+02 -8.147166526704228318e+01 -7.463570673208239725e+01
2.398331015299026205e+02 -8.154129509264271292e+01 -7.471839127320352247e+01
2.403337969401946737e+02 -8.160982783344593372e+01 -7.480012135420481911e+01
2.408344923504867552e+02 -8.167727649855393679e+01 -7.488089862585555068e+01
2.413351877607788083e+02 -8.174365414952004016e+01 -7.496072501773967645e+01
2.418358831710709183e+02 -8.180897390350432374e+01 -7.503960271730109355e+01
2.423365785813629998e+02 -8.187324890147939982e+01 -7.511753417741063288e+01
2.428372739916550529e+02 -8.193649230391412175e+01 -7.519452209890376082e+01
2.433379694019471344e+02 -8.199871727789391684e+01 -7.527056941923008537e+01
2.438386648122392160e+02 -8.205993697250097796e+01 -7.534567930081182396e+01
2.443393602225312691e+02 -8.212016451476912948e+01 -7.541985512522303736e+01
2.448400556328233506e+02 -8.217941300033237439e+01 -7.549310048154809749e+01
2.453407510431154037e+02 -8.223769547586567796e+01 -7.556541914630004442e+01
2.458414464534074853e+02 -8.229502492879726105e+01 -7.563681508691304600e+01
2.463421418636995668e+02 -8.235141428670522146e+01 -7.570729245010086572e+01
2.468428372739916199e+02 -8.240687638610368992e+01 -7.577685554323041117e+01
2.473435326842837014e+02 -8.246142400255028804e+01 -7.584550883199342763e+01
2.478442280945758114e+02 -8.251506980240648659e+01 -7.591325692410835302e+01
2.483449235048678645e+02 -8.256782635585670960e+01 -7.598010456990239447e+01
2.488456189151599460e+02 -8.261970612915470724e+01 -7.604605664368507689e+01
2.493463143254520276e+02 -8.267072147640462276e+01 -7.611111814258408970e+01
2.498470097357440807e+02 -8.272088462938000930e+01 -7.617529417024714178e+01
2.503477051460361338e+02 -8.277020770289256291e+01 -7.623858993975234455e+01
2.508484005563282153e+02 -8.281870267856876922e+01 -7.630101074697820707e+01
2.513490959666202968e+02 -8.286638140599785629e+01 -7.636256197933478518e+01
2.518497913769123500e+02 -8.291325559718822547e+01 -7.642324910732357068e+01
2.523504867872044315e+02 -8.295933682836242440e+01 -7.648307766067235036e+01
2.528511821974965130e+02 -8.300463652893542132e+01 -7.654205324361471696e+01
2.533518776077885661e+02 -8.304916598130401439e+01 -7.660018150695039196e+01
2.538525730180806477e+02 -8.309293632117258710e+01 -7.665746815735845132e+01
2.543532684283727576e+02 -8.313595853223031895e+01 -7.671391894109918042e+01
2.548539638386647823e+02 -8.317824344651606339e+01 -7.676953964052161439e+01
2.553546592489568354e+02 -8.321980174320239598e+01 -7.682433606940692528e+01
2.558553546592489738e+02 -8.326064394093209842e+01 -7.687831406598350270e+01
2.563560500695410269e+02 -8.330078040330718636e+01 -7.693147948361372812e+01
2.568567454798330800e+02 -8.334022134180986541e+01 -7.698383819661474092e+01
2.573574408901251900e+02 -8.337897680215155560e+01 -7.703539607813952728e+01
2.578581363004172431e+02 -8.341705667715547179e+01 -7.708615900716183944e+01
2.583588317107092962e+02 -8.345447069716179556e+01 -7.713613286789411916e+01
2.588595271210013493e+02 -8.349122843288830609e+01 -7.718532352534028007e+01
2.593602225312934593e+02 -8.352733930316733790e+01 -7.723373684159385277e+01
2.598609179415855124e+02 -8.356281255763698823e+01 -7.728137866419645263e+01
2.603616133518775655e+02 -8.359765729963802983e+01 -7.732825481857078387e+01
2.608623087621696754e+02 -8.363188246527548131e+01 -7.737437110918479277e+01
2.613630041724617286e+02 -8.366549683907648216e+01 -7.741973331256674840e+01
2.618636995827537817e+02 -8.369850905129118246e+01 -7.746434717264862968e+01
2.623643949930458916e+02 -8.373092757191864166e+01 -7.750821840978831290e+01
2.628650904033379447e+02 -8.376276071680590007e+01 -7.755135269399404763e+01
2.633657858136299978e+02 -8.379401665451250381e+01 -7.759375566878959773e+01
2.638664812239220510e+02 -8.382470340015422039e+01 -7.763543292676702379e+01
2.643671766342141609e+02 -8.385482881187454041e+01 -7.767639002093717693e+01
2.648678720445062140e+02 -8.388440060714691526e+01 -7.771663245599854974e+01
2.653685674547982671e+02 -8.391342634885575080e+01 -7.775616568368066339e+01
2.658692628650904339e+02 -8.394191345754815359e+01 -7.779499510623652725e+01
2.663699582753824870e+02 -8.396986920722423520e+01 -7.783312607411433248e+01
2.668706536856744833e+02 -8.399730072615787435e+01 -7.787056388013668595e+01
2.673713490959666501e+02 -8.402421500702823209e+01 -7.790731375600815056e+01
2.678720445062587032e+02 -8.405061889249601847e+01 -7.794338088279262422e+01
2.683727399165507563e+02 -8.407651909632164688e+01 -7.797877036995858191e+01
2.688734353268428094e+02 -8.410192218739989301e+01 -7.801348727225929736e+01
2.693741307371349194e+02 -8.412683460089613163e+01 -7.804753657459885119e+01
2.698748261474269725e+02 -8.415126263894826764e+01 -7.808092320367366312e+01
2.703755215577190256e+02 -8.417521247116800964e+01 -7.811365201633095978e+01
2.708762169680111356e+02 -8.419869013688102655e+01 -7.814572779374800859e+01
2.713769123783031887e+02 -8.422170154427772104e+01 -7.817715526238687573e+01
2.718776077885952418e+02 -8.424425247759893409e+01 -7.820793907303966819e+01
2.723783031988873518e+02 -8.426634858881689638e+01 -7.823808380490307002e+01
2.728789986091794049e+02 -8.428799541485557256e+01 -7.826759396557834236e+01
2.733796940194714580e+02 -8.430919836000899181e+01 -7.829647399456378309e+01
2.738803894297635111e+02 -8.432996271701318847e+01 -7.832472824928488819e+01
2.743810848400556210e+02 -8.435029365446357019e+01 -7.835236103012364595e+01
2.748817802503476742e+02 -8.437019622130630125e+01 -7.837937654898640005e+01
2.753824756606397273e+02 -8.438967535742230552e+01 -7.840577895025860755e+01
2.758831710709318372e+02 -8.440873587719990212e+01 -7.843157230149161308e+01
2.763838664812238903e+02 -8.442738249798186700e+01 -7.845676059573095529e+01
2.768845618915159434e+02 -8.444561980817255176e+01 -7.848134775617297976e+01
2.773852573018079966e+02 -8.446345230093365331e+01 -7.850533761986669390e+01
2.778859527121001065e+02 -8.448088435139146668e+01 -7.852873395510330568e+01
2.783866481223921596e+02 -8.449792022989359452e+01 -7.855154045239403615e+01
2.788873435326842127e+02 -8.451456410809451825e+01 -7.857376072869017491e+01
2.793880389429763227e+02 -8.453082004619474787e+01 -7.859539832068919907e+01
2.798887343532683758e+02 -8.454669200599792589e+01 -7.861645668825447331e+01
2.803894297635604289e+02 -8.456218384058308857e+01 -7.863693921907186279e+01
2.808901251738525957e+02 -8.457729931531686418e+01 -7.865684922399312029e+01
2.813908205841446488e+02 -8.459204208675438963e+01 -7.867618992714058379e+01
2.818915159944367019e+02 -8.460641572067643779e+01 -7.869496449501100699e+01
2.823922114047287550e+02 -8.462042368517731461e+01 -7.871317600387926916e+01
2.828929068150208650e+02 -8.463406935293932065e+01 -7.873082745376821379e+01
2.833936022253129181e+02 -8.464735600399598070e+01 -7.874792178241848717e+01
2.838942976356049712e+02 -8.466028682504810376e+01 -7.876446183152809510e+01
2.843949930458970812e+02 -8.467286491559306683e+01 -7.878045037993076960e+01
2.848956884561891343e+02 -8.468509328030384609e+01 -7.879589013064476433e+01
2.853963838664811874e+02 -8.469697483626350731e+01 -7.881078370388793530e+01
2.858970792767732974e+02 -8.470851241816082222e+01 -7.882513365483107748e+01
2.863977746870653505e+02 -8.471970876670351913e+01 -7.883894245031486037e+01
2.868984700973574036e+02 -8.473056654328598825e+01 -7.885221249722606274e+01
2.873991655076494567e+02 -8.474108831985053314e+01 -7.886494611688620182e+01
2.878998609179415666e+02 -8.475127659219290877e+01 -7.887714556367798480e+01
2.884005563282336198e+02 -8.476113376042721370e+01 -7.888881301223962339e+01
2.889012517385257297e+02 -8.477066215676420313e+01 -7.889995056852428945e+01
2.894019471488177828e+02 -8.477986402734455851e+01 -7.891056025466612311e+01
2.899026425591098359e+02 -8.478874153556820659e+01 -7.892064403109914394e+01
2.904033379694019459e+02 -8.479729677098788443e+01 -7.893020378607987197e+01
2.909040333796939990e+02 -8.480553173880943518e+01 -7.893924132404579552e+01
2.914047287899860521e+02 -8.481344837284771643e+01 -7.894775838482389929e+01
2.919054242002781621e+02 -8.482104853079206919e+01 -7.895575663897405150e+01
2.924061196105702152e+02 -8.482833398696064364e+01 -7.896323767352812695e+01
2.929068150208622683e+02 -8.483530644274966903e+01 -7.897020301883829063e+01
2.934075104311543782e+02 -8.484196753246102674e+01 -7.897665412236536042e+01
2.939082058414464314e+02 -8.484831880722229869e+01 -7.898259237479949491e+01
2.944089012517384845e+02 -8.485436175205390441e+01 -7.898801907502645747e+01
2.949095966620305944e+02 -8.486009777622274441e+01 -7.899293547276472793e+01
2.954102920723226475e+02 -8.486552820862902990e+01 -7.899734273333167778e+01
2.959109874826147006e+02 -8.487065432132118303e+01 -7.900124197140401350e+01
2.964116828929068106e+02 -8.487547730610879171e+01 -7.900463420452440744e+01
2.969123783031988637e+02 -8.487999828461403240e+01 -7.900752040810773735e+01
2.974130737134909168e+02 -8.488421830848604088e+01 -7.900990147396812802e+01
2.979137691237830268e+02 -8.488813836506159305e+01 -7.901177822632605796e+01
2.984144645340750799e+02 -8.489175936548571144e+01 -7.901315143322706547e+01
2.989151599443671330e+02 -8.489508215328538654e+01 -7.901402178909764018e+01
2.994158553546592429e+02 -8.489810750399600181e+01 -7.901438991064340200e+01
2.999165507649512961e+02 -8.490083612701982929e+01 -7.901425636364281502e+01
3.004172461752433492e+02 -8.490326865942702739e+01 -7.901362163645815428e+01
3.009179415855354023e+02 -8.490540567459970589e+01 -7.901248616040818717e+01
3.014186369958275691e+02 -8.490724767389122007e+01 -7.901085029696248796e+01
3.019193324061196222e+02 -8.490879509186945029e+01 -7.900871434239805069e+01
3.024200278164116185e+02 -8.491004830172728646e+01 -7.900607852692617428e+01
3.029207232267037853e+02 -8.491100760271999093e+01 -7.900294301614765402e+01
3.034214186369958384e+02 -8.491167323139197265e+01 -7.899930791279901143e+01
3.039221140472878915e+02 -8.491204535137853782e+01 -7.899517326024495389e+01
3.044228094575799446e+02 -8.491212407109694027e+01 -7.899053902356088486e+01
3.049235048678720545e+02 -8.491190941856532959e+01 -7.898540512183815565e+01
3.054242002781641077e+02 -8.491140136497975277e+01 -7.897977140781138417e+01
3.059248956884561608e+02 -8.491059981158059600e+01 -7.897363765679899927e+01
3.064255910987482707e+02 -8.490950458607524354e+01 -7.896700360395614382e+01
3.069262865090403238e+02 -8.490811546971096391e+01 -7.895986890585761842e+01
3.074269819193323769e+02 -8.490643214991308696e+01 -7.895223315970640954e+01
3.079276773296244869e+02 -8.490445426965767695e+01 -7.894409591322899189e+01
3.084283727399165400e+02 -8.490218138912969437e+01 -7.893545664372057047e+01
3.089290681502085931e+02 -8.489961301153195450e+01 -7.892631476502999988e+01
3.094297635605006462e+02 -8.489674856771651434e+01 -7.891666964036546972e+01
3.099304589707927562e+02 -8.489358742313459061e+01 -7.890652056192182329e+01
3.104311543810848093e+02 -8.489012887148894038e+01 -7.889586678289477106e+01
3.109318497913768624e+02 -8.488637214310034551e+01 -7.888470746975060877e+01
3.114325452016689724e+02 -8.488231640081568230e+01 -7.887304175112065252e+01
3.119332406119610255e+02 -8.487796072991542928e+01 -7.886086869451817449e+01
3.124339360222530786e+02 -8.487330415559986818e+01 -7.884818729644310054e+01
3.129346314325451885e+02 -8.486834563406405607e+01 -7.883499651264999386e+01
3.134353268428372417e+02 -8.486308403970468817e+01 -7.882129523020837780e+01
3.139360222531292948e+02 -8.485751819567452969e+01 -7.880708228845749375e+01
3.144367176634213479e+02 -8.485164683723741064e+01 -7.879235645921569642e+01
3.149374130737134578e+02 -8.484546863418607643e+01 -7.877711647122767147e+01
3.154381084840055109e+02 -8.483898219196836976e+01 -7.876136097989645179e+01
3.159388038942975641e+02 -8.483218602846164913e+01 -7.874508861384954628e+01
3.164394993045897309e+02 -8.482507860763823260e+01 -7.872829791556712564e+01
3.169401947148817840e+02 -8.481765830680556917e+01 -7.871098740162695151e+01
3.174408901251737802e+02 -8.480992342816989549e+01 -7.869315550333256226e+01
3.179415855354659470e+02 -8.480187220929806813e+01 -7.867480062783131700e+01
3.184422809457580001e+02 -8.479350281027944902e+01 -7.865592111271242004e+01
3.189429763560500533e+02 -8.478481330701157503e+01 -7.863651524608856391e+01
3.194436717663421064e+02 -8.477580170493325795e+01 -7.861658127358084869e+01
3.199443671766342163e+02 -8.476646593438167088e+01 -7.859611736921495151e+01
3.204450625869262694e+02 -8.475680383846878385e+01 -7.857512166765361883e+01
3.209457579972183225e+02 -8.474681319767950072e+01 -7.855359225575655557e+01
3.214464534075104325e+02 -8.473649169148092142e+01 -7.853152717039763786e+01
3.219471488178024856e+02 -8.472583694225320983e+01 -7.850892438798753403e+01
3.224478442280945387e+02 -8.471484646669955509e+01 -7.848578184390051149e+01
3.229485396383865918e+02 -8.470351771692418197e+01 -7.846209742607159399e+01
3.234492350486787018e+02 -8.469184805654910519e+01 -7.843786895986256980e+01
3.239499304589707549e+02 -8.467983475963245610e+01 -7.841309423687478386e+01
3.244506258692628649e+02 -8.466747502370027689e+01 -7.838777100097929917e+01
3.249513212795549180e+02 -8.465476595649845137e+01 -7.836189694169577535e+01
3.254520166898469711e+02 -8.464170457404664205e+01 -7.833546969972219642e+01
3.259527121001390810e+02 -8.462828781599938566e+01 -7.830848688787143885e+01
3.264534075104311910e+02 -8.461451251254231920e+01 -7.828094604719724714e+01
3.269541029207232441e+02 -8.460037541649995774e+01 -7.825284470283720850e+01
3.274547983310152972e+02 -8.458587319750472489e+01 -7.822418030296746849e+01
3.279554937413073503e+02 -8.457100241563030352e+01 -7.819495027830187439e+01
3.284561891515994603e+02 -8.455575953968445901e+01 -7.816515199436169326e+01
3.289568845618915134e+02 -8.454014095255199379e+01 -7.813478280386250674e+01
3.294575799721835665e+02 -8.452414292859729983e+01 -7.810383998181266918e+01
3.299582753824756765e+02 -8.450776165684993657e+01 -7.807232078022850885e+01
3.304589707927677296e+02 -8.449099321742215807e+01 -7.804022242173148527e+01
3.309596662030597827e+02 -8.447383358807610421e+01 -7.800754205632900096e+01
3.314603616133518926e+02 -8.445627865745802865e+01 -7.797427682515179015e+01
3.319610570236439457e+02 -8.443832419646108178e+01 -7.794042380137314296e+01
3.324617524339359989e+02 -8.441996588186607653e+01 -7.790598004667033649e+01
3.329624478442280520e+02 -8.440119927536358091e+01 -7.787094255985637403e+01
3.334631432545201619e+02 -8.438201983586823474e+01 -7.783530831638843495e+01
3.339638386648122150e+02 -8.436242291750335198e+01 -7.779907424713117337e+01
3.344645340751042681e+02 -8.434240375374290011e+01 -7.776223724952531313e+01
3.349652294853963781e+02 -8.432195747830687083e+01 -7.772479419375402188e+01
3.354659248956884312e+02 -8.430107909015927703e+01 -7.768674187694075783e+01
3.359666203059804843e+02 -8.427976349657612332e+01 -7.764807711687269887e+01
3.364673157162726511e+02 -8.425800547973580024e+01 -7.760879664613143802e+01
3.369680111265647042e+02 -8.423579969925506816e+01 -7.756889718050346971e+01
3.374687065368567005e+02 -8.421314069407006286e+01 -7.752837541851890535e+01
3.379694019471487536e+02 -8.419002288889572583e+01 -7.748722800392401666e+01
3.384700973574409204e+02 -8.416644057986422922e+01 -7.744545154379424901e+01
3.389707927677329735e+02 -8.414238793651925619e+01 -7.740304263065313251e+01
3.394714881780250266e+02 -8.411785900983323927e+01 -7.735999781977129430e+01
3.399721835883171366e+02 -8.409284771039344264e+01 -7.731631361519661993e+01
3.404728789986091897e+02 -8.406734783312646186e+01 -7.727198650868062657e+01
3.409735744089012428e+02 -8.404135302979292987e+01 -7.722701295959682000e+01
3.414742698191932959e+02 -8.401485682205171202e+01 -7.718138940150156202e+01
3.419749652294854059e+02 -8.398785259492021282e+01 -7.713511220628633680e+01
3.424756606397774590e+02 -8.396033360422403291e+01 -7.708817775344714107e+01
3.429763560500695121e+02 -8.393229296976994647e+01 -7.704058237618782812e+01
3.434770514603616220e+02 -8.390372365087307571e+01 -7.699232236261495643e+01
3.439777468706536752e+02 -8.387461847998704911e+01 -7.694339401333608919e+01
3.444784422809457283e+02 -8.384497015213815985e+01 -7.689379354695874724e+01
3.449791376912378382e+02 -8.381477120680574444e+01 -7.684351718556017374e+01
3.454798331015298913e+02 -8.378401404339487613e+01 -7.679256112846432814e+01
3.459805285118219444e+02 -8.375269090969838714e+01 -7.674092151523454675e+01
3.464812239221139976e+02 -8.372079390215793637e+01 -7.668859448233506271e+01
3.469819193324061075e+02 -8.368831497675375886e+01 -7.663557613128050150e+01
3.474826147426981606e+02 -8.365524592402971393e+01 -7.658186253019793810e+01
3.479833101529902137e+02 -8.362157838401154208e+01 -7.652744971279007302e+01
3.484840055632823237e+02 -8.358730385074127867e+01 -7.647233370754820214e+01
3.489847009735743768e+02 -8.355241364852284391e+01 -7.641651047805753194e+01
3.494853963838664299e+02 -8.351689895608015490e+01 -7.635997600800764928e+01
3.499860917941585399e+02 -8.348075078369390667e+01 -7.630272619762963870e+01
3.504867872044505930e+02 -8.344395998433246575e+01 -7.624475695587734947e+01
3.509874826147426461e+02 -8.340651725430299734e+01 -7.618606413807556521e+01
3.514881780250346992e+02 -8.336841311719845748e+01 -7.612664359714672457e+01
3.519888734353268660e+02 -8.332963795417501274e+01 -7.606649114843294512e+01
3.524895688456189191e+02 -8.329018195718560946e+01 -7.600560254510328662e+01
3.529902642559109154e+02 -8.325003516919561264e+01 -7.594397355778910708e+01
3.534909596662030822e+02 -8.320918745967534846e+01 -7.588159988610898665e+01
3.539916550764951353e+02 -8.316762854488240464e+01 -7.581847722153072766e+01
3.544923504867871884e+02 -8.312534796396832348e+01 -7.575460122874831370e+01
3.549930458970792415e+02 -8.308233509661360472e+01 -7.568996752588903121e+01
3.554937413073713515e+02 -8.303857914872605761e+01 -7.562457169382726363e+01
3.559944367176634046e+02 -8.299406916528167244e+01 -7.555840931343739442e+01
3.564951321279554577e+02 -8.294879402490434472e+01 -7.549147589559909477e+01
3.569958275382475676e+02 -8.290274244270730719e+01 -7.542376694697198047e+01
3.574965229485396208e+02 -8.285590296047573133e+01 -7.535527793419790044e+01
3.579972183588316739e+02 -8.280826397133974126e+01 -7.528600425654333606e+01
3.584979137691237838e+02 -8.275981368208556432e+01 -7.521594133866749132e+01
3.589986091794158369e+02 -8.271054016248452001e+01 -7.514508452759621093e+01
3.594993045897078900e+02 -8.266043129621895957e+01 -7.507342915136398176e+01
3.600000000000000000e+02 -8.260947483153142912e+01 -7.500097049951584438e+01
