# lons lats(polar edge) lats(equatorward edge)
0.000000000000000000e+00 7.083365403022617102e+01 6.628651589027140290e+01
5.006954102920723182e-01 7.085256676562130451e+01 6.630088063178118318e+01
1.001390820584144636e+00 7.087115933094173670e+01 6.631486892455723137e+01
1.502086230876216844e+00 7.088943455973640084e+01 6.632848551252391189e+01
2.002781641168289273e+00 7.090739531116560102e+01 6.634173515823204070e+01
2.503477051460361480e+00 7.092504446767270565e+01 6.635462265100795776e+01
3.004172461752433687e+00 7.094238494196906686e+01 6.636715280687383256e+01
3.504867872044505894e+00 7.095941966073587537e+01 6.637933045657007369e+01
4.005563282336578546e+00 7.097615158441476524e+01 6.639116046268497939e+01
4.506258692628650309e+00 7.099258369149174541e+01 6.640264770731334920e+01
5.006954102920722960e+00 7.100871898315381259e+01 6.641379707509656782e+01
5.507649513212795611e+00 7.102456048445310444e+01 6.642461350099836181e+01
6.008344923504867374e+00 7.104011124779935926e+01 6.643510191380698870e+01
6.509040333796940025e+00 7.105537434190046042e+01 6.644526727176923941e+01
7.009735744089011789e+00 7.107035286340396851e+01 6.645511454378208782e+01
7.510431154381083552e+00 7.108504992525558919e+01 6.646464871765999760e+01
8.011126564673157091e+00 7.109946866601239890e+01 6.647387479732950055e+01
8.511821974965229742e+00 7.111361225449945778e+01 6.648279779775273823e+01
9.012517385257300617e+00 7.112748386769089848e+01 6.649142275850843475e+01
9.513212795549373268e+00 7.114108671864960343e+01 6.649975471950691031e+01
1.001390820584144592e+01 7.115442402975168079e+01 6.650779873884837912e+01
1.051460361613352035e+01 7.116749905596952885e+01 6.651555988758425997e+01
1.101529902642559122e+01 7.118031507555861026e+01 6.652304325073581026e+01
1.151599443671766032e+01 7.119287537899799645e+01 6.653025392263751314e+01
1.201668984700973475e+01 7.120518328878097236e+01 6.653719700693707750e+01
1.251738525730180740e+01 7.121724215359427035e+01 6.654387762328931899e+01
1.301808066759388005e+01 7.122905533201992512e+01 6.655030089338632138e+01
1.351877607788595093e+01 7.124062621450866573e+01 6.655647194852443249e+01
1.401947148817802358e+01 7.125195821581291966e+01 6.656239594590240927e+01
1.452016689847009623e+01 7.126305477294954471e+01 6.656807803573408933e+01
1.502086230876216710e+01 7.127391934345359914e+01 6.657352337871068926e+01
1.552155771905424153e+01 7.128455541047151200e+01 6.657873714658288122e+01
1.602225312934631418e+01 7.129496648625354283e+01 6.658372451983248652e+01
1.652294853963838506e+01 7.130515610051224940e+01 6.658849068621728406e+01
1.702364394993045948e+01 7.131512780857156031e+01 6.659304084775592969e+01
1.752433936022252681e+01 7.132488519253092818e+01 6.659738019948215992e+01
1.802503477051460123e+01 7.133443185893702321e+01 6.660151395854862244e+01
1.852573018080667566e+01 7.134377143761957996e+01 6.660544734123485000e+01
1.902642559109874654e+01 7.135290758634801023e+01 6.660918557458879263e+01
1.952712100139081741e+01 7.136184398501063697e+01 6.661273389329815586e+01
2.002781641168289184e+01 7.137058434027130716e+01 6.661609753321479843e+01
2.052851182197496627e+01 7.137913238673354499e+01 6.661928174255970703e+01
2.102920723226704069e+01 7.138749188228393905e+01 6.662229177479255782e+01
2.152990264255910802e+01 7.139566661042044871e+01 6.662513289072174416e+01
2.203059805285118244e+01 7.140366038490901701e+01 6.662781035523019568e+01
2.253129346314325332e+01 7.141147703814203851e+01 6.663032944193199114e+01
2.303198887343532064e+01 7.141912043510819785e+01 6.663269542967989878e+01
2.353268428372739507e+01 7.142659446640755050e+01 6.663491360605783598e+01
2.403337969401946950e+01 7.143390304825152270e+01 6.663698925981387333e+01
2.453407510431154037e+01 7.144105012246291153e+01 6.663892768784515397e+01
2.503477051460361480e+01 7.144803965647588484e+01 6.664073419403374032e+01
2.553546592489568567e+01 7.145487565032090060e+01 6.664241408633623109e+01
2.603616133518776010e+01 7.146156212032656185e+01 6.664397268027622090e+01
2.653685674547983453e+01 7.146810312240268104e+01 6.664541529778014706e+01
2.703755215577190185e+01 7.147450272642890923e+01 6.664674725786406384e+01
2.753824756606397628e+01 7.148076503488118760e+01 6.664797389351386414e+01
2.803894297635604715e+01 7.148689417817513458e+01 6.664910054149893881e+01
2.853963838664812158e+01 7.149289430768112652e+01 6.665013253538725735e+01
2.904033379694019246e+01 7.149876960387337022e+01 6.665107522475389601e+01
2.954102920723226333e+01 7.150452426934498362e+01 6.665193394840551377e+01
3.004172461752433421e+01 7.151016254044952802e+01 6.665271406377522112e+01
3.054242002781640863e+01 7.151568866634625010e+01 6.665342092014705599e+01
3.104311543810848306e+01 7.152110693111899309e+01 6.665405988077489496e+01
3.154381084840055394e+01 7.152642163631389849e+01 6.665463629494277598e+01
3.204450625869262836e+01 7.153163711258093826e+01 6.665515553056118847e+01
3.254520166898469569e+01 7.153675771036068909e+01 6.665562294506324292e+01
3.304589707927677011e+01 7.154178780454094522e+01 6.665604390635942877e+01
3.354659248956884454e+01 7.154673179329256527e+01 6.665642377421116294e+01
3.404728789986091897e+01 7.155159409341285937e+01 6.665676790954401554e+01
3.454798331015298629e+01 7.155637914381804876e+01 6.665708168026847602e+01
3.504867872044505361e+01 7.156109140554326586e+01 6.665737044148934842e+01
3.554937413073713515e+01 7.156573535941424780e+01 6.665763955180389644e+01
3.605006954102920247e+01 7.157031550139072351e+01 6.665789436631692411e+01
3.655076495132127690e+01 7.157483635071548633e+01 6.665814023547662259e+01
3.705146036161335132e+01 7.157930243594455533e+01 6.665838250274626375e+01
3.755215577190541865e+01 7.158371831124532036e+01 6.665862650926081301e+01
3.805285118219749307e+01 7.158808854242670350e+01 6.665887758567785681e+01
3.855354659248956750e+01 7.159241769995423965e+01 6.665914105683421553e+01
3.905424200278163482e+01 7.159671038339729421e+01 6.665942223941763700e+01
3.955493741307371636e+01 7.160097119348938577e+01 6.665972643731018366e+01
4.005563282336578368e+01 7.160520474260556512e+01 6.666005894508069218e+01
4.055632823365785811e+01 7.160941565592656843e+01 6.666042504332816065e+01
4.105702364394993253e+01 7.161360856328974478e+01 6.666083000333836139e+01
4.155771905424199986e+01 7.161778810151736252e+01 6.666127907311400236e+01
4.205841446453408139e+01 7.162195891558076255e+01 6.666177749367287220e+01
4.255910987482614871e+01 7.162612564812297933e+01 6.666233048158554197e+01
4.305980528511821603e+01 7.163029295110027306e+01 6.666294323828859092e+01
4.356050069541029046e+01 7.163446547181229107e+01 6.666362094309968711e+01
4.406119610570236489e+01 7.163864785755868070e+01 6.666436875554589392e+01
4.456189151599443221e+01 7.164284475331078283e+01 6.666519180837875069e+01
4.506258692628650664e+01 7.164706079938332550e+01 6.666609521223088564e+01
4.556328233657857396e+01 7.165130062677781098e+01 6.666708404746694328e+01
4.606397774687064128e+01 7.165556886183912866e+01 6.666816337349681021e+01
4.656467315716272282e+01 7.165987011927063577e+01 6.666933821131331683e+01
4.706536856745479014e+01 7.166420900446246378e+01 6.667061356095453561e+01
4.756606397774686457e+01 7.166859009952167980e+01 6.667199437705656351e+01
4.806675938803893899e+01 7.167301797724212520e+01 6.667348558980827988e+01
4.856745479833100632e+01 7.167749719411949627e+01 6.667509209098150791e+01
4.906815020862308074e+01 7.168203227870981209e+01 6.667681872811024846e+01
4.956884561891514807e+01 7.168662774327094667e+01 6.667867031613221229e+01
5.006954102920722960e+01 7.169128806979279034e+01 6.668065162341898144e+01
5.057023643949929692e+01 7.169601771465386264e+01 6.668276737876092852e+01
5.107093184979137135e+01 7.170082110629300587e+01 6.668502226671060384e+01
5.157162726008345288e+01 7.170570263822446577e+01 6.668742091826950968e+01
5.207232267037552020e+01 7.171066667136619799e+01 6.668996792252963246e+01
5.257301808066758753e+01 7.171571752705494873e+01 6.669266781270360411e+01
5.307371349095966906e+01 7.172085948704625480e+01 6.669552507252754481e+01
5.357440890125173638e+01 7.172609679584275000e+01 6.669854413393275649e+01
5.407510431154380370e+01 7.173143364905263297e+01 6.670172936540419073e+01
5.457579972183587813e+01 7.173687419455382042e+01 6.670508508362198086e+01
5.507649513212795256e+01 7.174242253016564064e+01 6.670861554473029287e+01
5.557719054242002699e+01 7.174808270714129321e+01 6.671232494433732541e+01
5.607788595271209431e+01 7.175385871386970393e+01 6.671621740703793080e+01
5.657858136300416163e+01 7.175975448402459733e+01 6.672029700038345368e+01
5.707927677329624316e+01 7.176577389190788381e+01 6.672456772324019880e+01
5.757997218358831759e+01 7.177192074662889354e+01 6.672903350346112461e+01
5.808066759388038491e+01 7.177819879210437648e+01 6.673369819555753679e+01
5.858136300417245934e+01 7.178461170705850236e+01 6.673856558535570116e+01
5.908205841446452666e+01 7.179116308988886885e+01 6.674363938650438399e+01
5.958275382475660109e+01 7.179785647496464662e+01 6.674892322650501342e+01
6.008344923504866841e+01 7.180469531283597462e+01 6.675442066300982447e+01
6.058414464534074995e+01 7.181168297838303261e+01 6.676013517159825028e+01
6.108484005563281727e+01 7.181882276266696863e+01 6.676607014344861568e+01
6.158553546592489170e+01 7.182611786943743937e+01 6.677222888650229038e+01
6.208623087621696612e+01 7.183357141862506978e+01 6.677861462313538254e+01
6.258692628650903345e+01 7.184118644052068703e+01 6.678523048724835576e+01
6.308762169680110787e+01 7.184896586413378827e+01 6.679207952659433545e+01
6.358831710709318941e+01 7.185691253232653253e+01 6.679916468677200214e+01
6.408901251738525673e+01 7.186502918551559560e+01 6.680648883218034939e+01
6.458970792767732405e+01 7.187331846167217009e+01 6.681405472622807906e+01
6.509040333796939137e+01 7.188178289865027182e+01 6.682186503249775456e+01
6.559109874826147291e+01 7.189042492487351410e+01 6.682992231620099233e+01
6.609179415855354023e+01 7.189924685817095451e+01 6.683822904534261511e+01
6.659248956884562176e+01 7.190825091509032063e+01 6.684678757849704311e+01
6.709318497913768908e+01 7.191743918528663926e+01 6.685560017179321335e+01
6.759388038942975641e+01 7.192681365247699432e+01 6.686466897134758369e+01
6.809457579972183794e+01 7.193637618163484149e+01 6.687399601792074577e+01
6.859527121001390526e+01 7.194612851084093563e+01 6.688358323585796938e+01
6.909596662030597258e+01 7.195607226059655659e+01 6.689343244007412181e+01
6.959666203059803991e+01 7.196620892451028340e+01 6.690354532499421225e+01
7.009735744089010723e+01 7.197653987162630074e+01 6.691392347153831111e+01
7.059805285118218876e+01 7.198706633827532642e+01 6.692456833722624765e+01
7.109874826147427029e+01 7.199778943505953066e+01 6.693548126199837611e+01
7.159944367176633762e+01 7.200871013521100394e+01 6.694666345540989028e+01
7.210013908205840494e+01 7.201982927924836986e+01 6.695811600594404922e+01
7.260083449235048647e+01 7.203114757264847867e+01 6.696983987169895158e+01
7.310152990264255379e+01 7.204266558351810090e+01 6.698183587922338234e+01
7.360222531293462112e+01 7.205438373677316122e+01 6.699410472584511922e+01
7.410292072322670265e+01 7.206630232345196418e+01 6.700664696802940057e+01
7.460361613351876997e+01 7.207842148674535565e+01 6.701946303069215105e+01
7.510431154381083729e+01 7.209074122898164205e+01 6.703255320021506236e+01
7.560500695410290461e+01 7.210326140813413076e+01 6.704591761629652069e+01
7.610570236439498615e+01 7.211598173782113008e+01 6.705955627893652604e+01
7.660639777468706768e+01 7.212890178614179604e+01 6.707346904610838578e+01
7.710709318497913500e+01 7.214202097101951949e+01 6.708765561978887604e+01
7.760778859527120233e+01 7.215533856718684547e+01 6.710211556458469317e+01
7.810848400556326965e+01 7.216885369920055382e+01 6.711684828677769588e+01
7.860917941585533697e+01 7.218256534376996569e+01 6.713185303665321157e+01
7.910987482614743271e+01 7.219647232975694351e+01 6.714712891897741542e+01
7.961057023643950004e+01 7.221057333701173775e+01 6.716267487204257236e+01
8.011126564673156736e+01 7.222486689520883374e+01 6.717848968629348860e+01
8.061196105702363468e+01 7.223935138850356452e+01 6.719457198104444728e+01
8.111265646731571621e+01 7.225402504971134476e+01 6.721092022426981316e+01
8.161335187760779775e+01 7.226888596845674329e+01 6.722753271514173434e+01
8.211404728789986507e+01 7.228393208069610409e+01 6.724440758868675516e+01
8.261474269819193239e+01 7.229916118385153823e+01 6.726154281927827583e+01
8.311543810848399971e+01 7.231457092051277868e+01 6.727893620899502025e+01
8.361613351877606704e+01 7.233015879706363194e+01 6.729658539489699365e+01
8.411682892906816278e+01 7.234592217204044573e+01 6.731448784786132933e+01
8.461752433936023010e+01 7.236185826078872196e+01 6.733264086385113956e+01
8.511821974965229742e+01 7.237796414128388278e+01 6.735104157264666469e+01
8.561891515994436475e+01 7.239423675180296414e+01 6.736968693464385183e+01
8.611961057023643207e+01 7.241067288859630935e+01 6.738857373736189516e+01
8.662030598052849939e+01 7.242726921752910130e+01 6.740769859777154238e+01
8.712100139082058092e+01 7.244402226942474954e+01 6.742705796520547779e+01
8.762169680111264825e+01 7.246092844006489031e+01 6.744664810971679003e+01
8.812239221140472978e+01 7.247798399717430584e+01 6.746646514303373010e+01
8.862308762169679710e+01 7.249518508740584366e+01 6.748650499527664692e+01
8.912378303198886442e+01 7.251252772469888441e+01 6.750676344056935818e+01
8.962447844228094596e+01 7.253000780424918048e+01 6.752723607259193273e+01
9.012517385257301328e+01 7.254762110483716242e+01 6.754791832553544850e+01
9.062586926286508060e+01 7.256536328417132609e+01 6.756880546478876681e+01
9.112656467315714792e+01 7.258322989052976482e+01 6.758989259392345161e+01
9.162726008344921524e+01 7.260121635926770978e+01 6.761117465352961631e+01
9.212795549374128257e+01 7.261931801980244927e+01 6.763264642354423017e+01
9.262865090403337831e+01 7.263753009794163518e+01 6.765430252325111837e+01
9.312934631432544563e+01 7.265584772053989582e+01 6.767613742292249412e+01
9.363004172461751295e+01 7.267426591317052953e+01 6.769814543217742653e+01
9.413073713490958028e+01 7.269277961409534328e+01 6.772032071627998562e+01
9.463143254520164760e+01 7.271138366727973334e+01 6.774265728915432305e+01
9.513212795549372913e+01 7.273007283170591109e+01 6.776514902269789786e+01
9.563282336578581067e+01 7.274884178719366901e+01 6.778778964678147645e+01
9.613351877607787799e+01 7.276768513207207434e+01 6.781057275623405189e+01
9.663421418636994531e+01 7.278659739016438834e+01 6.783349180851453752e+01
9.713490959666201263e+01 7.280557301544467919e+01 6.785654013535329909e+01
9.763560500695409416e+01 7.282460639785858802e+01 6.787971094275215478e+01
9.813630041724616149e+01 7.284369186099502258e+01 6.790299731564098806e+01
9.863699582753822881e+01 7.286282367139938287e+01 6.792639222020605416e+01
9.913769123783029613e+01 7.288199604090186767e+01 6.794988851320320578e+01
9.963838664812239188e+01 7.290120313243824057e+01 6.797347894428619952e+01
1.001390820584144592e+02 7.292043906237813644e+01 6.799715615833500237e+01
1.006397774687065265e+02 7.293969790285336785e+01 6.802091270709732385e+01
1.011404728789985938e+02 7.295897368874284439e+01 6.804474105151692243e+01
1.016411682892906754e+02 7.297826042349333875e+01 6.806863355474868627e+01
1.021418636995827427e+02 7.299755207679118030e+01 6.809258251941153617e+01
1.026425591098748242e+02 7.301684259154717438e+01 6.811658014800721617e+01
1.031432545201669058e+02 7.303612589553813450e+01 6.814061859414303512e+01
1.036439499304589731e+02 7.305539588860119693e+01 6.816468993080869154e+01
1.041446453407510404e+02 7.307464646358857863e+01 6.818878618239048706e+01
1.046453407510431077e+02 7.309387149938265793e+01 6.821289931710433052e+01
1.051460361613351751e+02 7.311306487020920031e+01 6.823702125165235088e+01
1.056467315716272708e+02 7.313222044563735835e+01 6.826114386606585072e+01
1.061474269819193381e+02 7.315133209523628466e+01 6.828525900195907639e+01
1.066481223922114054e+02 7.317039369556005113e+01 6.830935847300659702e+01
1.071488178025034728e+02 7.318939913014764898e+01 6.833343406261499808e+01
1.076495132127955401e+02 7.320834229185129516e+01 6.835747754254933284e+01
1.081502086230876074e+02 7.322721708632889204e+01 6.838148066478404985e+01
1.086509040333796889e+02 7.324601744252140634e+01 6.840543517780113802e+01
1.091515994436717563e+02 7.326473730799625628e+01 6.842933282542597340e+01
1.096522948539638236e+02 7.328337065127561800e+01 6.845316535614054487e+01
1.101529902642559051e+02 7.330191146998549812e+01 6.847692452424760745e+01
1.106536856745479724e+02 7.332035379201988690e+01 6.850060210384052084e+01
1.111543810848400540e+02 7.333869167554075830e+01 6.852418988065417693e+01
1.116550764951321213e+02 7.335691921829129569e+01 6.854767966952729807e+01
1.121557719054241886e+02 7.337503054944681935e+01 6.857106331207413064e+01
1.126564673157162559e+02 7.339301984358462505e+01 6.859433268599767075e+01
1.131571627260083233e+02 7.341088131369906478e+01 6.861747970043305145e+01
1.136578581363004190e+02 7.342860922051477246e+01 6.864049631923060701e+01
1.141585535465924863e+02 7.344619786899420433e+01 6.866337454349357472e+01
1.146592489568845536e+02 7.346364161532255821e+01 6.868610643020454631e+01
1.151599443671766352e+02 7.348093486457946710e+01 6.870868409222546802e+01
1.156606397774686883e+02 7.349807207306730561e+01 6.873109969946179376e+01
1.161613351877607698e+02 7.351504775529610924e+01 6.875334548584740446e+01
1.166620305980528229e+02 7.353185647467034869e+01 6.877541375632952736e+01
1.171627260083449187e+02 7.354849285745876841e+01 6.879729688104796992e+01
1.176634214186370002e+02 7.356495158580946736e+01 6.881898730581249879e+01
1.181641168289290533e+02 7.358122740473481826e+01 6.884047755210283981e+01
1.186648122392211349e+02 7.359731511279824190e+01 6.886176022638190375e+01
1.191655076495132022e+02 7.361320957375573926e+01 6.888282800496179448e+01
1.196662030598052695e+02 7.362890571888419800e+01 6.890367366310763941e+01
1.201668984700973368e+02 7.364439853999647312e+01 6.892429005408283160e+01
1.206675938803894041e+02 7.365968308507581241e+01 6.894467012311886833e+01
1.211682892906814999e+02 7.367475447813922074e+01 6.896480690988917672e+01
1.216689847009735672e+02 7.368960790264827665e+01 6.898469354094211781e+01
1.221696801112656345e+02 7.370423860834853258e+01 6.900432324570809328e+01
1.226703755215577019e+02 7.371864191243366804e+01 6.902368934427593672e+01
1.231710709318497834e+02 7.373281319787201937e+01 6.904278525219504559e+01
1.236717663421418507e+02 7.374674791282450315e+01 6.906160449211691343e+01
1.241724617524339322e+02 7.376044157471915241e+01 6.908014068215359771e+01
1.246731571627260138e+02 7.377388976326619741e+01 6.909838754257160076e+01
1.251738525730180669e+02 7.378708813159028068e+01 6.911633889113525697e+01
1.256745479833101484e+02 7.380003239080542699e+01 6.913398865533034154e+01
1.261752433936022157e+02 7.381271832325728610e+01 6.915133085955838510e+01
1.266759388038942831e+02 7.382514177757548168e+01 6.916835963415886113e+01
1.271766342141863788e+02 7.383729866641806439e+01 6.918506921191672632e+01
1.276773296244784177e+02 7.384918496647151187e+01 6.920145392573411414e+01
1.281780250347705135e+02 7.386079672310734168e+01 6.921750821503317752e+01
1.286787204450625950e+02 7.387213004106888548e+01 6.923322662575608888e+01
1.291794158553546481e+02 7.388318109145620838e+01 6.924860379755935469e+01
1.296801112656467296e+02 7.389394610939780250e+01 6.926363447778365412e+01
1.301808066759387827e+02 7.390442138997605070e+01 6.927831351854345598e+01
1.306815020862308643e+02 7.391460329055553302e+01 6.929263586974209943e+01
1.311821974965229458e+02 7.392448823020095006e+01 6.930659657674348750e+01
1.316828929068149989e+02 7.393407268763985485e+01 6.932019079201361933e+01
1.321835883171070805e+02 7.394335320068057626e+01 6.933341376231490472e+01
1.326842837273991336e+02 7.395232636795844883e+01 6.934626083569108346e+01
1.331849791376912435e+02 7.396098883904051036e+01 6.935872745157192298e+01
1.336856745479833251e+02 7.396933732868637890e+01 6.937080914994092495e+01
1.341863699582753782e+02 7.397736860055010766e+01 6.938250156260417612e+01
1.346870653685674597e+02 7.398507947649341077e+01 6.939380041464553983e+01
1.351877607788595128e+02 7.399246683076489717e+01 6.940470152209834964e+01
1.356884561891515943e+02 7.399952759000007063e+01 6.941520079412819655e+01
1.361891515994436759e+02 7.400625873554963619e+01 6.942529423014073586e+01
1.366898470097357290e+02 7.401265729533042759e+01 6.943497790668496350e+01
1.371905424200278105e+02 7.401872034731786698e+01 6.944424799822607497e+01
1.376912378303198636e+02 7.402444501954596490e+01 6.945310075364412228e+01
1.381919332406119452e+02 7.402982848777901381e+01 6.946153251982630650e+01
1.386926286509039983e+02 7.403486797201912850e+01 6.946953970535994927e+01
1.391933240611960798e+02 7.403956073883455247e+01 6.947711881312878290e+01
1.396940194714881613e+02 7.404390409553889185e+01 6.948426641819403926e+01
1.401947148817802145e+02 7.404789539892226458e+01 6.949097917245106260e+01
1.406954102920723244e+02 7.405153204244561493e+01 6.949725379997269670e+01
1.411961057023643775e+02 7.405481146206147969e+01 6.950308710399420420e+01
1.416968011126564591e+02 7.405773113039322197e+01 6.950847595294342796e+01
1.421974965229485406e+02 7.406028856313787401e+01 6.951341729206413333e+01
1.426981919332405937e+02 7.406248131091706455e+01 6.951790812253400986e+01
1.431988873435326752e+02 7.406430696160532534e+01 6.952194551998198335e+01
1.436995827538247283e+02 7.406576313683763146e+01 6.952552662641190295e+01
1.442002781641168099e+02 7.406684749433770776e+01 6.952864864319943194e+01
1.447009735744088914e+02 7.406755772093310952e+01 6.953130882177882199e+01
1.452016689847009729e+02 7.406789153721183538e+01 6.953350449041843717e+01
1.457023643949930261e+02 7.406784669868648052e+01 6.953523302511692350e+01
1.462030598052851076e+02 7.406742098415270448e+01 6.953649186590135400e+01
1.467037552155771891e+02 7.406661220733076334e+01 6.953727848888755148e+01
1.472044506258692422e+02 7.406541820522397757e+01 6.953759043427433539e+01
1.477051460361613238e+02 7.406383684277534485e+01 6.953742530146863032e+01
1.482058414464534053e+02 7.406186601141234860e+01 6.953678072845812608e+01
1.487065368567454584e+02 7.405950362788280472e+01 6.953565439042429830e+01
1.492072322670375399e+02 7.405674762552371249e+01 6.953404403357561137e+01
1.497079276773296215e+02 7.405359597346978262e+01 6.953194742680787499e+01
1.502086230876216746e+02 7.405004665657179430e+01 6.952936238761574828e+01
1.507093184979137845e+02 7.404609767423244193e+01 6.952628677863211237e+01
1.512100139082058092e+02 7.404174705204786733e+01 6.952271849593196862e+01
1.517107093184979192e+02 7.403699284122558311e+01 6.951865548478488677e+01
1.522114047287899723e+02 7.403183309995802119e+01 6.951409571083311789e+01
1.527121001390820538e+02 7.402626591001171619e+01 6.950903718104635232e+01
1.532127955493741354e+02 7.402028936624992639e+01 6.950347794430379622e+01
1.537134909596661885e+02 7.401390158652793616e+01 6.949741607509602659e+01
1.542141863699582700e+02 7.400710069655906409e+01 6.949084967381602951e+01
1.547148817802503231e+02 7.399988483602646738e+01 6.948377687723657914e+01
1.552155771905424047e+02 7.399225216789636761e+01 6.947619585327154823e+01
1.557162726008344862e+02 7.398420085426187143e+01 6.946810478118530341e+01
1.562169680111265393e+02 7.397572908428264782e+01 6.945950188448003360e+01
1.567176634214186208e+02 7.396683504551765509e+01 6.945038540441126429e+01
1.572183588317106739e+02 7.395751694429782219e+01 6.944075360210698022e+01
1.577190542420027555e+02 7.394777300048735924e+01 6.943060476064127329e+01
1.582197496522948654e+02 7.393760143060353585e+01 6.941993719134623575e+01
1.587204450625868901e+02 7.392700047444668598e+01 6.940874921787761309e+01
1.592211404728790001e+02 7.391596837210818194e+01 6.939703918691955664e+01
1.597218358831710532e+02 7.390450337677611969e+01 6.938480546787994285e+01
1.602225312934631347e+02 7.389260374484001659e+01 6.937204643591920217e+01
1.607232267037552162e+02 7.388026774403988384e+01 6.935876048667503824e+01
1.612239221140472694e+02 7.386749364910065196e+01 6.934494603522560396e+01
1.617246175243393509e+02 7.385427973300102167e+01 6.933060150457984605e+01
1.622253129346314324e+02 7.384062429142068140e+01 6.931572534241220751e+01
1.627260083449234855e+02 7.382652560665155761e+01 6.930031599909150941e+01
1.632267037552155955e+02 7.381198198019410484e+01 6.928437193822199447e+01
1.637273991655076486e+02 7.379699171354877762e+01 6.926789163578385455e+01
1.642280945757997301e+02 7.378155311403679661e+01 6.925087357554028245e+01
1.647287899860917832e+02 7.376566448781522922e+01 6.923331626140887352e+01
1.652294853963838648e+02 7.374932416126830503e+01 6.921521819868965508e+01
1.657301808066759463e+02 7.373253045015735552e+01 6.919657790774388673e+01
1.662308762169679994e+02 7.371528167620999739e+01 6.917739390252998533e+01
1.667315716272600810e+02 7.369757617235882208e+01 6.915766472319981517e+01
1.672322670375521341e+02 7.367941227095434442e+01 6.913738891805431308e+01
1.677329624478442156e+02 7.366078831074992195e+01 6.911656502026042403e+01
1.682336578581363256e+02 7.364170263108098879e+01 6.909519159790968956e+01
1.687343532684283502e+02 7.362215357652166858e+01 6.907326721210873188e+01
1.692350486787204602e+02 7.360213949630269781e+01 6.905079042702007541e+01
1.697357440890125133e+02 7.358165874431142583e+01 6.902775982324990878e+01
1.702364394993045948e+02 7.356070968491258100e+01 6.900417398125890145e+01
1.707371349095966480e+02 7.353929067199351266e+01 6.898003149824242541e+01
1.712378303198887295e+02 7.351740007966873236e+01 6.895533096557508657e+01
1.717385257301808110e+02 7.349503627725061961e+01 6.893007098278056333e+01
1.722392211404728641e+02 7.347219764773035422e+01 6.890425017150144527e+01
1.727399165507649457e+02 7.344888256798731163e+01 6.887786714250276532e+01
1.732406119610569988e+02 7.342508943425491452e+01 6.885092052055577483e+01
1.737413073713490803e+02 7.340081664407625794e+01 6.882340894640245210e+01
1.742420027816411618e+02 7.337606259528547525e+01 6.879533105856560837e+01
1.747426981919332150e+02 7.335082570463418961e+01 6.876668549935155283e+01
1.752433936022252965e+02 7.332510438654571772e+01 6.873747094046146344e+01
1.757440890125173496e+02 7.329889707639813423e+01 6.870768604733919460e+01
1.762447844228094596e+02 7.327220221422612667e+01 6.867732950420057136e+01
1.767454798331015411e+02 7.324501823540776968e+01 6.864639999511589963e+01
1.772461752433935942e+02 7.321734361286507919e+01 6.861489623333207533e+01
1.777468706536856757e+02 7.318917681049788371e+01 6.858281693202323481e+01
1.782475660639777288e+02 7.316051631286973134e+01 6.855016082277154510e+01
1.787482614742698104e+02 7.313136062171543017e+01 6.851692665665916593e+01
1.792489568845618919e+02 7.310170824109809473e+01 6.848311319313518197e+01
1.797496522948539450e+02 7.307155770418467000e+01 6.844871922228060157e+01
1.802503477051460266e+02 7.304090755752986297e+01 6.841374353104777128e+01
1.807510431154380797e+02 7.300975635758368298e+01 6.837818495062685997e+01
1.812517385257301612e+02 7.297810268466128036e+01 6.834204232203057927e+01
1.817524339360222427e+02 7.294594514992786571e+01 6.830531451501167339e+01
1.822531293463142958e+02 7.291328236920526251e+01 6.826800041482067627e+01
1.827538247566063774e+02 7.288011298974743113e+01 6.823009894112340135e+01
1.832545201668984305e+02 7.284643568907631561e+01 6.819160905549517793e+01
1.837552155771905404e+02 7.281224915868369862e+01 6.815252971718302888e+01
1.842559109874825651e+02 7.277755212847841904e+01 6.811285995761147660e+01
1.847566063977746751e+02 7.274234335216169711e+01 6.807259880820504350e+01
1.852573018080667566e+02 7.270662161799555179e+01 6.803174537307506853e+01
1.857579972183588097e+02 7.267038574545586016e+01 6.799029876761062496e+01
1.862586926286508913e+02 7.263363459250831511e+01 6.794825816577224487e+01
1.867593880389429444e+02 7.259636704913282301e+01 6.790562277470792196e+01
1.872600834492350259e+02 7.255858205362164881e+01 6.786239186694922410e+01
1.877607788595271074e+02 7.252027857522625709e+01 6.781856475325378142e+01
1.882614742698191606e+02 7.248145563583966577e+01 6.777414080148639641e+01
1.887621696801112421e+02 7.244211229784559691e+01 6.772911944237614534e+01
1.892628650904032952e+02 7.240224767765175784e+01 6.768350015903899930e+01
1.897635605006953767e+02 7.236186093706783140e+01 6.763728250560427568e+01
1.902642559109874583e+02 7.232095130240486469e+01 6.759046610488633178e+01
1.907649513212795114e+02 7.227951804512122180e+01 6.754305064722041152e+01
1.912656467315716213e+02 7.223756050328665879e+01 6.749503589744756482e+01
1.917663421418636460e+02 7.219507807736226823e+01 6.744642170189956687e+01
1.922670375521557560e+02 7.215207023416587617e+01 6.739720799771214388e+01
1.927677329624478375e+02 7.210853650337958243e+01 6.734739479885513447e+01
1.932684283727398906e+02 7.206447649617621209e+01 6.729698222232593707e+01
1.937691237830319722e+02 7.201988989357778337e+01 6.724597046719475202e+01
1.942698191933240253e+02 7.197477646158949938e+01 6.719435985651409737e+01
1.947705146036161068e+02 7.192913604537898209e+01 6.714215080064798258e+01
1.952712100139081883e+02 7.188296857393288519e+01 6.708934382812196873e+01
1.957719054242002414e+02 7.183627407169842627e+01 6.703593959144393466e+01
1.962726008344923230e+02 7.178905266265792307e+01 6.698193885633565969e+01
1.967732962447844045e+02 7.174130455868726131e+01 6.692734252152342833e+01
1.972739916550764576e+02 7.169303008400311228e+01 6.687215161408141739e+01
1.977746870653685392e+02 7.164422966250276659e+01 6.681636730980437733e+01
1.982753824756605923e+02 7.159490383871889208e+01 6.675999091880123615e+01
1.987760778859527022e+02 7.154505326821526978e+01 6.670302391459892988e+01
1.992767732962447838e+02 7.149467872864624951e+01 6.664546791660734470e+01
1.997774687065368369e+02 7.144378112921549473e+01 6.658732471951418574e+01
2.002781641168289184e+02 7.139236150485521648e+01 6.652859627698683198e+01
2.007788595271209999e+02 7.134042103019601200e+01 6.646928473805212434e+01
2.012795549374130530e+02 7.128796101898478810e+01 6.640939241239004787e+01
2.017802503477051346e+02 7.123498293456214014e+01 6.634892181981024351e+01
2.022809457579971877e+02 7.118148839684727136e+01 6.628787567395386304e+01
2.027816411682892692e+02 7.112747917535307351e+01 6.622625688578602876e+01
2.032823365785813508e+02 7.107295721421542112e+01 6.616406859386381711e+01
2.037830319888734039e+02 7.101792461589502636e+01 6.610131414629188384e+01
2.042837273991654854e+02 7.096238367144542281e+01 6.603799712400552835e+01
2.047844228094575953e+02 7.090633685119973961e+01 6.597412133844238724e+01
2.052851182197496485e+02 7.084978680797212292e+01 6.590969085249719228e+01
2.057858136300417300e+02 7.079273639684834052e+01 6.584470997819346394e+01
2.062865090403338115e+02 7.073518867169332225e+01 6.577918327668351139e+01
2.067872044506258646e+02 7.067714689330023248e+01 6.571311559513753764e+01
2.072878998609179462e+02 7.061861454656173009e+01 6.564651204171434529e+01
2.077885952712099993e+02 7.055959532358974684e+01 6.557937801713899262e+01
2.082892906815020808e+02 7.050009315805800725e+01 6.551171920102399326e+01
2.087899860917941623e+02 7.044011221356049646e+01 6.544354159225088097e+01
2.092906815020862155e+02 7.037965689641714562e+01 6.537485148132157065e+01
2.097913769123782970e+02 7.031873186440498102e+01 6.530565548171773571e+01
2.102920723226703501e+02 7.025734203723550308e+01 6.523596053426638264e+01
2.107927677329624316e+02 7.019549259306222666e+01 6.516577390961367655e+01
2.112934631432545416e+02 7.013318898012221325e+01 6.509510321782920528e+01
2.117941585535465663e+02 7.007043693070590962e+01 6.502395641648229230e+01
2.122948539638386762e+02 7.000724246581376065e+01 6.495234182694014180e+01
2.127955493741307293e+02 6.994361189515620936e+01 6.488026812971122581e+01
2.132962447844228109e+02 6.987955183112353552e+01 6.480774437841512281e+01
2.137969401947148924e+02 6.981506919809908140e+01 6.473478000909574348e+01
2.142976356050069455e+02 6.975017123245925177e+01 6.466138484356827121e+01
2.147983310152990271e+02 6.968486549537919927e+01 6.458756909640408139e+01
2.152990264255910802e+02 6.961915988214605022e+01 6.451334338686331193e+01
2.157997218358831617e+02 6.955306262215890456e+01 6.443871874180524628e+01
2.163004172461752148e+02 6.948658229057036806e+01 6.436370660252771359e+01
2.168011126564672963e+02 6.941972781352524180e+01 6.428831883058785479e+01
2.173018080667593779e+02 6.935250848096620757e+01 6.421256771827950161e+01
2.178025034770514310e+02 6.928493394081306178e+01 6.413646598746902328e+01
2.183031988873435125e+02 6.921701422224577982e+01 6.406002680240101199e+01
2.188038942976355656e+02 6.914875972697336692e+01 6.398326376620582323e+01
2.193045897079276472e+02 6.908018124203954358e+01 6.390619093021280150e+01
2.198052851182197571e+02 6.901128994447935838e+01 6.382882280209935288e+01
2.203059805285118102e+02 6.894209741296072025e+01 6.375117434123433213e+01
2.208066759388038918e+02 6.887261562079947907e+01 6.367326096566296201e+01
2.213073713490959449e+02 6.880285695458587725e+01 6.359509855821863766e+01
2.218080667593880264e+02 6.873283420952793676e+01 6.351670346535877343e+01
2.223087621696801079e+02 6.866256059876468498e+01 6.343809249541857298e+01
2.228094575799721611e+02 6.859204975220200140e+01 6.335928292676010187e+01
2.233101529902642426e+02 6.852131573048245627e+01 6.328029250806332584e+01
2.238108484005562957e+02 6.845037301567208488e+01 6.320113945017703827e+01
2.243115438108483772e+02 6.837923652290191967e+01 6.312184243310377951e+01
2.248122392211404588e+02 6.830792160036799032e+01 6.304242060367153044e+01
2.253129346314325119e+02 6.823644402700301725e+01 6.296289356971294637e+01
2.258136300417245934e+02 6.816482002411794383e+01 6.288328140472196992e+01
2.263143254520166465e+02 6.809306624608871061e+01 6.280360463737645205e+01
2.268150208623087565e+02 6.802119978501286823e+01 6.272388424920984562e+01
2.273157162726008380e+02 6.794923816721711773e+01 6.264414167461120542e+01
2.278164116828928911e+02 6.787719936024222989e+01 6.256439878801950272e+01
2.283171070931849727e+02 6.780510175887320656e+01 6.248467790625193174e+01
2.288178025034770258e+02 6.773296419910911936e+01 6.240500177686237748e+01
2.293184979137691073e+02 6.766080593604419846e+01 6.232539356649988349e+01
2.298191933240611604e+02 6.758864665550936479e+01 6.224587686090865191e+01
2.303198887343532704e+02 6.751650646475900430e+01 6.216647565328651126e+01
2.308205841446453235e+02 6.744440588548604865e+01 6.208721433031507786e+01
2.313212795549373766e+02 6.737236585149366874e+01 6.200811766750314291e+01
2.318219749652294297e+02 6.730040769239712972e+01 6.192921080823191460e+01
2.323226703755215397e+02 6.722855314526532311e+01 6.185051927073993738e+01
2.328233657858135928e+02 6.715682432900939602e+01 6.177206890854188259e+01
2.333240611961056459e+02 6.708524373506952543e+01 6.169388592439838703e+01
2.338247566063977843e+02 6.701383423905645031e+01 6.161599683306315001e+01
2.343254520166898374e+02 6.694261905651364941e+01 6.153842846361123975e+01
2.348261474269818621e+02 6.687162176387209911e+01 6.146120793149941619e+01
2.353268428372740004e+02 6.680086626818228979e+01 6.138436262925290521e+01
2.358275382475660535e+02 6.673037679081608076e+01 6.130792020667479392e+01
2.363282336578581067e+02 6.666017786746670026e+01 6.123190855454788561e+01
2.368289290681501882e+02 6.659029432486568112e+01 6.115635578600824829e+01
2.373296244784422697e+02 6.652075126448471565e+01 6.108129021559045668e+01
2.378303198887343228e+02 6.645157404623751063e+01 6.100674034176529403e+01
2.383310152990264044e+02 6.638278827218164224e+01 6.093273482598499413e+01
2.388317107093184859e+02 6.631441977720533032e+01 6.085930247172848340e+01
2.393324061196105390e+02 6.624649458944622893e+01 6.078647220820323582e+01
2.398331015299026205e+02 6.617903892796311993e+01 6.071427305542067643e+01
2.403337969401946737e+02 6.611207918178115506e+01 6.064273411953956838e+01
2.408344923504867552e+02 6.604564187729556579e+01 6.057188455328480359e+01
2.413351877607788083e+02 6.597975366430182476e+01 6.050175354430587049e+01
2.418358831710709183e+02 6.591444129504088778e+01 6.043237028723717685e+01
2.423365785813629998e+02 6.584973159393121023e+01 6.036376396274329181e+01
2.428372739916550529e+02 6.578565144127060194e+01 6.029596370259434934e+01
2.433379694019471344e+02 6.572222774296824355e+01 6.022899857686036285e+01
2.438386648122392160e+02 6.565948740958992857e+01 6.016289756597154792e+01
2.443393602225312691e+02 6.559745733074669261e+01 6.009768953277864512e+01
2.448400556328233506e+02 6.553616434017021675e+01 6.003340319461324270e+01
2.453407510431154037e+02 6.547563520407129545e+01 5.997006710116886552e+01
2.458414464534074853e+02 6.541589658388693351e+01 5.990770960656129773e+01
2.463421418636995668e+02 6.535697501299728174e+01 5.984635884837382491e+01
2.468428372739916199e+02 6.529889686180104036e+01 5.978604270341941174e+01
2.473435326842837014e+02 6.524168832374562044e+01 5.972678878541239555e+01
2.478442280945758114e+02 6.518537537807424087e+01 5.966862440305897053e+01
2.483449235048678645e+02 6.512998375490133185e+01 5.961157652804297413e+01
2.488456189151599460e+02 6.507553892589930911e+01 5.955567178192916344e+01
2.493463143254520276e+02 6.502206605423998553e+01 5.950093640123861860e+01
2.498470097357440807e+02 6.496958998295303900e+01 5.944739620776283573e+01
2.503477051460361338e+02 6.491813519650895614e+01 5.939507658819104563e+01
2.508484005563282153e+02 6.486772579520766158e+01 5.934400246005873214e+01
2.513490959666202968e+02 6.481838546840299387e+01 5.929419824846456777e+01
2.518497913769123500e+02 6.477013746423472185e+01 5.924568785813073646e+01
2.523504867872044315e+02 6.472300455819640774e+01 5.919849464662740957e+01
2.528511821974965130e+02 6.467700903450895566e+01 5.915264139876137506e+01
2.533518776077885661e+02 6.463217265119601507e+01 5.910815029397974740e+01
2.538525730180806477e+02 6.458851661330845673e+01 5.906504288541520964e+01
2.543532684283727576e+02 6.454606154964130837e+01 5.902334007427464257e+01
2.548539638386647823e+02 6.450482748595823068e+01 5.898306209586928617e+01
2.553546592489568354e+02 6.446483381705184001e+01 5.894422844918346982e+01
2.558553546592489738e+02 6.442609928229649086e+01 5.890685794344074111e+01
2.563560500695410269e+02 6.438864194236521143e+01 5.887096860613576155e+01
2.568567454798330800e+02 6.435247915711079258e+01 5.883657770166075807e+01
2.573574408901251900e+02 6.431762756228272337e+01 5.880370169347054343e+01
2.578581363004172431e+02 6.428410303809505422e+01 5.877235622079945188e+01
2.583588317107092962e+02 6.425192070456978399e+01 5.874255608004398255e+01
2.588595271210013493e+02 6.422109488894056994e+01 5.871431519911504893e+01
2.593602225312934593e+02 6.419163911168288905e+01 5.868764662352270989e+01
2.598609179415855124e+02 6.416356606323097367e+01 5.866256249887749163e+01
2.603616133518775655e+02 6.413688759350043256e+01 5.863907404470603524e+01
2.608623087621696754e+02 6.411161469093349297e+01 5.861719153582464514e+01
2.613630041724617286e+02 6.408775746620085556e+01 5.859692430350344239e+01
2.618636995827537817e+02 6.406532514638092835e+01 5.857828069021900319e+01
2.623643949930458916e+02 6.404432605284091551e+01 5.856126806242366456e+01
2.628650904033379447e+02 6.402476759541605134e+01 5.854589279284675740e+01
2.633657858136299978e+02 6.400665625960391480e+01 5.853216023397374101e+01
2.638664812239220510e+02 6.398999760190781672e+01 5.852007472169327684e+01
2.643671766342141609e+02 6.397479623586696107e+01 5.850963956423777290e+01
2.648678720445062140e+02 6.396105583322059829e+01 5.850085702588523873e+01
2.653685674547982671e+02 6.394877911110233981e+01 5.849372833365316637e+01
2.658692628650904339e+02 6.393796784018923063e+01 5.848825366332869180e+01
2.663699582753824870e+02 6.392862283306021709e+01 5.848443213946859487e+01
2.668706536856744833e+02 6.392074394419614691e+01 5.848226183190683969e+01
2.673713490959666501e+02 6.391433007929299492e+01 5.848173975575457462e+01
2.678720445062587032e+02 6.390937918944109697e+01 5.848286187838505157e+01
2.683727399165507563e+02 6.390588827578176279e+01 5.848562310779209383e+01
2.688734353268428094e+02 6.390385340114880819e+01 5.849001731587316044e+01
2.693741307371349194e+02 6.390326969065063167e+01 5.849603732445950754e+01
2.698748261474269725e+02 6.390413134098344017e+01 5.850367493558417209e+01
2.703755215577190256e+02 6.390643163614731748e+01 5.851292091867628642e+01
2.708762169680111356e+02 6.391016294511791784e+01 5.852376503617244907e+01
2.713769123783031887e+02 6.391531674920406658e+01 5.853619604817333766e+01
2.718776077885952418e+02 6.392188364437606651e+01 5.855020172990600713e+01
2.723783031988873518e+02 6.392985336280253250e+01 5.856576888220126875e+01
2.728789986091794049e+02 6.393921478449192364e+01 5.858288335826921411e+01
2.733796940194714580e+02 6.394995595824730117e+01 5.860153007068413444e+01
2.738803894297635111e+02 6.396206411912862677e+01 5.862169301350343176e+01
2.743810848400556210e+02 6.397552570475090761e+01 5.864335529253560253e+01
2.748817802503476742e+02 6.399032638089556713e+01 5.866649913348931022e+01
2.753824756606397273e+02 6.400645106013689656e+01 5.869110592155459472e+01
2.758831710709318372e+02 6.402388392396096606e+01 5.871715620605948516e+01
2.763838664812238903e+02 6.404260844604868907e+01 5.874462974470782228e+01
2.768845618915159434e+02 6.406260742254380602e+01 5.877350552336986311e+01
2.773852573018079966e+02 6.408386298835102934e+01 5.880376177936534532e+01
2.778859527121001065e+02 6.410635664158326108e+01 5.883537603871639021e+01
2.783866481223921596e+02 6.413006928663526196e+01 5.886832513943056711e+01
2.788873435326842127e+02 6.415498124116857070e+01 5.890258526409718343e+01
2.793880389429763227e+02 6.418107227220025379e+01 5.893813197248357483e+01
2.798887343532683758e+02 6.420832162520673592e+01 5.897494023413139530e+01
2.803894297635604289e+02 6.423670805322763044e+01 5.901298445280383476e+01
2.808901251738525957e+02 6.426620983549219090e+01 5.905223850955928810e+01
2.813908205841446488e+02 6.429680481816467363e+01 5.909267578719857283e+01
2.818915159944367019e+02 6.432847043995570857e+01 5.913426920984613844e+01
2.823922114047287550e+02 6.436118375540536363e+01 5.917699127554635652e+01
2.828929068150208650e+02 6.439492147213604767e+01 5.922081408653150447e+01
2.833936022253129181e+02 6.442965997180726845e+01 5.926570938298220881e+01
2.838942976356049712e+02 6.446537534504022915e+01 5.931164858493696102e+01
2.843949930458970812e+02 6.450204341935750563e+01 5.935860280975441583e+01
2.848956884561891343e+02 6.453963978479441721e+01 5.940654292682859250e+01
2.853963838664811874e+02 6.457813982765947003e+01 5.945543956923040696e+01
2.858970792767732974e+02 6.461751874916080851e+01 5.950526318318418362e+01
2.863977746870653505e+02 6.465775160265911836e+01 5.955598404902241327e+01
2.868984700973574036e+02 6.469881331695069093e+01 5.960757232542357542e+01
2.873991655076494567e+02 6.474067872304294724e+01 5.965999806571028330e+01
2.878998609179415666e+02 6.478332257743750233e+01 5.971323126034087636e+01
2.884005563282336198e+02 6.482671959821891505e+01 5.976724186252079107e+01
2.889012517385257297e+02 6.487084447669622023e+01 5.982199981963469781e+01
2.894019471488177828e+02 6.491567190999921877e+01 5.987747510351448454e+01
2.899026425591098359e+02 6.496117662436154205e+01 5.993363773139401474e+01
2.904033379694019459e+02 6.500733339258295018e+01 5.999045780083372392e+01
2.909040333796939990e+02 6.505411706895392854e+01 6.004790552115275659e+01
2.914047287899860521e+02 6.510150259856891353e+01 6.010595122274219193e+01
2.919054242002781621e+02 6.514946504293766338e+01 6.016456539024341055e+01
2.924061196105702152e+02 6.519797960035793949e+01 6.022371869747269102e+01
2.929068150208622683e+02 6.524702162687026430e+01 6.028338201105918870e+01
2.934075104311543782e+02 6.529656665604852606e+01 6.034352642624264718e+01
2.939082058414464314e+02 6.534659040947735775e+01 6.040412328462673486e+01
2.944089012517384845e+02 6.539706881712481845e+01 6.046514419076822833e+01
2.949095966620305944e+02 6.544797804761037696e+01 6.052656103793390230e+01
2.954102920723226475e+02 6.549929449423507322e+01 6.058834601479441062e+01
2.959109874826147006e+02 6.555099482038349379e+01 6.065047164151303605e+01
2.964116828929068106e+02 6.560305595253885258e+01 6.071291076770842210e+01
2.969123783031988637e+02 6.565545510938682128e+01 6.077563659573763744e+01
2.974130737134909168e+02 6.570816979133815039e+01 6.083862269583016769e+01
2.979137691237830268e+02 6.576117782010987867e+01 6.090184302296813712e+01
2.984144645340750799e+02 6.581445732591964770e+01 6.096527191455800221e+01
2.989151599443671330e+02 6.586798676727630664e+01 6.102888411138530955e+01
2.994158553546592429e+02 6.592174494844221044e+01 6.109265478380814329e+01
2.999165507649512961e+02 6.597571100779168773e+01 6.115655951253040712e+01
3.004172461752433492e+02 6.602986444225825835e+01 6.122057431428595464e+01
3.009179415855354023e+02 6.608418510849878658e+01 6.128467565453513544e+01
3.014186369958275691e+02 6.613865322580386419e+01 6.134884043897011452e+01
3.019193324061196222e+02 6.619324938890349586e+01 6.141304602622960829e+01
3.024200278164116185e+02 6.624795456680294592e+01 6.147727024052267097e+01
3.029207232267037853e+02 6.630275011093181092e+01 6.154149137330216490e+01
3.034214186369958384e+02 6.635761775223363657e+01 6.160568817411524378e+01
3.039221140472878915e+02 6.641253961397160310e+01 6.166983988028925978e+01
3.044228094575799446e+02 6.646749820765398908e+01 6.173392620063361846e+01
3.049235048678720545e+02 6.652247643303417135e+01 6.179792730263409339e+01
3.054242002781641077e+02 6.657745758393139113e+01 6.186182385639961012e+01
3.059248956884561608e+02 6.663242535463359673e+01 6.192559700206595608e+01
3.064255910987482707e+02 6.668736381952476222e+01 6.198922835736277648e+01
3.069262865090403238e+02 6.674225745986041147e+01 6.205270001062865504e+01
3.074269819193323769e+02 6.679709114281286020e+01 6.211599455049702101e+01
3.079276773296244869e+02 6.685185012547299266e+01 6.217909502631493979e+01
3.084283727399165400e+02 6.690652006212621927e+01 6.224198495672874287e+01
3.089290681502085931e+02 6.696108698548050597e+01 6.230464834481801972e+01
3.094297635605006462e+02 6.701553732558386400e+01 6.236706966063331947e+01
3.099304589707927562e+02 6.706985789134341758e+01 6.242923383130084858e+01
3.104311543810848093e+02 6.712403586848813575e+01 6.249112625717509673e+01
3.109318497913768624e+02 6.717805882699030917e+01 6.255273278215292976e+01
3.114325452016689724e+02 6.723191470622259658e+01 6.261403973209064588e+01
3.119332406119610255e+02 6.728559181343007367e+01 6.267503384902931884e+01
3.124339360222530786e+02 6.733907882838684600e+01 6.273570234008923308e+01
3.129346314325451885e+02 6.739236479059036355e+01 6.279603284370944039e+01
3.134353268428372417e+02 6.744543909460480791e+01 6.285601343546852604e+01
3.139360222531292948e+02 6.749829148773278575e+01 6.291563262305055559e+01
3.144367176634213479e+02 6.755091206419456284e+01 6.297487931959688012e+01
3.149374130737134578e+02 6.760329127153090667e+01 6.303374287200051640e+01
3.154381084840055109e+02 6.765541987626056653e+01 6.309221302618163918e+01
3.159388038942975641e+02 6.770728899531241041e+01 6.315027994681906875e+01
3.164394993045897309e+02 6.775889006226498168e+01 6.320793417220295396e+01
3.169401947148817840e+02 6.781021483374934178e+01 6.326516665165138420e+01
3.174408901251737802e+02 6.786125538304622751e+01 6.332196871401572480e+01
3.179415855354659470e+02 6.791200410095916595e+01 6.337833204947708055e+01
3.184422809457580001e+02 6.796245366612856742e+01 6.343424873834771915e+01
3.189429763560500533e+02 6.801259707151621114e+01 6.348971121545071128e+01
3.194436717663421064e+02 6.806242759733868297e+01 6.354471226521889093e+01
3.199443671766342163e+02 6.811193880903010722e+01 6.359924504017578784e+01
3.204450625869262694e+02 6.816112455520487856e+01 6.365330301000392410e+01
3.209457579972183225e+02 6.820997896216431400e+01 6.370688000517338168e+01
3.214464534075104325e+02 6.825849641890818020e+01 6.375997016213100466e+01
3.219471488178024856e+02 6.830667158548385487e+01 6.381256795553221650e+01
3.224478442280945387e+02 6.835449937341400073e+01 6.386466815992557144e+01
3.229485396383865918e+02 6.840197495377287851e+01 6.391626587062441445e+01
3.234492350486787018e+02 6.844909373390328255e+01 6.396735646599503866e+01
3.239499304589707549e+02 6.849585137049507466e+01 6.401793563921508223e+01
3.244506258692628649e+02 6.854224374470140901e+01 6.406799935889701203e+01
3.249513212795549180e+02 6.858826697989206878e+01 6.411754387126400445e+01
3.254520166898469711e+02 6.863391740898441640e+01 6.416656569855383907e+01
3.259527121001390810e+02 6.867919159074153868e+01 6.421506162333861312e+01
3.264534075104311910e+02 6.872408629346500675e+01 6.426302870554826541e+01
3.269541029207232441e+02 6.876859849270294944e+01 6.431046424183085719e+01
3.274547983310152972e+02 6.881272536653887073e+01 6.435736578638687888e+01
3.279554937413073503e+02 6.885646428325890156e+01 6.440373112197056571e+01
3.284561891515994603e+02 6.889981281123800727e+01 6.444955829280451098e+01
3.289568845618915134e+02 6.894276869100031035e+01 6.449484552937582293e+01
3.294575799721835665e+02 6.898532986024838465e+01 6.453959133196411813e+01
3.299582753824756765e+02 6.902749441588275658e+01 6.458379438333003009e+01
3.304589707927677296e+02 6.906926063844912278e+01 6.462745359469926143e+01
3.309596662030597827e+02 6.911062696303451958e+01 6.467056807505804272e+01
3.314603616133518926e+02 6.915159199149093183e+01 6.471313713726493688e+01
3.319610570236439457e+02 6.919215448894283327e+01 6.475516028554159220e+01
3.324617524339359989e+02 6.923231335308264534e+01 6.479663721370491203e+01
3.329624478442280520e+02 6.927206764880429546e+01 6.483756781174781736e+01
3.334631432545201619e+02 6.931141657473381201e+01 6.487795213398533178e+01
3.339638386648122150e+02 6.935035946759489889e+01 6.491779041641314052e+01
3.344645340751042681e+02 6.938889579769784177e+01 6.495708304156471513e+01
3.349652294853963781e+02 6.942702516835743154e+01 6.499583060450538596e+01
3.354659248956884312e+02 6.946474731501984934e+01 6.503403380576207837e+01
3.359666203059804843e+02 6.950206208401687036e+01 6.507169353907539744e+01
3.364673157162726511e+02 6.953896944071493635e+01 6.510881083276200343e+01
3.369680111265647042e+02 6.957546948173876444e+01 6.514538685515600491e+01
3.374687065368567005e+02 6.961156239917363564e+01 6.518142293717556868e+01
3.379694019471487536e+02 6.964724848929654399e+01 6.521692053193856964e+01
3.384700973574409204e+02 6.968252817058419168e+01 6.525188122383211464e+01
3.389707927677329735e+02 6.971740194718768180e+01 6.528630673712710575e+01
3.394714881780250266e+02 6.975187043316145719e+01 6.532019891661717281e+01
3.399721835883171366e+02 6.978593431622903154e+01 6.535355972040802897e+01
3.404728789986091897e+02 6.981959440373066172e+01 6.538639125328869284e+01
3.409735744089012428e+02 6.985285156827194442e+01 6.541869569481637825e+01
3.414742698191932959e+02 6.988570678002906789e+01 6.545047536404159416e+01
3.419749652294854059e+02 6.991816109117826272e+01 6.548173269168761124e+01
3.424756606397774590e+02 6.995021562526380876e+01 6.551247018825084467e+01
3.429763560500695121e+02 6.998187159227745724e+01 6.554269048278901266e+01
3.434770514603616220e+02 7.001313027441574377e+01 6.557239630065841141e+01
3.439777468706536752e+02 7.004399302164165420e+01 6.560159046474826994e+01
3.444784422809457283e+02 7.007446126295326394e+01 6.563027587103523786e+01
3.449791376912378382e+02 7.010453648148177308e+01 6.565845553378827049e+01
3.454798331015298913e+02 7.013422023952080053e+01 6.568613253384177142e+01
3.459805285118219444e+02 7.016351415524331969e+01 6.571331004350616922e+01
3.464812239221139976e+02 7.019241990270165843e+01 6.573999131360727688e+01
3.469819193324061075e+02 7.022093922579733771e+01 6.576617967616313365e+01
3.474826147426981606e+02 7.024907391907254350e+01 6.579187853431632504e+01
3.479833101529902137e+02 7.027682583003843320e+01 6.581709137141571375e+01
3.484840055632823237e+02 7.030419686499590171e+01 6.584182173238060898e+01
3.489847009735743768e+02 7.033118897273743642e+01 6.586607324358466542e+01
3.494853963838664299e+02 7.035780416026318562e+01 6.588984958156017058e+01
3.499860917941585399e+02 7.038404448579603923e+01 6.591315451105130307e+01
3.504867872044505930e+02 7.040991203782687080e+01 6.593599182580602758e+01
3.509874826147426461e+02 7.043540896305421484e+01 6.595836541176778667e+01
3.514881780250346992e+02 7.046053744717573863e+01 6.598027919795369201e+01
3.519888734353268660e+02 7.048529971721654874e+01 6.600173716791415757e+01
3.524895688456189191e+02 7.050969804967826349e+01 6.602274336278880185e+01
3.529902642559109154e+02 7.053373474725594861e+01 6.604330187439428812e+01
3.534909596662030822e+02 7.055741215455418569e+01 6.606341684944437986e+01
3.539916550764951353e+02 7.058073265692291898e+01 6.608309247548915266e+01
3.544923504867871884e+02 7.060369868045745534e+01 6.610233298753611564e+01
3.549930458970792415e+02 7.062631266871539992e+01 6.612114268461210997e+01
3.554937413073713515e+02 7.064857711764125270e+01 6.613952588396115573e+01
3.559944367176634046e+02 7.067049454646257800e+01 6.615748694272680552e+01
3.564951321279554577e+02 7.069206751122328569e+01 6.617503029866112740e+01
3.569958275382475676e+02 7.071329859256002237e+01 6.619216037552816090e+01
3.574965229485396208e+02 7.073419040705266525e+01 6.620888167867418872e+01
3.579972183588316739e+02 7.075474559994836454e+01 6.622519871095175858e+01
3.584979137691237838e+02 7.077496684239667957e+01 6.624111604786105545e+01
3.589986091794158369e+02 7.079485683785242145e+01 6.625663826617039831e+01
3.594993045897078900e+02 7.081441831625488703e+01 6.627176999955065639e+01
3.600000000000000000e+02 7.083365403199059074e+01 6.628651589006278755e+01
