   1840.00   2.6193E+01   2.2866E+00  -4.6619E+00
   1840.50   2.9269E+01   2.5537E+00  -5.2096E+00
   1841.00   2.9446E+01   2.5642E+00  -5.2438E+00
   1841.50   2.8306E+01   2.4572E+00  -5.0455E+00
   1842.00   2.7433E+01   2.3716E+00  -4.8957E+00
   1842.50   2.7972E+01   2.4084E+00  -4.9976E+00
   1843.00   2.9317E+01   2.5161E+00  -5.2427E+00
   1843.50   3.0427E+01   2.6053E+00  -5.4448E+00
   1844.00   3.0260E+01   2.5866E+00  -5.4178E+00
   1844.50   2.8116E+01   2.3996E+00  -5.0365E+00
   1845.00   2.4658E+01   2.1008E+00  -4.4199E+00
   1845.50   2.0892E+01   1.7760E+00  -3.7483E+00
   1846.00   1.7823E+01   1.5107E+00  -3.2018E+00
   1846.50   1.6242E+01   1.3723E+00  -2.9222E+00
   1847.00   1.6077E+01   1.3545E+00  -2.8968E+00
   1847.50   1.7042E+01   1.4324E+00  -3.0748E+00
   1848.00   1.8850E+01   1.5814E+00  -3.4051E+00
   1848.50   2.1133E+01   1.7700E+00  -3.8215E+00
   1849.00   2.3188E+01   1.9396E+00  -4.1970E+00
   1849.50   2.4234E+01   2.0251E+00  -4.3891E+00
   1850.00   2.3486E+01   1.9613E+00  -4.2557E+00
   1850.50   2.0521E+01   1.7128E+00  -3.7198E+00
   1851.00   1.6353E+01   1.3640E+00  -2.9656E+00
   1851.50   1.2356E+01   1.0292E+00  -2.2428E+00
   1852.00   9.9039E+00   8.2261E-01  -1.8009E+00
   1852.50   9.9779E+00   8.2595E-01  -1.8184E+00
   1853.00   1.1993E+01   9.9057E-01  -2.1886E+00
   1853.50   1.4971E+01   1.2353E+00  -2.7339E+00
   1854.00   1.7935E+01   1.4788E+00  -3.2765E+00
   1854.50   2.0081E+01   1.6544E+00  -3.6701E+00
   1855.00   2.1297E+01   1.7530E+00  -3.8941E+00
   1855.50   2.1645E+01   1.7799E+00  -3.9597E+00
   1856.00   2.1187E+01   1.7406E+00  -3.8778E+00
   1856.50   2.0064E+01   1.6469E+00  -3.6743E+00
   1857.00   1.8741E+01   1.5367E+00  -3.4343E+00
   1857.50   1.7764E+01   1.4546E+00  -3.2577E+00
   1858.00   1.7675E+01   1.4450E+00  -3.2445E+00
   1858.50   1.8818E+01   1.5358E+00  -3.4573E+00
   1859.00   2.0716E+01   1.6882E+00  -3.8088E+00
   1859.50   2.2691E+01   1.8468E+00  -4.1742E+00
   1860.00   2.4065E+01   1.9565E+00  -4.4289E+00
   1860.50   2.4340E+01   1.9766E+00  -4.4816E+00
   1861.00   2.3750E+01   1.9261E+00  -4.3750E+00
   1861.50   2.2709E+01   1.8388E+00  -4.1854E+00
   1862.00   2.1631E+01   1.7486E+00  -3.9890E+00
   1862.50   2.0860E+01   1.6832E+00  -3.8486E+00
   1863.00   2.0442E+01   1.6466E+00  -3.7732E+00
   1863.50   2.0354E+01   1.6365E+00  -3.7583E+00
   1864.00   2.0570E+01   1.6509E+00  -3.7996E+00
   1864.50   2.0993E+01   1.6818E+00  -3.8791E+00
   1865.00   2.1235E+01   1.6984E+00  -3.9251E+00
   1865.50   2.0836E+01   1.6642E+00  -3.8522E+00
   1866.00   1.9334E+01   1.5427E+00  -3.5753E+00
   1866.50   1.6542E+01   1.3188E+00  -3.0596E+00
   1867.00   1.3363E+01   1.0641E+00  -2.4725E+00
   1867.50   1.0972E+01   8.7158E-01  -2.0320E+00
   1868.00   1.0547E+01   8.3442E-01  -1.9560E+00
   1868.50   1.2867E+01   1.0145E+00  -2.3894E+00
   1869.00   1.7136E+01   1.3486E+00  -3.1845E+00
   1869.50   2.2164E+01   1.7426E+00  -4.1205E+00
   1870.00   2.6758E+01   2.1020E+00  -4.9764E+00
   1870.50   2.9936E+01   2.3492E+00  -5.5699E+00
   1871.00   3.1543E+01   2.4725E+00  -5.8720E+00
   1871.50   3.1636E+01   2.4766E+00  -5.8923E+00
   1872.00   3.0267E+01   2.3665E+00  -5.6402E+00
   1872.50   2.7592E+01   2.1547E+00  -5.1441E+00
   1873.00   2.4164E+01   1.8844E+00  -4.5069E+00
   1873.50   2.0635E+01   1.6064E+00  -3.8507E+00
   1874.00   1.7660E+01   1.3719E+00  -3.2972E+00
   1874.50   1.5743E+01   1.2200E+00  -2.9409E+00
   1875.00   1.4797E+01   1.1439E+00  -2.7657E+00
   1875.50   1.4590E+01   1.1252E+00  -2.7281E+00
   1876.00   1.4887E+01   1.1453E+00  -2.7848E+00
   1876.50   1.5450E+01   1.1858E+00  -2.8914E+00
   1877.00   1.6023E+01   1.2270E+00  -3.0001E+00
   1877.50   1.6349E+01   1.2494E+00  -3.0623E+00
   1878.00   1.6167E+01   1.2333E+00  -3.0293E+00
   1878.50   1.5374E+01   1.1707E+00  -2.8815E+00
   1879.00   1.4481E+01   1.1002E+00  -2.7150E+00
   1879.50   1.4154E+01   1.0723E+00  -2.6548E+00
   1880.00   1.5060E+01   1.1371E+00  -2.8260E+00
   1880.50   1.7569E+01   1.3229E+00  -3.2981E+00
   1881.00   2.0871E+01   1.5687E+00  -3.9188E+00
   1881.50   2.3859E+01   1.7912E+00  -4.4805E+00
   1882.00   2.5426E+01   1.9075E+00  -4.7754E+00
   1882.50   2.4809E+01   1.8599E+00  -4.6598E+00
   1883.00   2.2605E+01   1.6935E+00  -4.2464E+00
   1883.50   1.9757E+01   1.4788E+00  -3.7118E+00
   1884.00   1.7204E+01   1.2864E+00  -3.2325E+00
   1884.50   1.5711E+01   1.1737E+00  -2.9523E+00
   1885.00   1.5340E+01   1.1453E+00  -2.8828E+00
   1885.50   1.5980E+01   1.1925E+00  -3.0028E+00
   1886.00   1.7515E+01   1.3067E+00  -3.2909E+00
   1886.50   1.9703E+01   1.4697E+00  -3.7015E+00
   1887.00   2.1780E+01   1.6243E+00  -4.0912E+00
   1887.50   2.2853E+01   1.7041E+00  -4.2922E+00
   1888.00   2.2026E+01   1.6424E+00  -4.1366E+00
   1888.50   1.8839E+01   1.4046E+00  -3.5379E+00
   1889.00   1.4556E+01   1.0851E+00  -2.7335E+00
   1889.50   1.0874E+01   8.1031E-01  -2.0422E+00
   1890.00   9.4892E+00   7.0652E-01  -1.7825E+00
   1890.50   1.1504E+01   8.5589E-01  -2.1613E+00
   1891.00   1.5641E+01   1.1634E+00  -2.9389E+00
   1891.50   2.0029E+01   1.4897E+00  -3.7635E+00
   1892.00   2.2797E+01   1.6954E+00  -4.2836E+00
   1892.50   2.2632E+01   1.6829E+00  -4.2527E+00
   1893.00   2.0459E+01   1.5208E+00  -3.8448E+00
   1893.50   1.7763E+01   1.3195E+00  -3.3389E+00
   1894.00   1.6029E+01   1.1893E+00  -3.0141E+00
   1894.50   1.6309E+01   1.2084E+00  -3.0681E+00
   1895.00   1.7924E+01   1.3265E+00  -3.3730E+00
   1895.50   1.9762E+01   1.4613E+00  -3.7196E+00
   1896.00   2.0709E+01   1.5305E+00  -3.8985E+00
   1896.50   2.0017E+01   1.4784E+00  -3.7686E+00
   1897.00   1.8382E+01   1.3565E+00  -3.4614E+00
   1897.50   1.6866E+01   1.2429E+00  -3.1764E+00
   1898.00   1.6528E+01   1.2160E+00  -3.1131E+00
   1898.50   1.8013E+01   1.3232E+00  -3.3930E+00
   1899.00   2.0304E+01   1.4901E+00  -3.8245E+00
   1899.50   2.1969E+01   1.6115E+00  -4.1381E+00
   1900.00   2.1575E+01   1.5823E+00  -4.0639E+00
   1900.50   1.8257E+01   1.3389E+00  -3.4389E+00
   1901.00   1.3413E+01   9.8367E-01  -2.5263E+00
   1901.50   9.0060E+00   6.6050E-01  -1.6959E+00
   1902.00   7.0019E+00   5.1328E-01  -1.3175E+00
   1902.50   8.7283E+00   6.3933E-01  -1.6410E+00
   1903.00   1.2968E+01   9.4958E-01  -2.4376E+00
   1903.50   1.7868E+01   1.3084E+00  -3.3587E+00
   1904.00   2.1574E+01   1.5800E+00  -4.0555E+00
   1904.50   2.2707E+01   1.6636E+00  -4.2687E+00
   1905.00   2.1788E+01   1.5972E+00  -4.0959E+00
   1905.50   1.9809E+01   1.4532E+00  -3.7240E+00
   1906.00   1.7766E+01   1.3046E+00  -3.3398E+00
   1906.50   1.6474E+01   1.2109E+00  -3.0969E+00
   1907.00   1.6041E+01   1.1803E+00  -3.0155E+00
   1907.50   1.6399E+01   1.2076E+00  -3.0825E+00
   1908.00   1.7477E+01   1.2880E+00  -3.2849E+00
   1908.50   1.9118E+01   1.4100E+00  -3.5931E+00
   1909.00   2.0814E+01   1.5361E+00  -3.9115E+00
   1909.50   2.1968E+01   1.6223E+00  -4.1282E+00
   1910.00   2.1986E+01   1.6244E+00  -4.1311E+00
   1910.50   2.0453E+01   1.5121E+00  -3.8428E+00
   1911.00   1.7695E+01   1.3090E+00  -3.3240E+00
   1911.50   1.4218E+01   1.0526E+00  -2.6703E+00
   1912.00   1.0528E+01   7.8007E-01  -1.9769E+00
   1912.50   7.1514E+00   5.3019E-01  -1.3426E+00
   1913.00   4.6818E+00   3.4739E-01  -8.7877E-01
   1913.50   3.7318E+00   2.7750E-01  -7.0029E-01
   1914.00   4.9136E+00   3.6636E-01  -9.2191E-01
   1914.50   8.5362E+00   6.3719E-01  -1.6015E+00
   1915.00   1.3696E+01   1.0227E+00  -2.5696E+00
   1915.50   1.9187E+01   1.4330E+00  -3.5997E+00
   1916.00   2.3801E+01   1.7782E+00  -4.4654E+00
   1916.50   2.6597E+01   1.9880E+00  -4.9899E+00
   1917.00   2.7689E+01   2.0709E+00  -5.1948E+00
   1917.50   2.7458E+01   2.0551E+00  -5.1512E+00
   1918.00   2.6282E+01   1.9686E+00  -4.9304E+00
   1918.50   2.4565E+01   1.8414E+00  -4.6077E+00
   1919.00   2.2797E+01   1.7103E+00  -4.2753E+00
   1919.50   2.1492E+01   1.6137E+00  -4.0296E+00
   1920.00   2.1165E+01   1.5904E+00  -3.9668E+00
   1920.50   2.2063E+01   1.6590E+00  -4.1336E+00
   1921.00   2.3374E+01   1.7583E+00  -4.3781E+00
   1921.50   2.4022E+01   1.8074E+00  -4.4985E+00
   1922.00   2.2927E+01   1.7253E+00  -4.2930E+00
   1922.50   1.9476E+01   1.4656E+00  -3.6464E+00
   1923.00   1.4900E+01   1.1213E+00  -2.7895E+00
   1923.50   1.0893E+01   8.1965E-01  -2.0395E+00
   1924.00   9.1510E+00   6.8827E-01  -1.7137E+00
   1924.50   1.0792E+01   8.1130E-01  -2.0213E+00
   1925.00   1.4629E+01   1.0996E+00  -2.7404E+00
   1925.50   1.8902E+01   1.4207E+00  -3.5410E+00
   1926.00   2.1849E+01   1.6421E+00  -4.0932E+00
   1926.50   2.2229E+01   1.6705E+00  -4.1648E+00
   1927.00   2.0886E+01   1.5693E+00  -3.9140E+00
   1927.50   1.9185E+01   1.4410E+00  -3.5967E+00
   1928.00   1.8490E+01   1.3882E+00  -3.4687E+00
   1928.50   1.9732E+01   1.4808E+00  -3.7045E+00
   1929.00   2.2103E+01   1.6581E+00  -4.1521E+00
   1929.50   2.4359E+01   1.8270E+00  -4.5780E+00
   1930.00   2.5260E+01   1.8943E+00  -4.7488E+00
   1930.50   2.3948E+01   1.7957E+00  -4.5036E+00
   1931.00   2.1115E+01   1.5830E+00  -3.9725E+00
   1931.50   1.7839E+01   1.3371E+00  -3.3582E+00
   1932.00   1.5198E+01   1.1387E+00  -2.8636E+00
   1932.50   1.3973E+01   1.0464E+00  -2.6351E+00
   1933.00   1.3751E+01   1.0294E+00  -2.5953E+00
   1933.50   1.3824E+01   1.0345E+00  -2.6104E+00
   1934.00   1.3482E+01   1.0087E+00  -2.5465E+00
   1934.50   1.2265E+01   9.1736E-01  -2.3172E+00
   1935.00   1.0713E+01   8.0080E-01  -2.0244E+00
   1935.50   9.6120E+00   7.1782E-01  -1.8173E+00
   1936.00   9.7523E+00   7.2724E-01  -1.8450E+00
   1936.50   1.1638E+01   8.6675E-01  -2.2029E+00
   1937.00   1.4639E+01   1.0894E+00  -2.7720E+00
   1937.50   1.7843E+01   1.3272E+00  -3.3793E+00
   1938.00   2.0334E+01   1.5120E+00  -3.8522E+00
   1938.50   2.1440E+01   1.5934E+00  -4.0628E+00
   1939.00   2.1436E+01   1.5923E+00  -4.0638E+00
   1939.50   2.0841E+01   1.5471E+00  -3.9528E+00
   1940.00   2.0171E+01   1.4962E+00  -3.8276E+00
   1940.50   1.9787E+01   1.4667E+00  -3.7565E+00
   1941.00   1.9433E+01   1.4396E+00  -3.6906E+00
   1941.50   1.8698E+01   1.3844E+00  -3.5519E+00
   1942.00   1.7169E+01   1.2707E+00  -3.2621E+00
   1942.50   1.4630E+01   1.0824E+00  -2.7802E+00
   1943.00   1.1643E+01   8.6094E-01  -2.2128E+00
   1943.50   8.9638E+00   6.6213E-01  -1.7040E+00
   1944.00   7.3490E+00   5.4178E-01  -1.3974E+00
   1944.50   7.3515E+00   5.4066E-01  -1.3982E+00
   1945.00   8.7104E+00   6.3944E-01  -1.6569E+00
   1945.50   1.0961E+01   8.0375E-01  -2.0851E+00
   1946.00   1.3640E+01   9.9921E-01  -2.5944E+00
   1946.50   1.6301E+01   1.1930E+00  -3.1004E+00
   1947.00   1.8579E+01   1.3584E+00  -3.5334E+00
   1947.50   2.0127E+01   1.4701E+00  -3.8275E+00
   1948.00   2.0597E+01   1.5032E+00  -3.9170E+00
   1948.50   1.9847E+01   1.4469E+00  -3.7745E+00
   1949.00   1.8541E+01   1.3500E+00  -3.5265E+00
   1949.50   1.7549E+01   1.2754E+00  -3.3383E+00
   1950.00   1.7740E+01   1.2865E+00  -3.3749E+00
   1950.50   1.9611E+01   1.4195E+00  -3.7307E+00
   1951.00   2.2171E+01   1.6028E+00  -4.2172E+00
   1951.50   2.4055E+01   1.7378E+00  -4.5753E+00
   1952.00   2.3900E+01   1.7260E+00  -4.5456E+00
   1952.50   2.0861E+01   1.5062E+00  -3.9674E+00
   1953.00   1.6163E+01   1.1667E+00  -3.0739E+00
   1953.50   1.1548E+01   8.3285E-01  -2.1964E+00
   1954.00   8.7609E+00   6.3035E-01  -1.6667E+00
   1954.50   9.0316E+00   6.4783E-01  -1.7187E+00
   1955.00   1.1542E+01   8.2648E-01  -2.1967E+00
   1955.50   1.4960E+01   1.0706E+00  -2.8473E+00
   1956.00   1.7956E+01   1.2845E+00  -3.4174E+00
   1956.50   1.9558E+01   1.3981E+00  -3.7219E+00
   1957.00   2.0227E+01   1.4445E+00  -3.8489E+00
   1957.50   2.0785E+01   1.4824E+00  -3.9546E+00
   1958.00   2.2053E+01   1.5703E+00  -4.1953E+00
   1958.50   2.4533E+01   1.7444E+00  -4.6669E+00
   1959.00   2.7456E+01   1.9502E+00  -5.2230E+00
   1959.50   2.9735E+01   2.1105E+00  -5.6567E+00
   1960.00   3.0283E+01   2.1482E+00  -5.7612E+00
   1960.50   2.8389E+01   2.0130E+00  -5.4014E+00
   1961.00   2.4855E+01   1.7614E+00  -4.7296E+00
   1961.50   2.0857E+01   1.4769E+00  -3.9697E+00
   1962.00   1.7574E+01   1.2426E+00  -3.3458E+00
   1962.50   1.5865E+01   1.1195E+00  -3.0213E+00
   1963.00   1.5313E+01   1.0784E+00  -2.9170E+00
   1963.50   1.5185E+01   1.0675E+00  -2.8930E+00
   1964.00   1.4746E+01   1.0352E+00  -2.8096E+00
   1964.50   1.3524E+01   9.4811E-01  -2.5767E+00
   1965.00   1.2093E+01   8.4609E-01  -2.3039E+00
   1965.50   1.1291E+01   7.8740E-01  -2.1504E+00
   1966.00   1.1954E+01   8.3027E-01  -2.2757E+00
   1966.50   1.4592E+01   1.0102E+00  -2.7767E+00
   1967.00   1.8402E+01   1.2715E+00  -3.5008E+00
   1967.50   2.2256E+01   1.5360E+00  -4.2330E+00
   1968.00   2.5024E+01   1.7254E+00  -4.7584E+00
   1968.50   2.5865E+01   1.7812E+00  -4.9171E+00
   1969.00   2.5096E+01   1.7256E+00  -4.7693E+00
   1969.50   2.3322E+01   1.6005E+00  -4.4302E+00
   1970.00   2.1149E+01   1.4480E+00  -4.0152E+00
   1970.50   1.9145E+01   1.3074E+00  -3.6326E+00
   1971.00   1.7737E+01   1.2077E+00  -3.3630E+00
   1971.50   1.7316E+01   1.1748E+00  -3.2800E+00
   1972.00   1.8271E+01   1.2349E+00  -3.4572E+00
   1972.50   2.0734E+01   1.3968E+00  -3.9195E+00
   1973.00   2.3801E+01   1.5998E+00  -4.4960E+00
   1973.50   2.6309E+01   1.7657E+00  -4.9673E+00
   1974.00   2.7095E+01   1.8165E+00  -5.1139E+00
   1974.50   2.5436E+01   1.7036E+00  -4.7993E+00
   1975.00   2.2379E+01   1.4965E+00  -4.2204E+00
   1975.50   1.9409E+01   1.2946E+00  -3.6571E+00
   1976.00   1.8012E+01   1.1968E+00  -3.3895E+00
   1976.50   1.9182E+01   1.2695E+00  -3.6049E+00
   1977.00   2.1942E+01   1.4483E+00  -4.1195E+00
   1977.50   2.4818E+01   1.6356E+00  -4.6569E+00
   1978.00   2.6341E+01   1.7341E+00  -4.9407E+00
   1978.50   2.5523E+01   1.6783E+00  -4.7852E+00
   1979.00   2.3313E+01   1.5303E+00  -4.3677E+00
   1979.50   2.1145E+01   1.3840E+00  -3.9566E+00
   1980.00   2.0451E+01   1.3334E+00  -3.8198E+00
   1980.50   2.2208E+01   1.4425E+00  -4.1403E+00
   1981.00   2.5565E+01   1.6560E+00  -4.7593E+00
   1981.50   2.9212E+01   1.8888E+00  -5.4325E+00
   1982.00   3.1840E+01   2.0559E+00  -5.9157E+00
   1982.50   3.2457E+01   2.0926E+00  -6.0239E+00
   1983.00   3.1332E+01   2.0166E+00  -5.8078E+00
   1983.50   2.9052E+01   1.8662E+00  -5.3771E+00
   1984.00   2.6201E+01   1.6795E+00  -4.8417E+00
   1984.50   2.3266E+01   1.4883E+00  -4.2927E+00
   1985.00   2.0336E+01   1.2983E+00  -3.7466E+00
   1985.50   1.7399E+01   1.1087E+00  -3.2011E+00
   1986.00   1.4444E+01   9.1883E-01  -2.6542E+00
   1986.50   1.1580E+01   7.3539E-01  -2.1255E+00
   1987.00   9.4013E+00   5.9528E-01  -1.7228E+00
   1987.50   8.6218E+00   5.4289E-01  -1.5757E+00
   1988.00   9.9557E+00   6.2264E-01  -1.8138E+00
   1988.50   1.3766E+01   8.5704E-01  -2.5028E+00
   1989.00   1.9012E+01   1.1811E+00  -3.4533E+00
   1989.50   2.4302E+01   1.5078E+00  -4.4118E+00
   1990.00   2.8245E+01   1.7504E+00  -5.1248E+00
   1990.50   2.9822E+01   1.8452E+00  -5.4072E+00
   1991.00   2.9518E+01   1.8224E+00  -5.3467E+00
   1991.50   2.8189E+01   1.7353E+00  -5.0992E+00
   1992.00   2.6693E+01   1.6375E+00  -4.8208E+00
   1992.50   2.5669E+01   1.5688E+00  -4.6276E+00
   1993.00   2.4876E+01   1.5151E+00  -4.4772E+00
   1993.50   2.3858E+01   1.4488E+00  -4.2875E+00
   1994.00   2.2155E+01   1.3420E+00  -3.9763E+00
   1994.50   1.9483E+01   1.1778E+00  -3.4927E+00
   1995.00   1.6256E+01   9.8066E-01  -2.9105E+00
   1995.50   1.3062E+01   7.8595E-01  -2.3345E+00
   1996.00   1.0487E+01   6.2885E-01  -1.8696E+00
   1996.50   9.0265E+00   5.3893E-01  -1.6041E+00
   1997.00   8.8075E+00   5.2318E-01  -1.5595E+00
   1997.50   9.8635E+00   5.8295E-01  -1.7405E+00
   1998.00   1.2229E+01   7.1962E-01  -2.1518E+00
   1998.50   1.5774E+01   9.2512E-01  -2.7699E+00
   1999.00   1.9718E+01   1.1538E+00  -3.4578E+00
   1999.50   2.3118E+01   1.3504E+00  -4.0500E+00
   2000.00   2.5031E+01   1.4600E+00  -4.3814E+00
   2000.50   2.4865E+01   1.4478E+00  -4.3481E+00
   2001.00   2.3436E+01   1.3613E+00  -4.0924E+00
   2001.50   2.1912E+01   1.2682E+00  -3.8183E+00
   2002.00   2.1461E+01   1.2365E+00  -3.7296E+00
   2002.50   2.2860E+01   1.3112E+00  -3.9620E+00
   2003.00   2.5317E+01   1.4473E+00  -4.3788E+00
   2003.50   2.7647E+01   1.5767E+00  -4.7750E+00
   2004.00   2.8667E+01   1.6318E+00  -4.9457E+00
   2004.50   2.7550E+01   1.5650E+00  -4.7477E+00
   2005.00   2.4900E+01   1.4107E+00  -4.2852E+00
   2005.50   2.1681E+01   1.2236E+00  -3.7241E+00
   2006.00   1.8855E+01   1.0585E+00  -3.2306E+00
   2006.50   1.7128E+01   9.5568E-01  -2.9266E+00
   2007.00   1.6189E+01   8.9801E-01  -2.7589E+00
   2007.50   1.5466E+01   8.5389E-01  -2.6303E+00
   2008.00   1.4392E+01   7.9173E-01  -2.4437E+00
   2008.50   1.2619E+01   6.9201E-01  -2.1394E+00
   2009.00   1.0686E+01   5.8352E-01  -1.8073E+00
   2009.50   9.3523E+00   5.0709E-01  -1.5748E+00
   2010.00   9.3787E+00   5.0357E-01  -1.5692E+00
   2010.50   1.1224E+01   5.9769E-01  -1.8677E+00
   2011.00   1.4145E+01   7.4969E-01  -2.3464E+00
   2011.50   1.7095E+01   9.0368E-01  -2.8311E+00
   2012.00   1.9030E+01   1.0038E+00  -3.1478E+00
   2012.50   1.9181E+01   1.0090E+00  -3.1685E+00
   2013.00   1.7889E+01   9.3754E-01  -2.9501E+00
   2013.50   1.5773E+01   8.2263E-01  -2.5954E+00
   2014.00   1.3450E+01   6.9737E-01  -2.2074E+00
   2014.50   1.1462E+01   5.9061E-01  -1.8760E+00
   2015.00   1.0041E+01   5.1395E-01  -1.6387E+00
   2015.50   9.3436E+00   4.7469E-01  -1.5200E+00
   2016.00   9.5254E+00   4.8012E-01  -1.5444E+00
   2016.50   1.0631E+01   5.3205E-01  -1.7184E+00
   2017.00   1.2259E+01   6.1029E-01  -1.9770E+00
   2017.50   1.3896E+01   6.8917E-01  -2.2373E+00
   2018.00   1.5031E+01   7.4303E-01  -2.4165E+00
   2018.50   1.5401E+01   7.5846E-01  -2.4715E+00
   2019.00   1.5742E+01   7.7123E-01  -2.5193E+00
   2019.50   1.7042E+01   8.2936E-01  -2.7167E+00
   2020.00   2.0288E+01   9.8089E-01  -3.2206E+00
