# 2015 IPGP data assimilation forecast
# units of nT 
c/s d o  GUFM1  GUFM1  GUFM1  GUFM1  GUFM1  GUFM1  GUFM1  GUFM1  GUFM1  GUFM1  GUFM1  GUFM1  GUFM1  GUFM1  GUFM1  GUFM1  GUFM1  GUFM1  GUFM1  GUFM1  GUFM1  GUFM1  GUFM1  GUFM1  GUFM1  GUFM1  GUFM1  GUFM1  GUFM1  GUFM1  GUFM1  GUFM1  GUFM1  GUFM1  GUFM1  GUFM1  GUFM1  GUFM1  GUFM1  GUFM1  GUFM1  GUFM1  GUFM1  GUFM1  GUFM1  GUFM1  GUFM1  GUFM1  GUFM1  GUFM1  GUFM1  GUFM1  GUFM1  GUFM1  GUFM1  GUFM1  GUFM1  GUFM1  GUFM1  GUFM1  GUFM1  GUFM1   IGRF   IGRF   IGRF   IGRF   IGRF   IGRF   IGRF   IGRF   IGRF   DGRF   DGRF   DGRF   DGRF   DGRF   DGRF   DGRF   DGRF   DGRF   DGRF   DGRF   DGRF      DGRF      DGRF     DGRF     IGRF      SV
g/h n m 1590.0 1595.0 1600.0 1605.0 1610.0 1615.0 1620.0 1625.0 1630.0 1635.0 1640.0 1645.0 1650.0 1655.0 1660.0 1665.0 1670.0 1675.0 1680.0 1685.0 1690.0 1695.0 1700.0 1705.0 1710.0 1715.0 1720.0 1725.0 1730.0 1735.0 1740.0 1745.0 1750.0 1755.0 1760.0 1765.0 1770.0 1775.0 1780.0 1785.0 1790.0 1795.0 1800.0 1805.0 1810.0 1815.0 1820.0 1825.0 1830.0 1835.0 1840.0 1845.0 1850.0 1855.0 1860.0 1865.0 1870.0 1875.0 1880.0 1885.0 1890.0 1895.0 1900.0 1905.0 1910.0 1915.0 1920.0 1925.0 1930.0 1935.0 1940.0 1945.0 1950.0 1955.0 1960.0 1965.0 1970.0 1975.0 1980.0 1985.0 1990.0 1995.0 2000.0    2005.0    2010.0   2015.0   2020.0 2020-25
g  1  0  -29441.807  -29376.747  -29305.5  -29233.318  -29167.903  -29108.462  -29037.989  -28972.586  -28915.794  -28862.906  -28800.42  -28742.967  -28673.469  -28608.596  -28554.094  -28510.037  -28473.81  -28435.608  -28400.585  -28360.641  -28325.684  0  0  0  0  0  0  0  0  0  0  0  0  0  0  0  0  0  0  0  0  0  0  0  0  0  0  0  0  0  0  0  0  0  0  0  0  0  0  0  0  0  0  0  0  0  0  0  0  0  0  0  0  0  0  0  0  0  0  0  0  0  0  0  0  0  0  6.8895237
g  1  1  -1501.3229  -1416.7091  -1340.2832  -1268.3621  -1197.461  -1119.706  -1053.0253  -985.82355  -921.98287  -854.51727  -787.46267  -728.15568  -674.81741  -624.43811  -572.58804  -519.86556  -468.37993  -425.34973  -384.32898  -340.83299  -289.2157  0  0  0  0  0  0  0  0  0  0  0  0  0  0  0  0  0  0  0  0  0  0  0  0  0  0  0  0  0  0  0  0  0  0  0  0  0  0  0  0  0  0  0  0  0  0  0  0  0  0  0  0  0  0  0  0  0  0  0  0  0  0  0  0  0  0  11.332177
h  1  1  4796.8693  4656.538  4518.1479  4382.9811  4268.3829  4180.9398  4107.9565  4044.6493  3987.8085  3930.466  3876.3933  3822.6178  3766.3196  3701.3732  3632.0075  3551.5486  3466.6788  3380.7873  3301.373  3228.2614  3157.6119  0  0  0  0  0  0  0  0  0  0  0  0  0  0  0  0  0  0  0  0  0  0  0  0  0  0  0  0  0  0  0  0  0  0  0  0  0  0  0  0  0  0  0  0  0  0  0  0  0  0  0  0  0  0  0  0  0  0  0  0  0  0  0  0  0  0  -14.236935
g  2  0  -2444.7891  -2487.1814  -2533.8898  -2590.4337  -2635.8889  -2666.2034  -2694.3503  -2716.0769  -2732.17  -2743.898  -2745.5124  -2744.6655  -2745.3929  -2740.5464  -2733.2222  -2730.4578  -2725.3715  -2722.7241  -2721.1921  -2715.3295  -2714.1031  0  0  0  0  0  0  0  0  0  0  0  0  0  0  0  0  0  0  0  0  0  0  0  0  0  0  0  0  0  0  0  0  0  0  0  0  0  0  0  0  0  0  0  0  0  0  0  0  0  0  0  0  0  0  0  0  0  0  0  0  0  0  0  0  0  0  0.50560668
g  2  1  3012.4942  2999.3095  2978.5644  2937.4117  2888.7087  2836.6989  2783.1255  2728.8171  2666.0052  2613.8237  2565.505  2516.1684  2464.8676  2419.113  2369.9171  2311.051  2247.6752  2189.0235  2129.5943  2067.9901  2009.0582  0  0  0  0  0  0  0  0  0  0  0  0  0  0  0  0  0  0  0  0  0  0  0  0  0  0  0  0  0  0  0  0  0  0  0  0  0  0  0  0  0  0  0  0  0  0  0  0  0  0  0  0  0  0  0  0  0  0  0  0  0  0  0  0  0  0  -11.011257
h  2  1  -2846.2162  -2979.1851  -3090.8032  -3191.6631  -3289.266  -3376.93  -3455.1507  -3525.8165  -3589.6106  -3653.7849  -3710.1855  -3753.9071  -3791.217  -3833.1314  -3865.9721  -3889.5608  -3911.9554  -3934.0174  -3958.4779  -3979.6016  -4000.8013  0  0  0  0  0  0  0  0  0  0  0  0  0  0  0  0  0  0  0  0  0  0  0  0  0  0  0  0  0  0  0  0  0  0  0  0  0  0  0  0  0  0  0  0  0  0  0  0  0  0  0  0  0  0  0  0  0  0  0  0  0  0  0  0  0  0  -3.4639711
g  2  2  1676.4583  1670.9577  1658.6091  1658.9347  1656.3043  1659.7541  1666.3574  1663.4071  1653.6282  1635.092  1604.995  1568.7356  1534.1809  1492.7193  1440.8543  1389.4894  1341.6658  1289.5191  1233.3918  1176.4818  1115.3381  0  0  0  0  0  0  0  0  0  0  0  0  0  0  0  0  0  0  0  0  0  0  0  0  0  0  0  0  0  0  0  0  0  0  0  0  0  0  0  0  0  0  0  0  0  0  0  0  0  0  0  0  0  0  0  0  0  0  0  0  0  0  0  0  0  0  -12.282092
h  2  2  -642.33327  -729.41393  -807.45858  -872.86186  -922.99917  -973.48721  -1041.1912  -1119.6451  -1194.589  -1261.1098  -1330.2828  -1391.7291  -1446.0438  -1509.0209  -1565.3892  -1616.105  -1665.3338  -1722.2384  -1774.7908  -1826.7145  -1870.696  0  0  0  0  0  0  0  0  0  0  0  0  0  0  0  0  0  0  0  0  0  0  0  0  0  0  0  0  0  0  0  0  0  0  0  0  0  0  0  0  0  0  0  0  0  0  0  0  0  0  0  0  0  0  0  0  0  0  0  0  0  0  0  0  0  0  -7.3903577
g  3  0  1350.7036  1362.5711  1362.2717  1355.193  1351.4689  1350.195  1347.8227  1347.6067  1356.1101  1364.1857  1375.3881  1387.0768  1396.2578  1406.0187  1420.1921  1437.1631  1454.7962  1470.6286  1484.4726  1497.6758  1510.4292  0  0  0  0  0  0  0  0  0  0  0  0  0  0  0  0  0  0  0  0  0  0  0  0  0  0  0  0  0  0  0  0  0  0  0  0  0  0  0  0  0  0  0  0  0  0  0  0  0  0  0  0  0  0  0  0  0  0  0  0  0  0  0  0  0  0  2.7834578
g  3  1  -2352.1834  -2379.0419  -2413.4505  -2445.1246  -2465.6993  -2485.3821  -2499.5647  -2511.3586  -2516.4326  -2520.6288  -2515.5683  -2505.9831  -2491.7448  -2475.7516  -2454.1893  -2430.6995  -2402.7368  -2371.7473  -2338.2848  -2305.0043  -2272.8359  0  0  0  0  0  0  0  0  0  0  0  0  0  0  0  0  0  0  0  0  0  0  0  0  0  0  0  0  0  0  0  0  0  0  0  0  0  0  0  0  0  0  0  0  0  0  0  0  0  0  0  0  0  0  0  0  0  0  0  0  0  0  0  0  0  0  6.6534324
h  3  1  -115.50338  -78.261442  -37.696038  2.5148732  42.256671  83.396724  130.4244  179.7275  228.32809  280.69381  335.8919  390.53959  448.25427  508.39183  565.01042  620.34701  676.89005  732.53822  784.08041  833.5013  878.94122  0  0  0  0  0  0  0  0  0  0  0  0  0  0  0  0  0  0  0  0  0  0  0  0  0  0  0  0  0  0  0  0  0  0  0  0  0  0  0  0  0  0  0  0  0  0  0  0  0  0  0  0  0  0  0  0  0  0  0  0  0  0  0  0  0  0  9.1855525
g  3  2  1225.6996  1219.644  1204.0371  1189.4078  1176.5334  1163.8198  1151.8048  1137.4166  1121.8519  1103.2642  1077.9036  1046.4897  1018.9942  992.70211  962.53235  929.09215  898.72334  867.13873  837.10685  804.98112  772.29809  0  0  0  0  0  0  0  0  0  0  0  0  0  0  0  0  0  0  0  0  0  0  0  0  0  0  0  0  0  0  0  0  0  0  0  0  0  0  0  0  0  0  0  0  0  0  0  0  0  0  0  0  0  0  0  0  0  0  0  0  0  0  0  0  0  0  -6.6458617
h  3  2  245.07747  248.16527  245.27987  229.14921  205.39185  181.68289  164.01964  148.45723  129.1738  113.22961  97.095754  82.768343  67.95069  53.277239  41.020987  30.406874  21.451828  11.343601  -0.91223566  -9.9463772  -14.660333  0  0  0  0  0  0  0  0  0  0  0  0  0  0  0  0  0  0  0  0  0  0  0  0  0  0  0  0  0  0  0  0  0  0  0  0  0  0  0  0  0  0  0  0  0  0  0  0  0  0  0  0  0  0  0  0  0  0  0  0  0  0  0  0  0  0  -0.50548094
g  3  3  581.86089  532.48819  483.20143  429.048  366.08347  308.47972  268.02296  233.99402  207.91703  180.64185  141.63478  93.764121  41.141984  -11.846229  -67.085088  -124.71672  -182.56373  -237.17046  -289.75774  -342.74789  -394.07229  0  0  0  0  0  0  0  0  0  0  0  0  0  0  0  0  0  0  0  0  0  0  0  0  0  0  0  0  0  0  0  0  0  0  0  0  0  0  0  0  0  0  0  0  0  0  0  0  0  0  0  0  0  0  0  0  0  0  0  0  0  0  0  0  0  0  -10.298226
h  3  3  -538.30188  -536.0926  -543.54405  -561.31266  -578.92973  -589.05981  -589.56638  -593.59287  -594.27137  -599.74835  -604.1483  -599.88292  -591.08328  -580.18325  -574.32555  -574.74431  -579.51547  -585.73679  -590.37052  -589.82453  -585.66055  0  0  0  0  0  0  0  0  0  0  0  0  0  0  0  0  0  0  0  0  0  0  0  0  0  0  0  0  0  0  0  0  0  0  0  0  0  0  0  0  0  0  0  0  0  0  0  0  0  0  0  0  0  0  0  0  0  0  0  0  0  0  0  0  0  0  1.03131
g  4  0  907.3339  895.81143  880.19744  864.57236  845.63191  823.76836  805.91882  792.26763  781.33132  769.989  756.22485  744.67928  734.67195  721.23588  706.62487  694.38035  681.09415  668.15159  654.1134  638.09729  622.55221  0  0  0  0  0  0  0  0  0  0  0  0  0  0  0  0  0  0  0  0  0  0  0  0  0  0  0  0  0  0  0  0  0  0  0  0  0  0  0  0  0  0  0  0  0  0  0  0  0  0  0  0  0  0  0  0  0  0  0  0  0  0  0  0  0  0  -3.458928
g  4  1  813.49972  810.12386  798.63935  784.63041  772.94093  761.49675  749.06921  739.04233  732.24821  725.20465  716.7691  708.57705  699.34032  689.93947  682.82373  679.40899  678.52118  676.65397  673.68073  672.96686  670.96371  0  0  0  0  0  0  0  0  0  0  0  0  0  0  0  0  0  0  0  0  0  0  0  0  0  0  0  0  0  0  0  0  0  0  0  0  0  0  0  0  0  0  0  0  0  0  0  0  0  0  0  0  0  0  0  0  0  0  0  0  0  0  0  0  0  0  -0.48595033
h  4  1  283.49253  278.06629  270.55062  264.55486  257.43025  251.17519  244.2955  236.83926  231.90861  227.59865  223.45698  218.74517  216.30725  215.41914  213.36166  210.08839  205.97358  203.45884  200.79371  198.16629  194.46397  0  0  0  0  0  0  0  0  0  0  0  0  0  0  0  0  0  0  0  0  0  0  0  0  0  0  0  0  0  0  0  0  0  0  0  0  0  0  0  0  0  0  0  0  0  0  0  0  0  0  0  0  0  0  0  0  0  0  0  0  0  0  0  0  0  0  -0.72962781
g  4  2  120.4032  75.225327  32.275474  -0.0016670938  -30.020972  -57.282335  -81.415564  -99.70692  -111.47556  -122.21987  -130.1439  -132.35483  -134.31359  -133.09034  -126.49318  -118.90829  -113.07565  -105.40214  -96.008272  -86.163908  -73.991857  0  0  0  0  0  0  0  0  0  0  0  0  0  0  0  0  0  0  0  0  0  0  0  0  0  0  0  0  0  0  0  0  0  0  0  0  0  0  0  0  0  0  0  0  0  0  0  0  0  0  0  0  0  0  0  0  0  0  0  0  0  0  0  0  0  0  2.1406847
h  4  2  -188.48779  -157.17752  -127.65795  -100.16604  -74.430508  -53.395239  -29.757733  -7.8590231  14.100254  34.907485  56.117021  73.079729  92.058405  109.63614  126.01573  137.79901  150.81843  164.63021  177.14524  188.70205  197.1649  0  0  0  0  0  0  0  0  0  0  0  0  0  0  0  0  0  0  0  0  0  0  0  0  0  0  0  0  0  0  0  0  0  0  0  0  0  0  0  0  0  0  0  0  0  0  0  0  0  0  0  0  0  0  0  0  0  0  0  0  0  0  0  0  0  0  1.2723358
g  4  3  -334.94941  -317.74778  -298.27  -273.32487  -248.54429  -229.11487  -214.8724  -204.08772  -199.14731  -197.06894  -196.80234  -196.90097  -195.9388  -195.74854  -195.9339  -196.9828  -198.06061  -197.59581  -198.62635  -201.5967  -201.10506  0  0  0  0  0  0  0  0  0  0  0  0  0  0  0  0  0  0  0  0  0  0  0  0  0  0  0  0  0  0  0  0  0  0  0  0  0  0  0  0  0  0  0  0  0  0  0  0  0  0  0  0  0  0  0  0  0  0  0  0  0  0  0  0  0  0  0.25712484
h  4  3  180.85136  192.3748  194.36956  193.17851  191.95205  192.50601  197.52139  201.89457  202.09891  200.19673  197.61733  194.13948  191.32688  187.74314  187.2847  191.08429  196.85686  202.00527  205.30787  208.23115  210.49591  0  0  0  0  0  0  0  0  0  0  0  0  0  0  0  0  0  0  0  0  0  0  0  0  0  0  0  0  0  0  0  0  0  0  0  0  0  0  0  0  0  0  0  0  0  0  0  0  0  0  0  0  0  0  0  0  0  0  0  0  0  0  0  0  0  0  0.65089332
g  4  4  70.195024  44.941956  20.187848  -2.2411686  -26.734227  -53.913559  -81.419146  -102.53575  -127.29757  -152.78391  -180.57288  -213.1954  -244.85012  -276.80212  -307.55949  -335.68613  -361.25029  -386.09545  -407.51171  -427.51244  -445.88863  0  0  0  0  0  0  0  0  0  0  0  0  0  0  0  0  0  0  0  0  0  0  0  0  0  0  0  0  0  0  0  0  0  0  0  0  0  0  0  0  0  0  0  0  0  0  0  0  0  0  0  0  0  0  0  0  0  0  0  0  0  0  0  0  0  0  -3.2454013
h  4  4  -329.553  -355.21189  -378.59462  -405.68219  -434.07835  -451.61129  -459.44269  -466.30541  -467.46028  -460.88381  -453.74693  -444.19374  -433.36367  -424.66072  -416.21144  -406.38755  -400.00818  -391.15331  -381.12334  -369.56473  -356.59046  0  0  0  0  0  0  0  0  0  0  0  0  0  0  0  0  0  0  0  0  0  0  0  0  0  0  0  0  0  0  0  0  0  0  0  0  0  0  0  0  0  0  0  0  0  0  0  0  0  0  0  0  0  0  0  0  0  0  0  0  0  0  0  0  0  0  2.4660503
g  5  0  -232.83338  -237.52664  -242.11662  -246.03552  -248.49367  -249.46763  -251.70291  -251.5535  -251.8216  -248.6744  -246.27996  -242.16535  -238.58649  -234.09521  -230.43767  -226.64379  -221.60172  -216.72486  -210.51044  -205.39405  -200.20778  0  0  0  0  0  0  0  0  0  0  0  0  0  0  0  0  0  0  0  0  0  0  0  0  0  0  0  0  0  0  0  0  0  0  0  0  0  0  0  0  0  0  0  0  0  0  0  0  0  0  0  0  0  0  0  0  0  0  0  0  0  0  0  0  0  0  0.86414482
g  5  1  359.88079  360.92365  362.09352  361.09358  357.50068  354.33879  352.75317  351.39621  349.01616  346.02357  341.70738  335.98819  329.69837  323.76158  317.24219  310.42696  303.44948  296.80737  289.86404  283.64636  278.36423  0  0  0  0  0  0  0  0  0  0  0  0  0  0  0  0  0  0  0  0  0  0  0  0  0  0  0  0  0  0  0  0  0  0  0  0  0  0  0  0  0  0  0  0  0  0  0  0  0  0  0  0  0  0  0  0  0  0  0  0  0  0  0  0  0  0  -1.0369977
h  5  1  47.509945  48.577311  51.423252  53.150992  54.696798  54.076142  51.385201  48.124009  44.326456  38.68578  31.934873  23.949812  15.994083  8.4602193  1.5477099  -4.4979435  -10.788667  -17.083536  -20.91802  -22.917924  -24.148833  0  0  0  0  0  0  0  0  0  0  0  0  0  0  0  0  0  0  0  0  0  0  0  0  0  0  0  0  0  0  0  0  0  0  0  0  0  0  0  0  0  0  0  0  0  0  0  0  0  0  0  0  0  0  0  0  0  0  0  0  0  0  0  0  0  0  -0.36076289
g  5  2  192.44999  185.39492  179.4725  173.64901  171.28261  171.11234  172.8825  175.87526  179.66296  182.70971  187.09718  191.31125  193.83882  194.77756  196.89356  199.12569  201.5731  202.29689  201.9365  200.16808  197.83702  0  0  0  0  0  0  0  0  0  0  0  0  0  0  0  0  0  0  0  0  0  0  0  0  0  0  0  0  0  0  0  0  0  0  0  0  0  0  0  0  0  0  0  0  0  0  0  0  0  0  0  0  0  0  0  0  0  0  0  0  0  0  0  0  0  0  -0.53753288
h  5  2  196.93795  204.60091  209.46968  213.65699  217.13694  218.26487  214.53321  211.10833  205.54639  201.14036  195.90729  191.25535  187.00932  182.31855  176.68473  169.54797  161.14377  153.74107  147.76956  140.47912  132.55443  0  0  0  0  0  0  0  0  0  0  0  0  0  0  0  0  0  0  0  0  0  0  0  0  0  0  0  0  0  0  0  0  0  0  0  0  0  0  0  0  0  0  0  0  0  0  0  0  0  0  0  0  0  0  0  0  0  0  0  0  0  0  0  0  0  0  -1.5921972
g  5  3  -140.9238  -141.76495  -144.62147  -146.39735  -146.6576  -145.68937  -147.81385  -153.27325  -158.83744  -163.82515  -166.3822  -166.70775  -167.19679  -166.78282  -166.17194  -165.0892  -163.35043  -161.31863  -158.45528  -155.2778  -152.20994  0  0  0  0  0  0  0  0  0  0  0  0  0  0  0  0  0  0  0  0  0  0  0  0  0  0  0  0  0  0  0  0  0  0  0  0  0  0  0  0  0  0  0  0  0  0  0  0  0  0  0  0  0  0  0  0  0  0  0  0  0  0  0  0  0  0  0.56147231
h  5  3  -119.47773  -126.97537  -130.6982  -131.17304  -128.81427  -129.5412  -128.68335  -125.00279  -120.79501  -114.62437  -107.96749  -102.30626  -97.97913  -94.765844  -89.543122  -83.884488  -77.902609  -71.843815  -65.534432  -59.300254  -54.501328  0  0  0  0  0  0  0  0  0  0  0  0  0  0  0  0  0  0  0  0  0  0  0  0  0  0  0  0  0  0  0  0  0  0  0  0  0  0  0  0  0  0  0  0  0  0  0  0  0  0  0  0  0  0  0  0  0  0  0  0  0  0  0  0  0  0  0.82808717
g  5  4  -157.45221  -148.20381  -132.56588  -116.75933  -104.00834  -95.209666  -86.745459  -77.828038  -69.702963  -60.372693  -51.292702  -43.723309  -38.729881  -35.132499  -32.329373  -30.179589  -29.172456  -30.307938  -32.4986  -33.658269  -33.472376  0  0  0  0  0  0  0  0  0  0  0  0  0  0  0  0  0  0  0  0  0  0  0  0  0  0  0  0  0  0  0  0  0  0  0  0  0  0  0  0  0  0  0  0  0  0  0  0  0  0  0  0  0  0  0  0  0  0  0  0  0  0  0  0  0  0  0.22601091
h  5  4  16.03091  29.307079  38.012826  43.908705  47.831619  48.48988  47.164332  45.463784  38.698212  28.344677  17.195904  7.1016475  -3.418448  -13.310943  -22.785604  -30.480168  -36.433223  -42.317465  -49.362511  -55.260768  -59.0271  0  0  0  0  0  0  0  0  0  0  0  0  0  0  0  0  0  0  0  0  0  0  0  0  0  0  0  0  0  0  0  0  0  0  0  0  0  0  0  0  0  0  0  0  0  0  0  0  0  0  0  0  0  0  0  0  0  0  0  0  0  0  0  0  0  0  -0.70680586
g  5  5  4.4246499  26.377844  44.796717  64.507081  80.113753  88.267461  91.613934  92.774505  92.744992  92.154273  87.326314  81.473391  76.116854  71.857429  68.616262  64.681539  62.836795  64.249676  67.185736  68.748429  69.583488  0  0  0  0  0  0  0  0  0  0  0  0  0  0  0  0  0  0  0  0  0  0  0  0  0  0  0  0  0  0  0  0  0  0  0  0  0  0  0  0  0  0  0  0  0  0  0  0  0  0  0  0  0  0  0  0  0  0  0  0  0  0  0  0  0  0  0.10629979
h  5  5  100.22385  98.699304  94.304955  89.03834  78.664912  64.402872  50.644328  36.663336  25.416214  17.845455  12.284888  9.7130195  8.0298299  7.0616338  7.4927001  8.011948  10.442415  12.838416  14.643054  15.948613  18.113592  0  0  0  0  0  0  0  0  0  0  0  0  0  0  0  0  0  0  0  0  0  0  0  0  0  0  0  0  0  0  0  0  0  0  0  0  0  0  0  0  0  0  0  0  0  0  0  0  0  0  0  0  0  0  0  0  0  0  0  0  0  0  0  0  0  0  0.44771
g  6  0  69.54745  64.984244  57.59211  48.470901  40.39915  34.964641  29.620622  24.577789  20.381008  17.492052  15.650826  14.53892  12.838302  11.784407  11.673668  11.642486  12.471835  13.97884  16.340169  18.325909  19.648835  0  0  0  0  0  0  0  0  0  0  0  0  0  0  0  0  0  0  0  0  0  0  0  0  0  0  0  0  0  0  0  0  0  0  0  0  0  0  0  0  0  0  0  0  0  0  0  0  0  0  0  0  0  0  0  0  0  0  0  0  0  0  0  0  0  0  0.17618751
g  6  1  67.676057  65.345089  61.946294  58.50042  54.751216  50.818513  46.670768  40.6246  34.662304  28.304278  22.485847  16.912341  12.501529  8.1838103  3.1720042  -2.2528824  -7.3920777  -11.799576  -15.401215  -18.673299  -21.821381  0  0  0  0  0  0  0  0  0  0  0  0  0  0  0  0  0  0  0  0  0  0  0  0  0  0  0  0  0  0  0  0  0  0  0  0  0  0  0  0  0  0  0  0  0  0  0  0  0  0  0  0  0  0  0  0  0  0  0  0  0  0  0  0  0  0  -0.66644734
h  6  1  -20.644183  -18.904407  -15.966355  -13.483264  -11.095218  -9.8757315  -8.1432245  -5.846308  -3.7907418  -1.4622628  0.62662944  2.5364839  3.4499894  4.29767  5.1881719  6.6888817  9.2137982  11.527994  13.58998  15.450475  17.2239  0  0  0  0  0  0  0  0  0  0  0  0  0  0  0  0  0  0  0  0  0  0  0  0  0  0  0  0  0  0  0  0  0  0  0  0  0  0  0  0  0  0  0  0  0  0  0  0  0  0  0  0  0  0  0  0  0  0  0  0  0  0  0  0  0  0  0.27873048
g  6  2  72.755907  68.807715  63.133792  56.447222  51.678263  49.762171  50.075272  49.914288  48.702623  47.602151  46.416989  43.418499  40.698612  37.351803  33.073687  29.312631  26.756971  25.277914  23.642039  21.535641  19.109024  0  0  0  0  0  0  0  0  0  0  0  0  0  0  0  0  0  0  0  0  0  0  0  0  0  0  0  0  0  0  0  0  0  0  0  0  0  0  0  0  0  0  0  0  0  0  0  0  0  0  0  0  0  0  0  0  0  0  0  0  0  0  0  0  0  0  -0.51751606
h  6  2  33.135358  22.971785  15.537873  9.9163876  5.4747903  2.1238706  -1.9613148  -6.7008151  -11.299251  -15.855052  -19.601793  -22.653794  -25.78554  -28.665434  -30.247389  -30.694235  -31.558738  -32.780541  -33.901314  -34.703649  -34.842894  0  0  0  0  0  0  0  0  0  0  0  0  0  0  0  0  0  0  0  0  0  0  0  0  0  0  0  0  0  0  0  0  0  0  0  0  0  0  0  0  0  0  0  0  0  0  0  0  0  0  0  0  0  0  0  0  0  0  0  0  0  0  0  0  0  0  -0.01786248
g  6  3  -129.77755  -117.03049  -105.36054  -95.323957  -86.550219  -77.453982  -68.940026  -62.33385  -55.331881  -49.006383  -43.155576  -37.787027  -33.410032  -28.83873  -24.354153  -20.695934  -18.389102  -16.678158  -14.889626  -13.506929  -12.575367  0  0  0  0  0  0  0  0  0  0  0  0  0  0  0  0  0  0  0  0  0  0  0  0  0  0  0  0  0  0  0  0  0  0  0  0  0  0  0  0  0  0  0  0  0  0  0  0  0  0  0  0  0  0  0  0  0  0  0  0  0  0  0  0  0  0  0.10720357
h  6  3  58.695975  53.876017  48.184082  42.643143  37.426202  32.538042  28.036411  22.96799  19.722298  16.795242  13.961174  10.637371  7.1666288  3.4586026  -0.86655076  -7.0523753  -13.655666  -19.830278  -25.639377  -31.574301  -36.977305  0  0  0  0  0  0  0  0  0  0  0  0  0  0  0  0  0  0  0  0  0  0  0  0  0  0  0  0  0  0  0  0  0  0  0  0  0  0  0  0  0  0  0  0  0  0  0  0  0  0  0  0  0  0  0  0  0  0  0  0  0  0  0  0  0  0  -1.0593027
g  6  4  -28.980896  -35.759636  -43.203734  -51.622453  -57.962075  -62.382758  -69.060823  -75.234354  -80.621137  -84.562097  -87.195795  -87.02346  -85.899866  -83.095064  -78.745293  -73.956544  -67.866716  -60.829181  -53.614066  -45.710398  -37.511584  0  0  0  0  0  0  0  0  0  0  0  0  0  0  0  0  0  0  0  0  0  0  0  0  0  0  0  0  0  0  0  0  0  0  0  0  0  0  0  0  0  0  0  0  0  0  0  0  0  0  0  0  0  0  0  0  0  0  0  0  0  0  0  0  0  0  1.7754592
h  6  4  -66.608402  -65.748826  -65.093501  -63.322269  -58.973491  -53.555953  -47.391629  -40.158222  -30.637508  -21.692543  -11.945192  -3.0666758  5.4522001  14.556028  24.264588  34.746171  44.798818  54.329689  62.337525  69.67599  76.044844  0  0  0  0  0  0  0  0  0  0  0  0  0  0  0  0  0  0  0  0  0  0  0  0  0  0  0  0  0  0  0  0  0  0  0  0  0  0  0  0  0  0  0  0  0  0  0  0  0  0  0  0  0  0  0  0  0  0  0  0  0  0  0  0  0  0  1.2415361
g  6  5  13.195445  17.327858  24.464172  31.762817  38.204336  45.301259  51.481728  57.38434  63.415858  68.367158  72.261933  75.37378  76.900318  76.148191  73.944819  70.783732  66.823555  60.554896  52.562074  43.141829  32.889354  0  0  0  0  0  0  0  0  0  0  0  0  0  0  0  0  0  0  0  0  0  0  0  0  0  0  0  0  0  0  0  0  0  0  0  0  0  0  0  0  0  0  0  0  0  0  0  0  0  0  0  0  0  0  0  0  0  0  0  0  0  0  0  0  0  0  -1.9603959
h  6  5  7.3991976  12.795457  17.760515  20.372413  20.966223  21.473471  21.361489  18.886443  13.06053  6.8927369  -1.6075831  -10.060874  -17.764856  -26.862058  -35.99671  -44.568997  -52.368472  -59.467162  -65.543102  -70.79298  -74.943225  0  0  0  0  0  0  0  0  0  0  0  0  0  0  0  0  0  0  0  0  0  0  0  0  0  0  0  0  0  0  0  0  0  0  0  0  0  0  0  0  0  0  0  0  0  0  0  0  0  0  0  0  0  0  0  0  0  0  0  0  0  0  0  0  0  0  -0.69646483
g  6  6  -70.853794  -63.259397  -57.421715  -52.436811  -47.048062  -41.352605  -38.016802  -35.161916  -34.21428  -36.131224  -41.103377  -49.082046  -56.858251  -63.833796  -70.343401  -75.813213  -80.088403  -82.562054  -82.815213  -82.302996  -80.428337  0  0  0  0  0  0  0  0  0  0  0  0  0  0  0  0  0  0  0  0  0  0  0  0  0  0  0  0  0  0  0  0  0  0  0  0  0  0  0  0  0  0  0  0  0  0  0  0  0  0  0  0  0  0  0  0  0  0  0  0  0  0  0  0  0  0  0.45950825
h  6  6  62.622747  65.471307  65.575952  66.226247  66.094462  63.117492  58.195272  51.255886  42.856346  36.563627  30.991888  29.099579  29.683651  31.481998  34.241341  37.889667  42.098412  46.352907  51.108258  56.375176  61.892998  0  0  0  0  0  0  0  0  0  0  0  0  0  0  0  0  0  0  0  0  0  0  0  0  0  0  0  0  0  0  0  0  0  0  0  0  0  0  0  0  0  0  0  0  0  0  0  0  0  0  0  0  0  0  0  0  0  0  0  0  0  0  0  0  0  0  1.0883065
g  7  0  81.384975  81.352247  79.516609  76.397865  73.914568  71.49015  70.332025  69.24512  67.868619  66.087767  65.049379  64.047324  63.287979  62.38572  62.04844  61.793033  61.589405  61.138112  60.581824  60.166277  59.864646  0  0  0  0  0  0  0  0  0  0  0  0  0  0  0  0  0  0  0  0  0  0  0  0  0  0  0  0  0  0  0  0  0  0  0  0  0  0  0  0  0  0  0  0  0  0  0  0  0  0  0  0  0  0  0  0  0  0  0  0  0  0  0  0  0  0  -0.053743649
g  7  1  -76.107625  -77.447937  -78.674384  -78.777036  -77.58407  -76.0365  -75.721146  -75.623593  -75.189873  -74.398329  -73.58096  -71.677384  -70.488507  -69.601355  -68.70099  -67.479526  -66.088572  -64.699191  -63.247827  -61.809911  -60.547702  0  0  0  0  0  0  0  0  0  0  0  0  0  0  0  0  0  0  0  0  0  0  0  0  0  0  0  0  0  0  0  0  0  0  0  0  0  0  0  0  0  0  0  0  0  0  0  0  0  0  0  0  0  0  0  0  0  0  0  0  0  0  0  0  0  0  0.32531939
h  7  1  -54.044436  -50.354368  -45.870982  -41.550851  -37.957458  -34.246735  -30.347824  -26.662009  -23.249972  -19.832645  -16.430533  -13.49647  -10.573194  -8.2831953  -6.3012813  -4.7170652  -2.54851  -0.38920572  1.5059046  3.0659517  4.3654714  0  0  0  0  0  0  0  0  0  0  0  0  0  0  0  0  0  0  0  0  0  0  0  0  0  0  0  0  0  0  0  0  0  0  0  0  0  0  0  0  0  0  0  0  0  0  0  0  0  0  0  0  0  0  0  0  0  0  0  0  0  0  0  0  0  0  0.26866287
g  7  2  -6.7705471  -9.4458493  -11.412417  -13.575573  -15.158134  -15.347934  -15.457786  -14.979624  -14.516425  -13.782439  -13.261094  -12.996148  -12.186988  -11.442967  -10.785753  -10.061789  -9.5838731  -8.7212248  -7.2581131  -5.564014  -4.1148283  0  0  0  0  0  0  0  0  0  0  0  0  0  0  0  0  0  0  0  0  0  0  0  0  0  0  0  0  0  0  0  0  0  0  0  0  0  0  0  0  0  0  0  0  0  0  0  0  0  0  0  0  0  0  0  0  0  0  0  0  0  0  0  0  0  0  0.29356548
h  7  2  -19.475994  -17.714888  -16.201064  -14.942247  -14.147116  -13.671046  -13.22868  -13.418917  -13.002739  -13.522151  -14.087593  -14.416682  -14.553038  -14.4335  -13.846087  -12.721363  -11.494072  -10.371471  -9.5587359  -8.9927566  -8.2368528  0  0  0  0  0  0  0  0  0  0  0  0  0  0  0  0  0  0  0  0  0  0  0  0  0  0  0  0  0  0  0  0  0  0  0  0  0  0  0  0  0  0  0  0  0  0  0  0  0  0  0  0  0  0  0  0  0  0  0  0  0  0  0  0  0  0  0.15027644
g  7  3  51.84637  58.271716  63.890181  67.919395  70.584359  72.119368  73.223407  74.721598  75.612218  75.776123  74.86913  73.03277  70.953437  68.625444  66.329641  63.842495  61.063598  57.944718  54.330229  50.49598  47.196776  0  0  0  0  0  0  0  0  0  0  0  0  0  0  0  0  0  0  0  0  0  0  0  0  0  0  0  0  0  0  0  0  0  0  0  0  0  0  0  0  0  0  0  0  0  0  0  0  0  0  0  0  0  0  0  0  0  0  0  0  0  0  0  0  0  0  -0.55674161
h  7  3  5.6121574  3.4149081  -0.24733121  -4.1869466  -7.4823273  -9.4732719  -11.634931  -13.976997  -16.136581  -18.204113  -20.544278  -23.210881  -25.378172  -27.566216  -29.771308  -32.05127  -33.798226  -35.261463  -36.45785  -37.354872  -37.788128  0  0  0  0  0  0  0  0  0  0  0  0  0  0  0  0  0  0  0  0  0  0  0  0  0  0  0  0  0  0  0  0  0  0  0  0  0  0  0  0  0  0  0  0  0  0  0  0  0  0  0  0  0  0  0  0  0  0  0  0  0  0  0  0  0  0  -0.022461393
g  7  4  15.081215  16.246461  16.608825  16.775167  17.874365  18.51612  19.304156  19.460349  19.828112  19.694195  20.025559  20.316017  21.145933  22.142361  22.778548  23.457747  24.281936  25.391243  26.555432  27.486341  27.645317  0  0  0  0  0  0  0  0  0  0  0  0  0  0  0  0  0  0  0  0  0  0  0  0  0  0  0  0  0  0  0  0  0  0  0  0  0  0  0  0  0  0  0  0  0  0  0  0  0  0  0  0  0  0  0  0  0  0  0  0  0  0  0  0  0  0  -0.027755467
h  7  4  24.443247  23.359906  22.918635  22.529378  21.775459  21.488094  20.63  19.149625  18.347161  17.708574  17.637539  17.160422  16.730362  16.085527  15.723384  14.899372  13.373719  11.793008  10.478123  8.9371002  7.5226119  0  0  0  0  0  0  0  0  0  0  0  0  0  0  0  0  0  0  0  0  0  0  0  0  0  0  0  0  0  0  0  0  0  0  0  0  0  0  0  0  0  0  0  0  0  0  0  0  0  0  0  0  0  0  0  0  0  0  0  0  0  0  0  0  0  0  -0.22479289
g  7  5  9.4027364  5.8026819  2.960289  0.39372171  -2.0624324  -4.0431655  -5.6295319  -7.8858186  -10.05031  -11.417307  -12.585834  -12.728788  -12.702714  -12.216211  -11.980869  -11.889838  -11.593227  -11.741667  -11.678052  -11.40367  -10.596622  0  0  0  0  0  0  0  0  0  0  0  0  0  0  0  0  0  0  0  0  0  0  0  0  0  0  0  0  0  0  0  0  0  0  0  0  0  0  0  0  0  0  0  0  0  0  0  0  0  0  0  0  0  0  0  0  0  0  0  0  0  0  0  0  0  0  0.1742808
h  7  5  3.3426932  -0.26105517  -4.2084449  -7.3759801  -8.2028968  -8.3407533  -8.287266  -7.738049  -7.1812367  -5.4150056  -4.0148013  -2.4570684  -1.0133116  0.098474723  1.5753007  2.6082217  3.4535692  4.1610904  5.1480035  5.9455577  6.352587  0  0  0  0  0  0  0  0  0  0  0  0  0  0  0  0  0  0  0  0  0  0  0  0  0  0  0  0  0  0  0  0  0  0  0  0  0  0  0  0  0  0  0  0  0  0  0  0  0  0  0  0  0  0  0  0  0  0  0  0  0  0  0  0  0  0  0.074275483
g  7  6  -2.8193906  -6.523566  -9.9115582  -11.531852  -12.238134  -13.098744  -13.177808  -12.885215  -12.300468  -11.56559  -10.169964  -8.5787794  -7.1312459  -5.153749  -3.6260003  -1.8936424  -0.59389955  -0.050981425  -0.20605292  -1.092682  -2.2183917  0  0  0  0  0  0  0  0  0  0  0  0  0  0  0  0  0  0  0  0  0  0  0  0  0  0  0  0  0  0  0  0  0  0  0  0  0  0  0  0  0  0  0  0  0  0  0  0  0  0  0  0  0  0  0  0  0  0  0  0  0  0  0  0  0  0  -0.25959695
h  7  6  -27.386618  -26.191718  -24.628654  -24.186613  -23.195525  -21.362213  -18.567638  -15.893125  -13.720957  -12.48346  -12.714268  -12.415807  -12.169743  -12.089568  -12.559452  -13.422405  -14.554675  -16.744962  -18.820178  -21.239875  -23.643388  0  0  0  0  0  0  0  0  0  0  0  0  0  0  0  0  0  0  0  0  0  0  0  0  0  0  0  0  0  0  0  0  0  0  0  0  0  0  0  0  0  0  0  0  0  0  0  0  0  0  0  0  0  0  0  0  0  0  0  0  0  0  0  0  0  0  -0.37568454
g  7  7  6.7865143  8.1559084  8.2353372  6.6983621  3.9259145  0.58236151  -1.9091322  -3.2509508  -3.5619221  -3.8066386  -5.515524  -8.3311156  -11.664219  -15.048683  -17.45927  -19.062499  -19.712127  -19.102467  -18.067696  -16.468935  -14.49957  0  0  0  0  0  0  0  0  0  0  0  0  0  0  0  0  0  0  0  0  0  0  0  0  0  0  0  0  0  0  0  0  0  0  0  0  0  0  0  0  0  0  0  0  0  0  0  0  0  0  0  0  0  0  0  0  0  0  0  0  0  0  0  0  0  0  0.39225857
h  7  7  -2.1901738  -3.4998611  -5.0046888  -6.7120366  -7.9754017  -7.6021137  -6.4771068  -6.2996861  -6.4638476  -7.0866727  -8.2733543  -8.9852129  -9.3412565  -8.4466464  -6.5614769  -3.8463779  -0.2081017  3.4926037  6.7893648  9.9904903  13.48927  0  0  0  0  0  0  0  0  0  0  0  0  0  0  0  0  0  0  0  0  0  0  0  0  0  0  0  0  0  0  0  0  0  0  0  0  0  0  0  0  0  0  0  0  0  0  0  0  0  0  0  0  0  0  0  0  0  0  0  0  0  0  0  0  0  0  0.72448608
g  8  0  23.900993  23.2018  22.046879  21.192773  20.607446  19.899413  19.453102  19.066221  18.204048  17.031684  15.635923  14.272541  13.165115  12.09502  11.012429  9.968743  9.0021652  8.0703348  7.0347502  6.106734  5.1003315  0  0  0  0  0  0  0  0  0  0  0  0  0  0  0  0  0  0  0  0  0  0  0  0  0  0  0  0  0  0  0  0  0  0  0  0  0  0  0  0  0  0  0  0  0  0  0  0  0  0  0  0  0  0  0  0  0  0  0  0  0  0  0  0  0  0  -0.19243606
g  8  1  8.8182365  9.1463455  9.5412852  9.6918815  9.7543141  9.4350678  9.4128391  9.6930685  9.7166629  10.180587  10.455115  10.494024  10.165831  9.9119615  9.8952029  10.114663  10.163765  9.9488502  9.5397051  9.2434868  9.1877481  0  0  0  0  0  0  0  0  0  0  0  0  0  0  0  0  0  0  0  0  0  0  0  0  0  0  0  0  0  0  0  0  0  0  0  0  0  0  0  0  0  0  0  0  0  0  0  0  0  0  0  0  0  0  0  0  0  0  0  0  0  0  0  0  0  0  -0.0051893752
h  8  1  10.162917  9.3158746  8.1527606  6.6635834  5.3445158  4.175759  2.7142807  1.5762086  0.44980383  -0.73069464  -1.9602756  -2.9510531  -3.7139312  -4.577526  -5.2570209  -6.0821526  -7.1737356  -8.1902668  -9.0695625  -9.844752  -10.599664  0  0  0  0  0  0  0  0  0  0  0  0  0  0  0  0  0  0  0  0  0  0  0  0  0  0  0  0  0  0  0  0  0  0  0  0  0  0  0  0  0  0  0  0  0  0  0  0  0  0  0  0  0  0  0  0  0  0  0  0  0  0  0  0  0  0  -0.12184672
g  8  2  -16.800432  -18.03638  -17.76219  -16.469379  -14.793134  -13.034204  -11.428816  -9.818204  -8.049918  -6.7270627  -5.5524308  -4.3841838  -3.6700118  -2.9992934  -2.3674163  -1.97922  -1.6629659  -1.4425036  -1.2052818  -0.64305841  -0.26870238  0  0  0  0  0  0  0  0  0  0  0  0  0  0  0  0  0  0  0  0  0  0  0  0  0  0  0  0  0  0  0  0  0  0  0  0  0  0  0  0  0  0  0  0  0  0  0  0  0  0  0  0  0  0  0  0  0  0  0  0  0  0  0  0  0  0  0.087604761
h  8  2  -18.283598  -15.926725  -13.815223  -11.877913  -10.38397  -8.9858013  -8.0120611  -6.8766227  -5.9533273  -5.2329592  -4.8177406  -4.2343865  -3.792761  -3.4282401  -3.2947536  -2.9713034  -2.428464  -1.8367221  -1.3077283  -0.83267584  -0.38361065  0  0  0  0  0  0  0  0  0  0  0  0  0  0  0  0  0  0  0  0  0  0  0  0  0  0  0  0  0  0  0  0  0  0  0  0  0  0  0  0  0  0  0  0  0  0  0  0  0  0  0  0  0  0  0  0  0  0  0  0  0  0  0  0  0  0  0.081381376
g  8  3  -3.1817063  -0.48043425  2.591125  5.0758457  6.6842581  7.8807587  8.7070306  9.3719352  9.6425697  9.6651724  9.7119374  9.5754022  9.3570881  8.8530217  8.1715889  7.3599627  6.5927273  5.6565202  4.6076694  3.6491279  2.787759  0  0  0  0  0  0  0  0  0  0  0  0  0  0  0  0  0  0  0  0  0  0  0  0  0  0  0  0  0  0  0  0  0  0  0  0  0  0  0  0  0  0  0  0  0  0  0  0  0  0  0  0  0  0  0  0  0  0  0  0  0  0  0  0  0  0  -0.17536945
h  8  3  13.205106  13.602921  13.495108  12.926895  12.223124  11.537963  11.057742  11.099  10.941941  10.759915  10.549755  10.33924  10.11563  9.8563354  9.7430652  9.9374976  10.269918  10.359303  10.431972  10.699836  11.1426  0  0  0  0  0  0  0  0  0  0  0  0  0  0  0  0  0  0  0  0  0  0  0  0  0  0  0  0  0  0  0  0  0  0  0  0  0  0  0  0  0  0  0  0  0  0  0  0  0  0  0  0  0  0  0  0  0  0  0  0  0  0  0  0  0  0  0.066125762
g  8  4  -20.593035  -21.178153  -20.799438  -19.6561  -19.008923  -18.700946  -18.139768  -17.705991  -17.722375  -17.871631  -17.984866  -18.324469  -18.824098  -19.338667  -20.086072  -20.802253  -21.623636  -22.097129  -22.456415  -22.636712  -22.699337  0  0  0  0  0  0  0  0  0  0  0  0  0  0  0  0  0  0  0  0  0  0  0  0  0  0  0  0  0  0  0  0  0  0  0  0  0  0  0  0  0  0  0  0  0  0  0  0  0  0  0  0  0  0  0  0  0  0  0  0  0  0  0  0  0  0  -0.020057373
h  8  4  -14.567404  -11.725379  -8.9252562  -6.7278426  -5.3208284  -4.6192951  -3.8225765  -3.5559765  -3.7656822  -4.0222866  -3.9061727  -3.7965539  -3.2156057  -2.7567309  -2.3018941  -2.033923  -1.672101  -1.2809192  -0.8047637  -0.43095612  -0.15453374  0  0  0  0  0  0  0  0  0  0  0  0  0  0  0  0  0  0  0  0  0  0  0  0  0  0  0  0  0  0  0  0  0  0  0  0  0  0  0  0  0  0  0  0  0  0  0  0  0  0  0  0  0  0  0  0  0  0  0  0  0  0  0  0  0  0  0.07263093
g  8  5  13.376035  15.204567  16.738492  18.273239  19.633463  20.563076  21.415256  21.720214  22.204848  22.555569  22.427354  22.22891  21.631591  21.012301  20.063416  18.827471  17.457522  16.109648  14.716252  13.300093  11.747662  0  0  0  0  0  0  0  0  0  0  0  0  0  0  0  0  0  0  0  0  0  0  0  0  0  0  0  0  0  0  0  0  0  0  0  0  0  0  0  0  0  0  0  0  0  0  0  0  0  0  0  0  0  0  0  0  0  0  0  0  0  0  0  0  0  0  -0.33982165
h  8  5  16.197514  15.001141  13.434807  11.938351  10.492041  8.8021119  7.077796  5.2387856  3.9123815  2.8482002  2.054936  0.89457135  -0.51811651  -1.8835703  -3.3578415  -4.9927049  -6.4030506  -7.538365  -8.62914  -9.3655233  -10.126969  0  0  0  0  0  0  0  0  0  0  0  0  0  0  0  0  0  0  0  0  0  0  0  0  0  0  0  0  0  0  0  0  0  0  0  0  0  0  0  0  0  0  0  0  0  0  0  0  0  0  0  0  0  0  0  0  0  0  0  0  0  0  0  0  0  0  -0.149182
g  8  6  11.705576  12.348796  13.639167  15.361721  16.484729  17.320542  18.120217  18.124718  18.337408  18.232991  18.329414  18.596304  18.679144  18.394095  17.742127  17.103064  16.189078  14.950884  13.881873  12.632879  11.663485  0  0  0  0  0  0  0  0  0  0  0  0  0  0  0  0  0  0  0  0  0  0  0  0  0  0  0  0  0  0  0  0  0  0  0  0  0  0  0  0  0  0  0  0  0  0  0  0  0  0  0  0  0  0  0  0  0  0  0  0  0  0  0  0  0  0  -0.1865327
h  8  6  5.593357  4.1441352  2.8488174  0.95639025  -1.2963223  -3.5581728  -5.379296  -7.0329016  -8.3431897  -9.1934694  -10.60983  -12.058766  -14.02459  -16.131596  -18.233426  -19.909421  -21.154007  -22.247267  -22.836395  -23.21721  -23.546024  0  0  0  0  0  0  0  0  0  0  0  0  0  0  0  0  0  0  0  0  0  0  0  0  0  0  0  0  0  0  0  0  0  0  0  0  0  0  0  0  0  0  0  0  0  0  0  0  0  0  0  0  0  0  0  0  0  0  0  0  0  0  0  0  0  0  -0.019301927
g  8  7  -15.985497  -18.048232  -19.816645  -20.141144  -20.159873  -20.261683  -20.397183  -19.901895  -19.046453  -18.771087  -17.912102  -16.770549  -15.250006  -13.567583  -11.343963  -8.8319048  -6.6319615  -4.7185291  -3.2014934  -2.225694  -1.1600677  0  0  0  0  0  0  0  0  0  0  0  0  0  0  0  0  0  0  0  0  0  0  0  0  0  0  0  0  0  0  0  0  0  0  0  0  0  0  0  0  0  0  0  0  0  0  0  0  0  0  0  0  0  0  0  0  0  0  0  0  0  0  0  0  0  0  0.24319961
h  8  7  -9.1330272  -7.4375543  -5.6626743  -4.1422013  -1.9571538  0.79740905  3.3568353  6.2061184  8.2252116  9.9233068  10.941444  12.222043  13.667717  14.865745  15.473763  15.856556  15.755218  15.203557  14.383511  13.113041  11.131588  0  0  0  0  0  0  0  0  0  0  0  0  0  0  0  0  0  0  0  0  0  0  0  0  0  0  0  0  0  0  0  0  0  0  0  0  0  0  0  0  0  0  0  0  0  0  0  0  0  0  0  0  0  0  0  0  0  0  0  0  0  0  0  0  0  0  -0.43141675
g  8  8  -1.9559754  -0.39206325  1.0889507  2.9582586  3.9700767  3.7446694  2.8714792  2.1093483  0.944957  -0.14718574  -1.2475492  -2.0903422  -2.5924223  -3.1404683  -3.224988  -2.9609159  -2.2741306  -1.2287038  -0.25296912  0.46606596  0.98205285  0  0  0  0  0  0  0  0  0  0  0  0  0  0  0  0  0  0  0  0  0  0  0  0  0  0  0  0  0  0  0  0  0  0  0  0  0  0  0  0  0  0  0  0  0  0  0  0  0  0  0  0  0  0  0  0  0  0  0  0  0  0  0  0  0  0  0.085904427
h  8  8  2.0508241  1.4770485  0.78393206  -0.33947672  -2.7205046  -4.6339633  -5.8681745  -6.7932264  -7.1593057  -6.6527262  -5.9036446  -4.728111  -3.4590598  -1.8119379  -0.24712103  0.71709524  1.6197517  2.418895  2.9754576  3.3179339  3.6423772  0  0  0  0  0  0  0  0  0  0  0  0  0  0  0  0  0  0  0  0  0  0  0  0  0  0  0  0  0  0  0  0  0  0  0  0  0  0  0  0  0  0  0  0  0  0  0  0  0  0  0  0  0  0  0  0  0  0  0  0  0  0  0  0  0  0  0.06384513
g  9  0  5.3839349  4.9065415  4.2348139  3.3169902  2.4261033  1.4245144  0.22265752  -1.0770579  -1.9484978  -2.6668998  -3.2136699  -3.769828  -4.14498  -4.3229752  -4.3951346  -4.3133128  -4.2339065  -4.1635851  -3.9014427  -3.6586152  -3.4872387  0  0  0  0  0  0  0  0  0  0  0  0  0  0  0  0  0  0  0  0  0  0  0  0  0  0  0  0  0  0  0  0  0  0  0  0  0  0  0  0  0  0  0  0  0  0  0  0  0  0  0  0  0  0  0  0  0  0  0  0  0  0  0  0  0  0  0.021757673
g  9  1  8.7583446  8.3715312  7.9445835  7.4485651  6.8733436  6.3143054  6.2442206  6.2523095  6.0034229  5.66057  5.3248845  4.9101421  4.6581062  4.5146353  4.4056615  4.1496186  4.0201166  3.9884744  3.8799592  3.8796659  3.9245913  0  0  0  0  0  0  0  0  0  0  0  0  0  0  0  0  0  0  0  0  0  0  0  0  0  0  0  0  0  0  0  0  0  0  0  0  0  0  0  0  0  0  0  0  0  0  0  0  0  0  0  0  0  0  0  0  0  0  0  0  0  0  0  0  0  0  0.003398609
h  9  1  -21.735815  -23.32079  -24.548666  -24.862189  -24.487267  -23.808785  -22.771946  -21.548777  -20.172605  -18.705392  -17.27589  -15.87158  -14.403866  -12.944819  -11.381803  -9.8609742  -8.5435064  -7.4075572  -6.3071938  -5.1992388  -4.2552883  0  0  0  0  0  0  0  0  0  0  0  0  0  0  0  0  0  0  0  0  0  0  0  0  0  0  0  0  0  0  0  0  0  0  0  0  0  0  0  0  0  0  0  0  0  0  0  0  0  0  0  0  0  0  0  0  0  0  0  0  0  0  0  0  0  0  0.18387105
g  9  2  3.0253786  2.9225542  2.9194115  2.9882966  2.9763119  3.102592  3.4180597  3.6679837  4.0035501  4.1152305  4.1128005  4.0109556  3.8972338  3.754182  3.5241567  3.3332184  3.2885908  3.2708813  3.3357377  3.3807948  3.2929303  0  0  0  0  0  0  0  0  0  0  0  0  0  0  0  0  0  0  0  0  0  0  0  0  0  0  0  0  0  0  0  0  0  0  0  0  0  0  0  0  0  0  0  0  0  0  0  0  0  0  0  0  0  0  0  0  0  0  0  0  0  0  0  0  0  0  -0.0056095198
h  9  2  10.73343  10.551397  10.46208  10.238068  10.085016  9.9453453  9.9648136  9.8205054  9.5042881  9.3253113  9.2469674  9.104798  8.9056093  8.8393506  8.7211767  8.3735482  7.9286039  7.4813765  7.0783573  6.6662303  6.244609  0  0  0  0  0  0  0  0  0  0  0  0  0  0  0  0  0  0  0  0  0  0  0  0  0  0  0  0  0  0  0  0  0  0  0  0  0  0  0  0  0  0  0  0  0  0  0  0  0  0  0  0  0  0  0  0  0  0  0  0  0  0  0  0  0  0  -0.09303533
g  9  3  -3.1578062  -1.532308  -0.26065905  0.48509543  0.76363157  0.75774486  0.51426009  -0.033440483  -0.50558871  -0.88141218  -1.1567482  -1.2396836  -1.1737715  -1.1394015  -1.2030318  -1.3651374  -1.5646188  -1.797719  -1.9786296  -2.1312861  -2.3789908  0  0  0  0  0  0  0  0  0  0  0  0  0  0  0  0  0  0  0  0  0  0  0  0  0  0  0  0  0  0  0  0  0  0  0  0  0  0  0  0  0  0  0  0  0  0  0  0  0  0  0  0  0  0  0  0  0  0  0  0  0  0  0  0  0  0  -0.056566697
h  9  3  11.78039  10.359656  8.8858612  7.7755531  6.9342576  6.1817534  5.6976117  5.4604275  5.5950407  5.7396792  5.8229626  6.0207593  5.9477237  5.868056  5.7932965  5.6191065  5.2317411  4.8515359  4.4689263  4.0955148  3.6544002  0  0  0  0  0  0  0  0  0  0  0  0  0  0  0  0  0  0  0  0  0  0  0  0  0  0  0  0  0  0  0  0  0  0  0  0  0  0  0  0  0  0  0  0  0  0  0  0  0  0  0  0  0  0  0  0  0  0  0  0  0  0  0  0  0  0  -0.090067796
g  9  4  0.60061191  -1.1528991  -2.6174842  -3.7525122  -4.8109038  -5.5234263  -6.2177787  -6.728185  -7.0115589  -6.9645325  -6.8414156  -6.6720144  -6.5590626  -6.3933176  -6.0197191  -5.6019464  -5.1456328  -4.6178585  -4.0997997  -3.6243123  -3.0413055  0  0  0  0  0  0  0  0  0  0  0  0  0  0  0  0  0  0  0  0  0  0  0  0  0  0  0  0  0  0  0  0  0  0  0  0  0  0  0  0  0  0  0  0  0  0  0  0  0  0  0  0  0  0  0  0  0  0  0  0  0  0  0  0  0  0  0.1301055
h  9  4  -6.8255006  -6.0008151  -5.0775425  -4.1285307  -3.2532416  -2.3165349  -1.2801306  -0.22090188  0.72345598  1.5040487  2.149723  2.6948464  3.27192  3.8381804  4.2473883  4.6059922  4.946556  5.1872855  5.2091095  5.0849182  4.8614431  0  0  0  0  0  0  0  0  0  0  0  0  0  0  0  0  0  0  0  0  0  0  0  0  0  0  0  0  0  0  0  0  0  0  0  0  0  0  0  0  0  0  0  0  0  0  0  0  0  0  0  0  0  0  0  0  0  0  0  0  0  0  0  0  0  0  -0.037110014
g  9  5  -13.293666  -13.816647  -14.567713  -15.131062  -15.395279  -15.65392  -15.575782  -15.143622  -14.530645  -14.101114  -13.437444  -12.702813  -11.927475  -11.009869  -9.8543863  -8.4974058  -7.247746  -5.9854367  -4.7989267  -3.6649624  -2.5575417  0  0  0  0  0  0  0  0  0  0  0  0  0  0  0  0  0  0  0  0  0  0  0  0  0  0  0  0  0  0  0  0  0  0  0  0  0  0  0  0  0  0  0  0  0  0  0  0  0  0  0  0  0  0  0  0  0  0  0  0  0  0  0  0  0  0  0.19684443
h  9  5  -6.9135303  -6.4686965  -5.756765  -4.9448597  -4.4705737  -3.7672498  -2.8145874  -1.7268414  -0.84623373  -0.21929473  0.50189586  1.3481433  2.2592289  3.0180606  3.4460472  3.6824759  3.9575056  4.1982631  4.2015351  4.1533915  4.0252111  0  0  0  0  0  0  0  0  0  0  0  0  0  0  0  0  0  0  0  0  0  0  0  0  0  0  0  0  0  0  0  0  0  0  0  0  0  0  0  0  0  0  0  0  0  0  0  0  0  0  0  0  0  0  0  0  0  0  0  0  0  0  0  0  0  0  -0.025977951
g  9  6  -0.13183406  0.56552891  1.2604834  1.8831733  2.5614913  3.1562083  3.5474556  3.8671904  4.1488662  4.1966994  4.1929001  4.3524703  4.4732014  4.6434517  4.6324268  4.5265304  4.2027883  3.8863763  3.6712695  3.2943142  2.9848243  0  0  0  0  0  0  0  0  0  0  0  0  0  0  0  0  0  0  0  0  0  0  0  0  0  0  0  0  0  0  0  0  0  0  0  0  0  0  0  0  0  0  0  0  0  0  0  0  0  0  0  0  0  0  0  0  0  0  0  0  0  0  0  0  0  0  -0.07037794
h  9  6  7.7242166  7.2453149  6.6405723  6.2670738  5.7146036  5.0190849  4.0794172  3.1727562  2.345337  1.8625733  1.2798971  0.64365845  -0.20008365  -1.1585629  -2.1627309  -3.2363959  -3.9456369  -4.4812965  -4.983657  -5.3564234  -5.6555366  0  0  0  0  0  0  0  0  0  0  0  0  0  0  0  0  0  0  0  0  0  0  0  0  0  0  0  0  0  0  0  0  0  0  0  0  0  0  0  0  0  0  0  0  0  0  0  0  0  0  0  0  0  0  0  0  0  0  0  0  0  0  0  0  0  0  -0.037526702
g  9  7  8.6755642  8.9644735  9.3107049  9.8229662  10.429166  10.540513  9.9937027  8.9954788  7.7999388  6.4455323  5.2349508  4.1153208  3.0552418  1.9350537  0.79583778  -0.31295445  -1.5603526  -2.7755144  -3.9385835  -4.7881265  -5.4390506  0  0  0  0  0  0  0  0  0  0  0  0  0  0  0  0  0  0  0  0  0  0  0  0  0  0  0  0  0  0  0  0  0  0  0  0  0  0  0  0  0  0  0  0  0  0  0  0  0  0  0  0  0  0  0  0  0  0  0  0  0  0  0  0  0  0  -0.11394922
h  9  7  0.97588555  -0.17545436  -0.9078073  -1.9823647  -3.2908586  -4.6540636  -5.7623781  -6.8797183  -7.6275059  -8.0826441  -8.323495  -8.3713566  -8.3180897  -8.1303459  -7.8142606  -7.3428808  -6.9572538  -6.4724621  -5.8339226  -5.1992264  -4.3489045  0  0  0  0  0  0  0  0  0  0  0  0  0  0  0  0  0  0  0  0  0  0  0  0  0  0  0  0  0  0  0  0  0  0  0  0  0  0  0  0  0  0  0  0  0  0  0  0  0  0  0  0  0  0  0  0  0  0  0  0  0  0  0  0  0  0  0.18020426
g  9  8  -9.0557485  -9.2183257  -8.5846406  -7.1839567  -5.9302354  -4.9875376  -3.9155504  -3.184322  -2.4139078  -1.5145483  -0.66950978  0.31497154  1.3429556  2.2341488  3.4256255  4.4452267  5.4209958  6.454976  7.2560152  7.9388483  8.5391675  0  0  0  0  0  0  0  0  0  0  0  0  0  0  0  0  0  0  0  0  0  0  0  0  0  0  0  0  0  0  0  0  0  0  0  0  0  0  0  0  0  0  0  0  0  0  0  0  0  0  0  0  0  0  0  0  0  0  0  0  0  0  0  0  0  0  0.1156171
h  9  8  -3.9277183  -2.1419371  -0.64997107  0.5982242  2.1858969  3.5577306  4.7312437  5.8873128  6.4419727  6.721371  6.7100043  6.6717035  6.824579  6.7973136  6.9407209  7.2049039  7.2819435  7.340444  7.4512592  7.2828189  7.0652312  0  0  0  0  0  0  0  0  0  0  0  0  0  0  0  0  0  0  0  0  0  0  0  0  0  0  0  0  0  0  0  0  0  0  0  0  0  0  0  0  0  0  0  0  0  0  0  0  0  0  0  0  0  0  0  0  0  0  0  0  0  0  0  0  0  0  -0.054555963
g  9  9  -10.524049  -10.846647  -11.228371  -10.599034  -8.9878892  -7.2780874  -5.5688605  -3.7865439  -2.2833542  -1.3637884  -0.7747803  0.044458619  1.0126141  1.999302  3.3056615  4.9365791  6.6879837  8.3687942  9.757682  10.823373  11.605613  0  0  0  0  0  0  0  0  0  0  0  0  0  0  0  0  0  0  0  0  0  0  0  0  0  0  0  0  0  0  0  0  0  0  0  0  0  0  0  0  0  0  0  0  0  0  0  0  0  0  0  0  0  0  0  0  0  0  0  0  0  0  0  0  0  0  0.11366747
h  9  9  8.4368613  9.9833336  11.486596  13.571762  15.36673  16.318925  16.843697  17.427523  18.038493  18.620274  19.301249  19.884013  20.117484  20.024252  19.568677  18.709576  17.645402  16.280744  14.564063  12.568304  10.489857  0  0  0  0  0  0  0  0  0  0  0  0  0  0  0  0  0  0  0  0  0  0  0  0  0  0  0  0  0  0  0  0  0  0  0  0  0  0  0  0  0  0  0  0  0  0  0  0  0  0  0  0  0  0  0  0  0  0  0  0  0  0  0  0  0  0  -0.43035739
g  10  0  -1.9224883  -1.8400534  -1.6202642  -1.2637281  -0.80711533  -0.2735215  0.095258633  0.38826049  0.78656589  1.1773567  1.4290847  1.687409  1.9062792  2.0560393  2.2643097  2.467314  2.5687638  2.6726628  2.7651903  2.8319324  2.8214952  0  0  0  0  0  0  0  0  0  0  0  0  0  0  0  0  0  0  0  0  0  0  0  0  0  0  0  0  0  0  0  0  0  0  0  0  0  0  0  0  0  0  0  0  0  0  0  0  0  0  0  0  0  0  0  0  0  0  0  0  0  0  0  0  0  0  -0.011314408
g  10  1  -6.2933513  -6.444814  -6.547834  -6.4910131  -6.2968426  -6.0447835  -5.9384223  -5.8513787  -5.7078007  -5.6567899  -5.5386434  -5.381324  -5.1366404  -4.9343559  -4.749122  -4.52851  -4.2905824  -4.1032266  -3.8702116  -3.5750899  -3.342425  0  0  0  0  0  0  0  0  0  0  0  0  0  0  0  0  0  0  0  0  0  0  0  0  0  0  0  0  0  0  0  0  0  0  0  0  0  0  0  0  0  0  0  0  0  0  0  0  0  0  0  0  0  0  0  0  0  0  0  0  0  0  0  0  0  0  0.038100807
h  10  1  3.2723586  3.6369024  3.7533547  3.7870417  3.904531  4.0358434  4.1260668  3.9992526  3.8278199  3.5788107  3.3794238  3.0291572  2.6931083  2.4601489  2.2804818  2.1008348  1.9553662  1.8258714  1.7358763  1.6501063  1.5203975  0  0  0  0  0  0  0  0  0  0  0  0  0  0  0  0  0  0  0  0  0  0  0  0  0  0  0  0  0  0  0  0  0  0  0  0  0  0  0  0  0  0  0  0  0  0  0  0  0  0  0  0  0  0  0  0  0  0  0  0  0  0  0  0  0  0  -0.026100082
g  10  2  0.17765446  -0.34373937  -0.56467939  -0.65200144  -0.65373653  -0.52689708  -0.40984419  -0.297588  -0.34869554  -0.40866068  -0.50037631  -0.6796526  -0.86184277  -0.99766161  -1.1737588  -1.3493957  -1.5225933  -1.6056969  -1.7100482  -1.9226981  -2.0681604  0  0  0  0  0  0  0  0  0  0  0  0  0  0  0  0  0  0  0  0  0  0  0  0  0  0  0  0  0  0  0  0  0  0  0  0  0  0  0  0  0  0  0  0  0  0  0  0  0  0  0  0  0  0  0  0  0  0  0  0  0  0  0  0  0  0  -0.019365867
h  10  2  -0.44989764  -0.16989327  0.24745668  0.7644832  1.214875  1.5299833  1.8192778  2.0096236  2.0848122  2.0943187  2.0891076  1.9971282  1.9749222  1.9384339  1.9110961  1.7789488  1.6381105  1.5144397  1.4505699  1.4584527  1.4550943  0  0  0  0  0  0  0  0  0  0  0  0  0  0  0  0  0  0  0  0  0  0  0  0  0  0  0  0  0  0  0  0  0  0  0  0  0  0  0  0  0  0  0  0  0  0  0  0  0  0  0  0  0  0  0  0  0  0  0  0  0  0  0  0  0  0  -0.00193572
g  10  3  0.5826171  1.8334449  2.7068818  3.1582235  3.2997682  3.1761035  2.8113028  2.4690922  2.0222411  1.5770115  1.1155739  0.60086869  0.13609119  -0.29938884  -0.69893697  -1.0862324  -1.5277337  -1.9028518  -2.1556506  -2.401  -2.6205631  0  0  0  0  0  0  0  0  0  0  0  0  0  0  0  0  0  0  0  0  0  0  0  0  0  0  0  0  0  0  0  0  0  0  0  0  0  0  0  0  0  0  0  0  0  0  0  0  0  0  0  0  0  0  0  0  0  0  0  0  0  0  0  0  0  0  -0.037600913
h  10  3  4.5655017  4.1151764  3.4893853  2.7984868  2.194736  1.6602982  1.095391  0.47209246  -0.028152886  -0.35280117  -0.68578175  -0.97677475  -1.2190508  -1.3335782  -1.4259841  -1.5759494  -1.7195237  -1.7785175  -1.6926491  -1.6071885  -1.5108861  0  0  0  0  0  0  0  0  0  0  0  0  0  0  0  0  0  0  0  0  0  0  0  0  0  0  0  0  0  0  0  0  0  0  0  0  0  0  0  0  0  0  0  0  0  0  0  0  0  0  0  0  0  0  0  0  0  0  0  0  0  0  0  0  0  0  0.014888408
g  10  4  -0.57871445  -0.66540312  -0.54672347  -0.30167221  0.24149576  0.79991445  1.2039018  1.5830766  1.9522769  2.355444  2.7670466  3.084953  3.3928872  3.629646  3.7434581  3.8946954  4.0362727  4.0358608  3.9845346  3.9006784  3.8214819  0  0  0  0  0  0  0  0  0  0  0  0  0  0  0  0  0  0  0  0  0  0  0  0  0  0  0  0  0  0  0  0  0  0  0  0  0  0  0  0  0  0  0  0  0  0  0  0  0  0  0  0  0  0  0  0  0  0  0  0  0  0  0  0  0  0  -0.021201151
h  10  4  4.3736109  4.6738634  5.0070647  5.2351251  5.2912937  5.2210164  4.975045  4.7102983  4.4309291  4.1824462  3.7832881  3.3642101  2.9197777  2.4909533  2.0502198  1.6721441  1.3338631  1.0200069  0.7844657  0.59094639  0.43541165  0  0  0  0  0  0  0  0  0  0  0  0  0  0  0  0  0  0  0  0  0  0  0  0  0  0  0  0  0  0  0  0  0  0  0  0  0  0  0  0  0  0  0  0  0  0  0  0  0  0  0  0  0  0  0  0  0  0  0  0  0  0  0  0  0  0  -0.028411584
g  10  5  1.6998448  0.93398352  0.10982442  -0.76136174  -1.5076148  -2.2660036  -2.9598393  -3.5528725  -4.1033281  -4.525716  -4.8344498  -5.1218752  -5.2392222  -5.2606114  -5.1024252  -4.7707997  -4.3340815  -3.8907944  -3.4236389  -2.9256914  -2.4109002  0  0  0  0  0  0  0  0  0  0  0  0  0  0  0  0  0  0  0  0  0  0  0  0  0  0  0  0  0  0  0  0  0  0  0  0  0  0  0  0  0  0  0  0  0  0  0  0  0  0  0  0  0  0  0  0  0  0  0  0  0  0  0  0  0  0  0.099286714
h  10  5  -7.9309396  -8.3230944  -8.5501473  -8.6626418  -8.5681585  -8.3582265  -8.1368153  -7.6751992  -7.2388804  -6.9188179  -6.5503556  -6.0407134  -5.4610472  -4.8892526  -4.2600077  -3.6464046  -3.0803153  -2.5481542  -2.0486965  -1.632248  -1.2368994  0  0  0  0  0  0  0  0  0  0  0  0  0  0  0  0  0  0  0  0  0  0  0  0  0  0  0  0  0  0  0  0  0  0  0  0  0  0  0  0  0  0  0  0  0  0  0  0  0  0  0  0  0  0  0  0  0  0  0  0  0  0  0  0  0  0  0.075364893
g  10  6  -0.67133535  -0.80049182  -1.1963935  -1.6361216  -1.8177928  -2.103521  -2.1462787  -2.2498073  -2.2336675  -2.1586082  -2.1284756  -2.0579159  -2.0229538  -1.9173846  -1.7806555  -1.687525  -1.6078954  -1.5095932  -1.491665  -1.5329862  -1.5603441  0  0  0  0  0  0  0  0  0  0  0  0  0  0  0  0  0  0  0  0  0  0  0  0  0  0  0  0  0  0  0  0  0  0  0  0  0  0  0  0  0  0  0  0  0  0  0  0  0  0  0  0  0  0  0  0  0  0  0  0  0  0  0  0  0  0  -0.001854531
h  10  6  -0.57619047  -0.30410623  -0.18209734  0.079909765  0.40208579  0.62747291  0.97753491  1.198558  1.3552928  1.2364552  1.15937  1.0698391  1.024468  1.0868845  1.1051752  1.024966  1.0054171  1.0057094  0.89285883  0.8374789  0.78646108  0  0  0  0  0  0  0  0  0  0  0  0  0  0  0  0  0  0  0  0  0  0  0  0  0  0  0  0  0  0  0  0  0  0  0  0  0  0  0  0  0  0  0  0  0  0  0  0  0  0  0  0  0  0  0  0  0  0  0  0  0  0  0  0  0  0  -0.002755674
g  10  7  2.1063319  1.7515596  1.280407  0.52999074  -0.0091405778  -0.59003895  -1.0964461  -1.6438078  -1.9755709  -2.1243894  -2.2194772  -2.2140888  -2.0770243  -1.8102268  -1.5753171  -1.3779027  -1.1323145  -0.82343415  -0.45352742  -0.094575238  0.27824712  0  0  0  0  0  0  0  0  0  0  0  0  0  0  0  0  0  0  0  0  0  0  0  0  0  0  0  0  0  0  0  0  0  0  0  0  0  0  0  0  0  0  0  0  0  0  0  0  0  0  0  0  0  0  0  0  0  0  0  0  0  0  0  0  0  0  0.072084847
h  10  7  -4.1748504  -4.4605868  -4.539901  -4.4493966  -4.3328439  -4.2085186  -4.0549386  -3.759037  -3.1822001  -2.5190349  -1.8338822  -1.1632389  -0.61798386  -0.1126601  0.24470014  0.57094515  0.87340769  1.0921692  1.1905338  1.2736831  1.3902907  0  0  0  0  0  0  0  0  0  0  0  0  0  0  0  0  0  0  0  0  0  0  0  0  0  0  0  0  0  0  0  0  0  0  0  0  0  0  0  0  0  0  0  0  0  0  0  0  0  0  0  0  0  0  0  0  0  0  0  0  0  0  0  0  0  0  0.024075669
g  10  8  2.2943603  1.4955251  0.63957699  -0.15038723  -0.62560539  -0.87360466  -1.146047  -1.2982566  -1.4274183  -1.599294  -1.7063007  -1.8011086  -1.7805845  -1.7932101  -1.8224878  -1.7842135  -1.6581401  -1.5315774  -1.392162  -1.1839903  -1.0049017  0  0  0  0  0  0  0  0  0  0  0  0  0  0  0  0  0  0  0  0  0  0  0  0  0  0  0  0  0  0  0  0  0  0  0  0  0  0  0  0  0  0  0  0  0  0  0  0  0  0  0  0  0  0  0  0  0  0  0  0  0  0  0  0  0  0  0.036026096
h  10  8  -2.832578  -3.2890396  -3.7218177  -3.8200717  -3.6860088  -3.4682334  -3.3273063  -3.1871146  -2.9543064  -2.5900367  -2.3179266  -1.983455  -1.7069246  -1.4437318  -1.1523631  -0.93367053  -0.74039785  -0.48230798  -0.23312046  -0.076239819  0.033755135  0  0  0  0  0  0  0  0  0  0  0  0  0  0  0  0  0  0  0  0  0  0  0  0  0  0  0  0  0  0  0  0  0  0  0  0  0  0  0  0  0  0  0  0  0  0  0  0  0  0  0  0  0  0  0  0  0  0  0  0  0  0  0  0  0  0  0.022180871
g  10  9  -1.8531153  -2.5035221  -2.643046  -2.5038776  -2.4328295  -2.1564933  -1.916361  -1.6960071  -1.4030523  -1.2781773  -1.1467744  -1.1586778  -1.3444352  -1.5546489  -1.8473238  -2.231289  -2.6005323  -2.9550935  -3.1904121  -3.3836256  -3.4665989  0  0  0  0  0  0  0  0  0  0  0  0  0  0  0  0  0  0  0  0  0  0  0  0  0  0  0  0  0  0  0  0  0  0  0  0  0  0  0  0  0  0  0  0  0  0  0  0  0  0  0  0  0  0  0  0  0  0  0  0  0  0  0  0  0  0  -0.0036862226
h  10  9  -1.1626081  -0.53344143  0.23562951  1.1776978  1.8231729  1.9232531  2.0650184  1.8312579  1.532655  1.3484381  1.0022264  0.80835518  0.65487198  0.44022171  0.38395426  0.31353709  0.24664701  0.26270297  0.3755718  0.60211882  0.92379077  0  0  0  0  0  0  0  0  0  0  0  0  0  0  0  0  0  0  0  0  0  0  0  0  0  0  0  0  0  0  0  0  0  0  0  0  0  0  0  0  0  0  0  0  0  0  0  0  0  0  0  0  0  0  0  0  0  0  0  0  0  0  0  0  0  0  0.072826142
g  10  10  -3.5850057  -4.3612516  -5.391851  -6.5706385  -7.4784438  -7.9387843  -8.0243357  -7.9339246  -7.8070991  -7.5563594  -7.1373312  -6.3741291  -5.4186842  -4.2397534  -2.7809783  -1.1469361  0.49524663  2.0405439  3.5037435  4.8265217  5.8752008  0  0  0  0  0  0  0  0  0  0  0  0  0  0  0  0  0  0  0  0  0  0  0  0  0  0  0  0  0  0  0  0  0  0  0  0  0  0  0  0  0  0  0  0  0  0  0  0  0  0  0  0  0  0  0  0  0  0  0  0  0  0  0  0  0  0  0.17644638
h  10  10  -8.738185  -8.6588432  -8.2862422  -7.210585  -5.6105162  -3.8615628  -2.0298216  -0.38735491  1.1945434  2.5800878  3.7834502  4.8543665  5.7019815  6.3893551  6.8209297  6.9726312  6.8690208  6.5087888  5.9111211  5.102737  4.075557  0  0  0  0  0  0  0  0  0  0  0  0  0  0  0  0  0  0  0  0  0  0  0  0  0  0  0  0  0  0  0  0  0  0  0  0  0  0  0  0  0  0  0  0  0  0  0  0  0  0  0  0  0  0  0  0  0  0  0  0  0  0  0  0  0  0  -0.22889797
g  11  0  3.0733537  2.9870644  2.8423558  2.6671319  2.3832607  2.1709367  2.0524141  2.0067177  1.8837423  1.7770241  1.7027452  1.7331136  1.7844393  1.7996516  1.784938  1.809537  1.8382715  1.8566029  1.8474221  1.8231674  1.8349318  0  0  0  0  0  0  0  0  0  0  0  0  0  0  0  0  0  0  0  0  0  0  0  0  0  0  0  0  0  0  0  0  0  0  0  0  0  0  0  0  0  0  0  0  0  0  0  0  0  0  0  0  0  0  0  0  0  0  0  0  0  0  0  0  0  0  -0.0020966825
g  11  1  -1.4019743  -1.4068556  -1.4531176  -1.4402628  -1.3780803  -1.3905524  -1.4750567  -1.5916945  -1.621433  -1.6579396  -1.7120867  -1.7020598  -1.7503105  -1.8370025  -1.8486534  -1.7885119  -1.7183332  -1.6239972  -1.5398215  -1.4851348  -1.4272547  0  0  0  0  0  0  0  0  0  0  0  0  0  0  0  0  0  0  0  0  0  0  0  0  0  0  0  0  0  0  0  0  0  0  0  0  0  0  0  0  0  0  0  0  0  0  0  0  0  0  0  0  0  0  0  0  0  0  0  0  0  0  0  0  0  0  0.016698912
h  11  1  -0.069950385  -0.22296126  -0.33203813  -0.50252445  -0.54683867  -0.48352501  -0.40045033  -0.31925259  -0.22613857  -0.14444885  -0.10063664  -0.045871436  0.0020468195  0.051707348  0.075262802  0.15942657  0.23034947  0.32116578  0.37497855  0.38930154  0.38591045  0  0  0  0  0  0  0  0  0  0  0  0  0  0  0  0  0  0  0  0  0  0  0  0  0  0  0  0  0  0  0  0  0  0  0  0  0  0  0  0  0  0  0  0  0  0  0  0  0  0  0  0  0  0  0  0  0  0  0  0  0  0  0  0  0  0  -0.0037883016
g  11  2  -2.2867722  -2.0829371  -1.7845549  -1.541061  -1.3348246  -1.1405795  -0.96287776  -0.81633733  -0.5989375  -0.36033553  -0.13051685  0.094410686  0.30810484  0.46636001  0.62286581  0.7514482  0.85493735  0.91751197  0.9929386  1.0690722  1.0991328  0  0  0  0  0  0  0  0  0  0  0  0  0  0  0  0  0  0  0  0  0  0  0  0  0  0  0  0  0  0  0  0  0  0  0  0  0  0  0  0  0  0  0  0  0  0  0  0  0  0  0  0  0  0  0  0  0  0  0  0  0  0  0  0  0  0  0.0044920609
h  11  2  2.0990723  2.2084015  2.2470223  2.2838224  2.3308981  2.3535904  2.2444412  2.2058853  2.1367607  2.012064  1.8365282  1.6573134  1.476524  1.2716256  1.0910299  0.97681543  0.8537132  0.74213355  0.60739618  0.46432915  0.33747686  0  0  0  0  0  0  0  0  0  0  0  0  0  0  0  0  0  0  0  0  0  0  0  0  0  0  0  0  0  0  0  0  0  0  0  0  0  0  0  0  0  0  0  0  0  0  0  0  0  0  0  0  0  0  0  0  0  0  0  0  0  0  0  0  0  0  -0.025575039
g  11  3  2.1122328  2.4440874  2.6297077  2.6499011  2.5088591  2.208277  1.8855344  1.5651811  1.2463737  0.9741582  0.77393928  0.62346776  0.46439691  0.37000007  0.33758517  0.3710877  0.4601516  0.51852549  0.54314473  0.55846063  0.59118334  0  0  0  0  0  0  0  0  0  0  0  0  0  0  0  0  0  0  0  0  0  0  0  0  0  0  0  0  0  0  0  0  0  0  0  0  0  0  0  0  0  0  0  0  0  0  0  0  0  0  0  0  0  0  0  0  0  0  0  0  0  0  0  0  0  0  0.011692169
h  11  3  -0.61218834  -0.86800131  -1.3035372  -1.7724558  -2.2218323  -2.570678  -2.7645677  -2.8992322  -2.9757294  -2.9519105  -2.8901465  -2.8344093  -2.7392934  -2.6532498  -2.572215  -2.4805565  -2.3749783  -2.2740627  -2.1807285  -2.1025232  -2.0242342  0  0  0  0  0  0  0  0  0  0  0  0  0  0  0  0  0  0  0  0  0  0  0  0  0  0  0  0  0  0  0  0  0  0  0  0  0  0  0  0  0  0  0  0  0  0  0  0  0  0  0  0  0  0  0  0  0  0  0  0  0  0  0  0  0  0  0.0171306
g  11  4  -0.82485795  -1.0965522  -1.1734542  -1.0099673  -0.81280563  -0.59530977  -0.29353654  0.097007636  0.36152708  0.54264418  0.662685  0.78430268  0.90086572  0.96077156  0.98990564  1.0616127  1.1148939  1.1648747  1.1836856  1.1629059  1.1331356  0  0  0  0  0  0  0  0  0  0  0  0  0  0  0  0  0  0  0  0  0  0  0  0  0  0  0  0  0  0  0  0  0  0  0  0  0  0  0  0  0  0  0  0  0  0  0  0  0  0  0  0  0  0  0  0  0  0  0  0  0  0  0  0  0  0  -0.0052376164
h  11  4  -1.0740309  -0.66343215  -0.14694179  0.29474552  0.53669972  0.63433586  0.61817708  0.48089864  0.22609497  -0.036021388  -0.32481791  -0.59667063  -0.84910852  -1.044485  -1.2338788  -1.3750417  -1.5104001  -1.6050828  -1.6578038  -1.663195  -1.6337328  0  0  0  0  0  0  0  0  0  0  0  0  0  0  0  0  0  0  0  0  0  0  0  0  0  0  0  0  0  0  0  0  0  0  0  0  0  0  0  0  0  0  0  0  0  0  0  0  0  0  0  0  0  0  0  0  0  0  0  0  0  0  0  0  0  0  0.0058323402
g  11  5  0.61941324  0.64007505  0.63680697  0.49564171  0.34313697  0.28472461  0.2109881  0.11920585  0.068066738  0.10241873  0.15055192  0.1475589  0.19042276  0.1969599  0.21453387  0.17459971  0.1510266  0.14560416  0.11172182  0.053489817  -0.014469913  0  0  0  0  0  0  0  0  0  0  0  0  0  0  0  0  0  0  0  0  0  0  0  0  0  0  0  0  0  0  0  0  0  0  0  0  0  0  0  0  0  0  0  0  0  0  0  0  0  0  0  0  0  0  0  0  0  0  0  0  0  0  0  0  0  0  -0.018169511
h  11  5  0.76050397  0.52232484  0.40088809  0.26578351  0.2370323  0.23433161  0.17295575  0.072851275  0.092322623  0.069849467  0.039765343  -0.037583086  -0.16570946  -0.26743728  -0.37404576  -0.46039261  -0.56870552  -0.68976028  -0.80514571  -0.86806242  -0.87160618  0  0  0  0  0  0  0  0  0  0  0  0  0  0  0  0  0  0  0  0  0  0  0  0  0  0  0  0  0  0  0  0  0  0  0  0  0  0  0  0  0  0  0  0  0  0  0  0  0  0  0  0  0  0  0  0  0  0  0  0  0  0  0  0  0  0  -0.0030529396
g  11  6  -0.70049416  -0.60429545  -0.4442548  -0.36749199  -0.42963417  -0.46901993  -0.52386397  -0.62553669  -0.68950013  -0.76964427  -0.84711517  -0.94764079  -1.1110649  -1.274135  -1.378513  -1.4441685  -1.4301361  -1.4272903  -1.4232682  -1.3837154  -1.3197163  0  0  0  0  0  0  0  0  0  0  0  0  0  0  0  0  0  0  0  0  0  0  0  0  0  0  0  0  0  0  0  0  0  0  0  0  0  0  0  0  0  0  0  0  0  0  0  0  0  0  0  0  0  0  0  0  0  0  0  0  0  0  0  0  0  0  0.015758215
h  11  6  -0.16746328  -0.011574177  0.039407679  0.031452438  0.039056768  0.045456015  0.062672546  0.10270828  0.12675913  0.094745817  0.10426073  0.16610849  0.28003303  0.45027758  0.64374368  0.83702761  1.0165901  1.1874623  1.3463743  1.4750531  1.5517995  0  0  0  0  0  0  0  0  0  0  0  0  0  0  0  0  0  0  0  0  0  0  0  0  0  0  0  0  0  0  0  0  0  0  0  0  0  0  0  0  0  0  0  0  0  0  0  0  0  0  0  0  0  0  0  0  0  0  0  0  0  0  0  0  0  0  0.01802329
g  11  7  0.17308171  0.14464842  0.047773361  -0.21262888  -0.47363205  -0.59118696  -0.66240796  -0.61830976  -0.53782435  -0.46182391  -0.41074197  -0.35868109  -0.30098034  -0.2199789  -0.16444644  -0.1277255  -0.081187356  -0.0078266984  0.050663005  0.052273598  0.057906908  0  0  0  0  0  0  0  0  0  0  0  0  0  0  0  0  0  0  0  0  0  0  0  0  0  0  0  0  0  0  0  0  0  0  0  0  0  0  0  0  0  0  0  0  0  0  0  0  0  0  0  0  0  0  0  0  0  0  0  0  0  0  0  0  0  0  0.0042135874
h  11  7  -2.1269589  -2.0049927  -1.9809937  -1.9004755  -1.6630395  -1.4218492  -1.1999098  -0.96707581  -0.79967886  -0.71486116  -0.61453374  -0.57850901  -0.49903206  -0.40998591  -0.31382824  -0.23223564  -0.15583725  -0.1043884  -0.066360797  -0.011016694  0.047768008  0  0  0  0  0  0  0  0  0  0  0  0  0  0  0  0  0  0  0  0  0  0  0  0  0  0  0  0  0  0  0  0  0  0  0  0  0  0  0  0  0  0  0  0  0  0  0  0  0  0  0  0  0  0  0  0  0  0  0  0  0  0  0  0  0  0  0.0062546247
g  11  8  1.6953416  1.5079368  1.2513504  1.0039108  0.81829746  0.46714895  0.13893543  -0.20957662  -0.50164178  -0.75191638  -1.0141157  -1.1905068  -1.3540385  -1.5054181  -1.6189308  -1.699344  -1.7651156  -1.772611  -1.7886504  -1.7392471  -1.6677387  0  0  0  0  0  0  0  0  0  0  0  0  0  0  0  0  0  0  0  0  0  0  0  0  0  0  0  0  0  0  0  0  0  0  0  0  0  0  0  0  0  0  0  0  0  0  0  0  0  0  0  0  0  0  0  0  0  0  0  0  0  0  0  0  0  0  0.012521404
h  11  8  -1.447611  -1.6318033  -1.7945679  -1.9781469  -2.1198771  -2.304684  -2.4579335  -2.4810074  -2.4260752  -2.1970288  -1.902276  -1.6299895  -1.2860229  -1.0047589  -0.74738145  -0.53258925  -0.33302769  -0.15084964  -0.0004096016  0.10574561  0.22690535  0  0  0  0  0  0  0  0  0  0  0  0  0  0  0  0  0  0  0  0  0  0  0  0  0  0  0  0  0  0  0  0  0  0  0  0  0  0  0  0  0  0  0  0  0  0  0  0  0  0  0  0  0  0  0  0  0  0  0  0  0  0  0  0  0  0  0.016643946
g  11  9  -0.19242421  -0.68504424  -1.1652504  -1.5924572  -2.0529405  -2.4870135  -2.7881566  -3.012503  -3.0888692  -3.0227219  -2.8087747  -2.5176886  -2.1889621  -1.8306283  -1.5170309  -1.1567469  -0.79890529  -0.47346242  -0.1776528  0.098836606  0.35409192  0  0  0  0  0  0  0  0  0  0  0  0  0  0  0  0  0  0  0  0  0  0  0  0  0  0  0  0  0  0  0  0  0  0  0  0  0  0  0  0  0  0  0  0  0  0  0  0  0  0  0  0  0  0  0  0  0  0  0  0  0  0  0  0  0  0  0.046531221
h  11  9  -2.5575645  -2.8745181  -3.081121  -3.0694884  -2.7483809  -2.3095335  -1.9125143  -1.4454249  -0.90240701  -0.39002219  -0.010564192  0.37558711  0.78523609  1.0935047  1.3450799  1.4943332  1.5288885  1.4767755  1.3868814  1.1921303  0.9911553  0  0  0  0  0  0  0  0  0  0  0  0  0  0  0  0  0  0  0  0  0  0  0  0  0  0  0  0  0  0  0  0  0  0  0  0  0  0  0  0  0  0  0  0  0  0  0  0  0  0  0  0  0  0  0  0  0  0  0  0  0  0  0  0  0  0  -0.038902996
g  11  10  0.45384634  0.29152572  0.046365607  -0.023793192  0.11222296  0.3230483  0.5301492  0.64179912  0.67070723  0.61459614  0.62518987  0.64189861  0.59382345  0.50976281  0.38764599  0.20658599  -0.03870846  -0.31805251  -0.55487194  -0.76257354  -0.97080683  0  0  0  0  0  0  0  0  0  0  0  0  0  0  0  0  0  0  0  0  0  0  0  0  0  0  0  0  0  0  0  0  0  0  0  0  0  0  0  0  0  0  0  0  0  0  0  0  0  0  0  0  0  0  0  0  0  0  0  0  0  0  0  0  0  0  -0.038193557
h  11  10  -2.0322452  -1.7993334  -1.5083506  -1.1851423  -0.83196704  -0.65247735  -0.62808349  -0.6471533  -0.73779958  -0.8940314  -1.1075415  -1.2785033  -1.4144875  -1.5747789  -1.6650319  -1.7573696  -1.8117781  -1.8245111  -1.7723311  -1.6616233  -1.441706  0  0  0  0  0  0  0  0  0  0  0  0  0  0  0  0  0  0  0  0  0  0  0  0  0  0  0  0  0  0  0  0  0  0  0  0  0  0  0  0  0  0  0  0  0  0  0  0  0  0  0  0  0  0  0  0  0  0  0  0  0  0  0  0  0  0  0.053690169
g  11  11  3.4588801  3.0977702  2.5851623  1.767762  0.83584188  -0.018789143  -0.77498817  -1.4629542  -2.012044  -2.3705779  -2.6467801  -2.8503011  -2.9629742  -2.8979731  -2.612363  -2.1935192  -1.6921699  -1.111057  -0.49214527  0.099090817  0.63225707  0  0  0  0  0  0  0  0  0  0  0  0  0  0  0  0  0  0  0  0  0  0  0  0  0  0  0  0  0  0  0  0  0  0  0  0  0  0  0  0  0  0  0  0  0  0  0  0  0  0  0  0  0  0  0  0  0  0  0  0  0  0  0  0  0  0  0.10031338
h  11  11  -2.3637424  -2.7897658  -3.3777214  -3.9696645  -4.3265425  -4.3769583  -4.2396237  -3.9949212  -3.573554  -2.9798104  -2.2082496  -1.4193921  -0.71298998  -0.068387263  0.52438771  1.0181632  1.373742  1.6217552  1.7560817  1.7383056  1.6079717  0  0  0  0  0  0  0  0  0  0  0  0  0  0  0  0  0  0  0  0  0  0  0  0  0  0  0  0  0  0  0  0  0  0  0  0  0  0  0  0  0  0  0  0  0  0  0  0  0  0  0  0  0  0  0  0  0  0  0  0  0  0  0  0  0  0  -0.03924394
g  12  0  -2.0042604  -1.9308894  -1.7775151  -1.6081606  -1.5005985  -1.3973203  -1.2614539  -1.1557424  -1.1191433  -1.0622551  -0.99120161  -0.93079687  -0.86039617  -0.78686669  -0.7181343  -0.68038947  -0.63173254  -0.58493233  -0.55904695  -0.5518422  -0.54888559  0  0  0  0  0  0  0  0  0  0  0  0  0  0  0  0  0  0  0  0  0  0  0  0  0  0  0  0  0  0  0  0  0  0  0  0  0  0  0  0  0  0  0  0  0  0  0  0  0  0  0  0  0  0  0  0  0  0  0  0  0  0  0  0  0  0  -0.0013760546
g  12  1  -0.20884929  -0.1162638  0.022284136  0.13094084  0.13820144  0.17241358  0.24470756  0.31273161  0.37079576  0.43143262  0.45432739  0.41454441  0.39326931  0.34626864  0.3284681  0.32428931  0.31334693  0.28702357  0.23915197  0.19783735  0.18965338  0  0  0  0  0  0  0  0  0  0  0  0  0  0  0  0  0  0  0  0  0  0  0  0  0  0  0  0  0  0  0  0  0  0  0  0  0  0  0  0  0  0  0  0  0  0  0  0  0  0  0  0  0  0  0  0  0  0  0  0  0  0  0  0  0  0  0.0019405015
h  12  1  -1.1204753  -1.0888081  -1.0336042  -0.95558957  -0.90558967  -0.89645755  -0.88783048  -0.89450113  -0.90285767  -0.88592647  -0.86231316  -0.80016252  -0.74591211  -0.70124764  -0.66927919  -0.63162103  -0.5843524  -0.54768471  -0.49963567  -0.47267248  -0.45968468  0  0  0  0  0  0  0  0  0  0  0  0  0  0  0  0  0  0  0  0  0  0  0  0  0  0  0  0  0  0  0  0  0  0  0  0  0  0  0  0  0  0  0  0  0  0  0  0  0  0  0  0  0  0  0  0  0  0  0  0  0  0  0  0  0  0  0.00045037136
g  12  2  0.4705383  0.40461062  0.30547776  0.20359182  0.15165896  0.10518321  0.10113087  0.098044055  0.14933688  0.20395787  0.2921406  0.3794397  0.46118496  0.5190179  0.56082427  0.58282045  0.61153105  0.61357795  0.61389607  0.62546149  0.62674296  0  0  0  0  0  0  0  0  0  0  0  0  0  0  0  0  0  0  0  0  0  0  0  0  0  0  0  0  0  0  0  0  0  0  0  0  0  0  0  0  0  0  0  0  0  0  0  0  0  0  0  0  0  0  0  0  0  0  0  0  0  0  0  0  0  0  -0.0033511132
h  12  2  0.41734766  0.48493782  0.56112333  0.58940321  0.63303865  0.65437179  0.66911925  0.67178459  0.66717522  0.63724853  0.5730379  0.50993111  0.44452969  0.36047307  0.27503298  0.20369783  0.16090672  0.13129173  0.097974545  0.068402339  0.041125087  0  0  0  0  0  0  0  0  0  0  0  0  0  0  0  0  0  0  0  0  0  0  0  0  0  0  0  0  0  0  0  0  0  0  0  0  0  0  0  0  0  0  0  0  0  0  0  0  0  0  0  0  0  0  0  0  0  0  0  0  0  0  0  0  0  0  -0.0033815084
g  12  3  1.2512946  1.469098  1.5624237  1.4977475  1.3895662  1.2629931  1.1238908  0.94574014  0.82815795  0.69727652  0.61766923  0.57101647  0.53523168  0.5256049  0.52393328  0.53701367  0.58488026  0.61284198  0.63573373  0.66061697  0.6779567  0  0  0  0  0  0  0  0  0  0  0  0  0  0  0  0  0  0  0  0  0  0  0  0  0  0  0  0  0  0  0  0  0  0  0  0  0  0  0  0  0  0  0  0  0  0  0  0  0  0  0  0  0  0  0  0  0  0  0  0  0  0  0  0  0  0  0.0050668101
h  12  3  1.7368891  1.6377097  1.4182236  1.1697157  0.86251716  0.57551539  0.35405269  0.23324409  0.15116335  0.11993518  0.11516033  0.1211367  0.13234478  0.12925902  0.14062619  0.17324698  0.22086001  0.26604004  0.29824766  0.33236559  0.36438715  0  0  0  0  0  0  0  0  0  0  0  0  0  0  0  0  0  0  0  0  0  0  0  0  0  0  0  0  0  0  0  0  0  0  0  0  0  0  0  0  0  0  0  0  0  0  0  0  0  0  0  0  0  0  0  0  0  0  0  0  0  0  0  0  0  0  0.0056382062
g  12  4  -0.89146217  -1.0944825  -1.2410751  -1.3326625  -1.3946443  -1.4563092  -1.490736  -1.5121375  -1.5348832  -1.5701485  -1.6070113  -1.6272126  -1.6464579  -1.6386461  -1.6049015  -1.5716987  -1.524834  -1.4417765  -1.3415207  -1.2574997  -1.1742783  0  0  0  0  0  0  0  0  0  0  0  0  0  0  0  0  0  0  0  0  0  0  0  0  0  0  0  0  0  0  0  0  0  0  0  0  0  0  0  0  0  0  0  0  0  0  0  0  0  0  0  0  0  0  0  0  0  0  0  0  0  0  0  0  0  0  0.016576627
h  12  4  -2.1935496  -2.0670444  -1.8994219  -1.7768225  -1.6802826  -1.5934423  -1.5161746  -1.4607361  -1.398236  -1.3412961  -1.2703868  -1.1835002  -1.1054364  -1.0102166  -0.90847372  -0.81146939  -0.70302945  -0.58573514  -0.51303667  -0.4567047  -0.40414311  0  0  0  0  0  0  0  0  0  0  0  0  0  0  0  0  0  0  0  0  0  0  0  0  0  0  0  0  0  0  0  0  0  0  0  0  0  0  0  0  0  0  0  0  0  0  0  0  0  0  0  0  0  0  0  0  0  0  0  0  0  0  0  0  0  0  0.010219205
g  12  5  0.86569816  0.83208346  0.80941262  0.7338691  0.67196506  0.64404942  0.61409143  0.62087036  0.65383761  0.68257182  0.74472947  0.79795764  0.86123459  0.88994173  0.90560324  0.91062275  0.90257439  0.88863529  0.86247133  0.81770964  0.76689064  0  0  0  0  0  0  0  0  0  0  0  0  0  0  0  0  0  0  0  0  0  0  0  0  0  0  0  0  0  0  0  0  0  0  0  0  0  0  0  0  0  0  0  0  0  0  0  0  0  0  0  0  0  0  0  0  0  0  0  0  0  0  0  0  0  0  -0.01037991
h  12  5  0.29385103  0.21837258  0.19510931  0.1897971  0.15349483  0.18174777  0.22645285  0.25627613  0.28893857  0.35714764  0.40628108  0.43274755  0.45544315  0.45516656  0.42503362  0.4009368  0.36139897  0.31854517  0.26574201  0.20229541  0.14003852  0  0  0  0  0  0  0  0  0  0  0  0  0  0  0  0  0  0  0  0  0  0  0  0  0  0  0  0  0  0  0  0  0  0  0  0  0  0  0  0  0  0  0  0  0  0  0  0  0  0  0  0  0  0  0  0  0  0  0  0  0  0  0  0  0  0  -0.012349935
g  12  6  0.08242263  0.22334184  0.3474516  0.42100991  0.4709801  0.52979263  0.58253127  0.66918696  0.71001763  0.78034789  0.84050971  0.8646709  0.89673853  0.89496782  0.8826588  0.85265619  0.8464349  0.81949132  0.78108501  0.74822221  0.66567458  0  0  0  0  0  0  0  0  0  0  0  0  0  0  0  0  0  0  0  0  0  0  0  0  0  0  0  0  0  0  0  0  0  0  0  0  0  0  0  0  0  0  0  0  0  0  0  0  0  0  0  0  0  0  0  0  0  0  0  0  0  0  0  0  0  0  -0.019246507
h  12  6  0.71809217  0.70006276  0.68815925  0.64867197  0.59789641  0.53817321  0.44956132  0.40082943  0.36083499  0.32893889  0.31459022  0.2772237  0.19930207  0.099545906  0.027227118  -0.024091811  -0.10673722  -0.18619305  -0.26159305  -0.34566981  -0.4098419  0  0  0  0  0  0  0  0  0  0  0  0  0  0  0  0  0  0  0  0  0  0  0  0  0  0  0  0  0  0  0  0  0  0  0  0  0  0  0  0  0  0  0  0  0  0  0  0  0  0  0  0  0  0  0  0  0  0  0  0  0  0  0  0  0  0  -0.0086851632
g  12  7  0.53562301  0.61970461  0.71722748  0.74222894  0.70767836  0.71401549  0.73971578  0.72000825  0.65501863  0.55709594  0.46627113  0.39525752  0.30561524  0.21179999  0.12896902  0.060791806  0.0096758491  -0.060708473  -0.12677083  -0.15991598  -0.19310288  0  0  0  0  0  0  0  0  0  0  0  0  0  0  0  0  0  0  0  0  0  0  0  0  0  0  0  0  0  0  0  0  0  0  0  0  0  0  0  0  0  0  0  0  0  0  0  0  0  0  0  0  0  0  0  0  0  0  0  0  0  0  0  0  0  0  -0.0064981014
h  12  7  -0.079569341  -0.13603621  -0.22588793  -0.32348536  -0.36877637  -0.40199215  -0.41384914  -0.46486438  -0.56910712  -0.7164308  -0.7953742  -0.84096977  -0.85822628  -0.85143516  -0.80350664  -0.75523501  -0.71854607  -0.65316839  -0.55603751  -0.4611854  -0.38216363  0  0  0  0  0  0  0  0  0  0  0  0  0  0  0  0  0  0  0  0  0  0  0  0  0  0  0  0  0  0  0  0  0  0  0  0  0  0  0  0  0  0  0  0  0  0  0  0  0  0  0  0  0  0  0  0  0  0  0  0  0  0  0  0  0  0  0.01641661
g  12  8  -0.36366878  -0.30070607  -0.20948381  -0.1987977  -0.29154724  -0.42089059  -0.55654916  -0.70036168  -0.79634369  -0.85559155  -0.89002177  -0.88980109  -0.88518757  -0.81273298  -0.72395611  -0.63539604  -0.53596605  -0.43732454  -0.37073276  -0.30514746  -0.23229338  0  0  0  0  0  0  0  0  0  0  0  0  0  0  0  0  0  0  0  0  0  0  0  0  0  0  0  0  0  0  0  0  0  0  0  0  0  0  0  0  0  0  0  0  0  0  0  0  0  0  0  0  0  0  0  0  0  0  0  0  0  0  0  0  0  0  0.014505821
h  12  8  0.27727453  0.30036719  0.26962275  0.19642756  0.19506209  0.21240755  0.26271424  0.34721853  0.45572907  0.55288754  0.67245859  0.78283873  0.89718025  0.98315071  1.0560694  1.1097467  1.141  1.1227871  1.0811347  1.0230014  0.96319596  0  0  0  0  0  0  0  0  0  0  0  0  0  0  0  0  0  0  0  0  0  0  0  0  0  0  0  0  0  0  0  0  0  0  0  0  0  0  0  0  0  0  0  0  0  0  0  0  0  0  0  0  0  0  0  0  0  0  0  0  0  0  0  0  0  0  -0.014911827
g  12  9  -0.42888712  -0.23553606  0.022504329  0.31546349  0.5009237  0.64412567  0.69675047  0.66719761  0.65196721  0.58546546  0.50041181  0.41808218  0.28706746  0.16977052  0.052067165  -0.045909735  -0.11830158  -0.20184474  -0.28216029  -0.34625031  -0.39353183  0  0  0  0  0  0  0  0  0  0  0  0  0  0  0  0  0  0  0  0  0  0  0  0  0  0  0  0  0  0  0  0  0  0  0  0  0  0  0  0  0  0  0  0  0  0  0  0  0  0  0  0  0  0  0  0  0  0  0  0  0  0  0  0  0  0  -0.0077295557
h  12  9  0.24253129  0.27605144  0.18142573  0.062677858  -0.070259406  -0.27621339  -0.41683033  -0.59114305  -0.72640555  -0.82754266  -0.97320765  -1.0740444  -1.1694847  -1.242161  -1.2902174  -1.314703  -1.2948669  -1.2546789  -1.2259737  -1.1815038  -1.1306579  0  0  0  0  0  0  0  0  0  0  0  0  0  0  0  0  0  0  0  0  0  0  0  0  0  0  0  0  0  0  0  0  0  0  0  0  0  0  0  0  0  0  0  0  0  0  0  0  0  0  0  0  0  0  0  0  0  0  0  0  0  0  0  0  0  0  0.013878165
g  12  10  0.2453609  0.04340122  -0.15991694  -0.3216566  -0.55349071  -0.78261838  -0.97827979  -1.1294858  -1.2194559  -1.2339677  -1.1951076  -1.0950932  -0.96240275  -0.78840847  -0.5944035  -0.35164059  -0.11582427  0.093942249  0.30259097  0.49096486  0.65112753  0  0  0  0  0  0  0  0  0  0  0  0  0  0  0  0  0  0  0  0  0  0  0  0  0  0  0  0  0  0  0  0  0  0  0  0  0  0  0  0  0  0  0  0  0  0  0  0  0  0  0  0  0  0  0  0  0  0  0  0  0  0  0  0  0  0  0.030584593
h  12  10  -0.89041557  -0.8662221  -0.81701287  -0.75615972  -0.7098343  -0.65107392  -0.50196468  -0.35079613  -0.13521142  0.064703459  0.21936091  0.4126647  0.59973609  0.74411999  0.84428651  0.93872598  0.99866494  0.99267049  0.95114656  0.87428885  0.7806086  0  0  0  0  0  0  0  0  0  0  0  0  0  0  0  0  0  0  0  0  0  0  0  0  0  0  0  0  0  0  0  0  0  0  0  0  0  0  0  0  0  0  0  0  0  0  0  0  0  0  0  0  0  0  0  0  0  0  0  0  0  0  0  0  0  0  -0.018633229
g  12  11  -0.92004574  -1.0689573  -1.1660552  -1.1038673  -0.96143905  -0.78953699  -0.5943617  -0.42020715  -0.20108786  0.036328841  0.2298741  0.39646926  0.53737905  0.66073018  0.759938  0.82517561  0.87424654  0.8967371  0.87997581  0.82728456  0.75116676  0  0  0  0  0  0  0  0  0  0  0  0  0  0  0  0  0  0  0  0  0  0  0  0  0  0  0  0  0  0  0  0  0  0  0  0  0  0  0  0  0  0  0  0  0  0  0  0  0  0  0  0  0  0  0  0  0  0  0  0  0  0  0  0  0  0  -0.016283435
h  12  11  -0.1587893  0.079691235  0.28795775  0.54796717  0.74576947  0.87836923  0.93798762  0.98353328  1.0509718  1.050392  1.0470462  1.0361668  0.98839424  0.91649888  0.81084866  0.6761563  0.52749484  0.39107296  0.25883764  0.13356183  0.024137181  0  0  0  0  0  0  0  0  0  0  0  0  0  0  0  0  0  0  0  0  0  0  0  0  0  0  0  0  0  0  0  0  0  0  0  0  0  0  0  0  0  0  0  0  0  0  0  0  0  0  0  0  0  0  0  0  0  0  0  0  0  0  0  0  0  0  -0.020839841
g  12  12  -0.023015343  0.14659206  0.36823658  0.53963284  0.55888857  0.48027562  0.38159882  0.21495945  -0.0005122124  -0.20762108  -0.40792662  -0.59794868  -0.75689479  -0.84730298  -0.88399451  -0.88855023  -0.88474673  -0.85063603  -0.76965896  -0.68417745  -0.61126235  0  0  0  0  0  0  0  0  0  0  0  0  0  0  0  0  0  0  0  0  0  0  0  0  0  0  0  0  0  0  0  0  0  0  0  0  0  0  0  0  0  0  0  0  0  0  0  0  0  0  0  0  0  0  0  0  0  0  0  0  0  0  0  0  0  0  0.013172154
h  12  12  0.72216748  0.55158732  0.29701856  -0.043598546  -0.36632351  -0.58281004  -0.76297238  -0.9074846  -0.95042444  -0.90218806  -0.77384799  -0.63483087  -0.50232398  -0.3663767  -0.2224439  -0.088205485  0.032661263  0.14078062  0.21709031  0.26113139  0.29532969  0  0  0  0  0  0  0  0  0  0  0  0  0  0  0  0  0  0  0  0  0  0  0  0  0  0  0  0  0  0  0  0  0  0  0  0  0  0  0  0  0  0  0  0  0  0  0  0  0  0  0  0  0  0  0  0  0  0  0  0  0  0  0  0  0  0  0.0050671788
g  13  0  -0.018591654  -0.036445009  -0.038554561  -0.028999651  0.01399511  0.029762746  0.0047304205  -0.021013455  -0.025460826  -0.015666141  -0.018995963  -0.027383424  -0.032892233  -0.02981761  -0.019639807  -0.0092064424  -0.0079794793  -0.018715549  -0.025019118  -0.03463015  -0.046187314  0  0  0  0  0  0  0  0  0  0  0  0  0  0  0  0  0  0  0  0  0  0  0  0  0  0  0  0  0  0  0  0  0  0  0  0  0  0  0  0  0  0  0  0  0  0  0  0  0  0  0  0  0  0  0  0  0  0  0  0  0  0  0  0  0  0  -0.0020295021
g  13  1  -0.85766648  -0.80604323  -0.68805677  -0.57920066  -0.51120537  -0.42652695  -0.36450778  -0.30745594  -0.27274422  -0.24810412  -0.24193524  -0.23238975  -0.21779025  -0.20525961  -0.20627922  -0.20758069  -0.19555193  -0.17563274  -0.16130998  -0.14683835  -0.14342877  0  0  0  0  0  0  0  0  0  0  0  0  0  0  0  0  0  0  0  0  0  0  0  0  0  0  0  0  0  0  0  0  0  0  0  0  0  0  0  0  0  0  0  0  0  0  0  0  0  0  0  0  0  0  0  0  0  0  0  0  0  0  0  0  0  0  0.0012468669
h  13  1  -0.90166339  -0.79094468  -0.62547866  -0.4530723  -0.34698313  -0.27158975  -0.20725662  -0.1698074  -0.16867302  -0.15982488  -0.15459507  -0.15321138  -0.15251067  -0.13964296  -0.12777345  -0.11709804  -0.10162098  -0.088840259  -0.065391434  -0.037108348  -0.025142295  0  0  0  0  0  0  0  0  0  0  0  0  0  0  0  0  0  0  0  0  0  0  0  0  0  0  0  0  0  0  0  0  0  0  0  0  0  0  0  0  0  0  0  0  0  0  0  0  0  0  0  0  0  0  0  0  0  0  0  0  0  0  0  0  0  0  0.0018951269
g  13  2  0.33958168  0.30290674  0.26372414  0.22892796  0.21512838  0.22514288  0.24488352  0.28901114  0.31030979  0.33922114  0.34921084  0.33592066  0.33568424  0.31399897  0.27302396  0.24069537  0.21107822  0.18082831  0.146256  0.097192231  0.045606141  0  0  0  0  0  0  0  0  0  0  0  0  0  0  0  0  0  0  0  0  0  0  0  0  0  0  0  0  0  0  0  0  0  0  0  0  0  0  0  0  0  0  0  0  0  0  0  0  0  0  0  0  0  0  0  0  0  0  0  0  0  0  0  0  0  0  -0.0091615486
h  13  2  0.38832746  0.38986229  0.39457103  0.3797329  0.3622034  0.36734907  0.36472028  0.32360845  0.28657409  0.24959942  0.22388293  0.17061737  0.12628463  0.096736091  0.061731582  0.031051824  -0.0042315182  -0.028544762  -0.036421581  -0.044769762  -0.043506083  0  0  0  0  0  0  0  0  0  0  0  0  0  0  0  0  0  0  0  0  0  0  0  0  0  0  0  0  0  0  0  0  0  0  0  0  0  0  0  0  0  0  0  0  0  0  0  0  0  0  0  0  0  0  0  0  0  0  0  0  0  0  0  0  0  0  -0.00060342606
g  13  3  0.55653978  0.67143895  0.70714974  0.6735344  0.62399831  0.56712371  0.48467255  0.40645203  0.34608569  0.28849531  0.24935089  0.22862778  0.22351386  0.21569451  0.21819774  0.21973613  0.20966084  0.20532361  0.20027056  0.1914989  0.18412087  0  0  0  0  0  0  0  0  0  0  0  0  0  0  0  0  0  0  0  0  0  0  0  0  0  0  0  0  0  0  0  0  0  0  0  0  0  0  0  0  0  0  0  0  0  0  0  0  0  0  0  0  0  0  0  0  0  0  0  0  0  0  0  0  0  0  -0.00095431367
h  13  3  1.5457365  1.4782237  1.3692966  1.2514593  1.1357115  1.0433679  0.94109544  0.84775592  0.78307128  0.72587757  0.68422291  0.63674626  0.59330379  0.55656189  0.52221336  0.48241186  0.44646492  0.41065518  0.36822666  0.33195822  0.29702998  0  0  0  0  0  0  0  0  0  0  0  0  0  0  0  0  0  0  0  0  0  0  0  0  0  0  0  0  0  0  0  0  0  0  0  0  0  0  0  0  0  0  0  0  0  0  0  0  0  0  0  0  0  0  0  0  0  0  0  0  0  0  0  0  0  0  -0.0053991321
g  13  4  -0.43499966  -0.43348626  -0.40604917  -0.3817171  -0.29703246  -0.20700859  -0.14502177  -0.11394285  -0.06989936  -0.044375045  -0.033650706  -0.04399987  -0.075432146  -0.10459394  -0.13828403  -0.17931752  -0.20901959  -0.22885237  -0.24532725  -0.25794122  -0.26725991  0  0  0  0  0  0  0  0  0  0  0  0  0  0  0  0  0  0  0  0  0  0  0  0  0  0  0  0  0  0  0  0  0  0  0  0  0  0  0  0  0  0  0  0  0  0  0  0  0  0  0  0  0  0  0  0  0  0  0  0  0  0  0  0  0  0  -0.002029589
h  13  4  -0.52143324  -0.3832326  -0.25921541  -0.17989605  -0.1011588  -0.05777122  -0.030257843  -0.012703862  -0.020403294  -0.031480916  -0.034323375  -0.043985416  -0.054384401  -0.059393626  -0.048351285  -0.027451181  -0.0012649456  0.033187549  0.065350684  0.088971429  0.10688247  0  0  0  0  0  0  0  0  0  0  0  0  0  0  0  0  0  0  0  0  0  0  0  0  0  0  0  0  0  0  0  0  0  0  0  0  0  0  0  0  0  0  0  0  0  0  0  0  0  0  0  0  0  0  0  0  0  0  0  0  0  0  0  0  0  0  0.0040948276
g  13  5  0.90258223  0.80375646  0.6990928  0.61436003  0.49654024  0.39201311  0.28408954  0.20056783  0.13898369  0.07425314  0.014997139  -0.024706455  -0.053737  -0.083692754  -0.1079467  -0.12611528  -0.14679388  -0.17265261  -0.18635804  -0.19150482  -0.18312719  0  0  0  0  0  0  0  0  0  0  0  0  0  0  0  0  0  0  0  0  0  0  0  0  0  0  0  0  0  0  0  0  0  0  0  0  0  0  0  0  0  0  0  0  0  0  0  0  0  0  0  0  0  0  0  0  0  0  0  0  0  0  0  0  0  0  0.001620374
h  13  5  -1.1545204  -1.193483  -1.19334  -1.1693646  -1.1257406  -1.0571387  -0.97633403  -0.87117587  -0.81316968  -0.74428338  -0.6771882  -0.60274569  -0.52805445  -0.4604201  -0.3975641  -0.33689072  -0.28309494  -0.22909077  -0.17924257  -0.1415194  -0.1069074  0  0  0  0  0  0  0  0  0  0  0  0  0  0  0  0  0  0  0  0  0  0  0  0  0  0  0  0  0  0  0  0  0  0  0  0  0  0  0  0  0  0  0  0  0  0  0  0  0  0  0  0  0  0  0  0  0  0  0  0  0  0  0  0  0  0  0.0061614972
g  13  6  -0.18560334  -0.12317587  -0.06209171  0.046468965  0.16208192  0.23459351  0.29107485  0.34026695  0.35943783  0.37745847  0.38848074  0.39160606  0.41145738  0.42679883  0.43159215  0.41768749  0.39674602  0.39313257  0.39508071  0.38916199  0.3700659  0  0  0  0  0  0  0  0  0  0  0  0  0  0  0  0  0  0  0  0  0  0  0  0  0  0  0  0  0  0  0  0  0  0  0  0  0  0  0  0  0  0  0  0  0  0  0  0  0  0  0  0  0  0  0  0  0  0  0  0  0  0  0  0  0  0  -0.0065463311
h  13  6  -0.10545514  -0.063257504  0.0048639581  0.020894384  0.015002979  -0.0011636436  -0.0048607333  -0.014880958  -0.023770973  -0.040310054  -0.061305748  -0.076695314  -0.11117778  -0.13867081  -0.1721163  -0.18750242  -0.19631598  -0.21481385  -0.24270342  -0.27027316  -0.29538348  0  0  0  0  0  0  0  0  0  0  0  0  0  0  0  0  0  0  0  0  0  0  0  0  0  0  0  0  0  0  0  0  0  0  0  0  0  0  0  0  0  0  0  0  0  0  0  0  0  0  0  0  0  0  0  0  0  0  0  0  0  0  0  0  0  0  -0.0049805493
g  13  7  0.81562749  0.83091064  0.84280269  0.85228677  0.82993535  0.8109711  0.78281586  0.71899761  0.64764312  0.58505278  0.52583739  0.47653865  0.40966132  0.34619132  0.2730428  0.21034141  0.15487476  0.087485685  0.03363713  -0.0069915344  -0.046188227  0  0  0  0  0  0  0  0  0  0  0  0  0  0  0  0  0  0  0  0  0  0  0  0  0  0  0  0  0  0  0  0  0  0  0  0  0  0  0  0  0  0  0  0  0  0  0  0  0  0  0  0  0  0  0  0  0  0  0  0  0  0  0  0  0  0  -0.0067953866
h  13  7  0.40784  0.34164894  0.29685116  0.24596607  0.17413479  0.11536837  0.047951201  -0.013984082  -0.071645167  -0.10711622  -0.13282379  -0.15412145  -0.17918073  -0.19861416  -0.21200549  -0.22514973  -0.22954691  -0.2182109  -0.2025224  -0.17881116  -0.14826168  0  0  0  0  0  0  0  0  0  0  0  0  0  0  0  0  0  0  0  0  0  0  0  0  0  0  0  0  0  0  0  0  0  0  0  0  0  0  0  0  0  0  0  0  0  0  0  0  0  0  0  0  0  0  0  0  0  0  0  0  0  0  0  0  0  0  0.0052362378
g  13  8  -0.10098777  -0.083584062  -0.055500507  -0.044715507  -0.03012407  0.022023554  0.055546114  0.07960955  0.11417242  0.12460571  0.13937514  0.16145112  0.17789904  0.19861415  0.20181443  0.2191277  0.23770394  0.24089385  0.23371419  0.22715689  0.21148659  0  0  0  0  0  0  0  0  0  0  0  0  0  0  0  0  0  0  0  0  0  0  0  0  0  0  0  0  0  0  0  0  0  0  0  0  0  0  0  0  0  0  0  0  0  0  0  0  0  0  0  0  0  0  0  0  0  0  0  0  0  0  0  0  0  0  -0.003419682
h  13  8  -0.036601095  0.0014919656  0.069483743  0.13026263  0.164702  0.18752285  0.18264365  0.17643371  0.16576141  0.13922592  0.12797245  0.10960987  0.095239708  0.07914036  0.065797283  0.056437297  0.039215943  0.011868391  -0.012459135  -0.038849749  -0.059454274  0  0  0  0  0  0  0  0  0  0  0  0  0  0  0  0  0  0  0  0  0  0  0  0  0  0  0  0  0  0  0  0  0  0  0  0  0  0  0  0  0  0  0  0  0  0  0  0  0  0  0  0  0  0  0  0  0  0  0  0  0  0  0  0  0  0  -0.0044914016
g  13  9  0.36102887  0.38300177  0.4065946  0.42731107  0.44679545  0.44025183  0.42563119  0.40835345  0.38951306  0.36587409  0.33701082  0.3244622  0.30970184  0.32160777  0.34349447  0.3617468  0.37939117  0.39304864  0.3953318  0.39511603  0.39482898  0  0  0  0  0  0  0  0  0  0  0  0  0  0  0  0  0  0  0  0  0  0  0  0  0  0  0  0  0  0  0  0  0  0  0  0  0  0  0  0  0  0  0  0  0  0  0  0  0  0  0  0  0  0  0  0  0  0  0  0  0  0  0  0  0  0  0.00020102623
h  13  9  0.46711492  0.45542535  0.42937424  0.35711282  0.26264641  0.18190359  0.13466184  0.095273897  0.059656515  0.041356678  0.025373209  0.016707108  0.00062206503  -0.024879904  -0.056224241  -0.089299823  -0.11059168  -0.13221575  -0.15274795  -0.16652328  -0.17864201  0  0  0  0  0  0  0  0  0  0  0  0  0  0  0  0  0  0  0  0  0  0  0  0  0  0  0  0  0  0  0  0  0  0  0  0  0  0  0  0  0  0  0  0  0  0  0  0  0  0  0  0  0  0  0  0  0  0  0  0  0  0  0  0  0  0  -0.0020445646
g  13  10  0.083947027  0.17646424  0.27775432  0.35926107  0.41509067  0.41459151  0.40811158  0.40178431  0.4105291  0.39345414  0.36391751  0.32216825  0.28468636  0.24364694  0.20891679  0.18356639  0.17931324  0.17367402  0.16349706  0.15527031  0.15896632  0  0  0  0  0  0  0  0  0  0  0  0  0  0  0  0  0  0  0  0  0  0  0  0  0  0  0  0  0  0  0  0  0  0  0  0  0  0  0  0  0  0  0  0  0  0  0  0  0  0  0  0  0  0  0  0  0  0  0  0  0  0  0  0  0  0  0.00062822191
h  13  10  0.47039533  0.46047208  0.41989833  0.35389656  0.27046866  0.19704517  0.12531123  0.059045826  0.0084979649  -0.033002695  -0.065789336  -0.073485487  -0.068516913  -0.056277535  -0.027901287  -0.0013669601  0.032531451  0.062714077  0.076822453  0.076501882  0.072206409  0  0  0  0  0  0  0  0  0  0  0  0  0  0  0  0  0  0  0  0  0  0  0  0  0  0  0  0  0  0  0  0  0  0  0  0  0  0  0  0  0  0  0  0  0  0  0  0  0  0  0  0  0  0  0  0  0  0  0  0  0  0  0  0  0  0  -0.001351453
g  13  11  0.42831474  0.42523897  0.42567431  0.40210123  0.36571555  0.27764164  0.14514316  0.010875778  -0.096898982  -0.16752893  -0.21927493  -0.24984841  -0.25492501  -0.24612142  -0.22230536  -0.20166135  -0.17253401  -0.12137109  -0.062741899  -0.012574622  0.025819316  0  0  0  0  0  0  0  0  0  0  0  0  0  0  0  0  0  0  0  0  0  0  0  0  0  0  0  0  0  0  0  0  0  0  0  0  0  0  0  0  0  0  0  0  0  0  0  0  0  0  0  0  0  0  0  0  0  0  0  0  0  0  0  0  0  0  0.0076820466
h  13  11  -0.27833436  -0.38580341  -0.46045298  -0.5200332  -0.61411946  -0.64460047  -0.62543606  -0.57800238  -0.52870889  -0.45997175  -0.35155402  -0.23190047  -0.11004369  -0.018816711  0.082552766  0.18069053  0.2586873  0.31492213  0.35786726  0.36748361  0.3639233  0  0  0  0  0  0  0  0  0  0  0  0  0  0  0  0  0  0  0  0  0  0  0  0  0  0  0  0  0  0  0  0  0  0  0  0  0  0  0  0  0  0  0  0  0  0  0  0  0  0  0  0  0  0  0  0  0  0  0  0  0  0  0  0  0  0  -0.0013570833
g  13  12  -0.35989626  -0.39924937  -0.35159797  -0.25066121  -0.1359878  -0.042111387  0.042704069  0.10201837  0.1292119  0.15210701  0.17118372  0.16523112  0.16607422  0.16495712  0.1635786  0.18032257  0.21213321  0.24798227  0.29925287  0.3454336  0.37672356  0  0  0  0  0  0  0  0  0  0  0  0  0  0  0  0  0  0  0  0  0  0  0  0  0  0  0  0  0  0  0  0  0  0  0  0  0  0  0  0  0  0  0  0  0  0  0  0  0  0  0  0  0  0  0  0  0  0  0  0  0  0  0  0  0  0  0.0044570202
h  13  12  -0.41306431  -0.3349451  -0.27878904  -0.15058203  -0.026342137  0.050461187  0.082947009  0.087966918  0.054919719  0.0018183176  -0.047246011  -0.09588886  -0.1212333  -0.14542788  -0.14508038  -0.12935308  -0.12512911  -0.14814887  -0.1907687  -0.246064  -0.30270009  0  0  0  0  0  0  0  0  0  0  0  0  0  0  0  0  0  0  0  0  0  0  0  0  0  0  0  0  0  0  0  0  0  0  0  0  0  0  0  0  0  0  0  0  0  0  0  0  0  0  0  0  0  0  0  0  0  0  0  0  0  0  0  0  0  0  -0.012753094
g  13  13  -0.34898436  -0.45618186  -0.5267624  -0.51511507  -0.45090542  -0.35558735  -0.2521272  -0.18060564  -0.15860776  -0.15711657  -0.16040332  -0.15078099  -0.12225325  -0.075116209  -0.022284183  0.025093437  0.042953477  0.03229193  0.012223232  -0.017831051  -0.05335027  0  0  0  0  0  0  0  0  0  0  0  0  0  0  0  0  0  0  0  0  0  0  0  0  0  0  0  0  0  0  0  0  0  0  0  0  0  0  0  0  0  0  0  0  0  0  0  0  0  0  0  0  0  0  0  0  0  0  0  0  0  0  0  0  0  0  -0.0074710152
h  13  13  -0.71742912  -0.64890813  -0.49802866  -0.32671537  -0.17506201  -0.071634794  -0.037181391  -0.025186583  0.011033578  0.069877606  0.12026047  0.16007358  0.20538623  0.22245557  0.19656844  0.14008372  0.081526612  0.044396333  0.019170911  -0.0063310102  -0.019216103  0  0  0  0  0  0  0  0  0  0  0  0  0  0  0  0  0  0  0  0  0  0  0  0  0  0  0  0  0  0  0  0  0  0  0  0  0  0  0  0  0  0  0  0  0  0  0  0  0  0  0  0  0  0  0  0  0  0  0  0  0  0  0  0  0  0  -0.0011283646
