# 2019 MPG data assimilation forecast
# units of nT 
c/s d o  GUFM1  GUFM1  GUFM1  GUFM1  GUFM1  GUFM1  GUFM1  GUFM1  GUFM1  GUFM1  GUFM1  GUFM1  GUFM1  GUFM1  GUFM1  GUFM1  GUFM1  GUFM1  GUFM1  GUFM1  GUFM1  GUFM1  GUFM1  GUFM1  GUFM1  GUFM1  GUFM1  GUFM1  GUFM1  GUFM1  GUFM1  GUFM1  GUFM1  GUFM1  GUFM1  GUFM1  GUFM1  GUFM1  GUFM1  GUFM1  GUFM1  GUFM1  GUFM1  GUFM1  GUFM1  GUFM1  GUFM1  GUFM1  GUFM1  GUFM1  GUFM1  GUFM1  GUFM1  GUFM1  GUFM1  GUFM1  GUFM1  GUFM1  GUFM1  GUFM1  GUFM1  GUFM1   IGRF   IGRF   IGRF   IGRF   IGRF   IGRF   IGRF   IGRF   IGRF   DGRF   DGRF   DGRF   DGRF   DGRF   DGRF   DGRF   DGRF   DGRF   DGRF   DGRF   DGRF      DGRF      DGRF     DGRF     IGRF      SV
g/h n m 1590.0 1595.0 1600.0 1605.0 1610.0 1615.0 1620.0 1625.0 1630.0 1635.0 1640.0 1645.0 1650.0 1655.0 1660.0 1665.0 1670.0 1675.0 1680.0 1685.0 1690.0 1695.0 1700.0 1705.0 1710.0 1715.0 1720.0 1725.0 1730.0 1735.0 1740.0 1745.0 1750.0 1755.0 1760.0 1765.0 1770.0 1775.0 1780.0 1785.0 1790.0 1795.0 1800.0 1805.0 1810.0 1815.0 1820.0 1825.0 1830.0 1835.0 1840.0 1845.0 1850.0 1855.0 1860.0 1865.0 1870.0 1875.0 1880.0 1885.0 1890.0 1895.0 1900.0 1905.0 1910.0 1915.0 1920.0 1925.0 1930.0 1935.0 1940.0 1945.0 1950.0 1955.0 1960.0 1965.0 1970.0 1975.0 1980.0 1985.0 1990.0 1995.0 2000.0    2005.0    2010.0   2015.0   2020.0 2020-25
g  1  0  -29441.720167  -29404.556571  -29367.45534  -29321.786876  -29275.548187  -29230.696162  -29190.309549  -29151.982668  -29111.113171  -29071.866933  -29033.037104  -28993.670964  -28953.643573  -28911.985068  -28867.771235  -28820.938487  -28771.198323  -28718.162413  -28661.785743  -28602.03816  -28538.893749  -28472.489708  0  0  0  0  0  0  0  0  0  0  0  0  0  0  0  0  0  0  0  0  0  0  0  0  0  0  0  0  0  0  0  0  0  0  0  0  0  0  0  0  0  0  0  0  0  0  0  0  0  0  0  0  0  0  0  0  0  0  0  0  0  0  0  0  0  13.521848000000318
g  1  1  -1501.858967  -1451.272649  -1429.707035  -1409.384194  -1378.834055  -1341.285328  -1303.372548  -1267.823472  -1234.730642  -1205.068901  -1178.115776  -1154.632011  -1133.993467  -1116.260466  -1101.5073  -1089.750953  -1081.264895  -1076.274334  -1074.917029  -1076.651019  -1080.871728  -1087.10321  0  0  0  0  0  0  0  0  0  0  0  0  0  0  0  0  0  0  0  0  0  0  0  0  0  0  0  0  0  0  0  0  0  0  0  0  0  0  0  0  0  0  0  0  0  0  0  0  0  0  0  0  0  0  0  0  0  0  0  0  0  0  0  0  0  -1.3936189999999442
h  1  1  4796.505183  4653.114885  4533.384363  4441.188911  4362.598137  4289.634762  4218.001273  4143.382215  4066.151845  3987.190831  3908.652045  3830.932769  3754.485667  3679.823604  3607.36831  3536.803394  3467.786635  3400.072547  3333.576386  3268.150225  3203.502067  3139.261402  0  0  0  0  0  0  0  0  0  0  0  0  0  0  0  0  0  0  0  0  0  0  0  0  0  0  0  0  0  0  0  0  0  0  0  0  0  0  0  0  0  0  0  0  0  0  0  0  0  0  0  0  0  0  0  0  0  0  0  0  0  0  0  0  0  -12.835939999999937
g  2  0  -2446.370566  -2499.690353  -2541.459923  -2575.506813  -2607.116346  -2639.705197  -2670.873524  -2701.153892  -2730.474931  -2758.634093  -2786.111387  -2811.86567  -2835.723482  -2857.451522  -2877.04457  -2894.59502  -2909.726412  -2922.223779  -2932.176918  -2939.880466  -2945.79237  -2950.41918  0  0  0  0  0  0  0  0  0  0  0  0  0  0  0  0  0  0  0  0  0  0  0  0  0  0  0  0  0  0  0  0  0  0  0  0  0  0  0  0  0  0  0  0  0  0  0  0  0  0  0  0  0  0  0  0  0  0  0  0  0  0  0  0  0  -0.8341299999997318
g  2  1  3012.16732  2982.09361  2957.27202  2931.013914  2897.405394  2860.923855  2830.355108  2806.220207  2784.799502  2764.385863  2743.97058  2724.102001  2704.804088  2685.372108  2665.410905  2644.899377  2623.639605  2601.648053  2579.112905  2556.060655  2532.503484  2508.421922  0  0  0  0  0  0  0  0  0  0  0  0  0  0  0  0  0  0  0  0  0  0  0  0  0  0  0  0  0  0  0  0  0  0  0  0  0  0  0  0  0  0  0  0  0  0  0  0  0  0  0  0  0  0  0  0  0  0  0  0  0  0  0  0  0  -4.859604000000218
h  2  1  -2845.491806  -2991.516333  -3115.389995  -3215.419043  -3304.341982  -3392.901232  -3485.50126  -3577.846942  -3668.782137  -3758.001673  -3846.829141  -3935.845874  -4024.418123  -4111.998396  -4198.584961  -4284.487113  -4369.933338  -4455.374723  -4541.137257  -4627.449098  -4714.533494  -4802.649162  0  0  0  0  0  0  0  0  0  0  0  0  0  0  0  0  0  0  0  0  0  0  0  0  0  0  0  0  0  0  0  0  0  0  0  0  0  0  0  0  0  0  0  0  0  0  0  0  0  0  0  0  0  0  0  0  0  0  0  0  0  0  0  0  0  -17.714720999999372
g  2  2  1676.347734  1676.719642  1648.135164  1606.61097  1559.737848  1512.326955  1464.93831  1412.993394  1354.92203  1291.915232  1224.123607  1151.671655  1074.812411  993.751954  909.095414  821.960694  733.346652  644.324133  555.566008  467.796086  381.458009  296.917955  0  0  0  0  0  0  0  0  0  0  0  0  0  0  0  0  0  0  0  0  0  0  0  0  0  0  0  0  0  0  0  0  0  0  0  0  0  0  0  0  0  0  0  0  0  0  0  0  0  0  0  0  0  0  0  0  0  0  0  0  0  0  0  0  0  -16.748604
h  2  2  -642.063714  -734.09376  -816.363209  -874.40515  -921.769301  -972.146388  -1030.556724  -1096.374685  -1167.148691  -1242.31416  -1320.389879  -1400.630563  -1481.17488  -1559.785101  -1634.804099  -1705.442109  -1771.117952  -1831.470193  -1886.563962  -1936.189796  -1980.401809  -2019.345872  0  0  0  0  0  0  0  0  0  0  0  0  0  0  0  0  0  0  0  0  0  0  0  0  0  0  0  0  0  0  0  0  0  0  0  0  0  0  0  0  0  0  0  0  0  0  0  0  0  0  0  0  0  0  0  0  0  0  0  0  0  0  0  0  0  -7.374238000000105
g  3  0  1350.17898  1363.357517  1372.150469  1384.361299  1398.01873  1415.368448  1433.469663  1452.292839  1471.988252  1490.770923  1507.009869  1520.780687  1531.464691  1539.546285  1546.146675  1551.769986  1556.472988  1560.664144  1564.467207  1567.884071  1570.922156  1573.501622  0  0  0  0  0  0  0  0  0  0  0  0  0  0  0  0  0  0  0  0  0  0  0  0  0  0  0  0  0  0  0  0  0  0  0  0  0  0  0  0  0  0  0  0  0  0  0  0  0  0  0  0  0  0  0  0  0  0  0  0  0  0  0  0  0  0.47055199999999786
g  3  1  -2352.345576  -2380.918122  -2409.851452  -2438.995185  -2463.545019  -2483.569828  -2499.394677  -2509.68068  -2515.039848  -2515.388763  -2511.196778  -2502.304369  -2488.72019  -2471.364407  -2450.873317  -2427.521642  -2401.515284  -2372.976648  -2341.843125  -2308.063729  -2271.366175  -2231.510487  0  0  0  0  0  0  0  0  0  0  0  0  0  0  0  0  0  0  0  0  0  0  0  0  0  0  0  0  0  0  0  0  0  0  0  0  0  0  0  0  0  0  0  0  0  0  0  0  0  0  0  0  0  0  0  0  0  0  0  0  0  0  0  0  0  8.232452000000194
h  3  1  -115.205878  -81.778739  -50.137181  -21.535409  8.979484  37.636634  67.596825  97.911141  127.671201  156.892411  186.268328  216.669941  247.960688  280.435522  314.441956  350.18598  387.548317  426.436926  466.452569  507.278256  548.53166  589.765399  0  0  0  0  0  0  0  0  0  0  0  0  0  0  0  0  0  0  0  0  0  0  0  0  0  0  0  0  0  0  0  0  0  0  0  0  0  0  0  0  0  0  0  0  0  0  0  0  0  0  0  0  0  0  0  0  0  0  0  0  0  0  0  0  0  8.226188999999977
g  3  2  1225.903081  1235.898386  1246.32424  1252.611714  1253.2326  1253.026792  1252.540805  1250.347267  1247.100528  1242.470126  1237.957002  1234.865349  1233.029439  1232.2111  1232.610278  1234.574428  1238.203976  1243.566772  1250.614368  1259.244585  1269.229822  1280.333867  0  0  0  0  0  0  0  0  0  0  0  0  0  0  0  0  0  0  0  0  0  0  0  0  0  0  0  0  0  0  0  0  0  0  0  0  0  0  0  0  0  0  0  0  0  0  0  0  0  0  0  0  0  0  0  0  0  0  0  0  0  0  0  0  0  2.3007740000000467
h  3  2  244.991157  241.857765  245.127987  248.194235  248.280278  247.41786  246.218883  248.466018  253.643849  259.977465  267.117369  275.13975  283.429153  291.512987  299.404173  307.04557  314.363472  321.027181  326.770079  331.308735  334.374514  335.658038  0  0  0  0  0  0  0  0  0  0  0  0  0  0  0  0  0  0  0  0  0  0  0  0  0  0  0  0  0  0  0  0  0  0  0  0  0  0  0  0  0  0  0  0  0  0  0  0  0  0  0  0  0  0  0  0  0  0  0  0  0  0  0  0  0  0.10520499999995536
g  3  3  581.728339  525.689132  469.982286  413.490489  360.27062  313.903321  275.772391  240.470297  204.366639  166.989931  126.932185  84.312703  38.4725  -10.763391  -63.540013  -119.541911  -178.554845  -240.153461  -303.882216  -369.388523  -436.146021  -503.820389  0  0  0  0  0  0  0  0  0  0  0  0  0  0  0  0  0  0  0  0  0  0  0  0  0  0  0  0  0  0  0  0  0  0  0  0  0  0  0  0  0  0  0  0  0  0  0  0  0  0  0  0  0  0  0  0  0  0  0  0  0  0  0  0  0  -13.585893999999996
h  3  3  -538.637753  -542.994836  -549.555332  -558.953495  -569.897946  -588.376122  -612.914771  -644.48917  -679.48769  -716.837932  -755.358614  -793.529433  -830.570715  -864.966101  -895.77796  -922.598901  -944.830747  -961.958924  -973.79033  -980.028523  -980.587877  -975.405719  0  0  0  0  0  0  0  0  0  0  0  0  0  0  0  0  0  0  0  0  0  0  0  0  0  0  0  0  0  0  0  0  0  0  0  0  0  0  0  0  0  0  0  0  0  0  0  0  0  0  0  0  0  0  0  0  0  0  0  0  0  0  0  0  0  1.5023390000000063
g  4  0  907.462686  902.942933  898.210789  899.068012  901.028448  902.488464  902.321493  901.74325  900.24293  897.812317  895.204179  892.021348  888.01646  883.394143  878.083956  871.795737  864.61224  856.6149  847.901903  838.606901  828.869421  818.785818  0  0  0  0  0  0  0  0  0  0  0  0  0  0  0  0  0  0  0  0  0  0  0  0  0  0  0  0  0  0  0  0  0  0  0  0  0  0  0  0  0  0  0  0  0  0  0  0  0  0  0  0  0  0  0  0  0  0  0  0  0  0  0  0  0  -2.03550400000006
g  4  1  813.666025  809.512164  799.738535  787.585524  774.010392  761.150837  748.108691  734.974467  720.870864  705.964015  690.677811  674.61123  657.325518  638.472679  617.894191  595.616451  571.655875  546.182144  519.51168  492.001468  463.946748  435.65426  0  0  0  0  0  0  0  0  0  0  0  0  0  0  0  0  0  0  0  0  0  0  0  0  0  0  0  0  0  0  0  0  0  0  0  0  0  0  0  0  0  0  0  0  0  0  0  0  0  0  0  0  0  0  0  0  0  0  0  0  0  0  0  0  0  -5.659312
h  4  1  283.530635  281.612466  269.71267  254.358036  234.826265  211.634083  185.135766  154.727614  121.187697  84.93521  47.067645  8.352224  -30.496592  -68.390235  -104.341461  -137.862177  -168.738202  -196.893567  -222.403471  -245.361971  -265.955679  -284.419338  0  0  0  0  0  0  0  0  0  0  0  0  0  0  0  0  0  0  0  0  0  0  0  0  0  0  0  0  0  0  0  0  0  0  0  0  0  0  0  0  0  0  0  0  0  0  0  0  0  0  0  0  0  0  0  0  0  0  0  0  0  0  0  0  0  -3.533743999999956
g  4  2  120.513927  86.084938  65.322693  48.419498  33.045239  17.643708  2.27277  -10.629475  -21.19367  -29.82517  -35.969775  -39.652992  -41.526654  -41.948409  -41.526524  -40.519196  -39.095678  -37.523431  -35.833062  -34.104243  -32.423856  -30.868286  0  0  0  0  0  0  0  0  0  0  0  0  0  0  0  0  0  0  0  0  0  0  0  0  0  0  0  0  0  0  0  0  0  0  0  0  0  0  0  0  0  0  0  0  0  0  0  0  0  0  0  0  0  0  0  0  0  0  0  0  0  0  0  0  0  0.2982719999999972
h  4  2  -188.596141  -158.59727  -124.062608  -89.563502  -54.491443  -19.768534  16.816961  56.282018  95.964329  134.829357  171.864797  206.274745  237.910641  266.734064  292.806619  316.455345  337.926725  357.366072  374.939525  390.835723  405.352153  418.655247  0  0  0  0  0  0  0  0  0  0  0  0  0  0  0  0  0  0  0  0  0  0  0  0  0  0  0  0  0  0  0  0  0  0  0  0  0  0  0  0  0  0  0  0  0  0  0  0  0  0  0  0  0  0  0  0  0  0  0  0  0  0  0  0  0  2.5760399999999777
g  4  3  -334.849978  -309.528527  -287.656178  -267.980507  -246.681705  -224.755913  -203.647161  -183.959469  -164.088319  -142.501091  -118.737663  -93.093815  -66.038316  -38.500491  -10.929862  16.422096  43.072426  68.80817  93.465956  116.899993  139.056144  159.938062  0  0  0  0  0  0  0  0  0  0  0  0  0  0  0  0  0  0  0  0  0  0  0  0  0  0  0  0  0  0  0  0  0  0  0  0  0  0  0  0  0  0  0  0  0  0  0  0  0  0  0  0  0  0  0  0  0  0  0  0  0  0  0  0  0  4.073354999999992
h  4  3  180.884757  199.7166  219.109822  236.258753  250.138369  266.706149  286.571033  308.1674  330.363974  352.528177  373.428881  392.830829  410.356814  425.711187  438.740534  449.500214  458.309441  465.316787  470.66743  474.451107  476.678391  477.353119  0  0  0  0  0  0  0  0  0  0  0  0  0  0  0  0  0  0  0  0  0  0  0  0  0  0  0  0  0  0  0  0  0  0  0  0  0  0  0  0  0  0  0  0  0  0  0  0  0  0  0  0  0  0  0  0  0  0  0  0  0  0  0  0  0  0.014921000000015283
g  4  4  70.463046  47.885992  25.905933  4.9052  -12.32826  -22.059192  -27.451429  -29.871495  -31.998851  -36.317077  -42.90985  -53.530156  -68.357499  -87.57866  -111.01935  -138.139524  -168.054341  -200.065179  -233.331782  -267.24558  -301.27183  -334.951267  0  0  0  0  0  0  0  0  0  0  0  0  0  0  0  0  0  0  0  0  0  0  0  0  0  0  0  0  0  0  0  0  0  0  0  0  0  0  0  0  0  0  0  0  0  0  0  0  0  0  0  0  0  0  0  0  0  0  0  0  0  0  0  0  0  -6.691130999999984
h  4  4  -329.147078  -349.995418  -369.139408  -385.265457  -400.073985  -413.935277  -427.520738  -440.659532  -455.40195  -470.747063  -486.738164  -502.750911  -517.977836  -531.745602  -543.29244  -551.970848  -557.356635  -559.069205  -556.87468  -550.843572  -540.961284  -527.358997  0  0  0  0  0  0  0  0  0  0  0  0  0  0  0  0  0  0  0  0  0  0  0  0  0  0  0  0  0  0  0  0  0  0  0  0  0  0  0  0  0  0  0  0  0  0  0  0  0  0  0  0  0  0  0  0  0  0  0  0  0  0  0  0  0  3.01582099999996
g  5  0  -232.7984  -234.353527  -236.685325  -235.940766  -233.46943  -229.752943  -224.562639  -218.484091  -211.479195  -203.575052  -194.529513  -184.47575  -173.680481  -162.278169  -150.479819  -138.515658  -126.659371  -115.103346  -103.869653  -93.049892  -82.677867  -72.689634  0  0  0  0  0  0  0  0  0  0  0  0  0  0  0  0  0  0  0  0  0  0  0  0  0  0  0  0  0  0  0  0  0  0  0  0  0  0  0  0  0  0  0  0  0  0  0  0  0  0  0  0  0  0  0  0  0  0  0  0  0  0  0  0  0  1.9693690000000004
g  5  1  360.10772  363.27786  364.291501  363.520536  360.359387  356.082728  350.61351  343.544904  335.661499  326.90506  317.522581  308.22951  299.346682  290.824783  282.582861  274.588312  266.780092  259.067046  251.386635  243.607447  235.639286  227.453351  0  0  0  0  0  0  0  0  0  0  0  0  0  0  0  0  0  0  0  0  0  0  0  0  0  0  0  0  0  0  0  0  0  0  0  0  0  0  0  0  0  0  0  0  0  0  0  0  0  0  0  0  0  0  0  0  0  0  0  0  0  0  0  0  0  -1.6571360000000084
h  5  1  47.004948  47.48632  44.254059  39.029589  33.216447  27.400896  21.113947  14.234881  6.108468  -3.234032  -12.992232  -23.20801  -33.533577  -43.892839  -54.361991  -64.835813  -75.289403  -85.798679  -96.319546  -106.795867  -117.148231  -127.319053  0  0  0  0  0  0  0  0  0  0  0  0  0  0  0  0  0  0  0  0  0  0  0  0  0  0  0  0  0  0  0  0  0  0  0  0  0  0  0  0  0  0  0  0  0  0  0  0  0  0  0  0  0  0  0  0  0  0  0  0  0  0  0  0  0  -2.0178219999999953
g  5  2  192.407474  188.016207  186.240586  187.180119  190.230149  194.557487  199.334828  204.085869  208.091043  211.323235  213.631826  215.085347  216.013748  216.551035  216.765388  216.767304  216.577956  216.202109  215.703856  215.067577  214.294701  213.416672  0  0  0  0  0  0  0  0  0  0  0  0  0  0  0  0  0  0  0  0  0  0  0  0  0  0  0  0  0  0  0  0  0  0  0  0  0  0  0  0  0  0  0  0  0  0  0  0  0  0  0  0  0  0  0  0  0  0  0  0  0  0  0  0  0  -0.18293800000000715
h  5  2  196.947672  208.235982  223.57403  239.495489  253.913165  265.469482  273.80622  279.414338  282.623562  283.468509  282.141134  278.910456  274.202044  268.392574  261.789879  254.646817  247.148952  239.370259  231.445861  223.506748  215.682147  208.084953  0  0  0  0  0  0  0  0  0  0  0  0  0  0  0  0  0  0  0  0  0  0  0  0  0  0  0  0  0  0  0  0  0  0  0  0  0  0  0  0  0  0  0  0  0  0  0  0  0  0  0  0  0  0  0  0  0  0  0  0  0  0  0  0  0  -1.4949539999999786
g  5  3  -140.894741  -140.664709  -137.095218  -132.557429  -130.550909  -128.140125  -125.432908  -122.528399  -118.749221  -114.753177  -110.630743  -106.432635  -101.936358  -97.031547  -91.502552  -85.293775  -78.37602  -70.667361  -62.116374  -52.729143  -42.628585  -31.86933  0  0  0  0  0  0  0  0  0  0  0  0  0  0  0  0  0  0  0  0  0  0  0  0  0  0  0  0  0  0  0  0  0  0  0  0  0  0  0  0  0  0  0  0  0  0  0  0  0  0  0  0  0  0  0  0  0  0  0  0  0  0  0  0  0  2.1982999999999997
h  5  3  -119.058057  -121.217793  -120.756276  -117.470511  -110.313978  -101.13644  -90.875331  -78.313845  -64.992981  -51.062846  -36.76446  -22.567434  -8.536815  5.279252  18.752951  31.857178  44.603414  56.866148  68.672991  79.92376  90.581688  100.588001  0  0  0  0  0  0  0  0  0  0  0  0  0  0  0  0  0  0  0  0  0  0  0  0  0  0  0  0  0  0  0  0  0  0  0  0  0  0  0  0  0  0  0  0  0  0  0  0  0  0  0  0  0  0  0  0  0  0  0  0  0  0  0  0  0  1.946384000000009
g  5  4  -157.409214  -151.1403  -143.255922  -132.686312  -120.753649  -110.336596  -101.311399  -93.333126  -86.091317  -79.332425  -72.697904  -66.118841  -59.58788  -53.253887  -47.296831  -41.882567  -37.124698  -33.133937  -29.933729  -27.435758  -25.580728  -24.347735  0  0  0  0  0  0  0  0  0  0  0  0  0  0  0  0  0  0  0  0  0  0  0  0  0  0  0  0  0  0  0  0  0  0  0  0  0  0  0  0  0  0  0  0  0  0  0  0  0  0  0  0  0  0  0  0  0  0  0  0  0  0  0  0  0  0.19816399999999845
h  5  4  15.990249  32.303466  47.152075  59.245369  69.561156  78.721294  86.261232  92.853469  98.575862  104.211392  109.829403  115.15553  119.768226  123.660269  126.930924  129.73572  132.251573  134.585787  136.842607  139.089862  141.322637  143.527586  0  0  0  0  0  0  0  0  0  0  0  0  0  0  0  0  0  0  0  0  0  0  0  0  0  0  0  0  0  0  0  0  0  0  0  0  0  0  0  0  0  0  0  0  0  0  0  0  0  0  0  0  0  0  0  0  0  0  0  0  0  0  0  0  0  0.43918000000002166
g  5  5  4.109674  14.00604  27.459021  43.364818  61.053553  79.637723  97.419357  113.096993  125.684524  134.316189  138.519646  138.022299  132.777824  123.353636  110.540964  94.982039  77.478392  58.87604  39.886295  21.174787  3.300522  -13.279183  0  0  0  0  0  0  0  0  0  0  0  0  0  0  0  0  0  0  0  0  0  0  0  0  0  0  0  0  0  0  0  0  0  0  0  0  0  0  0  0  0  0  0  0  0  0  0  0  0  0  0  0  0  0  0  0  0  0  0  0  0  0  0  0  0  -3.194457999999999
h  5  5  100.135312  99.057524  100.074232  98.764858  95.320239  90.177008  82.102246  71.126528  57.316184  40.683313  22.542921  3.786177  -14.745532  -31.88248  -46.744628  -58.711152  -67.296809  -72.335997  -73.840654  -71.958706  -66.964792  -59.197521  0  0  0  0  0  0  0  0  0  0  0  0  0  0  0  0  0  0  0  0  0  0  0  0  0  0  0  0  0  0  0  0  0  0  0  0  0  0  0  0  0  0  0  0  0  0  0  0  0  0  0  0  0  0  0  0  0  0  0  0  0  0  0  0  0  1.7585309999999978
g  6  0  69.641053  66.006087  62.571101  59.847177  57.310184  54.449477  52.287187  50.301711  48.312323  46.243664  44.155514  42.096515  39.910336  37.575429  35.190917  32.855619  30.636964  28.629222  26.889207  25.461124  24.390988  23.691873  0  0  0  0  0  0  0  0  0  0  0  0  0  0  0  0  0  0  0  0  0  0  0  0  0  0  0  0  0  0  0  0  0  0  0  0  0  0  0  0  0  0  0  0  0  0  0  0  0  0  0  0  0  0  0  0  0  0  0  0  0  0  0  0  0  -0.11057800000000029
g  6  1  67.552171  65.539819  63.674849  59.791864  55.186188  51.028417  46.98259  42.5367  37.77076  33.110683  28.992076  25.49255  22.485719  19.749232  17.192775  14.876562  12.815502  11.010923  9.510587  8.312008  7.415271  6.816537  0  0  0  0  0  0  0  0  0  0  0  0  0  0  0  0  0  0  0  0  0  0  0  0  0  0  0  0  0  0  0  0  0  0  0  0  0  0  0  0  0  0  0  0  0  0  0  0  0  0  0  0  0  0  0  0  0  0  0  0  0  0  0  0  0  -0.09544199999999936
h  6  1  -20.763512  -19.269382  -25.322109  -35.97313  -47.961224  -58.908493  -68.894092  -77.75062  -86.088243  -94.056292  -101.462684  -108.15776  -114.140456  -119.291846  -123.47108  -126.638492  -128.791548  -129.917502  -130.025909  -129.172831  -127.4577  -125.014798  0  0  0  0  0  0  0  0  0  0  0  0  0  0  0  0  0  0  0  0  0  0  0  0  0  0  0  0  0  0  0  0  0  0  0  0  0  0  0  0  0  0  0  0  0  0  0  0  0  0  0  0  0  0  0  0  0  0  0  0  0  0  0  0  0  0.541286999999997
g  6  2  72.739127  72.839469  73.443025  73.595373  72.052188  69.661224  66.688867  63.100474  58.922877  54.410674  49.801215  45.582713  41.771669  38.422567  35.636072  33.354948  31.482868  29.98669  28.864722  28.094221  27.634137  27.433955  0  0  0  0  0  0  0  0  0  0  0  0  0  0  0  0  0  0  0  0  0  0  0  0  0  0  0  0  0  0  0  0  0  0  0  0  0  0  0  0  0  0  0  0  0  0  0  0  0  0  0  0  0  0  0  0  0  0  0  0  0  0  0  0  0  -0.02088900000000038
h  6  2  33.391002  25.193794  19.885438  14.144928  7.913779  3.066211  -1.139843  -4.289625  -6.544899  -8.349235  -10.055204  -11.872461  -13.937241  -16.325193  -19.115596  -22.364024  -26.085706  -30.269133  -34.80066  -39.588245  -44.529327  -49.524056  0  0  0  0  0  0  0  0  0  0  0  0  0  0  0  0  0  0  0  0  0  0  0  0  0  0  0  0  0  0  0  0  0  0  0  0  0  0  0  0  0  0  0  0  0  0  0  0  0  0  0  0  0  0  0  0  0  0  0  0  0  0  0  0  0  -0.9981830000000045
g  6  3  -129.874083  -121.473515  -113.237438  -105.061791  -97.328941  -89.410414  -80.776089  -71.989451  -63.322999  -55.053354  -47.782107  -41.498091  -36.014618  -31.226198  -27.004686  -23.227889  -19.790785  -16.545147  -13.437612  -10.44947  -7.623864  -5.008982  0  0  0  0  0  0  0  0  0  0  0  0  0  0  0  0  0  0  0  0  0  0  0  0  0  0  0  0  0  0  0  0  0  0  0  0  0  0  0  0  0  0  0  0  0  0  0  0  0  0  0  0  0  0  0  0  0  0  0  0  0  0  0  0  0  0.5047240000000004
h  6  3  58.854238  52.879192  49.615436  48.928367  49.566215  50.002019  49.642969  48.01668  45.945018  43.588449  41.277974  39.30953  37.961634  37.488042  37.96962  39.3387  41.543354  44.431679  47.887651  51.802794  56.064072  60.538142  0  0  0  0  0  0  0  0  0  0  0  0  0  0  0  0  0  0  0  0  0  0  0  0  0  0  0  0  0  0  0  0  0  0  0  0  0  0  0  0  0  0  0  0  0  0  0  0  0  0  0  0  0  0  0  0  0  0  0  0  0  0  0  0  0  0.9052969999999974
g  6  4  -28.915778  -36.093605  -42.542315  -49.547336  -57.070735  -64.623854  -70.376651  -75.865641  -80.5036  -84.225157  -87.243492  -89.365155  -90.532029  -90.877916  -90.37654  -89.141647  -87.267974  -84.848991  -82.055976  -78.971643  -75.737836  -72.441339  0  0  0  0  0  0  0  0  0  0  0  0  0  0  0  0  0  0  0  0  0  0  0  0  0  0  0  0  0  0  0  0  0  0  0  0  0  0  0  0  0  0  0  0  0  0  0  0  0  0  0  0  0  0  0  0  0  0  0  0  0  0  0  0  0  0.6604209999999995
h  6  4  -66.642217  -64.514734  -62.630921  -58.499859  -54.708389  -49.658409  -43.705362  -37.125012  -29.5601  -21.754771  -13.786552  -5.71217  2.340786  10.300267  18.103682  25.536981  32.509872  38.88344  44.626488  49.707283  54.070957  57.693084  0  0  0  0  0  0  0  0  0  0  0  0  0  0  0  0  0  0  0  0  0  0  0  0  0  0  0  0  0  0  0  0  0  0  0  0  0  0  0  0  0  0  0  0  0  0  0  0  0  0  0  0  0  0  0  0  0  0  0  0  0  0  0  0  0  0.662943999999996
g  6  5  13.014317  13.547902  13.381655  14.05853  14.833105  15.762168  16.956208  17.804038  18.492008  19.144823  19.747739  20.149249  20.245022  19.808324  18.686817  16.804364  14.136419  10.685996  6.543383  1.824811  -3.346532  -8.854124  0  0  0  0  0  0  0  0  0  0  0  0  0  0  0  0  0  0  0  0  0  0  0  0  0  0  0  0  0  0  0  0  0  0  0  0  0  0  0  0  0  0  0  0  0  0  0  0  0  0  0  0  0  0  0  0  0  0  0  0  0  0  0  0  0  -1.1243580000000009
h  6  5  7.325008  9.019027  9.615888  10.156183  10.501886  10.13463  8.689717  6.675887  3.864777  0.743837  -2.833348  -7.002659  -11.807013  -17.181599  -22.963643  -28.949364  -34.994239  -40.962667  -46.720346  -52.148355  -57.156581  -61.690231  0  0  0  0  0  0  0  0  0  0  0  0  0  0  0  0  0  0  0  0  0  0  0  0  0  0  0  0  0  0  0  0  0  0  0  0  0  0  0  0  0  0  0  0  0  0  0  0  0  0  0  0  0  0  0  0  0  0  0  0  0  0  0  0  0  -0.86618
g  6  6  -70.895241  -64.540284  -55.499389  -44.941893  -34.718859  -24.529003  -14.52672  -5.408227  2.292307  8.031497  11.536654  12.531202  10.988659  7.201213  1.546698  -5.519645  -13.46347  -21.747767  -29.903093  -37.545557  -44.362171  -50.09199  0  0  0  0  0  0  0  0  0  0  0  0  0  0  0  0  0  0  0  0  0  0  0  0  0  0  0  0  0  0  0  0  0  0  0  0  0  0  0  0  0  0  0  0  0  0  0  0  0  0  0  0  0  0  0  0  0  0  0  0  0  0  0  0  0  -1.0486100000000036
h  6  6  62.570655  68.098096  74.264012  78.912575  81.98648  83.161135  81.726466  77.585747  71.047808  62.611403  53.126268  43.33819  34.031068  25.891487  19.450045  15.024872  12.764054  12.699228  14.744522  18.740039  24.46652  31.666774  0  0  0  0  0  0  0  0  0  0  0  0  0  0  0  0  0  0  0  0  0  0  0  0  0  0  0  0  0  0  0  0  0  0  0  0  0  0  0  0  0  0  0  0  0  0  0  0  0  0  0  0  0  0  0  0  0  0  0  0  0  0  0  0  0  1.5448979999999999
g  7  0  81.142441  80.450948  78.392563  76.964396  75.700777  74.247472  72.238913  69.694203  66.781919  63.921619  61.240579  58.81789  56.759029  55.055172  53.661913  52.501137  51.502145  50.609895  49.836255  49.173468  48.583101  48.053205  0  0  0  0  0  0  0  0  0  0  0  0  0  0  0  0  0  0  0  0  0  0  0  0  0  0  0  0  0  0  0  0  0  0  0  0  0  0  0  0  0  0  0  0  0  0  0  0  0  0  0  0  0  0  0  0  0  0  0  0  0  0  0  0  0  -0.1017970000000048
g  7  1  -75.973529  -76.629933  -77.704655  -79.571096  -81.435864  -83.122387  -84.807824  -86.265402  -87.701593  -88.99231  -90.150695  -91.016009  -91.477176  -91.536488  -91.172893  -90.355857  -89.07952  -87.36175  -85.236177  -82.758617  -80.00068  -77.017645  0  0  0  0  0  0  0  0  0  0  0  0  0  0  0  0  0  0  0  0  0  0  0  0  0  0  0  0  0  0  0  0  0  0  0  0  0  0  0  0  0  0  0  0  0  0  0  0  0  0  0  0  0  0  0  0  0  0  0  0  0  0  0  0  0  0.6126979999999946
h  7  1  -54.299577  -51.387657  -49.844918  -48.602745  -46.990956  -45.472123  -43.465242  -41.183301  -39.00835  -36.936524  -34.972178  -33.037349  -31.129766  -29.265456  -27.484416  -25.763523  -24.098842  -22.496439  -20.930264  -19.35636  -17.748471  -16.080634  0  0  0  0  0  0  0  0  0  0  0  0  0  0  0  0  0  0  0  0  0  0  0  0  0  0  0  0  0  0  0  0  0  0  0  0  0  0  0  0  0  0  0  0  0  0  0  0  0  0  0  0  0  0  0  0  0  0  0  0  0  0  0  0  0  0.3399940000000008
g  7  2  -6.693858  -8.202821  -8.254016  -7.760888  -6.731496  -6.032483  -5.40074  -4.976619  -4.554184  -3.997806  -3.324448  -2.544955  -1.691752  -0.816284  -0.00646  0.647025  1.080438  1.27037  1.182593  0.787016  0.0927  -0.880415  0  0  0  0  0  0  0  0  0  0  0  0  0  0  0  0  0  0  0  0  0  0  0  0  0  0  0  0  0  0  0  0  0  0  0  0  0  0  0  0  0  0  0  0  0  0  0  0  0  0  0  0  0  0  0  0  0  0  0  0  0  0  0  0  0  -0.21603499999999998
h  7  2  -19.546614  -16.901921  -14.916304  -13.448574  -11.988268  -10.280589  -8.290619  -6.154954  -3.975257  -1.924871  -0.194306  1.211782  2.2549  2.902282  3.143056  3.009675  2.544933  1.788821  0.795041  -0.362716  -1.619997  -2.927832  0  0  0  0  0  0  0  0  0  0  0  0  0  0  0  0  0  0  0  0  0  0  0  0  0  0  0  0  0  0  0  0  0  0  0  0  0  0  0  0  0  0  0  0  0  0  0  0  0  0  0  0  0  0  0  0  0  0  0  0  0  0  0  0  0  -0.263277
g  7  3  51.78048  56.490495  60.624464  64.351459  66.845239  68.300051  69.234296  69.598211  69.846969  69.985627  70.026947  70.060121  70.113304  70.096398  69.92141  69.476562  68.611437  67.255208  65.369434  62.955594  60.008124  56.545865  0  0  0  0  0  0  0  0  0  0  0  0  0  0  0  0  0  0  0  0  0  0  0  0  0  0  0  0  0  0  0  0  0  0  0  0  0  0  0  0  0  0  0  0  0  0  0  0  0  0  0  0  0  0  0  0  0  0  0  0  0  0  0  0  0  -0.7323829999999987
h  7  3  5.526162  2.337861  0.649552  -0.774472  -2.260349  -2.97085  -3.027672  -2.505029  -1.179461  0.627159  2.782403  5.133385  7.433889  9.583548  11.528313  13.19539  14.579566  15.682265  16.54485  17.232621  17.803652  18.32088  0  0  0  0  0  0  0  0  0  0  0  0  0  0  0  0  0  0  0  0  0  0  0  0  0  0  0  0  0  0  0  0  0  0  0  0  0  0  0  0  0  0  0  0  0  0  0  0  0  0  0  0  0  0  0  0  0  0  0  0  0  0  0  0  0  0.10127999999999915
g  7  4  15.087292  15.78299  17.106347  17.947588  19.176953  20.156289  20.96234  21.398339  21.000909  19.697844  17.714799  15.231669  12.43338  9.473431  6.523031  3.733947  1.224145  -0.965993  -2.837395  -4.354546  -5.517793  -6.325825  0  0  0  0  0  0  0  0  0  0  0  0  0  0  0  0  0  0  0  0  0  0  0  0  0  0  0  0  0  0  0  0  0  0  0  0  0  0  0  0  0  0  0  0  0  0  0  0  0  0  0  0  0  0  0  0  0  0  0  0  0  0  0  0  0  -0.13371400000000033
h  7  4  24.507458  23.546177  23.454993  23.900981  24.215297  23.594952  22.601084  21.494923  20.331835  19.300452  18.495786  18.028304  18.007252  18.447929  19.33323  20.611719  22.212388  24.029347  25.980358  27.974431  29.938651  31.822804  0  0  0  0  0  0  0  0  0  0  0  0  0  0  0  0  0  0  0  0  0  0  0  0  0  0  0  0  0  0  0  0  0  0  0  0  0  0  0  0  0  0  0  0  0  0  0  0  0  0  0  0  0  0  0  0  0  0  0  0  0  0  0  0  0  0.36840400000000173
g  7  5  9.426423  6.307488  2.685976  -1.159236  -4.360444  -7.541628  -10.250035  -12.212842  -13.941347  -15.188948  -16.048386  -16.820245  -17.530616  -18.201698  -18.912589  -19.639472  -20.371377  -21.102326  -21.809634  -22.448018  -22.986875  -23.405596  0  0  0  0  0  0  0  0  0  0  0  0  0  0  0  0  0  0  0  0  0  0  0  0  0  0  0  0  0  0  0  0  0  0  0  0  0  0  0  0  0  0  0  0  0  0  0  0  0  0  0  0  0  0  0  0  0  0  0  0  0  0  0  0  0  -0.07339199999999835
h  7  5  3.30608  -2.129306  -7.295606  -11.591414  -15.437305  -18.350981  -19.840329  -20.830333  -21.569198  -22.155312  -22.725404  -23.203429  -23.5391  -23.842761  -24.095874  -24.251158  -24.330701  -24.35158  -24.313598  -24.211619  -24.063658  -23.879309  0  0  0  0  0  0  0  0  0  0  0  0  0  0  0  0  0  0  0  0  0  0  0  0  0  0  0  0  0  0  0  0  0  0  0  0  0  0  0  0  0  0  0  0  0  0  0  0  0  0  0  0  0  0  0  0  0  0  0  0  0  0  0  0  0  0.03915800000000047
g  7  6  -2.852751  -7.246175  -11.488279  -15.397651  -19.228535  -23.188144  -27.056567  -30.360733  -32.966554  -34.825853  -35.844907  -36.098196  -35.75471  -35.061229  -34.254087  -33.511418  -32.948596  -32.637497  -32.616869  -32.909017  -33.506416  -34.383108  0  0  0  0  0  0  0  0  0  0  0  0  0  0  0  0  0  0  0  0  0  0  0  0  0  0  0  0  0  0  0  0  0  0  0  0  0  0  0  0  0  0  0  0  0  0  0  0  0  0  0  0  0  0  0  0  0  0  0  0  0  0  0  0  0  -0.196120999999998
h  7  6  -27.465444  -27.218135  -26.534507  -25.976852  -25.194913  -24.284245  -23.367244  -22.148614  -20.489548  -18.618258  -16.664998  -14.84209  -13.387095  -12.39469  -11.918671  -11.919596  -12.266993  -12.79744  -13.371613  -13.860446  -14.151831  -14.162291  0  0  0  0  0  0  0  0  0  0  0  0  0  0  0  0  0  0  0  0  0  0  0  0  0  0  0  0  0  0  0  0  0  0  0  0  0  0  0  0  0  0  0  0  0  0  0  0  0  0  0  0  0  0  0  0  0  0  0  0  0  0  0  0  0  0.023753000000001023
g  7  7  6.65251  9.654072  13.115652  16.573529  19.86897  22.874417  25.401802  27.237342  28.079401  27.471818  25.196024  21.352461  16.107828  9.855247  3.04367  -3.927048  -10.670839  -16.855326  -22.244836  -26.676848  -30.058119  -32.361067  0  0  0  0  0  0  0  0  0  0  0  0  0  0  0  0  0  0  0  0  0  0  0  0  0  0  0  0  0  0  0  0  0  0  0  0  0  0  0  0  0  0  0  0  0  0  0  0  0  0  0  0  0  0  0  0  0  0  0  0  0  0  0  0  0  -0.37411599999999723
h  7  7  -2.133586  -1.902388  -1.104286  -1.132945  -1.906872  -3.159971  -5.082322  -7.818017  -11.273506  -15.202649  -19.222282  -22.914801  -25.852945  -27.679846  -28.184962  -27.306118  -25.108339  -21.760703  -17.480158  -12.505914  -7.09008  -1.476901  0  0  0  0  0  0  0  0  0  0  0  0  0  0  0  0  0  0  0  0  0  0  0  0  0  0  0  0  0  0  0  0  0  0  0  0  0  0  0  0  0  0  0  0  0  0  0  0  0  0  0  0  0  0  0  0  0  0  0  0  0  0  0  0  0  1.1271090000000001
g  8  0  23.989142  23.815848  24.692507  25.710227  26.494085  26.952754  27.278705  27.649185  27.903661  28.179852  28.48442  28.888049  29.448202  30.113313  30.863232  31.705628  32.605872  33.534986  34.475958  35.411846  36.323666  37.193212  0  0  0  0  0  0  0  0  0  0  0  0  0  0  0  0  0  0  0  0  0  0  0  0  0  0  0  0  0  0  0  0  0  0  0  0  0  0  0  0  0  0  0  0  0  0  0  0  0  0  0  0  0  0  0  0  0  0  0  0  0  0  0  0  0  0.1693830000000034
g  8  1  8.901847  9.796709  12.098427  14.470082  16.715205  18.737415  20.363741  21.499226  22.059054  22.092552  21.636432  20.82322  19.761412  18.576624  17.374526  16.244063  15.259116  14.442302  13.806252  13.352094  13.070678  12.942755  0  0  0  0  0  0  0  0  0  0  0  0  0  0  0  0  0  0  0  0  0  0  0  0  0  0  0  0  0  0  0  0  0  0  0  0  0  0  0  0  0  0  0  0  0  0  0  0  0  0  0  0  0  0  0  0  0  0  0  0  0  0  0  0  0  -0.014597999999999445
h  8  1  10.116725  8.320441  5.662235  3.079723  0.601966  -1.660316  -3.74878  -5.770541  -7.49338  -8.90386  -10.025603  -10.863158  -11.44053  -11.814955  -12.025209  -12.114308  -12.121983  -12.059754  -11.923538  -11.721185  -11.461085  -11.141861  0  0  0  0  0  0  0  0  0  0  0  0  0  0  0  0  0  0  0  0  0  0  0  0  0  0  0  0  0  0  0  0  0  0  0  0  0  0  0  0  0  0  0  0  0  0  0  0  0  0  0  0  0  0  0  0  0  0  0  0  0  0  0  0  0  0.06874799999999937
g  8  2  -16.849747  -17.594721  -18.897784  -19.843936  -20.457294  -20.73414  -20.663097  -20.383945  -19.984661  -19.582539  -19.15924  -18.773972  -18.416598  -18.078044  -17.731813  -17.378908  -17.031653  -16.685552  -16.335382  -15.990493  -15.65917  -15.348351  0  0  0  0  0  0  0  0  0  0  0  0  0  0  0  0  0  0  0  0  0  0  0  0  0  0  0  0  0  0  0  0  0  0  0  0  0  0  0  0  0  0  0  0  0  0  0  0  0  0  0  0  0  0  0  0  0  0  0  0  0  0  0  0  0  0.06002100000000077
h  8  2  -18.381581  -15.432097  -14.354746  -14.325224  -14.889494  -15.388894  -15.764175  -16.091524  -16.226657  -16.205091  -16.012664  -15.589535  -14.900654  -13.928501  -12.705938  -11.291578  -9.732175  -8.075365  -6.362043  -4.630514  -2.916096  -1.242885  0  0  0  0  0  0  0  0  0  0  0  0  0  0  0  0  0  0  0  0  0  0  0  0  0  0  0  0  0  0  0  0  0  0  0  0  0  0  0  0  0  0  0  0  0  0  0  0  0  0  0  0  0  0  0  0  0  0  0  0  0  0  0  0  0  0.33013800000000004
g  8  3  -3.264754  -0.498461  1.142595  2.460709  3.242783  3.388511  3.115246  2.953113  2.964476  3.170971  3.504131  3.800792  4.056801  4.300722  4.484873  4.581377  4.590651  4.521518  4.396289  4.233684  4.04866  3.849807  0  0  0  0  0  0  0  0  0  0  0  0  0  0  0  0  0  0  0  0  0  0  0  0  0  0  0  0  0  0  0  0  0  0  0  0  0  0  0  0  0  0  0  0  0  0  0  0  0  0  0  0  0  0  0  0  0  0  0  0  0  0  0  0  0  -0.040454999999999686
h  8  3  13.30537  12.891289  13.60546  14.464082  15.719691  17.004206  18.142979  19.057614  19.719659  20.287735  20.674037  20.811055  20.744331  20.487529  20.098169  19.640252  19.111242  18.498017  17.805909  17.049953  16.241021  15.380755  0  0  0  0  0  0  0  0  0  0  0  0  0  0  0  0  0  0  0  0  0  0  0  0  0  0  0  0  0  0  0  0  0  0  0  0  0  0  0  0  0  0  0  0  0  0  0  0  0  0  0  0  0  0  0  0  0  0  0  0  0  0  0  0  0  -0.1765559999999997
g  8  4  -20.70534  -21.173777  -22.529038  -23.267963  -23.474072  -23.969336  -24.510155  -25.002083  -25.709775  -26.337049  -27.001157  -27.714397  -28.367414  -28.998825  -29.614039  -30.207971  -30.805864  -31.381941  -31.912511  -32.377533  -32.761918  -33.064831  0  0  0  0  0  0  0  0  0  0  0  0  0  0  0  0  0  0  0  0  0  0  0  0  0  0  0  0  0  0  0  0  0  0  0  0  0  0  0  0  0  0  0  0  0  0  0  0  0  0  0  0  0  0  0  0  0  0  0  0  0  0  0  0  0  -0.05369799999999714
h  8  4  -14.679785  -11.844275  -10.012424  -8.069272  -6.213377  -4.569398  -2.883254  -1.358057  0.245306  1.953442  3.533312  5.031825  6.428621  7.727721  8.98757  10.202641  11.350938  12.433451  13.433146  14.355095  15.175685  15.880623  0  0  0  0  0  0  0  0  0  0  0  0  0  0  0  0  0  0  0  0  0  0  0  0  0  0  0  0  0  0  0  0  0  0  0  0  0  0  0  0  0  0  0  0  0  0  0  0  0  0  0  0  0  0  0  0  0  0  0  0  0  0  0  0  0  0.13141399999999948
g  8  5  13.302122  15.229037  16.390779  17.674649  19.011787  19.970368  20.890914  21.676257  22.268094  22.648307  22.813695  22.737405  22.436942  22.009445  21.513432  20.96089  20.371307  19.75343  19.1094  18.447402  17.758882  17.040051  0  0  0  0  0  0  0  0  0  0  0  0  0  0  0  0  0  0  0  0  0  0  0  0  0  0  0  0  0  0  0  0  0  0  0  0  0  0  0  0  0  0  0  0  0  0  0  0  0  0  0  0  0  0  0  0  0  0  0  0  0  0  0  0  0  -0.14611400000000074
h  8  5  16.180507  14.838386  12.512533  9.953698  7.358004  4.86515  2.450034  0.01573  -2.303572  -4.488336  -6.385202  -7.967834  -9.255881  -10.256544  -11.000605  -11.546378  -11.963019  -12.331154  -12.700051  -13.094296  -13.534115  -14.020874  0  0  0  0  0  0  0  0  0  0  0  0  0  0  0  0  0  0  0  0  0  0  0  0  0  0  0  0  0  0  0  0  0  0  0  0  0  0  0  0  0  0  0  0  0  0  0  0  0  0  0  0  0  0  0  0  0  0  0  0  0  0  0  0  0  -0.10083699999999851
g  8  6  11.661944  13.470454  13.459512  12.805177  11.901201  10.930084  9.904976  8.984679  8.23027  7.7007  7.437874  7.438055  7.649248  8.068089  8.687184  9.489288  10.433591  11.490313  12.626185  13.783671  14.915636  15.976333  0  0  0  0  0  0  0  0  0  0  0  0  0  0  0  0  0  0  0  0  0  0  0  0  0  0  0  0  0  0  0  0  0  0  0  0  0  0  0  0  0  0  0  0  0  0  0  0  0  0  0  0  0  0  0  0  0  0  0  0  0  0  0  0  0  0.2039660000000012
h  8  6  5.715913  3.72358  2.672713  2.134989  2.1101  2.572438  3.51827  4.763326  6.136389  7.544412  8.977458  10.402905  11.801793  13.150793  14.388845  15.463118  16.337222  16.986629  17.379984  17.500788  17.345316  16.913531  0  0  0  0  0  0  0  0  0  0  0  0  0  0  0  0  0  0  0  0  0  0  0  0  0  0  0  0  0  0  0  0  0  0  0  0  0  0  0  0  0  0  0  0  0  0  0  0  0  0  0  0  0  0  0  0  0  0  0  0  0  0  0  0  0  -0.10813800000000029
g  8  7  -15.965138  -16.689798  -17.337142  -17.930753  -18.231019  -18.293258  -18.305035  -18.12403  -17.559074  -16.587896  -15.281949  -13.73459  -12.077857  -10.464627  -8.996547  -7.732544  -6.717386  -5.970782  -5.475589  -5.197124  -5.098283  -5.143109  0  0  0  0  0  0  0  0  0  0  0  0  0  0  0  0  0  0  0  0  0  0  0  0  0  0  0  0  0  0  0  0  0  0  0  0  0  0  0  0  0  0  0  0  0  0  0  0  0  0  0  0  0  0  0  0  0  0  0  0  0  0  0  0  0  -0.01904299999999992
h  8  7  -9.118759  -6.933228  -4.872197  -3.304971  -2.353343  -1.570401  -0.737112  0.17499  1.091164  1.924119  2.527431  2.791539  2.676666  2.1941  1.423652  0.478754  -0.539743  -1.545744  -2.471594  -3.291522  -3.993581  -4.576374  0  0  0  0  0  0  0  0  0  0  0  0  0  0  0  0  0  0  0  0  0  0  0  0  0  0  0  0  0  0  0  0  0  0  0  0  0  0  0  0  0  0  0  0  0  0  0  0  0  0  0  0  0  0  0  0  0  0  0  0  0  0  0  0  0  -0.1073050000000002
g  8  8  -2.019148  -0.351524  1.735943  3.909941  6.043803  8.165041  9.866806  10.941755  11.288101  10.727864  9.140797  6.584135  3.269468  -0.514928  -4.448343  -8.240077  -11.643497  -14.473015  -16.616821  -18.027249  -18.708157  -18.703351  0  0  0  0  0  0  0  0  0  0  0  0  0  0  0  0  0  0  0  0  0  0  0  0  0  0  0  0  0  0  0  0  0  0  0  0  0  0  0  0  0  0  0  0  0  0  0  0  0  0  0  0  0  0  0  0  0  0  0  0  0  0  0  0  0  0.05265199999999837
h  8  8  2.196514  2.796612  2.459091  1.580595  0.07039  -2.046027  -4.583695  -7.648018  -11.147  -14.878323  -18.531944  -21.75014  -24.241199  -25.820913  -26.429629  -26.112975  -24.991142  -23.227136  -21.004637  -18.505241  -15.900307  -13.339567  0  0  0  0  0  0  0  0  0  0  0  0  0  0  0  0  0  0  0  0  0  0  0  0  0  0  0  0  0  0  0  0  0  0  0  0  0  0  0  0  0  0  0  0  0  0  0  0  0  0  0  0  0  0  0  0  0  0  0  0  0  0  0  0  0  0.5024129999999989
g  9  0  5.312974  5.025933  4.915387  4.768917  4.539557  4.234591  3.989721  3.739423  3.550694  3.499424  3.585828  3.782257  4.044209  4.319573  4.563538  4.75496  4.887405  4.957826  4.969841  4.940455  4.87711  4.784118  0  0  0  0  0  0  0  0  0  0  0  0  0  0  0  0  0  0  0  0  0  0  0  0  0  0  0  0  0  0  0  0  0  0  0  0  0  0  0  0  0  0  0  0  0  0  0  0  0  0  0  0  0  0  0  0  0  0  0  0  0  0  0  0  0  -0.020747999999999323
g  9  1  8.892917  8.501097  9.132967  9.861731  10.513542  11.025462  11.348833  11.555333  11.676918  11.688299  11.671496  11.669748  11.70317  11.767572  11.851047  11.948253  12.059397  12.178553  12.295993  12.401717  12.4916  12.563919  0  0  0  0  0  0  0  0  0  0  0  0  0  0  0  0  0  0  0  0  0  0  0  0  0  0  0  0  0  0  0  0  0  0  0  0  0  0  0  0  0  0  0  0  0  0  0  0  0  0  0  0  0  0  0  0  0  0  0  0  0  0  0  0  0  0.012928999999999746
h  9  1  -21.497537  -23.18686  -23.564161  -23.402051  -22.929675  -22.259709  -21.444536  -20.398764  -19.19152  -17.841672  -16.397263  -14.897879  -13.360577  -11.835627  -10.346097  -8.897861  -7.504693  -6.175953  -4.908793  -3.699697  -2.547473  -1.448637  0  0  0  0  0  0  0  0  0  0  0  0  0  0  0  0  0  0  0  0  0  0  0  0  0  0  0  0  0  0  0  0  0  0  0  0  0  0  0  0  0  0  0  0  0  0  0  0  0  0  0  0  0  0  0  0  0  0  0  0  0  0  0  0  0  0.2156800000000001
g  9  2  3.019283  2.930307  3.205107  3.442264  3.742008  4.104214  4.412504  4.698237  4.920603  5.0516  5.124098  5.147278  5.148522  5.143578  5.140059  5.142861  5.159497  5.18544  5.205823  5.209566  5.190208  5.145571  0  0  0  0  0  0  0  0  0  0  0  0  0  0  0  0  0  0  0  0  0  0  0  0  0  0  0  0  0  0  0  0  0  0  0  0  0  0  0  0  0  0  0  0  0  0  0  0  0  0  0  0  0  0  0  0  0  0  0  0  0  0  0  0  0  -0.010910999999999227
h  9  2  10.637921  10.82498  10.24344  9.416698  8.446748  7.302389  6.114629  5.040894  4.116205  3.274538  2.494836  1.801406  1.241188  0.795328  0.419458  0.096512  -0.181254  -0.426701  -0.642527  -0.833628  -1.005689  -1.162446  0  0  0  0  0  0  0  0  0  0  0  0  0  0  0  0  0  0  0  0  0  0  0  0  0  0  0  0  0  0  0  0  0  0  0  0  0  0  0  0  0  0  0  0  0  0  0  0  0  0  0  0  0  0  0  0  0  0  0  0  0  0  0  0  0  -0.03019600000000011
g  9  3  -3.271141  -1.477769  -0.436081  0.170166  0.759867  1.115605  1.403923  1.678265  1.822716  1.965037  2.074295  2.133499  2.176808  2.201466  2.193921  2.171113  2.130167  2.070425  1.998357  1.911236  1.813417  1.703943  0  0  0  0  0  0  0  0  0  0  0  0  0  0  0  0  0  0  0  0  0  0  0  0  0  0  0  0  0  0  0  0  0  0  0  0  0  0  0  0  0  0  0  0  0  0  0  0  0  0  0  0  0  0  0  0  0  0  0  0  0  0  0  0  0  -0.02277499999999999
h  9  3  11.910114  9.970638  9.127538  8.932499  8.906002  8.849  8.838618  8.731876  8.621618  8.565727  8.508893  8.48149  8.48679  8.479146  8.451863  8.393073  8.275341  8.09318  7.845674  7.533356  7.159068  6.728602  0  0  0  0  0  0  0  0  0  0  0  0  0  0  0  0  0  0  0  0  0  0  0  0  0  0  0  0  0  0  0  0  0  0  0  0  0  0  0  0  0  0  0  0  0  0  0  0  0  0  0  0  0  0  0  0  0  0  0  0  0  0  0  0  0  -0.09013099999999952
g  9  4  0.745144  -1.080958  -1.726127  -1.94192  -1.890412  -1.671782  -1.415733  -1.153061  -0.910295  -0.740191  -0.623588  -0.502786  -0.373  -0.226324  -0.047504  0.162033  0.404152  0.682953  0.984978  1.296737  1.613333  1.926315  0  0  0  0  0  0  0  0  0  0  0  0  0  0  0  0  0  0  0  0  0  0  0  0  0  0  0  0  0  0  0  0  0  0  0  0  0  0  0  0  0  0  0  0  0  0  0  0  0  0  0  0  0  0  0  0  0  0  0  0  0  0  0  0  0  0.0618780000000001
h  9  4  -6.837782  -5.294087  -4.455307  -3.45938  -2.528201  -1.788672  -1.225584  -0.70411  -0.226845  0.200351  0.575349  0.898075  1.200282  1.509097  1.820849  2.116807  2.39071  2.628428  2.81889  2.965945  3.071599  3.133534  0  0  0  0  0  0  0  0  0  0  0  0  0  0  0  0  0  0  0  0  0  0  0  0  0  0  0  0  0  0  0  0  0  0  0  0  0  0  0  0  0  0  0  0  0  0  0  0  0  0  0  0  0  0  0  0  0  0  0  0  0  0  0  0  0  0.008853000000000222
g  9  5  -13.291206  -13.285855  -13.812995  -14.319  -14.361838  -14.212896  -14.119114  -13.852351  -13.518664  -13.176634  -12.677061  -12.110504  -11.571777  -11.03886  -10.557578  -10.168269  -9.855921  -9.619159  -9.458381  -9.357966  -9.29768  -9.267321  0  0  0  0  0  0  0  0  0  0  0  0  0  0  0  0  0  0  0  0  0  0  0  0  0  0  0  0  0  0  0  0  0  0  0  0  0  0  0  0  0  0  0  0  0  0  0  0  0  0  0  0  0  0  0  0  0  0  0  0  0  0  0  0  0  0.004410000000000025
h  9  5  -6.95374  -6.29821  -6.736042  -7.11769  -7.46875  -7.992722  -8.335527  -8.560024  -8.837991  -9.027743  -9.159783  -9.318733  -9.473531  -9.639412  -9.845412  -10.05333  -10.238101  -10.40372  -10.537073  -10.614583  -10.628773  -10.574001  0  0  0  0  0  0  0  0  0  0  0  0  0  0  0  0  0  0  0  0  0  0  0  0  0  0  0  0  0  0  0  0  0  0  0  0  0  0  0  0  0  0  0  0  0  0  0  0  0  0  0  0  0  0  0  0  0  0  0  0  0  0  0  0  0  0.017040999999998974
g  9  6  -0.1746  0.99378  1.454214  1.783116  2.155836  2.407286  2.501032  2.348059  1.951758  1.366211  0.592161  -0.36209  -1.432365  -2.552739  -3.676461  -4.763267  -5.786642  -6.71979  -7.540203  -8.234125  -8.791005  -9.205365  0  0  0  0  0  0  0  0  0  0  0  0  0  0  0  0  0  0  0  0  0  0  0  0  0  0  0  0  0  0  0  0  0  0  0  0  0  0  0  0  0  0  0  0  0  0  0  0  0  0  0  0  0  0  0  0  0  0  0  0  0  0  0  0  0  -0.07156100000000087
h  9  6  7.803724  7.844035  7.953548  7.764968  7.316343  6.773411  6.134245  5.29351  4.347533  3.430151  2.588832  1.895284  1.37703  1.016752  0.808185  0.74209  0.797966  0.954949  1.192911  1.490462  1.830802  2.196983  0  0  0  0  0  0  0  0  0  0  0  0  0  0  0  0  0  0  0  0  0  0  0  0  0  0  0  0  0  0  0  0  0  0  0  0  0  0  0  0  0  0  0  0  0  0  0  0  0  0  0  0  0  0  0  0  0  0  0  0  0  0  0  0  0  0.0743459999999998
g  9  7  8.53035  8.737013  7.669754  6.108861  4.369111  2.63276  0.942985  -0.641779  -2.052035  -3.268871  -4.329339  -5.20435  -5.902939  -6.470763  -6.930511  -7.309822  -7.636954  -7.933339  -8.210448  -8.468211  -8.699534  -8.896357  0  0  0  0  0  0  0  0  0  0  0  0  0  0  0  0  0  0  0  0  0  0  0  0  0  0  0  0  0  0  0  0  0  0  0  0  0  0  0  0  0  0  0  0  0  0  0  0  0  0  0  0  0  0  0  0  0  0  0  0  0  0  0  0  0  -0.036327
h  9  7  1.016132  0.374536  -0.51066  -1.205437  -1.469947  -1.417026  -1.302479  -1.103249  -0.901641  -0.697399  -0.456669  -0.19636  0.055938  0.288727  0.489145  0.652034  0.778438  0.876202  0.962211  1.051991  1.15635  1.278526  0  0  0  0  0  0  0  0  0  0  0  0  0  0  0  0  0  0  0  0  0  0  0  0  0  0  0  0  0  0  0  0  0  0  0  0  0  0  0  0  0  0  0  0  0  0  0  0  0  0  0  0  0  0  0  0  0  0  0  0  0  0  0  0  0  0.025965000000000016
g  9  8  -9.09818  -9.265003  -9.10729  -8.456934  -7.419419  -6.15774  -4.750353  -3.204678  -1.537738  0.183147  1.866251  3.406301  4.696986  5.653962  6.236663  6.443747  6.31013  5.893632  5.265057  4.504855  3.686791  2.874482  0  0  0  0  0  0  0  0  0  0  0  0  0  0  0  0  0  0  0  0  0  0  0  0  0  0  0  0  0  0  0  0  0  0  0  0  0  0  0  0  0  0  0  0  0  0  0  0  0  0  0  0  0  0  0  0  0  0  0  0  0  0  0  0  0  -0.159316
h  9  8  -4.012988  -1.545567  0.312131  1.720839  2.801065  3.655101  4.159411  4.493743  4.659368  4.558206  4.170665  3.478292  2.523429  1.395124  0.196554  -0.979658  -2.051948  -2.956153  -3.644957  -4.09531  -4.307899  -4.303821  0  0  0  0  0  0  0  0  0  0  0  0  0  0  0  0  0  0  0  0  0  0  0  0  0  0  0  0  0  0  0  0  0  0  0  0  0  0  0  0  0  0  0  0  0  0  0  0  0  0  0  0  0  0  0  0  0  0  0  0  0  0  0  0  0  0.016917999999999545
g  9  9  -10.460558  -11.605151  -11.161808  -10.489365  -9.576473  -8.461491  -7.46601  -6.691126  -6.211069  -6.093605  -6.342217  -6.90278  -7.661371  -8.471409  -9.193145  -9.701112  -9.905123  -9.759645  -9.259754  -8.432822  -7.325706  -5.993838  0  0  0  0  0  0  0  0  0  0  0  0  0  0  0  0  0  0  0  0  0  0  0  0  0  0  0  0  0  0  0  0  0  0  0  0  0  0  0  0  0  0  0  0  0  0  0  0  0  0  0  0  0  0  0  0  0  0  0  0  0  0  0  0  0  0.2815259999999995
h  9  9  8.363212  9.58605  10.185033  10.357903  10.193988  9.71556  8.951206  7.858997  6.509461  5.057951  3.662757  2.500796  1.717769  1.386467  1.507359  2.026503  2.847008  3.853306  4.927664  5.96527  6.880305  7.603753  0  0  0  0  0  0  0  0  0  0  0  0  0  0  0  0  0  0  0  0  0  0  0  0  0  0  0  0  0  0  0  0  0  0  0  0  0  0  0  0  0  0  0  0  0  0  0  0  0  0  0  0  0  0  0  0  0  0  0  0  0  0  0  0  0  0.12663700000000055
g  10  0  -1.987457  -1.931083  -1.804087  -1.55547  -1.507301  -1.477833  -1.493573  -1.518271  -1.487468  -1.417902  -1.280466  -1.087823  -0.847177  -0.573999  -0.287314  0.003823  0.283007  0.532793  0.738677  0.894268  0.995332  1.042281  0  0  0  0  0  0  0  0  0  0  0  0  0  0  0  0  0  0  0  0  0  0  0  0  0  0  0  0  0  0  0  0  0  0  0  0  0  0  0  0  0  0  0  0  0  0  0  0  0  0  0  0  0  0  0  0  0  0  0  0  0  0  0  0  0  0.005258999999999903
g  10  1  -6.195115  -6.163254  -5.522811  -4.620572  -3.569719  -2.502934  -1.492062  -0.566379  0.218062  0.835909  1.291781  1.586026  1.746554  1.815275  1.826639  1.800161  1.750047  1.683921  1.604524  1.517826  1.426244  1.331314  0  0  0  0  0  0  0  0  0  0  0  0  0  0  0  0  0  0  0  0  0  0  0  0  0  0  0  0  0  0  0  0  0  0  0  0  0  0  0  0  0  0  0  0  0  0  0  0  0  0  0  0  0  0  0  0  0  0  0  0  0  0  0  0  0  -0.019259999999999833
h  10  1  3.344569  3.567181  4.229748  5.062447  5.817959  6.556751  7.244916  7.790856  8.240248  8.665  9.074705  9.465661  9.83134  10.142069  10.383485  10.54933  10.628755  10.615513  10.50655  10.303198  10.010651  9.643671  0  0  0  0  0  0  0  0  0  0  0  0  0  0  0  0  0  0  0  0  0  0  0  0  0  0  0  0  0  0  0  0  0  0  0  0  0  0  0  0  0  0  0  0  0  0  0  0  0  0  0  0  0  0  0  0  0  0  0  0  0  0  0  0  0  -0.07854299999999981
g  10  2  0.125546  -0.204264  -0.964206  -1.678391  -2.304161  -2.822976  -3.180156  -3.37397  -3.411415  -3.293862  -3.0219  -2.631963  -2.155382  -1.615063  -1.036896  -0.438302  0.156434  0.723198  1.245586  1.71  2.110348  2.445609  0  0  0  0  0  0  0  0  0  0  0  0  0  0  0  0  0  0  0  0  0  0  0  0  0  0  0  0  0  0  0  0  0  0  0  0  0  0  0  0  0  0  0  0  0  0  0  0  0  0  0  0  0  0  0  0  0  0  0  0  0  0  0  0  0  0.06183100000000019
h  10  2  -0.371336  -0.119256  0.135893  0.255242  0.213309  0.19019  0.225375  0.284348  0.359441  0.486585  0.627834  0.776403  0.931071  1.081641  1.214155  1.318688  1.393271  1.442197  1.468171  1.469508  1.444337  1.389395  0  0  0  0  0  0  0  0  0  0  0  0  0  0  0  0  0  0  0  0  0  0  0  0  0  0  0  0  0  0  0  0  0  0  0  0  0  0  0  0  0  0  0  0  0  0  0  0  0  0  0  0  0  0  0  0  0  0  0  0  0  0  0  0  0  -0.013468000000000035
g  10  3  0.43606  1.647492  1.946028  1.876627  1.692719  1.46306  1.179123  0.809803  0.41105  -0.001994  -0.408445  -0.813838  -1.231443  -1.631588  -1.985819  -2.278877  -2.506964  -2.669545  -2.773189  -2.826042  -2.832665  -2.796055  0  0  0  0  0  0  0  0  0  0  0  0  0  0  0  0  0  0  0  0  0  0  0  0  0  0  0  0  0  0  0  0  0  0  0  0  0  0  0  0  0  0  0  0  0  0  0  0  0  0  0  0  0  0  0  0  0  0  0  0  0  0  0  0  0  0.010531999999999986
h  10  3  4.703332  3.738277  3.870207  4.06774  4.289431  4.435312  4.560548  4.600875  4.546895  4.420344  4.2784  4.148856  4.052793  3.999167  3.986109  4.018992  4.092785  4.191923  4.300626  4.405577  4.498173  4.572892  0  0  0  0  0  0  0  0  0  0  0  0  0  0  0  0  0  0  0  0  0  0  0  0  0  0  0  0  0  0  0  0  0  0  0  0  0  0  0  0  0  0  0  0  0  0  0  0  0  0  0  0  0  0  0  0  0  0  0  0  0  0  0  0  0  0.013286000000000797
g  10  4  -0.475028  -0.858713  -0.926221  -1.031474  -1.149527  -1.383881  -1.743635  -2.116558  -2.47162  -2.832937  -3.134606  -3.381083  -3.56848  -3.661169  -3.669968  -3.603121  -3.464864  -3.265333  -3.012471  -2.716848  -2.38989  -2.046425  0  0  0  0  0  0  0  0  0  0  0  0  0  0  0  0  0  0  0  0  0  0  0  0  0  0  0  0  0  0  0  0  0  0  0  0  0  0  0  0  0  0  0  0  0  0  0  0  0  0  0  0  0  0  0  0  0  0  0  0  0  0  0  0  0  0.06919499999999967
h  10  4  4.385688  4.817622  5.037951  5.244502  5.642146  6.033653  6.40399  6.741667  6.991266  7.214237  7.402747  7.519069  7.585445  7.612511  7.602151  7.569089  7.508136  7.41536  7.291417  7.135544  6.951003  6.738077  0  0  0  0  0  0  0  0  0  0  0  0  0  0  0  0  0  0  0  0  0  0  0  0  0  0  0  0  0  0  0  0  0  0  0  0  0  0  0  0  0  0  0  0  0  0  0  0  0  0  0  0  0  0  0  0  0  0  0  0  0  0  0  0  0  -0.04474700000000009
g  10  5  1.731724  0.701468  -0.215472  -1.087763  -1.818591  -2.357471  -2.793284  -3.057329  -3.198381  -3.215513  -3.131119  -2.972987  -2.759446  -2.489464  -2.161  -1.785981  -1.379111  -0.952708  -0.519969  -0.094249  0.3135  0.688216  0  0  0  0  0  0  0  0  0  0  0  0  0  0  0  0  0  0  0  0  0  0  0  0  0  0  0  0  0  0  0  0  0  0  0  0  0  0  0  0  0  0  0  0  0  0  0  0  0  0  0  0  0  0  0  0  0  0  0  0  0  0  0  0  0  0.07172200000000006
h  10  5  -7.87984  -8.633074  -9.289649  -9.712188  -9.840134  -9.717732  -9.438028  -9.064971  -8.638168  -8.154175  -7.619303  -7.049013  -6.474571  -5.912193  -5.365385  -4.835735  -4.329989  -3.860192  -3.433878  -3.056482  -2.734882  -2.471949  0  0  0  0  0  0  0  0  0  0  0  0  0  0  0  0  0  0  0  0  0  0  0  0  0  0  0  0  0  0  0  0  0  0  0  0  0  0  0  0  0  0  0  0  0  0  0  0  0  0  0  0  0  0  0  0  0  0  0  0  0  0  0  0  0  0.04804900000000023
g  10  6  -0.600781  -0.828058  -0.601193  -0.492468  -0.507039  -0.565897  -0.727722  -0.951957  -1.135269  -1.255415  -1.30285  -1.25791  -1.158593  -1.0376  -0.90086  -0.755386  -0.610538  -0.467301  -0.320443  -0.170812  -0.020871  0.12757  0  0  0  0  0  0  0  0  0  0  0  0  0  0  0  0  0  0  0  0  0  0  0  0  0  0  0  0  0  0  0  0  0  0  0  0  0  0  0  0  0  0  0  0  0  0  0  0  0  0  0  0  0  0  0  0  0  0  0  0  0  0  0  0  0  0.029437999999999992
h  10  6  -0.607716  -0.081853  0.49381  0.950065  1.417082  1.796121  2.108391  2.462407  2.806754  3.096332  3.34185  3.526794  3.631319  3.66164  3.625079  3.523408  3.361022  3.149041  2.898846  2.616735  2.312519  1.995214  0  0  0  0  0  0  0  0  0  0  0  0  0  0  0  0  0  0  0  0  0  0  0  0  0  0  0  0  0  0  0  0  0  0  0  0  0  0  0  0  0  0  0  0  0  0  0  0  0  0  0  0  0  0  0  0  0  0  0  0  0  0  0  0  0  -0.06413200000000008
g  10  7  2.13534  1.949102  2.16723  2.299468  2.297585  2.270422  2.211112  2.056099  1.793908  1.407693  0.912072  0.366651  -0.183411  -0.705653  -1.177663  -1.584386  -1.920866  -2.188311  -2.391469  -2.534956  -2.627847  -2.678054  0  0  0  0  0  0  0  0  0  0  0  0  0  0  0  0  0  0  0  0  0  0  0  0  0  0  0  0  0  0  0  0  0  0  0  0  0  0  0  0  0  0  0  0  0  0  0  0  0  0  0  0  0  0  0  0  0  0  0  0  0  0  0  0  0  -0.007001999999999953
h  10  7  -4.223013  -4.339597  -4.827858  -5.220655  -5.655114  -6.185365  -6.719697  -7.259306  -7.772657  -8.235832  -8.592478  -8.811818  -8.897115  -8.872625  -8.769043  -8.613008  -8.424424  -8.217437  -8.000303  -7.78028  -7.56323  -7.353004  0  0  0  0  0  0  0  0  0  0  0  0  0  0  0  0  0  0  0  0  0  0  0  0  0  0  0  0  0  0  0  0  0  0  0  0  0  0  0  0  0  0  0  0  0  0  0  0  0  0  0  0  0  0  0  0  0  0  0  0  0  0  0  0  0  0.04132299999999933
g  10  8  2.37217  1.465505  0.698864  -0.00469  -0.654187  -1.157998  -1.498837  -1.735829  -1.863523  -1.890613  -1.855541  -1.778444  -1.669502  -1.561834  -1.477107  -1.426926  -1.421188  -1.461689  -1.545379  -1.663655  -1.807248  -1.967792  0  0  0  0  0  0  0  0  0  0  0  0  0  0  0  0  0  0  0  0  0  0  0  0  0  0  0  0  0  0  0  0  0  0  0  0  0  0  0  0  0  0  0  0  0  0  0  0  0  0  0  0  0  0  0  0  0  0  0  0  0  0  0  0  0  -0.033109000000000055
h  10  8  -2.83518  -3.462957  -3.871573  -4.064578  -4.138452  -4.171215  -4.115357  -4.022464  -3.915662  -3.80606  -3.704078  -3.612536  -3.550668  -3.528046  -3.539949  -3.581291  -3.642726  -3.710351  -3.771838  -3.815598  -3.834574  -3.824225  0  0  0  0  0  0  0  0  0  0  0  0  0  0  0  0  0  0  0  0  0  0  0  0  0  0  0  0  0  0  0  0  0  0  0  0  0  0  0  0  0  0  0  0  0  0  0  0  0  0  0  0  0  0  0  0  0  0  0  0  0  0  0  0  0  0.004653999999999936
g  10  9  -1.77401  -2.361263  -2.668319  -2.688675  -2.509179  -2.22844  -1.829459  -1.341127  -0.742917  -0.058558  0.66844  1.388811  2.034128  2.54954  2.903705  3.082994  3.0886  2.94076  2.668017  2.304293  1.885969  1.450717  0  0  0  0  0  0  0  0  0  0  0  0  0  0  0  0  0  0  0  0  0  0  0  0  0  0  0  0  0  0  0  0  0  0  0  0  0  0  0  0  0  0  0  0  0  0  0  0  0  0  0  0  0  0  0  0  0  0  0  0  0  0  0  0  0  -0.086754
h  10  9  -1.249514  -0.158066  0.609832  1.362113  2.150835  2.870879  3.477047  3.977671  4.365643  4.596379  4.622835  4.436506  4.04851  3.497085  2.836215  2.119371  1.399552  0.72558  0.136592  -0.340254  -0.689617  -0.909408  0  0  0  0  0  0  0  0  0  0  0  0  0  0  0  0  0  0  0  0  0  0  0  0  0  0  0  0  0  0  0  0  0  0  0  0  0  0  0  0  0  0  0  0  0  0  0  0  0  0  0  0  0  0  0  0  0  0  0  0  0  0  0  0  0  -0.033943999999999974
g  10  10  -3.477742  -3.800944  -3.594518  -3.344093  -3.162778  -2.958209  -2.728728  -2.536172  -2.450603  -2.527257  -2.764213  -3.137372  -3.582939  -4.015189  -4.353149  -4.529654  -4.503277  -4.27091  -3.857281  -3.303372  -2.657208  -1.967298  0  0  0  0  0  0  0  0  0  0  0  0  0  0  0  0  0  0  0  0  0  0  0  0  0  0  0  0  0  0  0  0  0  0  0  0  0  0  0  0  0  0  0  0  0  0  0  0  0  0  0  0  0  0  0  0  0  0  0  0  0  0  0  0  0  0.13916700000000004
h  10  10  -8.61849  -8.774723  -8.774346  -8.771543  -8.764733  -8.763282  -8.796274  -8.885421  -9.035675  -9.161144  -9.167297  -8.98455  -8.555202  -7.870999  -6.967257  -5.908969  -4.781037  -3.670138  -2.650041  -1.775791  -1.077506  -0.565938  0  0  0  0  0  0  0  0  0  0  0  0  0  0  0  0  0  0  0  0  0  0  0  0  0  0  0  0  0  0  0  0  0  0  0  0  0  0  0  0  0  0  0  0  0  0  0  0  0  0  0  0  0  0  0  0  0  0  0  0  0  0  0  0  0  0.087333
g  11  0  3.033212  2.961501  3.005447  2.970027  2.886517  2.745561  2.550623  2.346344  2.135462  1.921993  1.719668  1.526607  1.336121  1.150802  0.973369  0.801811  0.637437  0.479718  0.324031  0.168369  0.012373  -0.145311  0  0  0  0  0  0  0  0  0  0  0  0  0  0  0  0  0  0  0  0  0  0  0  0  0  0  0  0  0  0  0  0  0  0  0  0  0  0  0  0  0  0  0  0  0  0  0  0  0  0  0  0  0  0  0  0  0  0  0  0  0  0  0  0  0  -0.03164199999999999
g  11  1  -1.387913  -1.339088  -1.242194  -1.126159  -1.016159  -0.958216  -0.937888  -0.955159  -1.005559  -1.076713  -1.171562  -1.281868  -1.395817  -1.50248  -1.598414  -1.682959  -1.75744  -1.82407  -1.88365  -1.936393  -1.980943  -2.017337  0  0  0  0  0  0  0  0  0  0  0  0  0  0  0  0  0  0  0  0  0  0  0  0  0  0  0  0  0  0  0  0  0  0  0  0  0  0  0  0  0  0  0  0  0  0  0  0  0  0  0  0  0  0  0  0  0  0  0  0  0  0  0  0  0  -0.006762000000000157
h  11  1  0.114763  0.063308  0.123927  0.330681  0.590531  0.899697  1.215863  1.52647  1.835795  2.125645  2.386225  2.614126  2.810174  2.972137  3.100945  3.19831  3.26386  3.299573  3.308552  3.292846  3.255467  3.198247  0  0  0  0  0  0  0  0  0  0  0  0  0  0  0  0  0  0  0  0  0  0  0  0  0  0  0  0  0  0  0  0  0  0  0  0  0  0  0  0  0  0  0  0  0  0  0  0  0  0  0  0  0  0  0  0  0  0  0  0  0  0  0  0  0  -0.01299700000000037
g  11  2  -2.213958  -2.479768  -2.436284  -2.313983  -2.17356  -2.043904  -1.930824  -1.817848  -1.678065  -1.537142  -1.41401  -1.311614  -1.225158  -1.149452  -1.083743  -1.029419  -0.98228  -0.938301  -0.897772  -0.860141  -0.822397  -0.782498  0  0  0  0  0  0  0  0  0  0  0  0  0  0  0  0  0  0  0  0  0  0  0  0  0  0  0  0  0  0  0  0  0  0  0  0  0  0  0  0  0  0  0  0  0  0  0  0  0  0  0  0  0  0  0  0  0  0  0  0  0  0  0  0  0  0.008282000000000012
h  11  2  2.007705  2.443333  2.506099  2.36762  2.101378  1.792093  1.47552  1.201466  0.962396  0.758513  0.577684  0.418105  0.276667  0.15916  0.065234  -0.011254  -0.073672  -0.126007  -0.173908  -0.217946  -0.259124  -0.299541  0  0  0  0  0  0  0  0  0  0  0  0  0  0  0  0  0  0  0  0  0  0  0  0  0  0  0  0  0  0  0  0  0  0  0  0  0  0  0  0  0  0  0  0  0  0  0  0  0  0  0  0  0  0  0  0  0  0  0  0  0  0  0  0  0  -0.008089000000000013
g  11  3  1.991584  2.30875  2.262292  2.077027  1.95513  1.880834  1.815514  1.768224  1.735537  1.710922  1.706509  1.698333  1.674025  1.635025  1.575471  1.496913  1.408046  1.312428  1.214298  1.11573  1.016842  0.916513  0  0  0  0  0  0  0  0  0  0  0  0  0  0  0  0  0  0  0  0  0  0  0  0  0  0  0  0  0  0  0  0  0  0  0  0  0  0  0  0  0  0  0  0  0  0  0  0  0  0  0  0  0  0  0  0  0  0  0  0  0  0  0  0  0  -0.02030900000000002
h  11  3  -0.588154  -0.519494  -0.341712  -0.04501  0.221955  0.428413  0.558851  0.62696  0.620668  0.570714  0.495916  0.402177  0.316895  0.246947  0.192835  0.163894  0.160899  0.177502  0.211261  0.257138  0.308938  0.362704  0  0  0  0  0  0  0  0  0  0  0  0  0  0  0  0  0  0  0  0  0  0  0  0  0  0  0  0  0  0  0  0  0  0  0  0  0  0  0  0  0  0  0  0  0  0  0  0  0  0  0  0  0  0  0  0  0  0  0  0  0  0  0  0  0  0.010812000000000044
g  11  4  -0.743871  -0.894427  -0.870388  -0.708759  -0.432431  -0.154317  0.054503  0.209293  0.330625  0.429508  0.505841  0.556074  0.581712  0.586256  0.568459  0.522755  0.445063  0.339196  0.211891  0.067254  -0.088463  -0.248678  0  0  0  0  0  0  0  0  0  0  0  0  0  0  0  0  0  0  0  0  0  0  0  0  0  0  0  0  0  0  0  0  0  0  0  0  0  0  0  0  0  0  0  0  0  0  0  0  0  0  0  0  0  0  0  0  0  0  0  0  0  0  0  0  0  -0.03214600000000001
h  11  4  -1.172378  -0.398881  0.196827  0.764288  1.260789  1.681593  2.049777  2.347602  2.579065  2.745057  2.853431  2.902695  2.891758  2.833443  2.744738  2.637925  2.524355  2.415226  2.317948  2.23943  2.183785  2.149301  0  0  0  0  0  0  0  0  0  0  0  0  0  0  0  0  0  0  0  0  0  0  0  0  0  0  0  0  0  0  0  0  0  0  0  0  0  0  0  0  0  0  0  0  0  0  0  0  0  0  0  0  0  0  0  0  0  0  0  0  0  0  0  0  0  -0.005377000000000187
g  11  5  0.626451  0.325087  0.25639  0.190402  0.160704  0.188415  0.178899  0.16318  0.161406  0.153249  0.151609  0.161033  0.158341  0.143439  0.122825  0.081758  0.019715  -0.055639  -0.140611  -0.231117  -0.320104  -0.402891  0  0  0  0  0  0  0  0  0  0  0  0  0  0  0  0  0  0  0  0  0  0  0  0  0  0  0  0  0  0  0  0  0  0  0  0  0  0  0  0  0  0  0  0  0  0  0  0  0  0  0  0  0  0  0  0  0  0  0  0  0  0  0  0  0  -0.016000999999999987
h  11  5  0.725433  0.635397  0.275606  -0.062983  -0.343295  -0.605016  -0.862549  -1.076477  -1.299695  -1.50726  -1.656562  -1.774305  -1.870708  -1.94089  -1.995359  -2.034701  -2.049744  -2.041726  -2.012694  -1.959766  -1.880547  -1.777733  0  0  0  0  0  0  0  0  0  0  0  0  0  0  0  0  0  0  0  0  0  0  0  0  0  0  0  0  0  0  0  0  0  0  0  0  0  0  0  0  0  0  0  0  0  0  0  0  0  0  0  0  0  0  0  0  0  0  0  0  0  0  0  0  0  0.022359999999999935
g  11  6  -0.741677  -0.677986  -0.82624  -1.034212  -1.206852  -1.313196  -1.362656  -1.410288  -1.46269  -1.493871  -1.500915  -1.499758  -1.510005  -1.533595  -1.569216  -1.61743  -1.674737  -1.739065  -1.808156  -1.878269  -1.946845  -2.011751  0  0  0  0  0  0  0  0  0  0  0  0  0  0  0  0  0  0  0  0  0  0  0  0  0  0  0  0  0  0  0  0  0  0  0  0  0  0  0  0  0  0  0  0  0  0  0  0  0  0  0  0  0  0  0  0  0  0  0  0  0  0  0  0  0  -0.012543999999999889
h  11  6  -0.131103  -0.093221  0.346143  0.75449  1.089033  1.38086  1.636946  1.83156  1.942392  1.984913  1.978242  1.94021  1.883163  1.810062  1.722902  1.632513  1.548765  1.476648  1.419954  1.380745  1.3607  1.35903  0  0  0  0  0  0  0  0  0  0  0  0  0  0  0  0  0  0  0  0  0  0  0  0  0  0  0  0  0  0  0  0  0  0  0  0  0  0  0  0  0  0  0  0  0  0  0  0  0  0  0  0  0  0  0  0  0  0  0  0  0  0  0  0  0  0.0010710000000000441
g  11  7  0.166299  -0.068799  -0.174293  -0.253253  -0.340085  -0.368417  -0.337852  -0.308312  -0.271138  -0.226219  -0.19422  -0.184577  -0.195137  -0.230223  -0.286261  -0.351129  -0.410558  -0.451313  -0.462998  -0.438348  -0.376019  -0.275506  0  0  0  0  0  0  0  0  0  0  0  0  0  0  0  0  0  0  0  0  0  0  0  0  0  0  0  0  0  0  0  0  0  0  0  0  0  0  0  0  0  0  0  0  0  0  0  0  0  0  0  0  0  0  0  0  0  0  0  0  0  0  0  0  0  0.02310200000000001
h  11  7  -2.12104  -1.686123  -1.360682  -1.114647  -0.882177  -0.63876  -0.43656  -0.261912  -0.093715  0.038313  0.133911  0.211669  0.275403  0.331735  0.387635  0.451863  0.529337  0.619987  0.721071  0.828423  0.937018  1.040264  0  0  0  0  0  0  0  0  0  0  0  0  0  0  0  0  0  0  0  0  0  0  0  0  0  0  0  0  0  0  0  0  0  0  0  0  0  0  0  0  0  0  0  0  0  0  0  0  0  0  0  0  0  0  0  0  0  0  0  0  0  0  0  0  0  0.019916000000000045
g  11  8  1.781271  1.546661  1.604172  1.673805  1.788913  1.957783  2.139568  2.309551  2.447053  2.541187  2.593431  2.610497  2.603418  2.573967  2.522535  2.451874  2.361612  2.253352  2.131981  2.006202  1.885557  1.777082  0  0  0  0  0  0  0  0  0  0  0  0  0  0  0  0  0  0  0  0  0  0  0  0  0  0  0  0  0  0  0  0  0  0  0  0  0  0  0  0  0  0  0  0  0  0  0  0  0  0  0  0  0  0  0  0  0  0  0  0  0  0  0  0  0  -0.020422999999999858
h  11  8  -1.383159  -1.570642  -1.560062  -1.488777  -1.45192  -1.435997  -1.427953  -1.439571  -1.477339  -1.537449  -1.609104  -1.680075  -1.748377  -1.812667  -1.867639  -1.912121  -1.943935  -1.957026  -1.944175  -1.900838  -1.828041  -1.730021  0  0  0  0  0  0  0  0  0  0  0  0  0  0  0  0  0  0  0  0  0  0  0  0  0  0  0  0  0  0  0  0  0  0  0  0  0  0  0  0  0  0  0  0  0  0  0  0  0  0  0  0  0  0  0  0  0  0  0  0  0  0  0  0  0  0.021401000000000003
g  11  9  -0.102519  -0.570017  -0.763679  -0.957452  -1.11334  -1.204501  -1.232852  -1.194454  -1.12417  -1.030457  -0.922837  -0.813921  -0.708496  -0.609504  -0.527379  -0.466632  -0.427324  -0.408784  -0.409116  -0.424109  -0.44791  -0.474805  0  0  0  0  0  0  0  0  0  0  0  0  0  0  0  0  0  0  0  0  0  0  0  0  0  0  0  0  0  0  0  0  0  0  0  0  0  0  0  0  0  0  0  0  0  0  0  0  0  0  0  0  0  0  0  0  0  0  0  0  0  0  0  0  0  -0.005404999999999993
h  11  9  -2.517051  -2.962423  -3.149839  -3.205123  -3.145556  -3.025569  -2.864202  -2.690407  -2.510596  -2.33712  -2.185175  -2.062721  -1.971555  -1.912643  -1.884161  -1.879031  -1.888304  -1.899903  -1.901149  -1.88154  -1.835528  -1.762171  0  0  0  0  0  0  0  0  0  0  0  0  0  0  0  0  0  0  0  0  0  0  0  0  0  0  0  0  0  0  0  0  0  0  0  0  0  0  0  0  0  0  0  0  0  0  0  0  0  0  0  0  0  0  0  0  0  0  0  0  0  0  0  0  0  0.016808000000000156
g  11  10  0.491496  0.189059  -0.051149  -0.250108  -0.406799  -0.504421  -0.559678  -0.545417  -0.454953  -0.298731  -0.105837  0.087705  0.251133  0.36314  0.417971  0.420146  0.379501  0.308223  0.219869  0.127302  0.041394  -0.030379  0  0  0  0  0  0  0  0  0  0  0  0  0  0  0  0  0  0  0  0  0  0  0  0  0  0  0  0  0  0  0  0  0  0  0  0  0  0  0  0  0  0  0  0  0  0  0  0  0  0  0  0  0  0  0  0  0  0  0  0  0  0  0  0  0  -0.012996999999999998
h  11  10  -2.008106  -1.99215  -2.007017  -1.948756  -1.829843  -1.672173  -1.453353  -1.194142  -0.939685  -0.725295  -0.575101  -0.497075  -0.481408  -0.507495  -0.551593  -0.590499  -0.607777  -0.592859  -0.542743  -0.459395  -0.349457  -0.222156  0  0  0  0  0  0  0  0  0  0  0  0  0  0  0  0  0  0  0  0  0  0  0  0  0  0  0  0  0  0  0  0  0  0  0  0  0  0  0  0  0  0  0  0  0  0  0  0  0  0  0  0  0  0  0  0  0  0  0  0  0  0  0  0  0  0.026398000000000005
g  11  11  3.526681  3.164223  3.137193  3.108933  3.025091  2.920784  2.823014  2.698557  2.510147  2.245754  1.916914  1.553342  1.195171  0.88647  0.66623  0.557627  0.564109  0.671198  0.850617  1.068996  1.295189  1.503704  0  0  0  0  0  0  0  0  0  0  0  0  0  0  0  0  0  0  0  0  0  0  0  0  0  0  0  0  0  0  0  0  0  0  0  0  0  0  0  0  0  0  0  0  0  0  0  0  0  0  0  0  0  0  0  0  0  0  0  0  0  0  0  0  0  0.039229999999999876
h  11  11  -2.24863  -2.513128  -2.47485  -2.468515  -2.487765  -2.48462  -2.44725  -2.389262  -2.316318  -2.215251  -2.054299  -1.80503  -1.46081  -1.035016  -0.556355  -0.0642  0.399807  0.797886  1.103349  1.303805  1.398479  1.394363  0  0  0  0  0  0  0  0  0  0  0  0  0  0  0  0  0  0  0  0  0  0  0  0  0  0  0  0  0  0  0  0  0  0  0  0  0  0  0  0  0  0  0  0  0  0  0  0  0  0  0  0  0  0  0  0  0  0  0  0  0  0  0  0  0  -0.008175999999999961
g  12  0  -2.036007  -1.931155  -1.741602  -1.519431  -1.304015  -1.128126  -0.963088  -0.819515  -0.690273  -0.581169  -0.49496  -0.421566  -0.367151  -0.329253  -0.301654  -0.281889  -0.268734  -0.261053  -0.25978  -0.265267  -0.277244  -0.294584  0  0  0  0  0  0  0  0  0  0  0  0  0  0  0  0  0  0  0  0  0  0  0  0  0  0  0  0  0  0  0  0  0  0  0  0  0  0  0  0  0  0  0  0  0  0  0  0  0  0  0  0  0  0  0  0  0  0  0  0  0  0  0  0  0  -0.003790999999999989
g  12  1  -0.190136  -0.182832  -0.243174  -0.25484  -0.249785  -0.240049  -0.225948  -0.196229  -0.164188  -0.13343  -0.106732  -0.082657  -0.059414  -0.033233  6.3e-05  0.040903  0.088033  0.141779  0.200504  0.261486  0.322036  0.379715  0  0  0  0  0  0  0  0  0  0  0  0  0  0  0  0  0  0  0  0  0  0  0  0  0  0  0  0  0  0  0  0  0  0  0  0  0  0  0  0  0  0  0  0  0  0  0  0  0  0  0  0  0  0  0  0  0  0  0  0  0  0  0  0  0  0.011202000000000045
h  12  1  -0.998158  -1.11009  -1.128867  -1.062475  -0.955372  -0.837523  -0.724465  -0.628869  -0.561613  -0.513819  -0.47794  -0.45957  -0.457497  -0.469098  -0.493973  -0.530266  -0.574715  -0.624803  -0.677796  -0.730325  -0.779521  -0.822582  0  0  0  0  0  0  0  0  0  0  0  0  0  0  0  0  0  0  0  0  0  0  0  0  0  0  0  0  0  0  0  0  0  0  0  0  0  0  0  0  0  0  0  0  0  0  0  0  0  0  0  0  0  0  0  0  0  0  0  0  0  0  0  0  0  -0.007968000000000086
g  12  2  0.410048  0.439417  0.433632  0.409012  0.346853  0.214203  0.036401  -0.160816  -0.356187  -0.541218  -0.709338  -0.859154  -0.994481  -1.112505  -1.21053  -1.291034  -1.355958  -1.407575  -1.449657  -1.48385  -1.510932  -1.53116  0  0  0  0  0  0  0  0  0  0  0  0  0  0  0  0  0  0  0  0  0  0  0  0  0  0  0  0  0  0  0  0  0  0  0  0  0  0  0  0  0  0  0  0  0  0  0  0  0  0  0  0  0  0  0  0  0  0  0  0  0  0  0  0  0  -0.003495000000000026
h  12  2  0.284139  0.404988  0.413805  0.382573  0.301764  0.211954  0.126745  0.064351  0.033148  0.037722  0.07721  0.127702  0.180623  0.232109  0.277511  0.315014  0.343746  0.364259  0.377209  0.384095  0.386063  0.383648  0  0  0  0  0  0  0  0  0  0  0  0  0  0  0  0  0  0  0  0  0  0  0  0  0  0  0  0  0  0  0  0  0  0  0  0  0  0  0  0  0  0  0  0  0  0  0  0  0  0  0  0  0  0  0  0  0  0  0  0  0  0  0  0  0  -0.0008299999999999974
g  12  3  1.184063  1.28558  1.302394  1.285419  1.244727  1.183813  1.096782  0.985866  0.857932  0.726258  0.598919  0.48505  0.383763  0.294187  0.218705  0.158895  0.115676  0.088457  0.075391  0.074136  0.083177  0.100902  0  0  0  0  0  0  0  0  0  0  0  0  0  0  0  0  0  0  0  0  0  0  0  0  0  0  0  0  0  0  0  0  0  0  0  0  0  0  0  0  0  0  0  0  0  0  0  0  0  0  0  0  0  0  0  0  0  0  0  0  0  0  0  0  0  0.004078999999999999
h  12  3  1.815624  1.401749  1.225206  1.070626  0.920788  0.781296  0.642902  0.51054  0.369846  0.224445  0.088875  -0.02717  -0.114857  -0.169601  -0.1935  -0.19148  -0.168892  -0.132802  -0.090148  -0.046794  -0.006296  0.028095  0  0  0  0  0  0  0  0  0  0  0  0  0  0  0  0  0  0  0  0  0  0  0  0  0  0  0  0  0  0  0  0  0  0  0  0  0  0  0  0  0  0  0  0  0  0  0  0  0  0  0  0  0  0  0  0  0  0  0  0  0  0  0  0  0  0.006276999999999998
g  12  4  -0.834884  -1.066684  -1.155701  -1.21026  -1.209893  -1.21941  -1.244886  -1.291992  -1.341995  -1.393601  -1.439329  -1.466481  -1.482963  -1.487092  -1.476708  -1.456456  -1.428078  -1.392619  -1.353219  -1.312938  -1.27439  -1.239926  0  0  0  0  0  0  0  0  0  0  0  0  0  0  0  0  0  0  0  0  0  0  0  0  0  0  0  0  0  0  0  0  0  0  0  0  0  0  0  0  0  0  0  0  0  0  0  0  0  0  0  0  0  0  0  0  0  0  0  0  0  0  0  0  0  0.00645999999999991
h  12  4  -2.290768  -1.871483  -1.775263  -1.713859  -1.580007  -1.413696  -1.227018  -1.005815  -0.779457  -0.553064  -0.320873  -0.09384  0.12063  0.322562  0.505212  0.666303  0.806402  0.921981  1.013285  1.081008  1.126735  1.153787  0  0  0  0  0  0  0  0  0  0  0  0  0  0  0  0  0  0  0  0  0  0  0  0  0  0  0  0  0  0  0  0  0  0  0  0  0  0  0  0  0  0  0  0  0  0  0  0  0  0  0  0  0  0  0  0  0  0  0  0  0  0  0  0  0  0.0040799999999998615
g  12  5  0.856054  0.687614  0.552219  0.42947  0.329037  0.260267  0.217629  0.197113  0.208281  0.228708  0.250883  0.266228  0.270251  0.259688  0.235058  0.198244  0.15222  0.101801  0.051835  0.005138  -0.036166  -0.07101  0  0  0  0  0  0  0  0  0  0  0  0  0  0  0  0  0  0  0  0  0  0  0  0  0  0  0  0  0  0  0  0  0  0  0  0  0  0  0  0  0  0  0  0  0  0  0  0  0  0  0  0  0  0  0  0  0  0  0  0  0  0  0  0  0  -0.0064670000000000005
h  12  5  0.270115  0.057591  -0.180136  -0.363683  -0.458258  -0.501756  -0.523582  -0.524433  -0.52218  -0.519141  -0.515377  -0.515876  -0.521137  -0.525443  -0.526153  -0.52316  -0.515599  -0.504231  -0.489817  -0.474805  -0.461412  -0.45138  0  0  0  0  0  0  0  0  0  0  0  0  0  0  0  0  0  0  0  0  0  0  0  0  0  0  0  0  0  0  0  0  0  0  0  0  0  0  0  0  0  0  0  0  0  0  0  0  0  0  0  0  0  0  0  0  0  0  0  0  0  0  0  0  0  0.0016999999999999793
g  12  6  0.125522  0.294373  0.579313  0.837665  0.988256  1.057673  1.080139  1.050867  1.007636  0.961939  0.921566  0.90726  0.918972  0.946056  0.985028  1.027959  1.065366  1.090314  1.09899  1.088857  1.057705  1.005694  0  0  0  0  0  0  0  0  0  0  0  0  0  0  0  0  0  0  0  0  0  0  0  0  0  0  0  0  0  0  0  0  0  0  0  0  0  0  0  0  0  0  0  0  0  0  0  0  0  0  0  0  0  0  0  0  0  0  0  0  0  0  0  0  0  -0.011995999999999896
h  12  6  0.692076  0.746027  0.724474  0.637769  0.526376  0.386976  0.235449  0.105745  0.002858  -0.085002  -0.1446  -0.179167  -0.205871  -0.233851  -0.268104  -0.31616  -0.379422  -0.454916  -0.538744  -0.628028  -0.718225  -0.80417  0  0  0  0  0  0  0  0  0  0  0  0  0  0  0  0  0  0  0  0  0  0  0  0  0  0  0  0  0  0  0  0  0  0  0  0  0  0  0  0  0  0  0  0  0  0  0  0  0  0  0  0  0  0  0  0  0  0  0  0  0  0  0  0  0  -0.01668500000000006
g  12  7  0.499303  0.462149  0.396346  0.333136  0.228994  0.094102  -0.041739  -0.169778  -0.300313  -0.428133  -0.554111  -0.672698  -0.773238  -0.85281  -0.910453  -0.947354  -0.967391  -0.97506  -0.974829  -0.97096  -0.967647  -0.967174  0  0  0  0  0  0  0  0  0  0  0  0  0  0  0  0  0  0  0  0  0  0  0  0  0  0  0  0  0  0  0  0  0  0  0  0  0  0  0  0  0  0  0  0  0  0  0  0  0  0  0  0  0  0  0  0  0  0  0  0  0  0  0  0  0  -0.00019899999999994922
h  12  7  -0.071442  -0.120506  -0.146761  -0.166683  -0.152723  -0.158094  -0.195822  -0.233167  -0.256753  -0.269659  -0.277952  -0.27852  -0.273268  -0.266895  -0.262422  -0.26322  -0.272999  -0.294208  -0.327962  -0.373211  -0.427491  -0.487974  0  0  0  0  0  0  0  0  0  0  0  0  0  0  0  0  0  0  0  0  0  0  0  0  0  0  0  0  0  0  0  0  0  0  0  0  0  0  0  0  0  0  0  0  0  0  0  0  0  0  0  0  0  0  0  0  0  0  0  0  0  0  0  0  0  -0.01244500000000004
g  12  8  -0.414231  -0.328869  -0.299057  -0.246188  -0.186764  -0.137574  -0.073108  -0.002694  0.069899  0.144387  0.209036  0.258251  0.29387  0.316248  0.327457  0.334695  0.341424  0.347453  0.352273  0.35558  0.356249  0.353676  0  0  0  0  0  0  0  0  0  0  0  0  0  0  0  0  0  0  0  0  0  0  0  0  0  0  0  0  0  0  0  0  0  0  0  0  0  0  0  0  0  0  0  0  0  0  0  0  0  0  0  0  0  0  0  0  0  0  0  0  0  0  0  0  0  -0.0007659999999999889
h  12  8  0.221488  0.463703  0.551969  0.622228  0.649751  0.652266  0.635944  0.614122  0.585459  0.54652  0.492611  0.431923  0.372777  0.319295  0.277626  0.24937  0.23071  0.219354  0.21411  0.213457  0.215731  0.220732  0  0  0  0  0  0  0  0  0  0  0  0  0  0  0  0  0  0  0  0  0  0  0  0  0  0  0  0  0  0  0  0  0  0  0  0  0  0  0  0  0  0  0  0  0  0  0  0  0  0  0  0  0  0  0  0  0  0  0  0  0  0  0  0  0  0.0012490000000000001
g  12  9  -0.369093  -0.407946  -0.239438  -0.060794  0.124044  0.298767  0.445075  0.554067  0.617396  0.645003  0.64387  0.617227  0.57169  0.513397  0.448545  0.382497  0.318554  0.258962  0.204881  0.157163  0.116832  0.084187  0  0  0  0  0  0  0  0  0  0  0  0  0  0  0  0  0  0  0  0  0  0  0  0  0  0  0  0  0  0  0  0  0  0  0  0  0  0  0  0  0  0  0  0  0  0  0  0  0  0  0  0  0  0  0  0  0  0  0  0  0  0  0  0  0  -0.005948999999999996
h  12  9  0.293946  0.218492  0.306811  0.358151  0.342362  0.308603  0.258148  0.190009  0.109672  0.031926  -0.034015  -0.085542  -0.120545  -0.139256  -0.141544  -0.128781  -0.103136  -0.066201  -0.01949  0.034633  0.093438  0.154093  0  0  0  0  0  0  0  0  0  0  0  0  0  0  0  0  0  0  0  0  0  0  0  0  0  0  0  0  0  0  0  0  0  0  0  0  0  0  0  0  0  0  0  0  0  0  0  0  0  0  0  0  0  0  0  0  0  0  0  0  0  0  0  0  0  0.012150999999999995
g  12  10  0.225574  0.157642  0.100331  0.000144  -0.097279  -0.1743  -0.234186  -0.268771  -0.281214  -0.278607  -0.255681  -0.213319  -0.157237  -0.090326  -0.018716  0.049436  0.109557  0.159001  0.197128  0.225302  0.246061  0.262135  0  0  0  0  0  0  0  0  0  0  0  0  0  0  0  0  0  0  0  0  0  0  0  0  0  0  0  0  0  0  0  0  0  0  0  0  0  0  0  0  0  0  0  0  0  0  0  0  0  0  0  0  0  0  0  0  0  0  0  0  0  0  0  0  0  0.0029509999999999814
h  12  10  -0.889994  -0.922736  -0.938495  -0.914215  -0.839138  -0.73051  -0.604601  -0.468646  -0.325686  -0.183804  -0.049054  0.067837  0.160951  0.227783  0.268395  0.287868  0.292994  0.290756  0.287725  0.287541  0.291343  0.298659  0  0  0  0  0  0  0  0  0  0  0  0  0  0  0  0  0  0  0  0  0  0  0  0  0  0  0  0  0  0  0  0  0  0  0  0  0  0  0  0  0  0  0  0  0  0  0  0  0  0  0  0  0  0  0  0  0  0  0  0  0  0  0  0  0  0.001701000000000008
g  12  11  -0.884161  -1.07592  -1.112626  -1.092655  -1.002093  -0.852884  -0.668196  -0.46059  -0.235591  -0.008939  0.19335  0.34891  0.440428  0.460393  0.413932  0.314602  0.180049  0.028936  -0.121835  -0.258859  -0.372463  -0.457153  0  0  0  0  0  0  0  0  0  0  0  0  0  0  0  0  0  0  0  0  0  0  0  0  0  0  0  0  0  0  0  0  0  0  0  0  0  0  0  0  0  0  0  0  0  0  0  0  0  0  0  0  0  0  0  0  0  0  0  0  0  0  0  0  0  -0.014499999999999957
h  12  11  -0.117577  -0.033325  0.147992  0.335471  0.502329  0.653506  0.780643  0.864589  0.89155  0.853718  0.752351  0.597876  0.409496  0.212435  0.03035  -0.118064  -0.222687  -0.280775  -0.29533  -0.272956  -0.222829  -0.155806  0  0  0  0  0  0  0  0  0  0  0  0  0  0  0  0  0  0  0  0  0  0  0  0  0  0  0  0  0  0  0  0  0  0  0  0  0  0  0  0  0  0  0  0  0  0  0  0  0  0  0  0  0  0  0  0  0  0  0  0  0  0  0  0  0  0.014229999999999993
g  12  12  0.010604  -0.200171  -0.227202  -0.21174  -0.182521  -0.152617  -0.140049  -0.159556  -0.215057  -0.303423  -0.41667  -0.536852  -0.638019  -0.695078  -0.691248  -0.621816  -0.495269  -0.330676  -0.151977  0.018404  0.163093  0.270805  0  0  0  0  0  0  0  0  0  0  0  0  0  0  0  0  0  0  0  0  0  0  0  0  0  0  0  0  0  0  0  0  0  0  0  0  0  0  0  0  0  0  0  0  0  0  0  0  0  0  0  0  0  0  0  0  0  0  0  0  0  0  0  0  0  0.01821900000000004
h  12  12  0.810224  0.646351  0.720988  0.737405  0.698341  0.644422  0.587717  0.526358  0.470086  0.436789  0.446352  0.510839  0.628552  0.784098  0.954452  1.113508  1.235998  1.303107  1.306185  1.247126  1.135615  0.98523  0  0  0  0  0  0  0  0  0  0  0  0  0  0  0  0  0  0  0  0  0  0  0  0  0  0  0  0  0  0  0  0  0  0  0  0  0  0  0  0  0  0  0  0  0  0  0  0  0  0  0  0  0  0  0  0  0  0  0  0  0  0  0  0  0  -0.03249299999999988
g  13  0  -0.051397  0.061379  0.153518  0.214373  0.263154  0.302999  0.329528  0.341701  0.343878  0.332193  0.306453  0.272397  0.232459  0.190047  0.149905  0.114403  0.084347  0.061144  0.044509  0.032629  0.023754  0.01694  0  0  0  0  0  0  0  0  0  0  0  0  0  0  0  0  0  0  0  0  0  0  0  0  0  0  0  0  0  0  0  0  0  0  0  0  0  0  0  0  0  0  0  0  0  0  0  0  0  0  0  0  0  0  0  0  0  0  0  0  0  0  0  0  0  -0.0012099999999999993
g  13  1  -0.838656  -0.894479  -0.922291  -0.927034  -0.91809  -0.914567  -0.904327  -0.883748  -0.858629  -0.827792  -0.79062  -0.746906  -0.695344  -0.634698  -0.565972  -0.491461  -0.412148  -0.329829  -0.247389  -0.166736  -0.089002  -0.015384  0  0  0  0  0  0  0  0  0  0  0  0  0  0  0  0  0  0  0  0  0  0  0  0  0  0  0  0  0  0  0  0  0  0  0  0  0  0  0  0  0  0  0  0  0  0  0  0  0  0  0  0  0  0  0  0  0  0  0  0  0  0  0  0  0  0.014343
h  13  1  -0.768192  -0.77695  -0.765697  -0.72665  -0.680587  -0.626746  -0.574822  -0.528051  -0.486286  -0.456461  -0.438873  -0.428449  -0.422472  -0.415189  -0.404334  -0.389755  -0.3716  -0.35066  -0.328276  -0.305036  -0.281724  -0.259606  0  0  0  0  0  0  0  0  0  0  0  0  0  0  0  0  0  0  0  0  0  0  0  0  0  0  0  0  0  0  0  0  0  0  0  0  0  0  0  0  0  0  0  0  0  0  0  0  0  0  0  0  0  0  0  0  0  0  0  0  0  0  0  0  0  0.004265000000000019
g  13  2  0.357528  0.481135  0.520091  0.55324  0.576721  0.591504  0.594942  0.585379  0.572433  0.559725  0.542857  0.520751  0.492031  0.457971  0.420596  0.380429  0.338211  0.295554  0.252856  0.210371  0.168962  0.129541  0  0  0  0  0  0  0  0  0  0  0  0  0  0  0  0  0  0  0  0  0  0  0  0  0  0  0  0  0  0  0  0  0  0  0  0  0  0  0  0  0  0  0  0  0  0  0  0  0  0  0  0  0  0  0  0  0  0  0  0  0  0  0  0  0  -0.007704000000000016
h  13  2  0.394406  0.536075  0.510948  0.475307  0.422649  0.349671  0.264908  0.177078  0.09524  0.023097  -0.037676  -0.087779  -0.129518  -0.164095  -0.190777  -0.210613  -0.225129  -0.234672  -0.239467  -0.23926  -0.234108  -0.224897  0  0  0  0  0  0  0  0  0  0  0  0  0  0  0  0  0  0  0  0  0  0  0  0  0  0  0  0  0  0  0  0  0  0  0  0  0  0  0  0  0  0  0  0  0  0  0  0  0  0  0  0  0  0  0  0  0  0  0  0  0  0  0  0  0  0.0020969999999999878
g  13  3  0.550431  0.689299  0.631595  0.534693  0.431737  0.339519  0.257241  0.174872  0.099517  0.033278  -0.022309  -0.064624  -0.096252  -0.11854  -0.133705  -0.146127  -0.157518  -0.168162  -0.178304  -0.186698  -0.192317  -0.195401  0  0  0  0  0  0  0  0  0  0  0  0  0  0  0  0  0  0  0  0  0  0  0  0  0  0  0  0  0  0  0  0  0  0  0  0  0  0  0  0  0  0  0  0  0  0  0  0  0  0  0  0  0  0  0  0  0  0  0  0  0  0  0  0  0  -0.00042999999999998595
h  13  3  1.493128  1.340237  1.252083  1.166834  1.093308  1.035587  0.975317  0.912588  0.859608  0.813337  0.773675  0.740774  0.710901  0.685017  0.660518  0.635346  0.608707  0.579539  0.547053  0.511794  0.474186  0.434523  0  0  0  0  0  0  0  0  0  0  0  0  0  0  0  0  0  0  0  0  0  0  0  0  0  0  0  0  0  0  0  0  0  0  0  0  0  0  0  0  0  0  0  0  0  0  0  0  0  0  0  0  0  0  0  0  0  0  0  0  0  0  0  0  0  -0.008095999999999992
g  13  4  -0.407432  -0.345481  -0.288145  -0.187459  -0.076259  0.012466  0.07968  0.123137  0.146889  0.159896  0.163337  0.156818  0.141384  0.118308  0.089216  0.056175  0.020779  -0.01514  -0.049369  -0.080592  -0.108632  -0.133522  0  0  0  0  0  0  0  0  0  0  0  0  0  0  0  0  0  0  0  0  0  0  0  0  0  0  0  0  0  0  0  0  0  0  0  0  0  0  0  0  0  0  0  0  0  0  0  0  0  0  0  0  0  0  0  0  0  0  0  0  0  0  0  0  0  -0.004722000000000004
h  13  4  -0.531418  -0.433041  -0.401042  -0.373258  -0.365573  -0.355148  -0.344458  -0.329979  -0.312033  -0.293028  -0.273893  -0.255513  -0.23931  -0.227009  -0.217485  -0.209843  -0.204399  -0.200672  -0.197302  -0.193887  -0.190337  -0.186886  0  0  0  0  0  0  0  0  0  0  0  0  0  0  0  0  0  0  0  0  0  0  0  0  0  0  0  0  0  0  0  0  0  0  0  0  0  0  0  0  0  0  0  0  0  0  0  0  0  0  0  0  0  0  0  0  0  0  0  0  0  0  0  0  0  0.0006309999999999927
g  13  5  0.933943  0.759804  0.584967  0.426592  0.263755  0.136211  0.025692  -0.067465  -0.131183  -0.166055  -0.185636  -0.197354  -0.205009  -0.213861  -0.223793  -0.235975  -0.252395  -0.271072  -0.289999  -0.308133  -0.323902  -0.336019  0  0  0  0  0  0  0  0  0  0  0  0  0  0  0  0  0  0  0  0  0  0  0  0  0  0  0  0  0  0  0  0  0  0  0  0  0  0  0  0  0  0  0  0  0  0  0  0  0  0  0  0  0  0  0  0  0  0  0  0  0  0  0  0  0  -0.0020970000000000155
h  13  5  -1.149708  -1.213372  -1.286773  -1.335272  -1.346618  -1.315784  -1.27336  -1.218842  -1.142643  -1.060528  -0.971721  -0.879398  -0.792777  -0.711567  -0.635508  -0.566668  -0.502738  -0.441087  -0.382163  -0.32625  -0.272818  -0.222003  0  0  0  0  0  0  0  0  0  0  0  0  0  0  0  0  0  0  0  0  0  0  0  0  0  0  0  0  0  0  0  0  0  0  0  0  0  0  0  0  0  0  0  0  0  0  0  0  0  0  0  0  0  0  0  0  0  0  0  0  0  0  0  0  0  0.009920999999999985
g  13  6  -0.258254  -0.104578  -0.150042  -0.21569  -0.271986  -0.303612  -0.313802  -0.314438  -0.312939  -0.307545  -0.294499  -0.274536  -0.253971  -0.236234  -0.219655  -0.20378  -0.18841  -0.173102  -0.158225  -0.144003  -0.130689  -0.117952  0  0  0  0  0  0  0  0  0  0  0  0  0  0  0  0  0  0  0  0  0  0  0  0  0  0  0  0  0  0  0  0  0  0  0  0  0  0  0  0  0  0  0  0  0  0  0  0  0  0  0  0  0  0  0  0  0  0  0  0  0  0  0  0  0  0.0025339999999999946
h  13  6  -0.07591  -0.068949  -0.005886  0.046155  0.079972  0.114077  0.145823  0.17023  0.176522  0.162708  0.135851  0.101765  0.066444  0.031314  -0.004584  -0.04054  -0.073228  -0.100293  -0.121012  -0.135616  -0.144741  -0.149307  0  0  0  0  0  0  0  0  0  0  0  0  0  0  0  0  0  0  0  0  0  0  0  0  0  0  0  0  0  0  0  0  0  0  0  0  0  0  0  0  0  0  0  0  0  0  0  0  0  0  0  0  0  0  0  0  0  0  0  0  0  0  0  0  0  -0.0006089999999999984
g  13  7  0.794026  0.754878  0.74108  0.717923  0.651284  0.568063  0.4958  0.421274  0.339682  0.2679  0.205931  0.153598  0.114323  0.087175  0.06743  0.052965  0.042192  0.032567  0.022468  0.011855  0.000734  -0.010465  0  0  0  0  0  0  0  0  0  0  0  0  0  0  0  0  0  0  0  0  0  0  0  0  0  0  0  0  0  0  0  0  0  0  0  0  0  0  0  0  0  0  0  0  0  0  0  0  0  0  0  0  0  0  0  0  0  0  0  0  0  0  0  0  0  -0.002236
h  13  7  0.391132  0.279198  0.194427  0.105706  0.02431  -0.029979  -0.066094  -0.095462  -0.102691  -0.093918  -0.082122  -0.064667  -0.042393  -0.021081  -0.00333  0.010047  0.019017  0.02389  0.025429  0.02459  0.021694  0.017139  0  0  0  0  0  0  0  0  0  0  0  0  0  0  0  0  0  0  0  0  0  0  0  0  0  0  0  0  0  0  0  0  0  0  0  0  0  0  0  0  0  0  0  0  0  0  0  0  0  0  0  0  0  0  0  0  0  0  0  0  0  0  0  0  0  -0.00102
g  13  8  -0.171768  -0.104081  -0.145697  -0.183738  -0.214472  -0.229603  -0.244109  -0.266617  -0.291004  -0.314581  -0.333495  -0.341478  -0.335776  -0.316736  -0.284982  -0.241042  -0.186627  -0.124821  -0.059021  0.008074  0.073854  0.13649  0  0  0  0  0  0  0  0  0  0  0  0  0  0  0  0  0  0  0  0  0  0  0  0  0  0  0  0  0  0  0  0  0  0  0  0  0  0  0  0  0  0  0  0  0  0  0  0  0  0  0  0  0  0  0  0  0  0  0  0  0  0  0  0  0  0.012218999999999994
h  13  8  -3.5e-05  -0.098888  -0.132385  -0.131724  -0.125204  -0.140973  -0.15923  -0.177807  -0.189828  -0.192287  -0.183276  -0.162558  -0.132311  -0.096014  -0.05676  -0.018549  0.014623  0.04042  0.058809  0.070334  0.074819  0.072776  0  0  0  0  0  0  0  0  0  0  0  0  0  0  0  0  0  0  0  0  0  0  0  0  0  0  0  0  0  0  0  0  0  0  0  0  0  0  0  0  0  0  0  0  0  0  0  0  0  0  0  0  0  0  0  0  0  0  0  0  0  0  0  0  0  -0.0008650000000000047
g  13  9  0.346254  0.379408  0.385787  0.375061  0.340526  0.301139  0.265337  0.237978  0.221658  0.208026  0.194772  0.176604  0.15282  0.126275  0.098416  0.071628  0.048826  0.03205  0.022494  0.020001  0.023493  0.031152  0  0  0  0  0  0  0  0  0  0  0  0  0  0  0  0  0  0  0  0  0  0  0  0  0  0  0  0  0  0  0  0  0  0  0  0  0  0  0  0  0  0  0  0  0  0  0  0  0  0  0  0  0  0  0  0  0  0  0  0  0  0  0  0  0  0.0017539999999999986
h  13  9  0.410292  0.395945  0.319602  0.242884  0.178335  0.132383  0.108959  0.099021  0.093442  0.089927  0.085704  0.077855  0.070773  0.068218  0.072209  0.083157  0.099176  0.117656  0.136602  0.154333  0.169234  0.179666  0  0  0  0  0  0  0  0  0  0  0  0  0  0  0  0  0  0  0  0  0  0  0  0  0  0  0  0  0  0  0  0  0  0  0  0  0  0  0  0  0  0  0  0  0  0  0  0  0  0  0  0  0  0  0  0  0  0  0  0  0  0  0  0  0  0.001675999999999983
g  13  10  0.040326  0.127952  0.20942  0.26963  0.296594  0.283587  0.23374  0.152922  0.050739  -0.061613  -0.17211  -0.269492  -0.348713  -0.407904  -0.447728  -0.470816  -0.479906  -0.477439  -0.465882  -0.447222  -0.423151  -0.394928  0  0  0  0  0  0  0  0  0  0  0  0  0  0  0  0  0  0  0  0  0  0  0  0  0  0  0  0  0  0  0  0  0  0  0  0  0  0  0  0  0  0  0  0  0  0  0  0  0  0  0  0  0  0  0  0  0  0  0  0  0  0  0  0  0  0.005917000000000006
h  13  10  0.450329  0.500228  0.516286  0.482018  0.420331  0.343823  0.26116  0.189554  0.138311  0.113911  0.116702  0.140699  0.178561  0.223891  0.271445  0.317914  0.360866  0.398857  0.430915  0.456087  0.473806  0.483444  0  0  0  0  0  0  0  0  0  0  0  0  0  0  0  0  0  0  0  0  0  0  0  0  0  0  0  0  0  0  0  0  0  0  0  0  0  0  0  0  0  0  0  0  0  0  0  0  0  0  0  0  0  0  0  0  0  0  0  0  0  0  0  0  0  0.0012419999999999654
g  13  11  0.424202  0.445004  0.410428  0.331649  0.241257  0.147305  0.061608  -0.007912  -0.058114  -0.090924  -0.107691  -0.110282  -0.102343  -0.089366  -0.075724  -0.065772  -0.062107  -0.065519  -0.075163  -0.088438  -0.102868  -0.116446  0  0  0  0  0  0  0  0  0  0  0  0  0  0  0  0  0  0  0  0  0  0  0  0  0  0  0  0  0  0  0  0  0  0  0  0  0  0  0  0  0  0  0  0  0  0  0  0  0  0  0  0  0  0  0  0  0  0  0  0  0  0  0  0  0  -0.002577999999999997
h  13  11  -0.249661  -0.338857  -0.368743  -0.381957  -0.37389  -0.344403  -0.299165  -0.244091  -0.184557  -0.127797  -0.076769  -0.03304  0.000408  0.022195  0.034955  0.041977  0.046259  0.050275  0.05683  0.067567  0.083069  0.102973  0  0  0  0  0  0  0  0  0  0  0  0  0  0  0  0  0  0  0  0  0  0  0  0  0  0  0  0  0  0  0  0  0  0  0  0  0  0  0  0  0  0  0  0  0  0  0  0  0  0  0  0  0  0  0  0  0  0  0  0  0  0  0  0  0  0.004281999999999994
g  13  12  -0.307022  -0.429444  -0.444432  -0.41935  -0.359053  -0.258491  -0.133185  -0.0002  0.12885  0.242623  0.33003  0.381984  0.395182  0.371016  0.315556  0.238229  0.149404  0.058688  -0.025925  -0.098797  -0.156315  -0.19659  0  0  0  0  0  0  0  0  0  0  0  0  0  0  0  0  0  0  0  0  0  0  0  0  0  0  0  0  0  0  0  0  0  0  0  0  0  0  0  0  0  0  0  0  0  0  0  0  0  0  0  0  0  0  0  0  0  0  0  0  0  0  0  0  0  -0.0066619999999999735
h  13  12  -0.433243  -0.309058  -0.206802  -0.091274  0.022839  0.112561  0.170984  0.195713  0.185248  0.139141  0.06329  -0.034873  -0.142605  -0.245747  -0.332977  -0.397182  -0.434826  -0.44568  -0.432514  -0.400067  -0.353899  -0.299847  0  0  0  0  0  0  0  0  0  0  0  0  0  0  0  0  0  0  0  0  0  0  0  0  0  0  0  0  0  0  0  0  0  0  0  0  0  0  0  0  0  0  0  0  0  0  0  0  0  0  0  0  0  0  0  0  0  0  0  0  0  0  0  0  0  0.011167000000000038
g  13  13  -0.369811  -0.415782  -0.471149  -0.474246  -0.442208  -0.40087  -0.375475  -0.372325  -0.393435  -0.435897  -0.491706  -0.548321  -0.590647  -0.605145  -0.584966  -0.531112  -0.451731  -0.35978  -0.269059  -0.19075  -0.131388  -0.093262  0  0  0  0  0  0  0  0  0  0  0  0  0  0  0  0  0  0  0  0  0  0  0  0  0  0  0  0  0  0  0  0  0  0  0  0  0  0  0  0  0  0  0  0  0  0  0  0  0  0  0  0  0  0  0  0  0  0  0  0  0  0  0  0  0  0.005931000000000006
h  13  13  -0.660299  -0.546465  -0.389691  -0.246773  -0.129863  -0.041023  0.022169  0.061663  0.084075  0.103278  0.130449  0.173777  0.234363  0.306391  0.378987  0.439077  0.474586  0.478438  0.450206  0.39543  0.322836  0.241835  0  0  0  0  0  0  0  0  0  0  0  0  0  0  0  0  0  0  0  0  0  0  0  0  0  0  0  0  0  0  0  0  0  0  0  0  0  0  0  0  0  0  0  0  0  0  0  0  0  0  0  0  0  0  0  0  0  0  0  0  0  0  0  0  0  -0.016430000000000028
