# lons lats(polar edge) lats(equatorward edge)
0.000000000000000000e+00 -8.147501102702881326e+01 -7.389895492978394032e+01
5.006954102920723182e-01 -8.142043076160058490e+01 -7.383186609545373358e+01
1.001390820584144636e+00 -8.136507470955635313e+01 -7.376420079718809575e+01
1.502086230876216844e+00 -8.130893474162164125e+01 -7.369595362327527255e+01
2.002781641168289273e+00 -8.125200270222308063e+01 -7.362711888726335019e+01
2.503477051460361480e+00 -8.119427034449591929e+01 -7.355769077716797710e+01
3.004172461752433687e+00 -8.113572938813317137e+01 -7.348766324045539022e+01
3.504867872044505894e+00 -8.107637152000863523e+01 -7.341703007328658259e+01
4.005563282336578546e+00 -8.101618836342377961e+01 -7.334578482648691988e+01
4.506258692628650309e+00 -8.095517150148066321e+01 -7.327392092232810228e+01
5.006954102920722960e+00 -8.089331246910259665e+01 -7.320143152286516397e+01
5.507649513212795611e+00 -8.083060275766393943e+01 -7.312830967155503004e+01
6.008344923504867374e+00 -8.076703382885126814e+01 -7.305454815496671017e+01
6.509040333796940025e+00 -8.070259707843182184e+01 -7.298013963961022910e+01
7.009735744089011789e+00 -8.063728388789974133e+01 -7.290507655647712681e+01
7.510431154381083552e+00 -8.057108557727237041e+01 -7.282935117864877839e+01
8.011126564673157091e+00 -8.050399344454109496e+01 -7.275295561032731939e+01
8.511821974965229742e+00 -8.043599875336272476e+01 -7.267588176781242737e+01
9.012517385257300617e+00 -8.036709270476703182e+01 -7.259812140388345370e+01
9.513212795549373268e+00 -8.029726650168146307e+01 -7.251966611033236632e+01
1.001390820584144592e+01 -8.022651128311535729e+01 -7.244050729076076323e+01
1.051460361613352035e+01 -8.015481816932988579e+01 -7.236063624956256035e+01
1.101529902642559122e+01 -8.008217825316188510e+01 -7.228004408060184005e+01
1.151599443671766032e+01 -8.000858258587608418e+01 -7.219872178268229845e+01
1.201668984700973475e+01 -7.993402218473150356e+01 -7.211666016597843054e+01
1.251738525730180740e+01 -7.985848805894150360e+01 -7.203384997547215107e+01
1.301808066759388005e+01 -7.978197116810136436e+01 -7.195028176755255345e+01
1.351877607788595093e+01 -7.970446246266604362e+01 -7.186594603807276371e+01
1.401947148817802358e+01 -7.962595285438240467e+01 -7.178083315299187461e+01
1.452016689847009623e+01 -7.954643324539304672e+01 -7.169493336299962039e+01
1.502086230876216710e+01 -7.946589450429840440e+01 -7.160823684713574266e+01
1.552155771905424153e+01 -7.938432747838035652e+01 -7.152073372683258867e+01
1.602225312934631418e+01 -7.930172300073266456e+01 -7.143241400892617321e+01
1.652294853963838506e+01 -7.921807188807818534e+01 -7.134326768169881916e+01
1.702364394993045948e+01 -7.913336493312911557e+01 -7.125328468846743135e+01
1.752433936022252681e+01 -7.904759292328620290e+01 -7.116245491328623984e+01
1.802503477051460123e+01 -7.896074662754202222e+01 -7.107076823144194577e+01
1.852573018080667566e+01 -7.887281681365223562e+01 -7.097821454426066623e+01
1.902642559109874654e+01 -7.878379423591198361e+01 -7.088478369546847091e+01
1.952712100139081741e+01 -7.869366964745225346e+01 -7.079046562688218103e+01
2.002781641168289184e+01 -7.860243379380065676e+01 -7.069525025227831350e+01
2.052851182197496627e+01 -7.851007743980247255e+01 -7.059912759253548131e+01
2.102920723226704069e+01 -7.841659135659668323e+01 -7.050208771975503907e+01
2.152990264255910802e+01 -7.832196630546334859e+01 -7.040412081663289712e+01
2.203059805285118244e+01 -7.822619307795051213e+01 -7.030521711592355416e+01
2.253129346314325332e+01 -7.812926250402327355e+01 -7.020536707855553971e+01
2.303198887343532064e+01 -7.803116541248257931e+01 -7.010456123530657635e+01
2.353268428372739507e+01 -7.793189269382949647e+01 -7.000279033182003730e+01
2.403337969401946950e+01 -7.783143525369908389e+01 -6.990004529569112890e+01
2.453407510431154037e+01 -7.772978406757559355e+01 -6.979631727725198687e+01
2.503477051460361480e+01 -7.762693015750940617e+01 -6.969159766497021735e+01
2.553546592489568567e+01 -7.752286462471332129e+01 -6.958587811957976044e+01
2.603616133518776010e+01 -7.741757864723425087e+01 -6.947915061169986473e+01
2.653685674547983453e+01 -7.731106347563311942e+01 -6.937140741062101768e+01
2.703755215577190185e+01 -7.720331046889171489e+01 -6.926264117264913978e+01
2.753824756606397628e+01 -7.709431111971483119e+01 -6.915284488084985526e+01
2.803894297635604715e+01 -7.698405701825961955e+01 -6.904201200126813376e+01
2.853963838664812158e+01 -7.687253993047036715e+01 -6.893013637640450497e+01
2.904033379694019246e+01 -7.675975173790632766e+01 -6.881721236804963837e+01
2.954102920723226333e+01 -7.664568453858649377e+01 -6.870323484068734388e+01
3.004172461752433421e+01 -7.653033061715817098e+01 -6.858819917932208909e+01
3.054242002781640863e+01 -7.641368247400080804e+01 -6.847210139192696943e+01
3.104311543810848306e+01 -7.629573283781340365e+01 -6.835493804451829192e+01
3.154381084840055394e+01 -7.617647470388604347e+01 -6.823670641898928579e+01
3.204450625869262836e+01 -7.605590136203957741e+01 -6.811740445120079812e+01
3.254520166898469569e+01 -7.593400641758037750e+01 -6.799703080354078111e+01
3.304589707927677011e+01 -7.581078379362864439e+01 -6.787558494515536722e+01
3.354659248956884454e+01 -7.568622779972272951e+01 -6.775306712924788144e+01
3.404728789986091897e+01 -7.556033316473829586e+01 -6.762947845097714605e+01
3.454798331015298629e+01 -7.543309501079264123e+01 -6.750482092506517517e+01
3.504867872044505361e+01 -7.530450896881873746e+01 -6.737909747473695177e+01
3.554937413073713515e+01 -7.517457115636560161e+01 -6.725231201806836623e+01
3.605006954102920247e+01 -7.504327823988049317e+01 -6.712446949863605994e+01
3.655076495132127690e+01 -7.491062748127504278e+01 -6.699557587923281687e+01
3.705146036161335132e+01 -7.477661674782055456e+01 -6.686563828447633284e+01
3.755215577190541865e+01 -7.464124459713119109e+01 -6.673466491466187733e+01
3.805285118219749307e+01 -7.450451031383479972e+01 -6.660266521814729401e+01
3.855354659248956750e+01 -7.436641391422952552e+01 -6.646964981797746930e+01
3.905424200278163482e+01 -7.422695627492274184e+01 -6.633563061589039478e+01
3.955493741307371636e+01 -7.408613910023476024e+01 -6.620062082418836269e+01
4.005563282336578368e+01 -7.394396503512169261e+01 -6.606463497616014990e+01
4.055632823365785811e+01 -7.380043769311512847e+01 -6.592768896628068376e+01
4.105702364394993253e+01 -7.365556170288826365e+01 -6.578980011016493279e+01
4.155771905424199986e+01 -7.350934280604477067e+01 -6.565098715329905588e+01
4.205841446453408139e+01 -7.336178786876033087e+01 -6.551127027351422782e+01
4.255910987482614871e+01 -7.321290496123609159e+01 -6.537067115636556025e+01
4.305980528511821603e+01 -7.306270341707048033e+01 -6.522921299763662262e+01
4.356050069541029046e+01 -7.291119388622817610e+01 -6.508692049739589436e+01
4.406119610570236489e+01 -7.275838840081476633e+01 -6.494381987837083159e+01
4.456189151599443221e+01 -7.260430043823205892e+01 -6.479993894839832080e+01
4.506258692628650664e+01 -7.244894497356497709e+01 -6.465530702987858547e+01
4.556328233657857396e+01 -7.229233853920803199e+01 -6.450995501972907675e+01
4.606397774687064128e+01 -7.213449927914396653e+01 -6.436391536057168139e+01
4.656467315716272282e+01 -7.197544699354537556e+01 -6.421722201832277221e+01
4.706536856745479014e+01 -7.181520324027431457e+01 -6.406991050547627253e+01
4.756606397774686457e+01 -7.165379132320438771e+01 -6.392201783104506774e+01
4.806675938803893899e+01 -7.149123638113294987e+01 -6.377358248091591975e+01
4.856745479833100632e+01 -7.132756542590712456e+01 -6.362464439456640264e+01
4.906815020862308074e+01 -7.116280735763055532e+01 -6.347524490540205022e+01
4.956884561891514807e+01 -7.099699304964659063e+01 -6.332542675181581160e+01
5.006954102920722960e+01 -7.083015531841581947e+01 -6.317523396463808183e+01
5.057023643949929692e+01 -7.066232900995444766e+01 -6.302471182664599780e+01
5.107093184979137135e+01 -7.049355097975265494e+01 -6.287390685471915219e+01
5.157162726008345288e+01 -7.032386012304257861e+01 -6.272286666854493831e+01
5.207232267037552020e+01 -7.015329737960044554e+01 -6.257163996639870618e+01
5.257301808066758753e+01 -6.998190572094088679e+01 -6.242027642036997293e+01
5.307371349095966906e+01 -6.980973015119005254e+01 -6.226882661058776591e+01
5.357440890125173638e+01 -6.963681770068276933e+01 -6.211734190953289669e+01
5.407510431154380370e+01 -6.946321737532187512e+01 -6.196587441859161061e+01
5.457579972183587813e+01 -6.928898013707865289e+01 -6.181447684203600090e+01
5.507649513212795256e+01 -6.911415885713566354e+01 -6.166320242357765835e+01
5.557719054242002699e+01 -6.893880825302247217e+01 -6.151210478530070702e+01
5.607788595271209431e+01 -6.876298484554197898e+01 -6.136123787169150035e+01
5.657858136300416163e+01 -6.858674686098154893e+01 -6.121065581240496556e+01
5.707927677329624316e+01 -6.841015415427889934e+01 -6.106041282205647747e+01
5.757997218358831759e+01 -6.823326813044175765e+01 -6.091056306636697570e+01
5.808066759388038491e+01 -6.805615163162499925e+01 -6.076116057368732015e+01
5.858136300417245934e+01 -6.787886881256625315e+01 -6.061225910810559014e+01
5.908205841446452666e+01 -6.770148504628949127e+01 -6.046391205419591586e+01
5.958275382475660109e+01 -6.752406677683964631e+01 -6.031617231224468867e+01
6.008344923504866841e+01 -6.734668139646444729e+01 -6.016909218532769899e+01
6.058414464534074995e+01 -6.716939709427450111e+01 -6.002272327104388694e+01
6.108484005563281727e+01 -6.699228271421659997e+01 -5.987711636023401240e+01
6.158553546592489170e+01 -6.681540758394319823e+01 -5.973232132755025248e+01
6.208623087621696612e+01 -6.663884138268102220e+01 -5.958838704880132298e+01
6.258692628650903345e+01 -6.646265397126470020e+01 -5.944536128570130984e+01
6.308762169680110787e+01 -6.628691521052886060e+01 -5.930329062766200821e+01
6.358831710709318941e+01 -6.611169481695313266e+01 -5.916222039400405208e+01
6.408901251738525673e+01 -6.593706219502408317e+01 -5.902219455013788263e+01
6.458970792767732405e+01 -6.576308625562731436e+01 -5.888325565750515977e+01
6.509040333796939137e+01 -6.558983527169246486e+01 -5.874544479674464981e+01
6.559109874826147291e+01 -6.541737671055514625e+01 -5.860880150249964515e+01
6.609179415855354023e+01 -6.524577707796041182e+01 -5.847336374013490001e+01
6.659248956884562176e+01 -6.507510176672283819e+01 -5.833916783123082439e+01
6.709318497913768908e+01 -6.490541491469983271e+01 -5.820624842913626651e+01
6.759388038942975641e+01 -6.473677926509324720e+01 -5.807463849335714201e+01
6.809457579972183794e+01 -6.456925603373591116e+01 -5.794436925696014384e+01
6.859527121001390526e+01 -6.440290478336308411e+01 -5.781547020678213755e+01
6.909596662030597258e+01 -6.423778331651035955e+01 -5.768796908226600806e+01
6.959666203059803991e+01 -6.407394757306818178e+01 -5.756189186149082104e+01
7.009735744089010723e+01 -6.391145152783636263e+01 -5.743726275884351651e+01
7.059805285118218876e+01 -6.375034709972013047e+01 -5.731410424015290062e+01
7.109874826147427029e+01 -6.359068409585077575e+01 -5.719243703200287143e+01
7.159944367176633762e+01 -6.343251013940815142e+01 -5.707228012988149146e+01
7.210013908205840494e+01 -6.327587060908470562e+01 -5.695365082612066487e+01
7.260083449235048647e+01 -6.312080860648919156e+01 -5.683656474016412119e+01
7.310152990264255379e+01 -6.296736491423715165e+01 -5.672103583253725390e+01
7.360222531293462112e+01 -6.281557798430938533e+01 -5.660707645723401527e+01
7.410292072322670265e+01 -6.266548391476888469e+01 -5.649469738732828716e+01
7.460361613351876997e+01 -6.251711645441744736e+01 -5.638390784989847759e+01
7.510431154381083729e+01 -6.237050700046737006e+01 -5.627471558656348805e+01
7.560500695410290461e+01 -6.222568462415281942e+01 -5.616712687734785447e+01
7.610570236439498615e+01 -6.208267607771475127e+01 -5.606114660587432752e+01
7.660639777468706768e+01 -6.194150583631042650e+01 -5.595677829079600940e+01
7.710709318497913500e+01 -6.180219613293800762e+01 -5.585402415564554701e+01
7.760778859527120233e+01 -6.166476699801776817e+01 -5.575288515502857933e+01
7.810848400556326965e+01 -6.152923630828652790e+01 -5.565336105844276915e+01
7.860917941585533697e+01 -6.139561984034870079e+01 -5.555545046890425454e+01
7.910987482614743271e+01 -6.126393133586887529e+01 -5.545915089978176127e+01
7.961057023643950004e+01 -6.113418255512286237e+01 -5.536445882136273156e+01
8.011126564673156736e+01 -6.100638335150350144e+01 -5.527136971207606564e+01
8.061196105702363468e+01 -6.088054172972832134e+01 -5.517987810738655696e+01
8.111265646731571621e+01 -6.075666392733026555e+01 -5.508997766149501274e+01
8.161335187760779775e+01 -6.063475448683519176e+01 -5.500166119274022947e+01
8.211404728789986507e+01 -6.051481632561106494e+01 -5.491492073249342809e+01
8.261474269819193239e+01 -6.039685081037376335e+01 -5.482974758103760848e+01
8.311543810848399971e+01 -6.028085784333441666e+01 -5.474613235995444427e+01
8.361613351877606704e+01 -6.016683592739198616e+01 -5.466406504355641971e+01
8.411682892906816278e+01 -6.005478224762399009e+01 -5.458353502175110350e+01
8.461752433936023010e+01 -5.994469274812061599e+01 -5.450453113612989853e+01
8.511821974965229742e+01 -5.983656220765467992e+01 -5.442704173119078348e+01
8.561891515994436475e+01 -5.973038430487420669e+01 -5.435105470221411395e+01
8.611961057023643207e+01 -5.962615170677807441e+01 -5.427655751563530373e+01
8.662030598052849939e+01 -5.952385611761044970e+01 -5.420353726696144747e+01
8.712100139082058092e+01 -5.942348837781381121e+01 -5.413198072442706632e+01
8.762169680111264825e+01 -5.932503850593846551e+01 -5.406187435125853824e+01
8.812239221140472978e+01 -5.922849577664081266e+01 -5.399320434292700099e+01
8.862308762169679710e+01 -5.913384878587592652e+01 -5.392595668535601305e+01
8.912378303198886442e+01 -5.904108550794106236e+01 -5.386011715841401326e+01
8.962447844228094596e+01 -5.895019335833993068e+01 -5.379567139004744547e+01
9.012517385257301328e+01 -5.886115925548281780e+01 -5.373260487170578870e+01
9.062586926286508060e+01 -5.877396966317817828e+01 -5.367090300257937940e+01
9.112656467315714792e+01 -5.868861066164598128e+01 -5.361055111346455249e+01
9.162726008344921524e+01 -5.860506798942722639e+01 -5.355153449179293546e+01
9.212795549374128257e+01 -5.852332708762176594e+01 -5.349383841102631720e+01
9.262865090403337831e+01 -5.844337316566296181e+01 -5.343744815161140593e+01
9.312934631432544563e+01 -5.836519121994413695e+01 -5.338234904347142162e+01
9.363004172461751295e+01 -5.828876610250361523e+01 -5.332852646367778959e+01
9.413073713490958028e+01 -5.821408254197947940e+01 -5.327596588185211601e+01
9.463143254520164760e+01 -5.814112520414553842e+01 -5.322465286889733704e+01
9.513212795549372913e+01 -5.806987870006039998e+01 -5.317457312668362590e+01
9.563282336578581067e+01 -5.800032765358835718e+01 -5.312571250318238469e+01
9.613351877607787799e+01 -5.793245671071261427e+01 -5.307805701604034709e+01
9.663421418636994531e+01 -5.786625058610141537e+01 -5.303159286945980000e+01
9.713490959666201263e+01 -5.780169407824203631e+01 -5.298630647689957129e+01
9.763560500695409416e+01 -5.773877212532013914e+01 -5.294218447504486846e+01
9.813630041724616149e+01 -5.767746979648862293e+01 -5.289921373923230874e+01
9.863699582753822881e+01 -5.761777234978424644e+01 -5.285738141371790277e+01
9.913769123783029613e+01 -5.755966523678424096e+01 -5.281667490585628855e+01
9.963838664812239188e+01 -5.750313413578467703e+01 -5.277708192568194079e+01
1.001390820584144592e+02 -5.744816496751653290e+01 -5.273859048358086454e+01
1.006397774687065265e+02 -5.739474392046602702e+01 -5.270118891357365953e+01
1.011404728789985938e+02 -5.734285746717276311e+01 -5.266486588961366522e+01
1.016411682892906754e+02 -5.729249238052787518e+01 -5.262961042791526722e+01
1.021418636995827427e+02 -5.724363576171370482e+01 -5.259541191838603424e+01
1.026425591098748242e+02 -5.719627504369626081e+01 -5.256226012171633499e+01
1.031432545201669058e+02 -5.715039801217997706e+01 -5.253014519033409613e+01
1.036439499304589731e+02 -5.710599281783132142e+01 -5.249905767538972157e+01
1.041446453407510404e+02 -5.706304799257694071e+01 -5.246898855120331007e+01
1.046453407510431077e+02 -5.702155246008103973e+01 -5.243992920536935287e+01
1.051460361613351751e+02 -5.698149554738691336e+01 -5.241187146669641095e+01
1.056467315716272708e+02 -5.694286699364809579e+01 -5.238480761219203430e+01
1.061474269819193381e+02 -5.690565696351612246e+01 -5.235873036880899178e+01
1.066481223922114054e+02 -5.686985605354337281e+01 -5.233363293440002906e+01
1.071488178025034728e+02 -5.683545529916798955e+01 -5.230950897189710247e+01
1.076495132127955401e+02 -5.680244618635541087e+01 -5.228635263841520953e+01
1.081502086230876074e+02 -5.677082065334460026e+01 -5.226415857070047366e+01
1.086509040333796889e+02 -5.674057109821504241e+01 -5.224292190375659573e+01
1.091515994436717563e+02 -5.671169038470750934e+01 -5.222263827782977330e+01
1.096522948539638236e+02 -5.668417184571652001e+01 -5.220330384073700714e+01
1.101529902642559051e+02 -5.665800928794695324e+01 -5.218491525368686723e+01
1.106536856745479724e+02 -5.663319698958574122e+01 -5.216746969244364607e+01
1.111543810848400540e+02 -5.660972970728678888e+01 -5.215096486129719722e+01
1.116550764951321213e+02 -5.658760267849928027e+01 -5.213539898374970960e+01
1.121557719054241886e+02 -5.656681161448275930e+01 -5.212077081182893323e+01
1.126564673157162559e+02 -5.654735270729204899e+01 -5.210707962608817923e+01
1.131571627260083233e+02 -5.652922262628479189e+01 -5.209432523677047300e+01
1.136578581363004190e+02 -5.651241851346483713e+01 -5.208250798031609463e+01
1.141585535465924863e+02 -5.649693798348224050e+01 -5.207162872401919174e+01
1.146592489568845536e+02 -5.648277912014080471e+01 -5.206168885904286014e+01
1.151599443671766352e+02 -5.646994047290561980e+01 -5.205269030158329713e+01
1.156606397774686883e+02 -5.645842104758983737e+01 -5.204463548588488209e+01
1.161613351877607698e+02 -5.644822030868297702e+01 -5.203752736424017655e+01
1.166620305980528229e+02 -5.643933816188862806e+01 -5.203136939418423879e+01
1.171627260083449187e+02 -5.643177495645275599e+01 -5.202616554082293021e+01
1.176634214186370002e+02 -5.642553147235801703e+01 -5.202192026526414281e+01
1.181641168289290533e+02 -5.642060891333883887e+01 -5.201863851501353508e+01
1.186648122392211349e+02 -5.641700889873234814e+01 -5.201632571509786374e+01
1.191655076495132022e+02 -5.641473344718022531e+01 -5.201498776777394539e+01
1.196662030598052695e+02 -5.641378497197209185e+01 -5.201463102466173893e+01
1.201668984700973368e+02 -5.641416626940397805e+01 -5.201526228441603905e+01
1.206675938803894041e+02 -5.641588049898771828e+01 -5.201688878341325051e+01
1.211682892906814999e+02 -5.641893117995849138e+01 -5.201951817596078342e+01
1.216689847009735672e+02 -5.642332217497667557e+01 -5.202315852032721466e+01
1.221696801112656345e+02 -5.642905766684478408e+01 -5.202781826011583632e+01
1.226703755215577019e+02 -5.643614216025369501e+01 -5.203350622426465577e+01
1.231710709318497834e+02 -5.644458045035051441e+01 -5.204023157931611365e+01
1.236717663421418507e+02 -5.645437761458950376e+01 -5.204800384571522898e+01
1.241724617524339322e+02 -5.646553899643393493e+01 -5.205683285590008325e+01
1.246731571627260138e+02 -5.647807018381925559e+01 -5.206672874033198184e+01
1.251738525730180669e+02 -5.649197699751155710e+01 -5.207770190421238965e+01
1.256745479833101484e+02 -5.650726546549620366e+01 -5.208976302049801177e+01
1.261752433936022157e+02 -5.652394181133630013e+01 -5.210292298566297120e+01
1.266759388038942831e+02 -5.654201242623301482e+01 -5.211719292089934186e+01
1.271766342141863788e+02 -5.656148386786142623e+01 -5.213258412540550069e+01
1.276773296244784177e+02 -5.658236281496854758e+01 -5.214910807369402335e+01
1.281780250347705135e+02 -5.660465606984715237e+01 -5.216677638052156851e+01
1.286787204450625950e+02 -5.662837052282910122e+01 -5.218560078229880617e+01
1.291794158553546481e+02 -5.665351314500938429e+01 -5.220559309401674852e+01
1.296801112656467296e+02 -5.668009095157529487e+01 -5.222676521564959273e+01
1.301808066759387827e+02 -5.670811099962364210e+01 -5.224912908558859215e+01
1.306815020862308643e+02 -5.673758035294511615e+01 -5.227269665503068552e+01
1.311821974965229458e+02 -5.676850606572614311e+01 -5.229747986469543264e+01
1.316828929068149989e+02 -5.680089516101205049e+01 -5.232349062385206651e+01
1.321835883171070805e+02 -5.683475461790138183e+01 -5.235074079176580142e+01
1.326842837273991336e+02 -5.687009132759911267e+01 -5.237924212170933913e+01
1.331849791376912435e+02 -5.690691210680441259e+01 -5.240900626918470095e+01
1.336856745479833251e+02 -5.694522364765205680e+01 -5.244004474533890914e+01
1.341863699582753782e+02 -5.698503250956335364e+01 -5.247236890299414824e+01
1.346870653685674597e+02 -5.702634510353007613e+01 -5.250598990637978147e+01
1.351877607788595128e+02 -5.706916765718986539e+01 -5.254091869882709886e+01
1.356884561891515943e+02 -5.711350620900546460e+01 -5.257716599753062781e+01
1.361891515994436759e+02 -5.715936658439957796e+01 -5.261474224639992769e+01
1.366898470097357290e+02 -5.720675437363595961e+01 -5.265365762129827942e+01
1.371905424200278105e+02 -5.725567491959580479e+01 -5.269392196979775633e+01
1.376912378303198636e+02 -5.730613329333053230e+01 -5.273554482223867979e+01
1.381919332406119452e+02 -5.735813427834571598e+01 -5.277853535098425652e+01
1.386926286509039983e+02 -5.741168235430293976e+01 -5.282290236615988022e+01
1.391933240611960798e+02 -5.746678167024427353e+01 -5.286865427041372811e+01
1.396940194714881613e+02 -5.752343605041303931e+01 -5.291579905081486856e+01
1.401947148817802145e+02 -5.758164895670986994e+01 -5.296434427261299049e+01
1.406954102920723244e+02 -5.764142347937948330e+01 -5.301429704796571230e+01
1.411961057023643775e+02 -5.770276233060783966e+01 -5.306566401884008144e+01
1.416968011126564591e+02 -5.776566781541831119e+01 -5.311845132910927703e+01
1.421974965229485406e+02 -5.783014182788818403e+01 -5.317266464994570185e+01
1.426981919332405937e+02 -5.789618584230836973e+01 -5.322830910798909088e+01
1.431988873435326752e+02 -5.796380088393405572e+01 -5.328538931445034166e+01
1.436995827538247283e+02 -5.803298753415063516e+01 -5.334390933222418596e+01
1.442002781641168099e+02 -5.810374590820927665e+01 -5.340387267239673008e+01
1.447009735744088914e+02 -5.817607564638663575e+01 -5.346528227154446711e+01
1.452016689847009729e+02 -5.824997591711351674e+01 -5.352814049158875775e+01
1.457023643949930261e+02 -5.832544538117716115e+01 -5.359244911164675784e+01
1.462030598052851076e+02 -5.840248220758283537e+01 -5.365820930154693258e+01
1.467037552155771891e+02 -5.848108404939765137e+01 -5.372542163056020570e+01
1.472044506258692422e+02 -5.856124804555136620e+01 -5.379408606026952100e+01
1.477051460361613238e+02 -5.864297081581597126e+01 -5.386420192361508441e+01
1.482058414464534053e+02 -5.872624843712245024e+01 -5.393576794002835584e+01
1.487065368567454584e+02 -5.881107647419256068e+01 -5.400878218515497053e+01
1.492072322670375399e+02 -5.889744992349577046e+01 -5.408324211941287274e+01
1.497079276773296215e+02 -5.898536325064767993e+01 -5.415914454020746405e+01
1.502086230876216746e+02 -5.907481037993264295e+01 -5.423648562911618853e+01
1.507093184979137845e+02 -5.916578467393108554e+01 -5.431526091920129318e+01
1.512100139082058092e+02 -5.925827895396494682e+01 -5.439546529184478629e+01
1.517107093184979192e+02 -5.935228547885188277e+01 -5.447709300419698764e+01
1.522114047287899723e+02 -5.944779595931166227e+01 -5.456013765926779513e+01
1.527121001390820538e+02 -5.954480154777982648e+01 -5.464459222550810580e+01
1.532127955493741354e+02 -5.964329285419651683e+01 -5.473044902128474121e+01
1.537134909596661885e+02 -5.974325992970832999e+01 -5.481769974385694866e+01
1.542141863699582700e+02 -5.984469227365323718e+01 -5.490633547231861655e+01
1.547148817802503231e+02 -5.994757885684364851e+01 -5.499634662590703726e+01
1.552155771905424047e+02 -6.005190809595504220e+01 -5.508772302832237244e+01
1.557162726008344862e+02 -6.015766787542659699e+01 -5.518045388313491628e+01
1.562169680111265393e+02 -6.026484555066261350e+01 -5.527452777524028704e+01
1.567176634214186208e+02 -6.037342794555868863e+01 -5.536993270425607250e+01
1.572183588317106739e+02 -6.048340138247866093e+01 -5.546665605949253575e+01
1.577190542420027555e+02 -6.059475165758911430e+01 -5.556468465807863311e+01
1.582197496522948654e+02 -6.070746407534741707e+01 -5.566400475194693342e+01
1.587204450625868901e+02 -6.082152344326303250e+01 -5.576460200123814559e+01
1.592211404728790001e+02 -6.093691409139708526e+01 -5.586646154517633533e+01
1.597218358831710532e+02 -6.105361987003405488e+01 -5.596956795279960772e+01
1.602225312934631347e+02 -6.117162417136412955e+01 -5.607390528743248126e+01
1.607232267037552162e+02 -6.129090993879643179e+01 -5.617945708067249200e+01
1.612239221140472694e+02 -6.141145967830951236e+01 -5.628620638099359041e+01
1.617246175243393509e+02 -6.153325546485419295e+01 -5.639413572900788552e+01
1.622253129346314324e+02 -6.165627896738286040e+01 -5.650322720985253966e+01
1.627260083449234855e+02 -6.178051144768531344e+01 -5.661346244111096837e+01
1.632267037552155955e+02 -6.190593378570909522e+01 -5.672482261268793025e+01
1.637273991655076486e+02 -6.203252649643971495e+01 -5.683728848042061088e+01
1.642280945757997301e+02 -6.216026972524403504e+01 -5.695084039976914880e+01
1.647287899860917832e+02 -6.228914328395902089e+01 -5.706545833887626884e+01
1.652294853963838648e+02 -6.241912665322004727e+01 -5.718112189710278415e+01
1.657301808066759463e+02 -6.255019900865434579e+01 -5.729781033305822291e+01
1.662308762169679994e+02 -6.268233921855269841e+01 -5.741550255867092289e+01
1.667315716272600810e+02 -6.281552587064496151e+01 -5.753417718524484314e+01
1.672322670375521341e+02 -6.294973729538313023e+01 -5.765381253595602118e+01
1.677329624478442156e+02 -6.308495155662811271e+01 -5.777438665429268383e+01
1.682336578581363256e+02 -6.322114649355924598e+01 -5.789587734887514614e+01
1.687343532684283502e+02 -6.335829971718183629e+01 -5.801826219694827103e+01
1.692350486787204602e+02 -6.349638862895361058e+01 -5.814151854874704384e+01
1.697357440890125133e+02 -6.363539043708286158e+01 -5.826562358221177362e+01
1.702364394993045948e+02 -6.377528217748320571e+01 -5.839055433383815341e+01
1.707371349095966480e+02 -6.391604070446035735e+01 -5.851628765443943792e+01
1.712378303198887295e+02 -6.405764272912918500e+01 -5.864280029180132203e+01
1.717385257301808110e+02 -6.420006481010048560e+01 -5.877006889301024728e+01
1.722392211404728641e+02 -6.434328338840558104e+01 -5.889807001434870415e+01
1.727399165507649457e+02 -6.448727477178024969e+01 -5.902678016087644153e+01
1.732406119610569988e+02 -6.463201516376855693e+01 -5.915617579108707957e+01
1.737413073713490803e+02 -6.477748066721531472e+01 -5.928623333437040799e+01
1.742420027816411618e+02 -6.492364729241515420e+01 -5.941692922475009198e+01
1.747426981919332150e+02 -6.507049096933613441e+01 -5.954823991494446034e+01
1.752433936022252965e+02 -6.521798754761974237e+01 -5.968014187390177483e+01
1.757440890125173496e+02 -6.536611280123750589e+01 -5.981261164626299376e+01
1.762447844228094596e+02 -6.551484245060990474e+01 -5.994562582556351060e+01
1.767454798331015411e+02 -6.566415214747237883e+01 -6.007916109730682308e+01
1.772461752433935942e+02 -6.581401748884516678e+01 -6.021319424594945247e+01
1.777468706536856757e+02 -6.596441401703330598e+01 -6.034770217119908864e+01
1.782475660639777288e+02 -6.611531722661155186e+01 -6.048266189499950940e+01
1.787482614742698104e+02 -6.626670255627530537e+01 -6.061805058539572144e+01
1.792489568845618919e+02 -6.641854539349722586e+01 -6.075384556584718609e+01
1.797496522948539450e+02 -6.657082108616876326e+01 -6.089002431639197255e+01
1.802503477051460266e+02 -6.672350491698878727e+01 -6.102656449925812865e+01
1.807510431154380797e+02 -6.687657212441834531e+01 -6.116344395944575751e+01
1.812517385257301612e+02 -6.702999789103913031e+01 -6.130064073171193684e+01
1.817524339360222427e+02 -6.718375733424025498e+01 -6.143813305221225107e+01
1.822531293463142958e+02 -6.733782552018809042e+01 -6.157589936664986396e+01
1.827538247566063774e+02 -6.749217744519981466e+01 -6.171391833143967176e+01
1.832545201668984305e+02 -6.764678803341510616e+01 -6.185216881836491609e+01
1.837552155771905404e+02 -6.780163214145275674e+01 -6.199062992389040971e+01
1.842559109874825651e+02 -6.795668454211252651e+01 -6.212928096799838329e+01
1.847566063977746751e+02 -6.811191992670345030e+01 -6.226810149302433217e+01
1.852573018080667566e+02 -6.826731290737214408e+01 -6.240707127297024215e+01
1.857579972183588097e+02 -6.842283799149143420e+01 -6.254617030651967013e+01
1.862586926286508913e+02 -6.857846959795850239e+01 -6.268537881936605061e+01
1.867593880389429444e+02 -6.873418204555335365e+01 -6.282467726304854239e+01
1.872600834492350259e+02 -6.888994954362559042e+01 -6.296404631262372220e+01
1.877607788595271074e+02 -6.904574620140763841e+01 -6.310346686200897182e+01
1.882614742698191606e+02 -6.920154601404490791e+01 -6.324292002863909090e+01
1.887621696801112421e+02 -6.935732286492410026e+01 -6.338238713483984554e+01
1.892628650904032952e+02 -6.951305053032982073e+01 -6.352184971772327060e+01
1.897635605006953767e+02 -6.966870266547473989e+01 -6.366128951347160125e+01
1.902642559109874583e+02 -6.982425281614112578e+01 -6.380068845617311979e+01
1.907649513212795114e+02 -6.997967442333745680e+01 -6.394002867898630882e+01
1.912656467315716213e+02 -7.013494081165688954e+01 -6.407929249027471030e+01
1.917663421418636460e+02 -7.029002521256032310e+01 -6.421846238350222791e+01
1.922670375521557560e+02 -7.044490074807825408e+01 -6.435752102326328838e+01
1.927677329624478375e+02 -7.059954046340706668e+01 -6.449645124062622870e+01
1.932684283727398906e+02 -7.075391730828258119e+01 -6.463523601799930418e+01
1.937691237830319722e+02 -7.090800416957634411e+01 -6.477385849844391430e+01
1.942698191933240253e+02 -7.106177387129562817e+01 -6.491230196006323183e+01
1.947705146036161068e+02 -7.121519917924004517e+01 -6.505054982065881575e+01
1.952712100139081883e+02 -7.136825284058275543e+01 -6.518858562958153868e+01
1.957719054242002414e+02 -7.152090757106478236e+01 -6.532639305841836119e+01
1.962726008344923230e+02 -7.167313609224791549e+01 -6.546395588935079957e+01
1.967732962447844045e+02 -7.182491113849962971e+01 -6.560125802213984514e+01
1.972739916550764576e+02 -7.197620549191768191e+01 -6.573828345666366602e+01
1.977746870653685392e+02 -7.212699198116595767e+01 -6.587501628826099420e+01
1.982753824756605923e+02 -7.227724352804060004e+01 -6.601144071588019813e+01
1.987760778859527022e+02 -7.242693315794738851e+01 -6.614754101646791185e+01
1.992767732962447838e+02 -7.257603402667726300e+01 -6.628330155893887365e+01
1.997774687065368369e+02 -7.272451945533092044e+01 -6.641870679020608748e+01
2.002781641168289184e+02 -7.287236294661695979e+01 -6.655374123634497607e+01
2.007788595271209999e+02 -7.301953822326893828e+01 -6.668838949793676818e+01
2.012795549374130530e+02 -7.316601925132843576e+01 -6.682263625938172424e+01
2.017802503477051346e+02 -7.331178027274134479e+01 -6.695646626794437850e+01
2.022809457579971877e+02 -7.345679582631262861e+01 -6.708986434772337759e+01
2.027816411682892692e+02 -7.360104080358567558e+01 -6.722281540081563378e+01
2.032823365785813508e+02 -7.374449045000645242e+01 -6.735530439800309921e+01
2.037830319888734039e+02 -7.388712041381793938e+01 -6.748731640087167705e+01
2.042837273991654854e+02 -7.402890677632811389e+01 -6.761883653154323781e+01
2.047844228094575953e+02 -7.416982606355148278e+01 -6.774985001458513523e+01
2.052851182197496485e+02 -7.430985531140166245e+01 -6.788034214790637577e+01
2.057858136300417300e+02 -7.444897205637815318e+01 -6.801029833244352574e+01
2.062865090403338115e+02 -7.458715439377400003e+01 -6.813970405819087262e+01
2.067872044506258646e+02 -7.472438099397393785e+01 -6.826854492282687659e+01
2.072878998609179462e+02 -7.486063112573745570e+01 -6.839680663520663018e+01
2.077885952712099993e+02 -7.499588468646678052e+01 -6.852447502292885417e+01
2.082892906815020808e+02 -7.513012223480316720e+01 -6.865153603466420407e+01
2.087899860917941623e+02 -7.526332498888066880e+01 -6.877797576140106628e+01
2.092906815020862155e+02 -7.539547487871303133e+01 -6.890378042946063886e+01
2.097913769123782970e+02 -7.552655454270123414e+01 -6.902893641795922974e+01
2.102920723226703501e+02 -7.565654736022978000e+01 -6.915343027394224862e+01
2.107927677329624316e+02 -7.578543745457707814e+01 -6.927724870685447911e+01
2.112934631432545416e+02 -7.591320972201927475e+01 -6.940037861764390925e+01
2.117941585535465663e+02 -7.603984983124817632e+01 -6.952280708886642913e+01
2.122948539638386762e+02 -7.616534424549016080e+01 -6.964452142193873385e+01
2.127955493741307293e+02 -7.628968022367033086e+01 -6.976550910919864634e+01
2.132962447844228109e+02 -7.641284582739743314e+01 -6.988575788163539926e+01
2.137969401947148924e+02 -7.653482993202331386e+01 -7.000525570510613704e+01
2.142976356050069455e+02 -7.665562221849384628e+01 -7.012399078848498846e+01
2.147983310152990271e+02 -7.677521318731876931e+01 -7.024195158890175605e+01
2.152990264255910802e+02 -7.689359415158676825e+01 -7.035912683808088275e+01
2.157997218358831617e+02 -7.701075723230886183e+01 -7.047550554263249012e+01
2.163004172461752148e+02 -7.712669535143348298e+01 -7.059107699307456585e+01
2.168011126564672963e+02 -7.724140223650309167e+01 -7.070583077372826608e+01
2.173018080667593779e+02 -7.735487240435602985e+01 -7.081975677741534980e+01
2.178025034770514310e+02 -7.746710115181329570e+01 -7.093284520080156597e+01
2.183031988873435125e+02 -7.757808454578324131e+01 -7.104508656884387108e+01
2.188038942976355656e+02 -7.768781941278419367e+01 -7.115647173362627598e+01
2.193045897079276472e+02 -7.779630332381046287e+01 -7.126699187552399906e+01
2.198052851182197571e+02 -7.790353457570589057e+01 -7.137663853114314350e+01
2.203059805285118102e+02 -7.800951218476100735e+01 -7.148540357061970951e+01
2.208066759388038918e+02 -7.811423585528089575e+01 -7.159327922323096516e+01
2.213073713490959449e+02 -7.821770597958519033e+01 -7.170025806808222057e+01
2.218080667593880264e+02 -7.831992359377025537e+01 -7.180633306670311811e+01
2.223087621696801079e+02 -7.842089038818656377e+01 -7.191149752288434627e+01
2.228094575799721611e+02 -7.852060866552918128e+01 -7.201574511993054273e+01
2.233101529902642426e+02 -7.861908132453962139e+01 -7.211906990785460891e+01
2.238108484005562957e+02 -7.871631184370770029e+01 -7.222146630104940357e+01
2.243115438108483772e+02 -7.881230425449601285e+01 -7.232292910346255610e+01
2.248122392211404588e+02 -7.890706312038517467e+01 -7.242345347192564020e+01
2.253129346314325119e+02 -7.900059351591906420e+01 -7.252303494263865957e+01
2.258136300417245934e+02 -7.909290100575006477e+01 -7.262166942593135843e+01
2.263143254520166465e+02 -7.918399161786354057e+01 -7.271935319418513188e+01
2.268150208623087565e+02 -7.927387182262307874e+01 -7.281608288299717913e+01
2.273157162726008380e+02 -7.936254850715911857e+01 -7.291185549234465668e+01
2.278164116828928911e+02 -7.945002896838403217e+01 -7.300666838192806551e+01
2.283171070931849727e+02 -7.953632087108260862e+01 -7.310051927582786391e+01
2.288178025034770258e+02 -7.962143223394221536e+01 -7.319340622641571770e+01
2.293184979137691073e+02 -7.970537141558295957e+01 -7.328532764811494360e+01
2.298191933240611604e+02 -7.978814707730478517e+01 -7.337628229178913841e+01
2.303198887343532704e+02 -7.986976818308747283e+01 -7.346626923310064683e+01
2.308205841446453235e+02 -7.995024395768112413e+01 -7.355528788065963397e+01
2.313212795549373766e+02 -8.002958388427785508e+01 -7.364333796321839998e+01
2.318219749652294297e+02 -8.010779767496416071e+01 -7.373041951919400105e+01
2.323226703755215397e+02 -8.018489525787933303e+01 -7.381653288968333015e+01
2.328233657858135928e+02 -8.026088674801600575e+01 -7.390167872020934681e+01
2.333240611961056459e+02 -8.033578244879726071e+01 -7.398585793976631919e+01
2.338247566063977843e+02 -8.040959281202432862e+01 -7.406907175849151770e+01
2.343254520166898374e+02 -8.048232844469416136e+01 -7.415132166068029562e+01
2.348261474269818621e+02 -8.055400007255403239e+01 -7.423260939489078680e+01
2.353268428372740004e+02 -8.062461853350305319e+01 -7.431293696113822023e+01
2.358275382475660535e+02 -8.069419476753679987e+01 -7.439230660856661359e+01
2.363282336578581067e+02 -8.076273978737845027e+01 -7.447072082147893468e+01
2.368289290681501882e+02 -8.083026468766765049e+01 -7.454818231700879494e+01
2.373296244784422697e+02 -8.089678060989571406e+01 -7.462469402183738509e+01
2.378303198887343228e+02 -8.096229874060944098e+01 -7.470025908267085413e+01
2.383310152990264044e+02 -8.102683029664464698e+01 -7.477488084222964915e+01
2.388317107093184859e+02 -8.109038651571736978e+01 -7.484856283517397912e+01
2.393324061196105390e+02 -8.115297864321908605e+01 -7.492130877908162745e+01
2.398331015299026205e+02 -8.121461792638909571e+01 -7.499312256920926245e+01
2.403337969401946737e+02 -8.127531559682854834e+01 -7.506400825797423693e+01
2.408344923504867552e+02 -8.133508286985951941e+01 -7.513397006193950745e+01
2.413351877607788083e+02 -8.139393092569902421e+01 -7.520301234551548930e+01
2.418358831710709183e+02 -8.145187091088578768e+01 -7.527113960524398806e+01
2.423365785813629998e+02 -8.150891392746677866e+01 -7.533835647096235277e+01
2.428372739916550529e+02 -8.156507102334344950e+01 -7.540466770289309295e+01
2.433379694019471344e+02 -8.162035318341675350e+01 -7.547007816370420130e+01
2.438386648122392160e+02 -8.167477133204343431e+01 -7.553459283422522219e+01
2.443393602225312691e+02 -8.172833631717477942e+01 -7.559821678317926796e+01
2.448400556328233506e+02 -8.178105891213127165e+01 -7.566095518057078095e+01
2.453407510431154037e+02 -8.183294980413324993e+01 -7.572281327440246912e+01
2.458414464534074853e+02 -8.188401959409586084e+01 -7.578379639067530604e+01
2.463421418636995668e+02 -8.193427878886846827e+01 -7.584390992291115197e+01
2.468428372739916199e+02 -8.198373780082744133e+01 -7.590315933331690701e+01
2.473435326842837014e+02 -8.203240694030898794e+01 -7.596155013415805968e+01
2.478442280945758114e+02 -8.208029641552315070e+01 -7.601908789474360617e+01
2.483449235048678645e+02 -8.212741632330101993e+01 -7.607577821930713924e+01
2.488456189151599460e+02 -8.217377665682874976e+01 -7.613162675864838036e+01
2.493463143254520276e+02 -8.221938728960503795e+01 -7.618663918685011538e+01
2.498470097357440807e+02 -8.226425798245074361e+01 -7.624082121524803313e+01
2.503477051460361338e+02 -8.230839837982514950e+01 -7.629417856449104818e+01
2.508484005563282153e+02 -8.235181800571857025e+01 -7.634671697618283304e+01
2.513490959666202968e+02 -8.239452626357135046e+01 -7.639844220589689883e+01
2.518497913769123500e+02 -8.243653243181219636e+01 -7.644936000920675667e+01
2.523504867872044315e+02 -8.247784566987954236e+01 -7.649947614867083701e+01
2.528511821974965130e+02 -8.251847500622777432e+01 -7.654879637753434451e+01
2.533518776077885661e+02 -8.255842934937184907e+01 -7.659732644904248389e+01
2.538525730180806477e+02 -8.259771747813996967e+01 -7.664507209781400832e+01
2.543532684283727576e+02 -8.263634804149327806e+01 -7.669203904915444525e+01
2.548539638386647823e+02 -8.267432956443757064e+01 -7.673823300741456421e+01
2.553546592489568354e+02 -8.271167044433079241e+01 -7.678365965133376392e+01
2.558553546592489738e+02 -8.274837894924965553e+01 -7.682832463869668516e+01
2.563560500695410269e+02 -8.278446321524560858e+01 -7.687223359469167860e+01
2.568567454798330800e+02 -8.281993125520787657e+01 -7.691539211423911127e+01
2.573574408901251900e+02 -8.285479095245217707e+01 -7.695780575966306003e+01
2.578581363004172431e+02 -8.288905006401031983e+01 -7.699948004904977950e+01
2.583588317107092962e+02 -8.292271621396244541e+01 -7.704042046556092771e+01
2.588595271210013493e+02 -8.295579690460392897e+01 -7.708063244812034043e+01
2.593602225312934593e+02 -8.298829951498727553e+01 -7.712012139141403111e+01
2.598609179415855124e+02 -8.302023128635795501e+01 -7.715889264123357805e+01
2.603616133518775655e+02 -8.305159934390260901e+01 -7.719695149447612437e+01
2.608623087621696754e+02 -8.308241068968679599e+01 -7.723430319914437803e+01
2.613630041724617286e+02 -8.311267219571627152e+01 -7.727095294968999895e+01
2.618636995827537817e+02 -8.314239061678784992e+01 -7.730690588002867969e+01
2.623643949930458916e+02 -8.317157257982353258e+01 -7.734216707750998410e+01
2.628650904033379447e+02 -8.320022459316894015e+01 -7.737674156429089578e+01
2.633657858136299978e+02 -8.322835305211656021e+01 -7.741063430664904388e+01
2.638664812239220510e+02 -8.325596421939887648e+01 -7.744385021032609018e+01
2.643671766342141609e+02 -8.328306425039455974e+01 -7.747639411819942268e+01
2.648678720445062140e+02 -8.330965917956348221e+01 -7.750827081028215559e+01
2.653685674547982671e+02 -8.333575492645179850e+01 -7.753948500605143579e+01
2.658692628650904339e+02 -8.336135729198545619e+01 -7.757004135513521703e+01
2.663699582753824870e+02 -8.338647197028330993e+01 -7.759994445128209861e+01
2.668706536856744833e+02 -8.341110453556311199e+01 -7.762919880791410776e+01
2.673713490959666501e+02 -8.343526045596712493e+01 -7.765780888373807045e+01
2.678720445062587032e+02 -8.345894508849264071e+01 -7.768577906761161955e+01
2.683727399165507563e+02 -8.348216367899962620e+01 -7.771311367621488841e+01
2.688734353268428094e+02 -8.350492136468639615e+01 -7.773981696219958337e+01
2.693741307371349194e+02 -8.352722317941632468e+01 -7.776589310254745158e+01
2.698748261474269725e+02 -8.354907404906842316e+01 -7.779134621370427283e+01
2.703755215577190256e+02 -8.357047879928052225e+01 -7.781618033993832739e+01
2.708762169680111356e+02 -8.359144214452369681e+01 -7.784039945334039601e+01
2.713769123783031887e+02 -8.361196870434758921e+01 -7.786400745877141105e+01
2.718776077885952418e+02 -8.363206299285445766e+01 -7.788700818804169046e+01
2.723783031988873518e+02 -8.365172942831446790e+01 -7.790940540631378042e+01
2.728789986091794049e+02 -8.367097232861735279e+01 -7.793120280162507640e+01
2.733796940194714580e+02 -8.368979591265684803e+01 -7.795240400380531298e+01
2.738803894297635111e+02 -8.370820430777871479e+01 -7.797301256119349944e+01
2.743810848400556210e+02 -8.372620153862817460e+01 -7.799303195926437127e+01
2.748817802503476742e+02 -8.374379154488887878e+01 -7.801246561131516444e+01
2.753824756606397273e+02 -8.376097816646137062e+01 -7.803131685846561538e+01
2.758831710709318372e+02 -8.377776515308303829e+01 -7.804958897431457387e+01
2.763838664812238903e+02 -8.379415616435218794e+01 -7.806728516261169659e+01
2.768845618915159434e+02 -8.381015477077039577e+01 -7.808440855842160033e+01
2.773852573018079966e+02 -8.382576445514882835e+01 -7.810096222987009185e+01
2.778859527121001065e+02 -8.384098860753343274e+01 -7.811694916999509530e+01
2.783866481223921596e+02 -8.385583054024772309e+01 -7.813237231071649092e+01
2.788873435326842127e+02 -8.387029346818859210e+01 -7.814723451468704241e+01
2.793880389429763227e+02 -8.388438053422956386e+01 -7.816153857238201397e+01
2.798887343532683758e+02 -8.389809478684358623e+01 -7.817528720966616618e+01
2.803894297635604289e+02 -8.391143920158827996e+01 -7.818848309157725396e+01
2.808901251738525957e+02 -8.392441666005176160e+01 -7.820112880602788152e+01
2.813908205841446488e+02 -8.393702997691408996e+01 -7.821322688650649013e+01
2.818915159944367019e+02 -8.394928187862117852e+01 -7.822477979403298320e+01
2.823922114047287550e+02 -8.396117500828614766e+01 -7.823578991744976463e+01
2.828929068150208650e+02 -8.397271194415995410e+01 -7.824625960834633531e+01
2.833936022253129181e+02 -8.398389517411207805e+01 -7.825619111935917260e+01
2.838942976356049712e+02 -8.399472711988227047e+01 -7.826558666936431052e+01
2.843949930458970812e+02 -8.400521011512874736e+01 -7.827444839807536425e+01
2.848956884561891343e+02 -8.401534642954652554e+01 -7.828277838699828806e+01
2.853963838664811874e+02 -8.402513825614644816e+01 -7.829057866059552850e+01
2.858970792767732974e+02 -8.403458770733803362e+01 -7.829785117697279873e+01
2.863977746870653505e+02 -8.404369683149431580e+01 -7.830459783893853398e+01
2.868984700973574036e+02 -8.405246760108650506e+01 -7.831082048701897236e+01
2.873991655076494567e+02 -8.406090191623343344e+01 -7.831652090295061441e+01
2.878998609179415666e+02 -8.406900160955859747e+01 -7.832170080968022319e+01
2.884005563282336198e+02 -8.407676843897868935e+01 -7.832636187427520724e+01
2.889012517385257297e+02 -8.408420409616867630e+01 -7.833050571025192710e+01
2.894019471488177828e+02 -8.409131020320654670e+01 -7.833413387641154202e+01
2.899026425591098359e+02 -8.409808831083876157e+01 -7.833724786519847783e+01
2.904033379694019459e+02 -8.410453990659178203e+01 -7.833984911899857195e+01
2.909040333796939990e+02 -8.411066640983972320e+01 -7.834193903827450356e+01
2.914047287899860521e+02 -8.411646916943251995e+01 -7.834351895950145206e+01
2.919054242002781621e+02 -8.412194947243193610e+01 -7.834459016730885139e+01
2.924061196105702152e+02 -8.412710853658740007e+01 -7.834515389424392140e+01
2.929068150208622683e+02 -8.413194751250296122e+01 -7.834521133239955759e+01
2.934075104311543782e+02 -8.413646749860244256e+01 -7.834476361420580304e+01
2.939082058414464314e+02 -8.414066951183846754e+01 -7.834381182814591682e+01
2.944089012517384845e+02 -8.414455450947988879e+01 -7.834235701184421430e+01
2.949095966620305944e+02 -8.414812339648062789e+01 -7.834040015177502880e+01
2.954102920723226475e+02 -8.415137700073928784e+01 -7.833794220523610363e+01
2.959109874826147006e+02 -8.415431609280440739e+01 -7.833498406862541685e+01
2.964116828929068106e+02 -8.415694138365455501e+01 -7.833152659177481780e+01
2.969123783031988637e+02 -8.415925351437900304e+01 -7.832757059890478502e+01
2.974130737134909168e+02 -8.416125307006808498e+01 -7.832311684671491037e+01
2.979137691237830268e+02 -8.416294057032956744e+01 -7.831816607560664067e+01
2.984144645340750799e+02 -8.416431647837706009e+01 -7.831271896544545541e+01
2.989151599443671330e+02 -8.416538118882598951e+01 -7.830677617747038255e+01
2.994158553546592429e+02 -8.416613504104702770e+01 -7.830033831238448272e+01
2.999165507649512961e+02 -8.416657831426320513e+01 -7.829340594062283287e+01
3.004172461752433492e+02 -8.416671121613882178e+01 -7.828597960046077731e+01
3.009179415855354023e+02 -8.416653390697224779e+01 -7.827805979626769783e+01
3.014186369958275691e+02 -8.416604648238171649e+01 -7.826964699181313279e+01
3.019193324061196222e+02 -8.416524897513112080e+01 -7.826074161084885361e+01
3.024200278164116185e+02 -8.416414135753885262e+01 -7.825134407247001889e+01
3.029207232267037853e+02 -8.416272355157622087e+01 -7.824145471893767478e+01
3.034214186369958384e+02 -8.416099540030720050e+01 -7.823107391230347218e+01
3.039221140472878915e+02 -8.415895670767362446e+01 -7.822020194586126252e+01
3.044228094575799446e+02 -8.415660720137324802e+01 -7.820883910642929493e+01
3.049235048678720545e+02 -8.415394656393146988e+01 -7.819698564015321551e+01
3.054242002781641077e+02 -8.415097439878165630e+01 -7.818464178131885944e+01
3.059248956884561608e+02 -8.414769027505695931e+01 -7.817180773714549957e+01
3.064255910987482707e+02 -8.414409367737306411e+01 -7.815848367439808442e+01
3.069262865090403238e+02 -8.414018404446130717e+01 -7.814466975780429436e+01
3.074269819193323769e+02 -8.413596075596461787e+01 -7.813036610872710241e+01
3.079276773296244869e+02 -8.413142312093654596e+01 -7.811557286570074154e+01
3.084283727399165400e+02 -8.412657039648661339e+01 -7.810029009508194520e+01
3.089290681502085931e+02 -8.412140178387532785e+01 -7.808451789349543049e+01
3.094297635605006462e+02 -8.411591641185276558e+01 -7.806825632380547120e+01
3.099304589707927562e+02 -8.411011335497386199e+01 -7.805150541162343814e+01
3.104311543810848093e+02 -8.410399163322375671e+01 -7.803426520380649833e+01
3.109318497913768624e+02 -8.409755020007541759e+01 -7.801653570672111471e+01
3.114325452016689724e+02 -8.409078794633907705e+01 -7.799831693571955782e+01
3.119332406119610255e+02 -8.408370370384966463e+01 -7.797960888116118383e+01
3.124339360222530786e+02 -8.407629624469078067e+01 -7.796041151496079635e+01
3.129346314325451885e+02 -8.406856427596093795e+01 -7.794072482489478659e+01
3.134353268428372417e+02 -8.406050645046801151e+01 -7.792054877807582614e+01
3.139360222531292948e+02 -8.405212136018386104e+01 -7.789988332968401608e+01
3.144367176634213479e+02 -8.404340751627417205e+01 -7.787872843722776395e+01
3.149374130737134578e+02 -8.403436339136129618e+01 -7.785708405588717085e+01
3.154381084840055109e+02 -8.402498737970316256e+01 -7.783495012250010348e+01
3.159388038942975641e+02 -8.401527782182586179e+01 -7.781232659633484161e+01
3.164394993045897309e+02 -8.400523299241635300e+01 -7.778921341684859669e+01
3.169401947148817840e+02 -8.399485109812934525e+01 -7.776561052146813324e+01
3.174408901251737802e+02 -8.398413029259322116e+01 -7.774151787235847166e+01
3.179415855354659470e+02 -8.397306865644469553e+01 -7.771693540345391682e+01
3.184422809457580001e+02 -8.396166420515817208e+01 -7.769186307168079964e+01
3.189429763560500533e+02 -8.394991490408573043e+01 -7.766630082930883816e+01
3.194436717663421064e+02 -8.393781863116123532e+01 -7.764024863606560700e+01
3.199443671766342163e+02 -8.392537321548313400e+01 -7.761370644793156259e+01
3.204450625869262694e+02 -8.391257641679177937e+01 -7.758667425606641643e+01
3.209457579972183225e+02 -8.389942592648571917e+01 -7.755915201141202431e+01
3.214464534075104325e+02 -8.388591937279828414e+01 -7.753113971844764762e+01
3.219471488178024856e+02 -8.387205431725155336e+01 -7.750263736473642950e+01
3.224478442280945387e+02 -8.385782824705975713e+01 -7.747364494927241196e+01
3.229485396383865918e+02 -8.384323859552711156e+01 -7.744416249195127477e+01
3.234492350486787018e+02 -8.382828271138839682e+01 -7.741418999131782641e+01
3.239499304589707549e+02 -8.381295789036030897e+01 -7.738372751170233244e+01
3.244506258692628649e+02 -8.379726135503602791e+01 -7.735277507229172045e+01
3.249513212795549180e+02 -8.378119024916426838e+01 -7.732133271757842863e+01
3.254520166898469711e+02 -8.376474165800780725e+01 -7.728940053496839369e+01
3.259527121001390810e+02 -8.374791260281614313e+01 -7.725697856981636846e+01
3.264534075104311910e+02 -8.373070001000567686e+01 -7.722406692922444904e+01
3.269541029207232441e+02 -8.371310076422341240e+01 -7.719066568769844139e+01
3.274547983310152972e+02 -8.369511165797482022e+01 -7.715677497096689308e+01
3.279554937413073503e+02 -8.367672942294431948e+01 -7.712239488147528732e+01
3.284561891515994603e+02 -8.365795072000670984e+01 -7.708752553069129476e+01
3.289568845618915134e+02 -8.363877212526148242e+01 -7.705216707286521682e+01
3.294575799721835665e+02 -8.361919015676943445e+01 -7.701631964362090343e+01
3.299582753824756765e+02 -8.359920125370177857e+01 -7.697998337508974487e+01
3.304589707927677296e+02 -8.357880177874953631e+01 -7.694315845208106452e+01
3.309596662030597827e+02 -8.355798802580400775e+01 -7.690584500905455911e+01
3.314603616133518926e+02 -8.353675621062006940e+01 -7.686804321714075172e+01
3.319610570236439457e+02 -8.351510248154107785e+01 -7.682975324223147595e+01
3.324617524339359989e+02 -8.349302289406065825e+01 -7.679097527027292358e+01
3.329624478442280520e+02 -8.347051345159826496e+01 -7.675170945525164257e+01
3.334631432545201619e+02 -8.344757005926115312e+01 -7.671195596890751744e+01
3.339638386648122150e+02 -8.342418857568901558e+01 -7.667171498263482476e+01
3.344645340751042681e+02 -8.340036475184254527e+01 -7.663098663991544868e+01
3.349652294853963781e+02 -8.337609428077914231e+01 -7.658977111879207200e+01
3.354659248956884312e+02 -8.335137277019782687e+01 -7.654806854982038544e+01
3.359666203059804843e+02 -8.332619575558656777e+01 -7.650587905536835365e+01
3.364673157162726511e+02 -8.330055869480183617e+01 -7.646320276098262525e+01
3.369680111265647042e+02 -8.327445696097396421e+01 -7.642003976204645710e+01
3.374687065368567005e+02 -8.324788585801994145e+01 -7.637639015377712326e+01
3.379694019471487536e+02 -8.322084061422853551e+01 -7.633225397952114122e+01
3.384700973574409204e+02 -8.319331636105827954e+01 -7.628763126408952644e+01
3.389707927677329735e+02 -8.316530817613423210e+01 -7.624252202639976872e+01
3.394714881780250266e+02 -8.313681103618692703e+01 -7.619692624518788193e+01
3.399721835883171366e+02 -8.310781986040288416e+01 -7.615084382812878516e+01
3.404728789986091897e+02 -8.307832947022423298e+01 -7.610427468174916044e+01
3.409735744089012428e+02 -8.304833461693631591e+01 -7.605721867501583233e+01
3.414742698191932959e+02 -8.301782997916446050e+01 -7.600967559938166573e+01
3.419749652294854059e+02 -8.298681013809306251e+01 -7.596164520921033159e+01
3.424756606397774590e+02 -8.295526961547994915e+01 -7.591312720473237619e+01
3.429763560500695121e+02 -8.292320284484898707e+01 -7.586412125299997911e+01
3.434770514603616220e+02 -8.289060418582447198e+01 -7.581462689882923200e+01
3.439777468706536752e+02 -8.285746790504231285e+01 -7.576464368237961367e+01
3.444784422809457283e+02 -8.282378821709923500e+01 -7.571417103030424300e+01
3.449791376912378382e+02 -8.278955922867504569e+01 -7.566320832254885431e+01
3.454798331015298913e+02 -8.275477498796362852e+01 -7.561175484082949083e+01
3.459805285118219444e+02 -8.271942946184842071e+01 -7.555980977474999349e+01
3.464812239221139976e+02 -8.268351653563621539e+01 -7.550737225323271673e+01
3.469819193324061075e+02 -8.264703002106732299e+01 -7.545444127976250570e+01
3.474826147426981606e+02 -8.260996364031097983e+01 -7.540101579146747213e+01
3.479833101529902137e+02 -8.257231106633588524e+01 -7.534709460644106116e+01
3.484840055632823237e+02 -8.253406586784984711e+01 -7.529267641559297886e+01
3.489847009735743768e+02 -8.249522155927030553e+01 -7.523775981582755890e+01
3.494853963838664299e+02 -8.245577155985711215e+01 -7.518234330997100301e+01
3.499860917941585399e+02 -8.241570923008168847e+01 -7.512642523575803466e+01
3.504867872044505930e+02 -8.237502785203233202e+01 -7.507000385154267974e+01
3.509874826147426461e+02 -8.233372063025325360e+01 -7.501307722941216127e+01
3.514881780250346992e+02 -8.229178070990863603e+01 -7.495564336950134532e+01
3.519888734353268660e+02 -8.224920114077291089e+01 -7.489770007255823714e+01
3.524895688456189191e+02 -8.220597492759894465e+01 -7.483924504305572611e+01
3.529902642559109154e+02 -8.216209498916281007e+01 -7.478027582128301276e+01
3.534909596662030822e+02 -8.211755417830087822e+01 -7.472078978975072516e+01
3.539916550764951353e+02 -8.207234526930966467e+01 -7.466078416301765230e+01
3.544923504867871884e+02 -8.202646098810095054e+01 -7.460025604766282470e+01
3.549930458970792415e+02 -8.197989398552746820e+01 -7.453920232856457062e+01
3.554937413073713515e+02 -8.193263683778468476e+01 -7.447761975953166314e+01
3.559944367176634046e+02 -8.188468207131589338e+01 -7.441550490239445992e+01
3.564951321279554577e+02 -8.183602213552428850e+01 -7.435285420212007068e+01
3.569958275382475676e+02 -8.178664941760968077e+01 -7.428966382573402427e+01
3.574965229485396208e+02 -8.173655625407855041e+01 -7.422592986400981374e+01
3.579972183588316739e+02 -8.168573490458200581e+01 -7.416164815451760717e+01
3.584979137691237838e+02 -8.163417759278559060e+01 -7.409681441870328911e+01
3.589986091794158369e+02 -8.158187645356358075e+01 -7.403142411869193040e+01
3.594993045897078900e+02 -8.152882358212464453e+01 -7.396547258653153278e+01
3.600000000000000000e+02 -8.147501102560585196e+01 -7.389895493335497179e+01
