# lons lats(polar edge) lats(equatorward edge)
0.000000000000000000e+00 -8.090276292944326997e+01 -7.305732489178149081e+01
5.006954102920723182e-01 -8.083336961690645239e+01 -7.296672230666695214e+01
1.001390820584144636e+00 -8.076295216443838854e+01 -7.287538437689613602e+01
1.502086230876216844e+00 -8.069150063764844560e+01 -7.278331266767304442e+01
2.002781641168289273e+00 -8.061900519904799012e+01 -7.269050878320990705e+01
2.503477051460361480e+00 -8.054545610622500362e+01 -7.259697433234828168e+01
3.004172461752433687e+00 -8.047084376227800817e+01 -7.250271097896325045e+01
3.504867872044505894e+00 -8.039515869122112690e+01 -7.240772043086758458e+01
4.005563282336578546e+00 -8.031839154200787334e+01 -7.231200436735230141e+01
4.506258692628650309e+00 -8.024053315305803835e+01 -7.221556455501990968e+01
5.006954102920722960e+00 -8.016157449543258906e+01 -7.211840271623509580e+01
5.507649513212795611e+00 -8.008150673907701389e+01 -7.202052064728627556e+01
6.008344923504867374e+00 -8.000032124349195328e+01 -7.192192016541662269e+01
6.509040333796940025e+00 -7.991800954857681916e+01 -7.182260308321269804e+01
7.009735744089011789e+00 -7.983456342773352787e+01 -7.172257125626197194e+01
7.510431154381083552e+00 -7.974997487211440728e+01 -7.162182656485379084e+01
8.011126564673157091e+00 -7.966423611274295524e+01 -7.152037089826797001e+01
8.511821974965229742e+00 -7.957733962802522854e+01 -7.141820619019006244e+01
9.012517385257300617e+00 -7.948927815655552820e+01 -7.131533439407382957e+01
9.513212795549373268e+00 -7.940004471341454462e+01 -7.121175751691941969e+01
1.001390820584144592e+01 -7.930963259773635343e+01 -7.110747760996480338e+01
1.051460361613352035e+01 -7.921803539403627781e+01 -7.100249672211964480e+01
1.101529902642559122e+01 -7.912524700415234236e+01 -7.089681699775417201e+01
1.151599443671766032e+01 -7.903126166918228535e+01 -7.079044062547643534e+01
1.201668984700973475e+01 -7.893607391760598091e+01 -7.068336982161588367e+01
1.251738525730180740e+01 -7.883967864577572016e+01 -7.057560693264156271e+01
1.301808066759388005e+01 -7.874207111034921525e+01 -7.046715433271663187e+01
1.351877607788595093e+01 -7.864324690966314790e+01 -7.035801448246991185e+01
1.401947148817802358e+01 -7.854320203262760458e+01 -7.024818997159661649e+01
1.452016689847009623e+01 -7.844193284301000801e+01 -7.013768347735810949e+01
1.502086230876216710e+01 -7.833943610155402837e+01 -7.002649776114174074e+01
1.552155771905424153e+01 -7.823570896947204290e+01 -6.991463574057468122e+01
1.602225312934631418e+01 -7.813074902474328098e+01 -6.980210049485810941e+01
1.652294853963838506e+01 -7.802455427899404583e+01 -6.968889518059347665e+01
1.702364394993045948e+01 -7.791712314199104128e+01 -6.957502320758555925e+01
1.752433936022252681e+01 -7.780845450022171406e+01 -6.946048809041292316e+01
1.802503477051460123e+01 -7.769854768196965722e+01 -6.934529356484324580e+01
1.852573018080667566e+01 -7.758740245585941864e+01 -6.922944359307200557e+01
1.902642559109874654e+01 -7.747501907393017007e+01 -6.911294230551482087e+01
1.952712100139081741e+01 -7.736139825999417496e+01 -6.899579411198408252e+01
2.002781641168289184e+01 -7.724654120701744375e+01 -6.887800366443605071e+01
2.052851182197496627e+01 -7.713044961873821137e+01 -6.875957591285020953e+01
2.102920723226704069e+01 -7.701312569162256239e+01 -6.864051600744039661e+01
2.152990264255910802e+01 -7.689457212243142692e+01 -6.852082953264959997e+01
2.203059805285118244e+01 -7.677479212561011934e+01 -6.840052229178161269e+01
2.253129346314325332e+01 -7.665378943357937658e+01 -6.827960045834095126e+01
2.303198887343532064e+01 -7.653156832132809484e+01 -6.815807055900711475e+01
2.353268428372739507e+01 -7.640813359797321880e+01 -6.803593953126016913e+01
2.403337969401946950e+01 -7.628349061920162910e+01 -6.791321465149428604e+01
2.453407510431154037e+01 -7.615764527912106985e+01 -6.778990365434344767e+01
2.503477051460361480e+01 -7.603060406963196272e+01 -6.766601466916461050e+01
2.553546592489568567e+01 -7.590237401523482674e+01 -6.754155627852730959e+01
2.603616133518776010e+01 -7.577296276558045918e+01 -6.741653754776768892e+01
2.653685674547983453e+01 -7.564237852562074238e+01 -6.729096797695808618e+01
2.703755215577190185e+01 -7.551063011905499422e+01 -6.716485761972569435e+01
2.753824756606397628e+01 -7.537772696970351660e+01 -6.703821699768730014e+01
2.803894297635604715e+01 -7.524367914574541771e+01 -6.691105715632863848e+01
2.853963838664812158e+01 -7.510849731257040673e+01 -6.678338969760068267e+01
2.904033379694019246e+01 -7.497219279884448895e+01 -6.665522679156117647e+01
2.954102920723226333e+01 -7.483477758719674000e+01 -6.652658111696644028e+01
3.004172461752433421e+01 -7.469626430898061642e+01 -6.639746598248882492e+01
3.054242002781640863e+01 -7.455666630539199957e+01 -6.626789524157950950e+01
3.104311543810848306e+01 -7.441599757886579880e+01 -6.613788336220616770e+01
3.154381084840055394e+01 -7.427427282800054797e+01 -6.600744539577002001e+01
3.204450625869262836e+01 -7.413150749412453422e+01 -6.587659702807152939e+01
3.254520166898469569e+01 -7.398771771472966918e+01 -6.574535452873399777e+01
3.304589707927677011e+01 -7.384292039543070985e+01 -6.561373477521422615e+01
3.354659248956884454e+01 -7.369713317009301079e+01 -6.548175527433934917e+01
3.404728789986091897e+01 -7.355037444841728700e+01 -6.534943413174781313e+01
3.454798331015298629e+01 -7.340266340982780946e+01 -6.521679007633659353e+01
3.504867872044505361e+01 -7.325402003352211011e+01 -6.508384241731485531e+01
3.554937413073713515e+01 -7.310446508333699001e+01 -6.495061109782776043e+01
3.605006954102920247e+01 -7.295402014732972873e+01 -6.481711662383682437e+01
3.655076495132127690e+01 -7.280270761915163291e+01 -6.468338006216842473e+01
3.705146036161335132e+01 -7.265055074927077783e+01 -6.454942308872747958e+01
3.755215577190541865e+01 -7.249757359374926580e+01 -6.441526789724636615e+01
3.805285118219749307e+01 -7.234380106895842744e+01 -6.428093724924880803e+01
3.855354659248956750e+01 -7.218925896438450707e+01 -6.414645437366604597e+01
3.905424200278163482e+01 -7.203397389024176789e+01 -6.401184302756607281e+01
3.955493741307371636e+01 -7.187797333102354003e+01 -6.387712744066536175e+01
4.005563282336578368e+01 -7.172128565132298661e+01 -6.374233228389218198e+01
4.055632823365785811e+01 -7.156394003180467678e+01 -6.360748265173330651e+01
4.105702364394993253e+01 -7.140596655418777061e+01 -6.347260400771207856e+01
4.155771905424199986e+01 -7.124739613605343891e+01 -6.333772223095454024e+01
4.205841446453408139e+01 -7.108826053550147606e+01 -6.320286348085662098e+01
4.255910987482614871e+01 -7.092859233485215498e+01 -6.306805424015780659e+01
4.305980528511821603e+01 -7.076842495562105739e+01 -6.293332126080801459e+01
4.356050069541029046e+01 -7.060779262190281713e+01 -6.279869152322223158e+01
4.406119610570236489e+01 -7.044673034311800564e+01 -6.266419216565686412e+01
4.456189151599443221e+01 -7.028527389602332676e+01 -6.252985052339630556e+01
4.506258692628650664e+01 -7.012345980243354404e+01 -6.239569405833157134e+01
4.556328233657857396e+01 -6.996132528731196487e+01 -6.226175025844844413e+01
4.606397774687064128e+01 -6.979890827877044046e+01 -6.212804667808944714e+01
4.656467315716272282e+01 -6.963624733589186633e+01 -6.199461089720847440e+01
4.706536856745479014e+01 -6.947338164407356942e+01 -6.186147041194038820e+01
4.756606397774686457e+01 -6.931035096846117938e+01 -6.172865265555577707e+01
4.806675938803893899e+01 -6.914719559341266120e+01 -6.159618494607406092e+01
4.856745479833100632e+01 -6.898395628757371867e+01 -6.146409445483135414e+01
4.906815020862308074e+01 -6.882067427753882782e+01 -6.133240813663127255e+01
4.956884561891514807e+01 -6.865739116403220521e+01 -6.120115270879017544e+01
5.006954102920722960e+01 -6.849414887563271748e+01 -6.107035463760388438e+01
5.057023643949929692e+01 -6.833098963559551464e+01 -6.094004007606548612e+01
5.107093184979137135e+01 -6.816795587264878975e+01 -6.081023484087330644e+01
5.157162726008345288e+01 -6.800509019014371859e+01 -6.068096436644685809e+01
5.207232267037552020e+01 -6.784243529387696015e+01 -6.055225370536339824e+01
5.257301808066758753e+01 -6.768003391292823778e+01 -6.042412743464359437e+01
5.307371349095966906e+01 -6.751792877172066198e+01 -6.029660972327241097e+01
5.357440890125173638e+01 -6.735616249397808986e+01 -6.016972420821679179e+01
5.407510431154380370e+01 -6.719477756314391570e+01 -6.004349404681255464e+01
5.457579972183587813e+01 -6.703381624903941827e+01 -5.991794184982558136e+01
5.507649513212795256e+01 -6.687332054034287410e+01 -5.979308967679520492e+01
5.557719054242002699e+01 -6.671333208230736034e+01 -5.966895900401999597e+01
5.607788595271209431e+01 -6.655389211738894062e+01 -5.954557073969175462e+01
5.657858136300416163e+01 -6.639504143868053632e+01 -5.942294518198599462e+01
5.707927677329624316e+01 -6.623682030842120128e+01 -5.930110200509210472e+01
5.757997218358831759e+01 -6.607926840793753342e+01 -5.918006028715302591e+01
5.808066759388038491e+01 -6.592242479224169927e+01 -5.905983844507267122e+01
5.858136300417245934e+01 -6.576632782716716008e+01 -5.894045427176882868e+01
5.908205841446452666e+01 -6.561101515677238183e+01 -5.882192493384485488e+01
5.958275382475660109e+01 -6.545652361952180343e+01 -5.870426693550092523e+01
6.008344923504866841e+01 -6.530288925294244962e+01 -5.858749614763786440e+01
6.058414464534074995e+01 -6.515014721213320570e+01 -5.847162780174534191e+01
6.108484005563281727e+01 -6.499833175463082569e+01 -5.835667649688679148e+01
6.158553546592489170e+01 -6.484747620781364219e+01 -5.824265619213241507e+01
6.208623087621696612e+01 -6.469761291767882483e+01 -5.812958022984224726e+01
6.258692628650903345e+01 -6.454877325349899309e+01 -5.801746133188265730e+01
6.308762169680110787e+01 -6.440098755892778115e+01 -5.790631161476034094e+01
6.358831710709318941e+01 -6.425428514035830574e+01 -5.779614259893554618e+01
6.408901251738525673e+01 -6.410869426226655321e+01 -5.768696521813529898e+01
6.458970792767732405e+01 -6.396424211927170234e+01 -5.757878983565154840e+01
6.509040333796939137e+01 -6.382095483497197108e+01 -5.747162625598269869e+01
6.559109874826147291e+01 -6.367885745728800373e+01 -5.736548373647514154e+01
6.609179415855354023e+01 -6.353797395206002818e+01 -5.726037100827801396e+01
6.659248956884562176e+01 -6.339832721701769458e+01 -5.715629628565642406e+01
6.709318497913768908e+01 -6.325993906897438990e+01 -5.705326728461790253e+01
6.759388038942975641e+01 -6.312283026245368944e+01 -5.695129123921054770e+01
6.809457579972183794e+01 -6.298702049259973990e+01 -5.685037491782117058e+01
6.859527121001390526e+01 -6.285252841613201724e+01 -5.675052463481682707e+01
6.909596662030597258e+01 -6.271937165833024608e+01 -5.665174627848449518e+01
6.959666203059803991e+01 -6.258756683398915754e+01 -5.655404531452353467e+01
7.009735744089010723e+01 -6.245712956604494082e+01 -5.645742681165705790e+01
7.059805285118218876e+01 -6.232807450420169459e+01 -5.636189545094515552e+01
7.109874826147427029e+01 -6.220041535054279791e+01 -5.626745554906796087e+01
7.159944367176633762e+01 -6.207416487699320840e+01 -5.617411106531056930e+01
7.210013908205840494e+01 -6.194933496024405883e+01 -5.608186562484610249e+01
7.260083449235048647e+01 -6.182593659572249578e+01 -5.599072253037724067e+01
7.310152990264255379e+01 -6.170397993484458254e+01 -5.590068477144944836e+01
7.360222531293462112e+01 -6.158347430480590390e+01 -5.581175504889819194e+01
7.410292072322670265e+01 -6.146442824350616263e+01 -5.572393577252063324e+01
7.460361613351876997e+01 -6.134684952050393747e+01 -5.563722909600022604e+01
7.510431154381083729e+01 -6.123074516961297320e+01 -5.555163690410103072e+01
7.560500695410290461e+01 -6.111612151218524502e+01 -5.546716084409985115e+01
7.610570236439498615e+01 -6.100298419902047442e+01 -5.538380232345792820e+01
7.660639777468706768e+01 -6.089133821967935489e+01 -5.530156252844739129e+01
7.710709318497913500e+01 -6.078118794672137426e+01 -5.522044242997202446e+01
7.760778859527120233e+01 -6.067253715549541937e+01 -5.514044279113426228e+01
7.810848400556326965e+01 -6.056538904975114690e+01 -5.506156418120502849e+01
7.860917941585533697e+01 -6.045974629190696703e+01 -5.498380697766100411e+01
7.910987482614743271e+01 -6.035561103331802713e+01 -5.490717137782615964e+01
7.961057023643950004e+01 -6.025298492708189713e+01 -5.483165740120006149e+01
8.011126564673156736e+01 -6.015186916529147254e+01 -5.475726490226355736e+01
8.061196105702363468e+01 -6.005226449998973237e+01 -5.468399357135189121e+01
8.111265646731571621e+01 -5.995417125946788417e+01 -5.461184294047546928e+01
8.161335187760779775e+01 -5.985758937736919449e+01 -5.454081239030477946e+01
8.211404728789986507e+01 -5.976251841597205328e+01 -5.447090115133454447e+01
8.261474269819193239e+01 -5.966895758248811887e+01 -5.440210832251017337e+01
8.311543810848399971e+01 -5.957690575234538244e+01 -5.433443284678054397e+01
8.361613351877606704e+01 -5.948636148432215975e+01 -5.426787354660467599e+01
8.411682892906816278e+01 -5.939732304615846203e+01 -5.420242911056396906e+01
8.461752433936023010e+01 -5.930978842386922167e+01 -5.413809809219804947e+01
8.511821974965229742e+01 -5.922375535084812270e+01 -5.407487893794444744e+01
8.561891515994436475e+01 -5.913922131136006044e+01 -5.401276995512438361e+01
8.611961057023643207e+01 -5.905618356382420586e+01 -5.395176934628528898e+01
8.662030598052849939e+01 -5.897463915711215066e+01 -5.389187520687249844e+01
8.712100139082058092e+01 -5.889458494102528618e+01 -5.383308550893110578e+01
8.762169680111264825e+01 -5.881601757910048889e+01 -5.377539812671733443e+01
8.812239221140472978e+01 -5.873893356956487821e+01 -5.371881084281034191e+01
8.862308762169679710e+01 -5.866332925581319557e+01 -5.366332132715746184e+01
8.912378303198886442e+01 -5.858920083106441723e+01 -5.360892716239453648e+01
8.962447844228094596e+01 -5.851654436164481865e+01 -5.355562585083083604e+01
9.012517385257301328e+01 -5.844535578931628095e+01 -5.350341480368064140e+01
9.062586926286508060e+01 -5.837563095281312542e+01 -5.345229135619723593e+01
9.112656467315714792e+01 -5.830736559017041998e+01 -5.340225277262055670e+01
9.162726008344921524e+01 -5.824055534920135813e+01 -5.335329625170692225e+01
9.212795549374128257e+01 -5.817519581252655314e+01 -5.330541893022149225e+01
9.262865090403337831e+01 -5.811128248418627606e+01 -5.325861788934111019e+01
9.312934631432544563e+01 -5.804881082107259260e+01 -5.321289016309441422e+01
9.363004172461751295e+01 -5.798777623060105668e+01 -5.316823274738402461e+01
9.413073713490958028e+01 -5.792817408177016603e+01 -5.312464260464315657e+01
9.463143254520164760e+01 -5.786999972495196687e+01 -5.308211666965638642e+01
9.513212795549372913e+01 -5.781324848257882820e+01 -5.304065186265637522e+01
9.563282336578581067e+01 -5.775791567708311902e+01 -5.300024509165217523e+01
9.613351877607787799e+01 -5.770399662856890188e+01 -5.296089326174245571e+01
9.663421418636994531e+01 -5.765148666994592475e+01 -5.292259329607026075e+01
9.713490959666201263e+01 -5.760038114925792740e+01 -5.288534212592770700e+01
9.763560500695409416e+01 -5.755067544598078655e+01 -5.284913670938243513e+01
9.813630041724616149e+01 -5.750236497335082220e+01 -5.281397404699367826e+01
9.863699582753822881e+01 -5.745544519117048310e+01 -5.277985117249903624e+01
9.913769123783029613e+01 -5.740991161453949587e+01 -5.274676518133622949e+01
9.963838664812239188e+01 -5.736575981851147787e+01 -5.271471323529971187e+01
1.001390820584144592e+02 -5.732298544391470330e+01 -5.268369256137651746e+01
1.006397774687065265e+02 -5.728158421830686109e+01 -5.265370048448806983e+01
1.011404728789985938e+02 -5.724155195073636548e+01 -5.262473440595334750e+01
1.016411682892906754e+02 -5.720288454629427122e+01 -5.259679183928659540e+01
1.021418636995827427e+02 -5.716557800611427353e+01 -5.256987040961524826e+01
1.026425591098748242e+02 -5.712962844716331290e+01 -5.254396786081036907e+01
1.031432545201669058e+02 -5.709503209758496212e+01 -5.251908207062064093e+01
1.036439499304589731e+02 -5.706178530775888191e+01 -5.249521105067236704e+01
1.041446453407510404e+02 -5.702988456310650633e+01 -5.247235296858838183e+01
1.046453407510431077e+02 -5.699932647710612343e+01 -5.245050614042105508e+01
1.051460361613351751e+02 -5.697010781224763321e+01 -5.242966905509950948e+01
1.056467315716272708e+02 -5.694222547421178149e+01 -5.240984036278808844e+01
1.061474269819193381e+02 -5.691567652176546233e+01 -5.239101890515433979e+01
1.066481223922114054e+02 -5.689045817607494371e+01 -5.237320370081710053e+01
1.071488178025034728e+02 -5.686656781488510148e+01 -5.235639396630125475e+01
1.076495132127955401e+02 -5.684400299114587085e+01 -5.234058911720188689e+01
1.081502086230876074e+02 -5.682276142311694400e+01 -5.232578876702012849e+01
1.086509040333796889e+02 -5.680284100600930230e+01 -5.231199274578960967e+01
1.091515994436717563e+02 -5.678423981431352274e+01 -5.229920108843492699e+01
1.096522948539638236e+02 -5.676695610412808435e+01 -5.228741405805470777e+01
1.101529902642559051e+02 -5.675098830966690855e+01 -5.227663212729515863e+01
1.106536856745479724e+02 -5.673633505839335101e+01 -5.226685599581236374e+01
1.111543810848400540e+02 -5.672299515937866943e+01 -5.225808658910813165e+01
1.116550764951321213e+02 -5.671096760795863645e+01 -5.225032505852999520e+01
1.121557719054241886e+02 -5.670025159388261216e+01 -5.224357278127121162e+01
1.126564673157162559e+02 -5.669084648850785868e+01 -5.223783135920660925e+01
1.131571627260083233e+02 -5.668275185527691917e+01 -5.223310262704166007e+01
1.136578581363004190e+02 -5.667596744273269849e+01 -5.222938863834264112e+01
1.141585535465924863e+02 -5.667049318335430996e+01 -5.222669167484986019e+01
1.146592489568845536e+02 -5.666632919588538186e+01 -5.222501423483612371e+01
1.151599443671766352e+02 -5.666347577718498485e+01 -5.222435903659919632e+01
1.156606397774686883e+02 -5.666193340572009163e+01 -5.222472901380518806e+01
1.161613351877607698e+02 -5.666170273108819799e+01 -5.222612730850363505e+01
1.166620305980528229e+02 -5.666278457401732283e+01 -5.222855726996334624e+01
1.171627260083449187e+02 -5.666517992636600809e+01 -5.223202244186671805e+01
1.176634214186370002e+02 -5.666888993598932700e+01 -5.223652656929465365e+01
1.181641168289290533e+02 -5.667391591372380333e+01 -5.224207357544349861e+01
1.186648122392211349e+02 -5.668025931708926635e+01 -5.224866757093826664e+01
1.191655076495132022e+02 -5.668792174912469761e+01 -5.225631283287788165e+01
1.196662030598052695e+02 -5.669690495605992453e+01 -5.226501380483517778e+01
1.201668984700973368e+02 -5.670721080985332208e+01 -5.227477508754367364e+01
1.206675938803894041e+02 -5.671884131284842567e+01 -5.228560142143527401e+01
1.211682892906814999e+02 -5.673179858380409257e+01 -5.229749769129688275e+01
1.216689847009735672e+02 -5.674608484858127611e+01 -5.231046890589772147e+01
1.221696801112656345e+02 -5.676170243665056603e+01 -5.232452018634779733e+01
1.226703755215577019e+02 -5.677865377061480956e+01 -5.233965676493374986e+01
1.231710709318497834e+02 -5.679694135456757920e+01 -5.235588396416409296e+01
1.236717663421418507e+02 -5.681656777176486628e+01 -5.237320719473194686e+01
1.241724617524339322e+02 -5.683753566832693593e+01 -5.239163193339612690e+01
1.246731571627260138e+02 -5.685984774741756098e+01 -5.241116372123491374e+01
1.251738525730180669e+02 -5.688350675876664297e+01 -5.243180814385544863e+01
1.256745479833101484e+02 -5.690851548702868001e+01 -5.245357082411777583e+01
1.261752433936022157e+02 -5.693487674945446031e+01 -5.247645740583669749e+01
1.266759388038942831e+02 -5.696259336969761478e+01 -5.250047354679685441e+01
1.271766342141863788e+02 -5.699166818596368955e+01 -5.252562489663381484e+01
1.276773296244784177e+02 -5.702210402423462199e+01 -5.255191709217746165e+01
1.281780250347705135e+02 -5.705390369826874064e+01 -5.257935574057177064e+01
1.286787204450625950e+02 -5.708707000203376936e+01 -5.260794640763327834e+01
1.291794158553546481e+02 -5.712160567827469038e+01 -5.263769460504539666e+01
1.296801112656467296e+02 -5.715751343131942974e+01 -5.266860577871688065e+01
1.301808066759387827e+02 -5.719479590612409936e+01 -5.270068528156974708e+01
1.306815020862308643e+02 -5.723345567895977126e+01 -5.273393838692703639e+01
1.311821974965229458e+02 -5.727349523529356645e+01 -5.276837025795379077e+01
1.316828929068149989e+02 -5.731491698492264675e+01 -5.280398592248224077e+01
1.321835883171070805e+02 -5.735772322355715858e+01 -5.284079029604021116e+01
1.326842837273991336e+02 -5.740191614213345872e+01 -5.287878813513947307e+01
1.331849791376912435e+02 -5.744749779771028386e+01 -5.291798404115019139e+01
1.336856745479833251e+02 -5.749447012278197633e+01 -5.295838244334794354e+01
1.341863699582753782e+02 -5.754283490781618582e+01 -5.299998758901841711e+01
1.346870653685674597e+02 -5.759259378029911147e+01 -5.304280352985136915e+01
1.351877607788595128e+02 -5.764374820764588492e+01 -5.308683410667930502e+01
1.356884561891515943e+02 -5.769629948323073165e+01 -5.313208294685813371e+01
1.361891515994436759e+02 -5.775024871365404522e+01 -5.317855344040202681e+01
1.366898470097357290e+02 -5.780559681961550211e+01 -5.322624874333035905e+01
1.371905424200278105e+02 -5.786234451132132506e+01 -5.327517175613087375e+01
1.376912378303198636e+02 -5.792049229750647044e+01 -5.332532510651566326e+01
1.381919332406119452e+02 -5.798004045465732759e+01 -5.337671117066696524e+01
1.386926286509039983e+02 -5.804098904447401708e+01 -5.342933202303305507e+01
1.391933240611960798e+02 -5.810333788942317312e+01 -5.348318945291742921e+01
1.396940194714881613e+02 -5.816708656109641140e+01 -5.353828495625697315e+01
1.401947148817802145e+02 -5.823223438894147819e+01 -5.359461969953321159e+01
1.406954102920723244e+02 -5.829878044163579887e+01 -5.365219455469690502e+01
1.411961057023643775e+02 -5.836672352592232471e+01 -5.371101004794530809e+01
1.416968011126564591e+02 -5.843606217729630714e+01 -5.377106638999015331e+01
1.421974965229485406e+02 -5.850679465767699128e+01 -5.383236344346136093e+01
1.426981919332405937e+02 -5.857891894609439021e+01 -5.389490072148822719e+01
1.431988873435326752e+02 -5.865243273286851888e+01 -5.395867739570297772e+01
1.436995827538247283e+02 -5.872733343008677309e+01 -5.402369227725051815e+01
1.442002781641168099e+02 -5.880361814599255865e+01 -5.408994381402357021e+01
1.447009735744088914e+02 -5.888128368964190429e+01 -5.415743010020631232e+01
1.452016689847009729e+02 -5.896032657788838094e+01 -5.422614884464817919e+01
1.457023643949930261e+02 -5.904074302374156957e+01 -5.429609740753474512e+01
1.462030598052851076e+02 -5.912252892381603431e+01 -5.436727275275441684e+01
1.467037552155771891e+02 -5.920567988525236558e+01 -5.443967148738263973e+01
1.472044506258692422e+02 -5.929019119697714757e+01 -5.451328983374222048e+01
1.477051460361613238e+02 -5.937605784149000954e+01 -5.458812364220901259e+01
1.482058414464534053e+02 -5.946327449395413112e+01 -5.466416839354022272e+01
1.487065368567454584e+02 -5.955183552219624232e+01 -5.474141918897910841e+01
1.492072322670375399e+02 -5.964173497921238720e+01 -5.481987074792667158e+01
1.497079276773296215e+02 -5.973296662063022211e+01 -5.489951743238887616e+01
1.502086230876216746e+02 -5.982552389350404098e+01 -5.498035324464834162e+01
1.507093184979137845e+02 -5.991939994242657974e+01 -5.506237179466805287e+01
1.512100139082058092e+02 -6.001458760552723959e+01 -5.514556636062732764e+01
1.517107093184979192e+02 -6.011107942873296395e+01 -5.522992985299677571e+01
1.522114047287899723e+02 -6.020886766576823845e+01 -5.531545482727122476e+01
1.527121001390820538e+02 -6.030794426680459708e+01 -5.540213350357842614e+01
1.532127955493741354e+02 -6.040830090414475251e+01 -5.548995776369591226e+01
1.537134909596661885e+02 -6.050992896174521718e+01 -5.557891915266989713e+01
1.542141863699582700e+02 -6.061281954278329920e+01 -5.566900888638227229e+01
1.547148817802503231e+02 -6.071696347314956199e+01 -5.576021787425159459e+01
1.552155771905424047e+02 -6.082235131170692455e+01 -5.585253671457647329e+01
1.557162726008344862e+02 -6.092897333661186110e+01 -5.594595570923300443e+01
1.562169680111265393e+02 -6.103681958969774257e+01 -5.604046484806130479e+01
1.567176634214186208e+02 -6.114587982641624819e+01 -5.613605385996888231e+01
1.572183588317106739e+02 -6.125614356938841354e+01 -5.623271218851695608e+01
1.577190542420027555e+02 -6.136760008279325973e+01 -5.633042903036366056e+01
1.582197496522948654e+02 -6.148023839797916423e+01 -5.642919328880051921e+01
1.587204450625868901e+02 -6.159404729949402224e+01 -5.652899367619792770e+01
1.592211404728790001e+02 -6.170901533789093207e+01 -5.662981862635714947e+01
1.597218358831710532e+02 -6.182513085068295311e+01 -5.673165636709254045e+01
1.602225312934631347e+02 -6.194238192741850924e+01 -5.683449490746650667e+01
1.607232267037552162e+02 -6.206075646206828367e+01 -5.693832205680533320e+01
1.612239221140472694e+02 -6.218024211926477562e+01 -5.704312542059793145e+01
1.617246175243393509e+02 -6.230082635525705825e+01 -5.714889243782832295e+01
1.622253129346314324e+02 -6.242249642285842981e+01 -5.725561033773570330e+01
1.627260083449234855e+02 -6.254523936446149435e+01 -5.736326622848733336e+01
1.632267037552155955e+02 -6.266904202367969390e+01 -5.747184703023972929e+01
1.637273991655076486e+02 -6.279389104883976813e+01 -5.758133952403309763e+01
1.642280945757997301e+02 -6.291977289443694588e+01 -5.769173035761210144e+01
1.647287899860917832e+02 -6.304667381415002581e+01 -5.780300604542586029e+01
1.652294853963838648e+02 -6.317457986920872770e+01 -5.791515297852325261e+01
1.657301808066759463e+02 -6.330347693566965006e+01 -5.802815745132843972e+01
1.662308762169679994e+02 -6.343335069990517638e+01 -5.814200562322380961e+01
1.667315716272600810e+02 -6.356418664841713451e+01 -5.825668358141425074e+01
1.672322670375521341e+02 -6.369597009424852274e+01 -5.837217731298747481e+01
1.677329624478442156e+02 -6.382868614322306655e+01 -5.848847272295839161e+01
1.682336578581363256e+02 -6.396231971489997647e+01 -5.860555562379173011e+01
1.687343532684283502e+02 -6.409685554024564169e+01 -5.872341177745707341e+01
1.692350486787204602e+02 -6.423227814766379140e+01 -5.884202685468349614e+01
1.697357440890125133e+02 -6.436857187230872057e+01 -5.896138648298088469e+01
1.702364394993045948e+02 -6.450572084444375776e+01 -5.908147622044648983e+01
1.707371349095966480e+02 -6.464370898944126509e+01 -5.920228156867975144e+01
1.712378303198887295e+02 -6.478252002778263829e+01 -5.932378798049481361e+01
1.717385257301808110e+02 -6.492213746458092771e+01 -5.944598086319470553e+01
1.722392211404728641e+02 -6.506254458259591900e+01 -5.956884557289609461e+01
1.727399165507649457e+02 -6.520372444514451615e+01 -5.969236742147782593e+01
1.732406119610569988e+02 -6.534565988213090293e+01 -5.981653167774507551e+01
1.737413073713490803e+02 -6.548833348771823637e+01 -5.994132357557842283e+01
1.742420027816411618e+02 -6.563172761800034039e+01 -6.006672830229231863e+01
1.747426981919332150e+02 -6.577582436830071799e+01 -6.019273100363730578e+01
1.752433936022252965e+02 -6.592060558947069637e+01 -6.031931679085769815e+01
1.757440890125173496e+02 -6.606605285762144320e+01 -6.044647073228784961e+01
1.762447844228094596e+02 -6.621214747645227305e+01 -6.057417785488010509e+01
1.767454798331015411e+02 -6.635887047026572816e+01 -6.070242314920702142e+01
1.772461752433935942e+02 -6.650620257465435259e+01 -6.083119154530518813e+01
1.777468706536856757e+02 -6.665412422020254724e+01 -6.096046795516681982e+01
1.782475660639777288e+02 -6.680261553365072302e+01 -6.109023722733778072e+01
1.787482614742698104e+02 -6.695165632741792194e+01 -6.122048415623081041e+01
1.792489568845618919e+02 -6.710122608796028487e+01 -6.135119350919208614e+01
1.797496522948539450e+02 -6.725130395947290651e+01 -6.148234997673367275e+01
1.802503477051460266e+02 -6.740186875669552080e+01 -6.161393820804019583e+01
1.807510431154380797e+02 -6.755289893115205757e+01 -6.174594278710370077e+01
1.812517385257301612e+02 -6.770437258046386830e+01 -6.187834824232791675e+01
1.817524339360222427e+02 -6.785626743437988750e+01 -6.201113902761076702e+01
1.822531293463142958e+02 -6.800856084546340696e+01 -6.214429954097082032e+01
1.827538247566063774e+02 -6.816122978443546288e+01 -6.227781410359253300e+01
1.832545201668984305e+02 -6.831425083784652941e+01 -6.241166695982624901e+01
1.837552155771905404e+02 -6.846760018712176077e+01 -6.254584228533727241e+01
1.842559109874825651e+02 -6.862125362485913627e+01 -6.268032416265864981e+01
1.847566063977746751e+02 -6.877518653387470238e+01 -6.281509660214592827e+01
1.852573018080667566e+02 -6.892937388487426631e+01 -6.295014351985824419e+01
1.857579972183588097e+02 -6.908379024576662175e+01 -6.308544873930455310e+01
1.862586926286508913e+02 -6.923840976769371025e+01 -6.322099599493608935e+01
1.867593880389429444e+02 -6.939320618968723409e+01 -6.335676892399729354e+01
1.872600834492350259e+02 -6.954815284332526915e+01 -6.349275105837674005e+01
1.877607788595271074e+02 -6.970322264341903917e+01 -6.362892582984582646e+01
1.882614742698191606e+02 -6.985838810896767370e+01 -6.376527656540216071e+01
1.887621696801112421e+02 -7.001362134686006300e+01 -6.390178648494125468e+01
1.892628650904032952e+02 -7.016889408447114818e+01 -6.403843869659991128e+01
1.897635605006953767e+02 -7.032417765103546969e+01 -6.417521619442791803e+01
1.902642559109874583e+02 -7.047944301024345748e+01 -6.431210185838804705e+01
1.907649513212795114e+02 -7.063466075791312448e+01 -6.444907845901266796e+01
1.912656467315716213e+02 -7.078980114294482462e+01 -6.458612864343390925e+01
1.917663421418636460e+02 -7.094483407779863171e+01 -6.472323494236857755e+01
1.922670375521557560e+02 -7.109972916643401675e+01 -6.486037977477477057e+01
1.927677329624478375e+02 -7.125445570896646075e+01 -6.499754543388203842e+01
1.932684283727398906e+02 -7.140898273833828114e+01 -6.513471410348952872e+01
1.937691237830319722e+02 -7.156327903079601072e+01 -6.527186784632445438e+01
1.942698191933240253e+02 -7.171731314430745385e+01 -6.540898861335531933e+01
1.947705146036161068e+02 -7.187105342787491224e+01 -6.554605823680699928e+01
1.952712100139081883e+02 -7.202446807683246277e+01 -6.568305845111549957e+01
1.957719054242002414e+02 -7.217752513983087681e+01 -6.581997086964489085e+01
1.962726008344923230e+02 -7.233019256773205541e+01 -6.595677701146283312e+01
1.967732962447844045e+02 -7.248243823456378720e+01 -6.609345829202734990e+01
1.972739916550764576e+02 -7.263422999339910291e+01 -6.622999603250005407e+01
1.977746870653685392e+02 -7.278553569731103323e+01 -6.636637146673106713e+01
1.982753824756605923e+02 -7.293632324361043118e+01 -6.650256574475147886e+01
1.987760778859527022e+02 -7.308656061342718147e+01 -6.663855993975826664e+01
1.992767732962447838e+02 -7.323621592526124857e+01 -6.677433505509921474e+01
1.997774687065368369e+02 -7.338525746059404753e+01 -6.690987203591444654e+01
2.002781641168289184e+02 -7.353365371511118553e+01 -6.704515177030057771e+01
2.007788595271209999e+02 -7.368137344294028424e+01 -6.718015511026547415e+01
2.012795549374130530e+02 -7.382838571020202778e+01 -6.731486286707163913e+01
2.017802503477051346e+02 -7.397465991363661431e+01 -6.744925583917589051e+01
2.022809457579971877e+02 -7.412016586209448121e+01 -6.758331480408028824e+01
2.027816411682892692e+02 -7.426487378701368414e+01 -6.771702054860011799e+01
2.032823365785813508e+02 -7.440875440761247717e+01 -6.785035386886389119e+01
2.037830319888734039e+02 -7.455177896115729652e+01 -6.798329558893979652e+01
2.042837273991654854e+02 -7.469391926349872790e+01 -6.811582656782061918e+01
2.047844228094575953e+02 -7.483514773468287729e+01 -6.824792773202003104e+01
2.052851182197496485e+02 -7.497543744086088680e+01 -6.837958006160275204e+01
2.057858136300417300e+02 -7.511476214085506342e+01 -6.851076463384029580e+01
2.062865090403338115e+02 -7.525309632457593523e+01 -6.864146261622605039e+01
2.067872044506258646e+02 -7.539041523397700928e+01 -6.877165529848949177e+01
2.072878998609179462e+02 -7.552669491427751325e+01 -6.890132409492449028e+01
2.077885952712099993e+02 -7.566191223724545978e+01 -6.903045057873183055e+01
2.082892906815020808e+02 -7.579604493262978337e+01 -6.915901647270598573e+01
2.087899860917941623e+02 -7.592907160329433225e+01 -6.928700369274534410e+01
2.092906815020862155e+02 -7.606097178109722279e+01 -6.941439434697909405e+01
2.097913769123782970e+02 -7.619172591059269450e+01 -6.954117076050548008e+01
2.102920723226703501e+02 -7.632131539559723876e+01 -6.966731549285410097e+01
2.107927677329624316e+02 -7.644972260384621165e+01 -6.979281134016869714e+01
2.112934631432545416e+02 -7.657693088329197906e+01 -6.991764137566147497e+01
2.117941585535465663e+02 -7.670292457374544881e+01 -7.004178894728480032e+01
2.122948539638386762e+02 -7.682768902084590934e+01 -7.016523770134168103e+01
2.127955493741307293e+02 -7.695121057489687644e+01 -7.028797159514593318e+01
2.132962447844228109e+02 -7.707347659203024648e+01 -7.040997491295652821e+01
2.137969401947148924e+02 -7.719447544119121574e+01 -7.053123228125710398e+01
2.142976356050069455e+02 -7.731419649948166750e+01 -7.065172868654568106e+01
2.147983310152990271e+02 -7.743263015565263174e+01 -7.077144947475258618e+01
2.152990264255910802e+02 -7.754976777867214821e+01 -7.089038038732920199e+01
2.157997218358831617e+02 -7.766560174100833081e+01 -7.100850755455408603e+01
2.163004172461752148e+02 -7.778012538836138390e+01 -7.112581750484619647e+01
2.168011126564672963e+02 -7.789333302103715084e+01 -7.124229719503287583e+01
2.173018080667593779e+02 -7.800521989860372685e+01 -7.135793401034985095e+01
2.178025034770514310e+02 -7.811578219798194311e+01 -7.147271575978462010e+01
2.183031988873435125e+02 -7.822501701577367328e+01 -7.158663071100104958e+01
2.188038942976355656e+02 -7.833292233682969652e+01 -7.169966757404122859e+01
2.193045897079276472e+02 -7.843949701096663318e+01 -7.181181551529530793e+01
2.198052851182197571e+02 -7.854474074132541261e+01 -7.192306417729210466e+01
2.203059805285118102e+02 -7.864865403547683798e+01 -7.203340366356511026e+01
2.208066759388038918e+02 -7.875123821124235235e+01 -7.214282454796571642e+01
2.213073713490959449e+02 -7.885249534314299069e+01 -7.225131788630474716e+01
2.218080667593880264e+02 -7.895242825308615409e+01 -7.235887520354677349e+01
2.223087621696801079e+02 -7.905104047544101320e+01 -7.246548851360071808e+01
2.228094575799721611e+02 -7.914833622444221817e+01 -7.257115029836509734e+01
2.233101529902642426e+02 -7.924432037439929388e+01 -7.267585352868277937e+01
2.238108484005562957e+02 -7.933899842244373701e+01 -7.277959164571453243e+01
2.243115438108483772e+02 -7.943237646757425807e+01 -7.288235857025225073e+01
2.248122392211404588e+02 -7.952446117806049131e+01 -7.298414867885381341e+01
2.253129346314325119e+02 -7.961525975535424493e+01 -7.308495684109598756e+01
2.258136300417245934e+02 -7.970477991546304963e+01 -7.318477836078469068e+01
2.263143254520166465e+02 -7.979302985868217490e+01 -7.328360902252111941e+01
2.268150208623087565e+02 -7.988001823467003248e+01 -7.338144505270261675e+01
2.273157162726008380e+02 -7.996575411916511200e+01 -7.347828311719436556e+01
2.278164116828928911e+02 -8.005024698837461017e+01 -7.357412033122469097e+01
2.283171070931849727e+02 -8.013350668734270243e+01 -7.366895422678877026e+01
2.288178025034770258e+02 -8.021554340110077419e+01 -7.376278277069300771e+01
2.293184979137691073e+02 -8.029636764688993367e+01 -7.385560432730213165e+01
2.298191933240611604e+02 -8.037599021599928051e+01 -7.394741767367318630e+01
2.303198887343532704e+02 -8.045442218683362512e+01 -7.403822198209323346e+01
2.308205841446453235e+02 -8.053167487050610873e+01 -7.412801680319913089e+01
2.313212795549373766e+02 -8.060775980800647744e+01 -7.421680205200769365e+01
2.318219749652294297e+02 -8.068268873591034662e+01 -7.430457803119875848e+01
2.323226703755215397e+02 -8.075647356831652246e+01 -7.439134536999713987e+01
2.328233657858135928e+02 -8.082912637811705281e+01 -7.447710504978400081e+01
2.333240611961056459e+02 -8.090065937963271381e+01 -7.456185838197794169e+01
2.338247566063977843e+02 -8.097108490131449798e+01 -7.464560698940854877e+01
2.343254520166898374e+02 -8.104041537002854056e+01 -7.472835280689847082e+01
2.348261474269818621e+02 -8.110866330348352449e+01 -7.481009806147281438e+01
2.353268428372740004e+02 -8.117584127598652799e+01 -7.489084526537422448e+01
2.358275382475660535e+02 -8.124196192087978829e+01 -7.497059720267512262e+01
2.363282336578581067e+02 -8.130703789986705488e+01 -7.504935691181540847e+01
2.368289290681501882e+02 -8.137108189700055050e+01 -7.512712769258737922e+01
2.373296244784422697e+02 -8.143410660477809415e+01 -7.520391305956960082e+01
2.378303198887343228e+02 -8.149612470920769169e+01 -7.527971677967084929e+01
2.383310152990264044e+02 -8.155714887699980409e+01 -7.535454281625075623e+01
2.388317107093184859e+02 -8.161719174841718427e+01 -7.542839533901511118e+01
2.393324061196105390e+02 -8.167626592012288711e+01 -7.550127871877717212e+01
2.398331015299026205e+02 -8.173438393890708653e+01 -7.557319749340618387e+01
2.403337969401946737e+02 -8.179155829205191708e+01 -7.564415638121514007e+01
2.408344923504867552e+02 -8.184780139649001285e+01 -7.571416026087914020e+01
2.413351877607788083e+02 -8.190312559408366155e+01 -7.578321415571932107e+01
2.418358831710709183e+02 -8.195754313929204216e+01 -7.585132323544908672e+01
2.423365785813629998e+02 -8.201106619639583073e+01 -7.591849279230896741e+01
2.428372739916550529e+02 -8.206370682643728287e+01 -7.598472824601427078e+01
2.433379694019471344e+02 -8.211547699292802349e+01 -7.605003512745693683e+01
2.438386648122392160e+02 -8.216638854246681944e+01 -7.611441906357154608e+01
2.443393602225312691e+02 -8.221645320387169420e+01 -7.617788577966362595e+01
2.448400556328233506e+02 -8.226568259134158723e+01 -7.624044108835019529e+01
2.453407510431154037e+02 -8.231408818873356381e+01 -7.630209086860500634e+01
2.458414464534074853e+02 -8.236168135482506614e+01 -7.636284108089253664e+01
2.463421418636995668e+02 -8.240847331091396200e+01 -7.642269773457169890e+01
2.468428372739916199e+02 -8.245447514566004088e+01 -7.648166690070152640e+01
2.473435326842837014e+02 -8.249969781095158794e+01 -7.653975468926742565e+01
2.478442280945758114e+02 -8.254415210997413510e+01 -7.659696725529298078e+01
2.483449235048678645e+02 -8.258784870861769889e+01 -7.665331078094109785e+01
2.488456189151599460e+02 -8.263079812421514703e+01 -7.670879147755127292e+01
2.493463143254520276e+02 -8.267301072916232840e+01 -7.676341557217907052e+01
2.498470097357440807e+02 -8.271449674264020757e+01 -7.681718930876027684e+01
2.503477051460361338e+02 -8.275526624163676104e+01 -7.687011893181275468e+01
2.508484005563282153e+02 -8.279532914177053726e+01 -7.692221069633174579e+01
2.513490959666202968e+02 -8.283469521788128986e+01 -7.697347084916341942e+01
2.518497913769123500e+02 -8.287337408494670399e+01 -7.702390562900487225e+01
2.523504867872044315e+02 -8.291137520867080468e+01 -7.707352126174751561e+01
2.528511821974965130e+02 -8.294870790236004154e+01 -7.712232395291007947e+01
2.533518776077885661e+02 -8.298538132414284973e+01 -7.717031988996691894e+01
2.538525730180806477e+02 -8.302140448230166214e+01 -7.721751522954232883e+01
2.543532684283727576e+02 -8.305678623002754080e+01 -7.726391610206715654e+01
2.548539638386647823e+02 -8.309153527564396313e+01 -7.730952859606273364e+01
2.553546592489568354e+02 -8.312566016553969916e+01 -7.735435876978240799e+01
2.558553546592489738e+02 -8.315916930337139945e+01 -7.739841263491339873e+01
2.563560500695410269e+02 -8.319207094059328256e+01 -7.744169616123340916e+01
2.568567454798330800e+02 -8.322437317897808384e+01 -7.748421526962570738e+01
2.573574408901251900e+02 -8.325608397012811679e+01 -7.752597582975081991e+01
2.578581363004172431e+02 -8.328721112546602967e+01 -7.756698365771822523e+01
2.583588317107092962e+02 -8.331776230110929760e+01 -7.760724451142974090e+01
2.588595271210013493e+02 -8.334774501753356901e+01 -7.764676409523613643e+01
2.593602225312934593e+02 -8.337716664246964626e+01 -7.768554804829560112e+01
2.598609179415855124e+02 -8.340603440772645172e+01 -7.772360194923035692e+01
2.603616133518775655e+02 -8.343435539870890238e+01 -7.776093130914173912e+01
2.608623087621696754e+02 -8.346213656793247537e+01 -7.779754157393850278e+01
2.613630041724617286e+02 -8.348938472126940269e+01 -7.783343811735190343e+01
2.618636995827537817e+02 -8.351610653394472195e+01 -7.786862625024892282e+01
2.623643949930458916e+02 -8.354230854157447084e+01 -7.790311120433412384e+01
2.628650904033379447e+02 -8.356799714639470267e+01 -7.793689813913456987e+01
2.633657858136299978e+02 -8.359317861978495046e+01 -7.796999214199982475e+01
2.638664812239220510e+02 -8.361785909947428763e+01 -7.800239821878872704e+01
2.643671766342141609e+02 -8.364204459421895876e+01 -7.803412130551092218e+01
2.648678720445062140e+02 -8.366574098369602552e+01 -7.806516625901363682e+01
2.653685674547982671e+02 -8.368895402222351265e+01 -7.809553784766845297e+01
2.658692628650904339e+02 -8.371168933820385405e+01 -7.812524076999775957e+01
2.663699582753824870e+02 -8.373395243758574225e+01 -7.815427964070491385e+01
2.668706536856744833e+02 -8.375574870124266624e+01 -7.818265899300254773e+01
2.673713490959666501e+02 -8.377708338946777644e+01 -7.821038327395595502e+01
2.678720445062587032e+02 -8.379796164724402274e+01 -7.823745685146801065e+01
2.683727399165507563e+02 -8.381838849464804753e+01 -7.826388400962255787e+01
2.688734353268428094e+02 -8.383836884554210656e+01 -7.828966895101271461e+01
2.693741307371349194e+02 -8.385790749171076186e+01 -7.831481578742764782e+01
2.698748261474269725e+02 -8.387700911153780226e+01 -7.833932855149410557e+01
2.703755215577190256e+02 -8.389567827289408797e+01 -7.836321118969149779e+01
2.708762169680111356e+02 -8.391391943565380984e+01 -7.838646756002358984e+01
2.713769123783031887e+02 -8.393173694840572807e+01 -7.840910144133172821e+01
2.718776077885952418e+02 -8.394913504858445208e+01 -7.843111651932500195e+01
2.723783031988873518e+02 -8.396611787320757969e+01 -7.845251640055008124e+01
2.728789986091794049e+02 -8.398268945109958850e+01 -7.847330459842137884e+01
2.733796940194714580e+02 -8.399885370869998269e+01 -7.849348454951919507e+01
2.738803894297635111e+02 -8.401461446972564318e+01 -7.851305959729157280e+01
2.743810848400556210e+02 -8.402997545622942255e+01 -7.853203299903921675e+01
2.748817802503476742e+02 -8.404494029014804823e+01 -7.855040793057210635e+01
2.753824756606397273e+02 -8.405951249499710798e+01 -7.856818748155288290e+01
2.758831710709318372e+02 -8.407369550129587310e+01 -7.858537464851193022e+01
2.763838664812238903e+02 -8.408749263199919710e+01 -7.860197234881721329e+01
2.768845618915159434e+02 -8.410090712872738550e+01 -7.861798341601766538e+01
2.773852573018079966e+02 -8.411394212910045098e+01 -7.863341059052996229e+01
2.778859527121001065e+02 -8.412660068338631447e+01 -7.864825653360836100e+01
2.783866481223921596e+02 -8.413888575139782233e+01 -7.866252381803147387e+01
2.788873435326842127e+02 -8.415080019207945838e+01 -7.867621493275888156e+01
2.793880389429763227e+02 -8.416234678825250626e+01 -7.868933228293113302e+01
2.798887343532683758e+02 -8.417352822517028699e+01 -7.870187818754143905e+01
2.803894297635604289e+02 -8.418434710373460916e+01 -7.871385488176397871e+01
2.808901251738525957e+02 -8.419480593599617180e+01 -7.872526451695389937e+01
2.813908205841446488e+02 -8.420490715254169345e+01 -7.873610915831901025e+01
2.818915159944367019e+02 -8.421465309303999902e+01 -7.874639079423300814e+01
2.823922114047287550e+02 -8.422404601819819447e+01 -7.875611131993733238e+01
2.828929068150208650e+02 -8.423308810469055175e+01 -7.876527255383930992e+01
2.833936022253129181e+02 -8.424178144119757405e+01 -7.877387623285554241e+01
2.838942976356049712e+02 -8.425012804410658873e+01 -7.878192400775529336e+01
2.843949930458970812e+02 -8.425812984180447529e+01 -7.878941745014540743e+01
2.848956884561891343e+02 -8.426578868603149886e+01 -7.879635804548539113e+01
2.853963838664811874e+02 -8.427310634373093023e+01 -7.880274720356479179e+01
2.858970792767732974e+02 -8.428008451292309644e+01 -7.880858624686166536e+01
2.863977746870653505e+02 -8.428672480515925258e+01 -7.881387642218410861e+01
2.868984700973574036e+02 -8.429302875792693328e+01 -7.881861889601364624e+01
2.873991655076494567e+02 -8.429899783045443939e+01 -7.882281475101277124e+01
2.878998609179415666e+02 -8.430463340627015612e+01 -7.882646498835325133e+01
2.884005563282336198e+02 -8.430993679453172263e+01 -7.882957053702935468e+01
2.889012517385257297e+02 -8.431490922723047277e+01 -7.883213224221631776e+01
2.894019471488177828e+02 -8.431955186219093434e+01 -7.883415087225526463e+01
2.899026425591098359e+02 -8.432386578083938389e+01 -7.883562711632490050e+01
2.904033379694019459e+02 -8.432785199683675614e+01 -7.883656158211320530e+01
2.909040333796939990e+02 -8.433151144123937115e+01 -7.883695480396650623e+01
2.914047287899860521e+02 -8.433484498112571259e+01 -7.883680723823286485e+01
2.919054242002781621e+02 -8.433785340650813112e+01 -7.883611926559038352e+01
2.924061196105702152e+02 -8.434053743312682627e+01 -7.883489119104720544e+01
2.929068150208622683e+02 -8.434289770913679263e+01 -7.883312323695659529e+01
2.934075104311543782e+02 -8.434493480676800914e+01 -7.883081555465847146e+01
2.939082058414464314e+02 -8.434664922859356295e+01 -7.882796821982279312e+01
2.944089012517384845e+02 -8.434804140446919973e+01 -7.882458123710617315e+01
2.949095966620305944e+02 -8.434911170148511417e+01 -7.882065452734619271e+01
2.954102920723226475e+02 -8.434986039850687689e+01 -7.881618794851615917e+01
2.959109874826147006e+02 -8.435028772079988357e+01 -7.881118127244204175e+01
2.964116828929068106e+02 -8.435039381250547308e+01 -7.880563421245111044e+01
2.969123783031988637e+02 -8.435017875225634043e+01 -7.879954639776056524e+01
2.974130737134909168e+02 -8.434964254699366393e+01 -7.879291738802945133e+01
2.979137691237830268e+02 -8.434878513064958838e+01 -7.878574667103035267e+01
2.984144645340750799e+02 -8.434760637276352213e+01 -7.877803366526873674e+01
2.989151599443671330e+02 -8.434610606333771443e+01 -7.876977771881880130e+01
2.994158553546592429e+02 -8.434428393008562352e+01 -7.876097810641309138e+01
2.999165507649512961e+02 -8.434213962727599778e+01 -7.875163403555430364e+01
3.004172461752433492e+02 -8.433967273889537353e+01 -7.874174464011244368e+01
3.009179415855354023e+02 -8.433688277785120135e+01 -7.873130899138428163e+01
3.014186369958275691e+02 -8.433376918554714052e+01 -7.872032608703389656e+01
3.019193324061196222e+02 -8.433033133339543497e+01 -7.870879485924174901e+01
3.024200278164116185e+02 -8.432656852592440089e+01 -7.869671417383156609e+01
3.029207232267037853e+02 -8.432247998711568471e+01 -7.868408282852411162e+01
3.034214186369958384e+02 -8.431806487803970640e+01 -7.867089955715724159e+01
3.039221140472878915e+02 -8.431332228111247673e+01 -7.865716302415617633e+01
3.044228094575799446e+02 -8.430825121329417016e+01 -7.864287183966749240e+01
3.049235048678720545e+02 -8.430285061690804582e+01 -7.862802453249256018e+01
3.054242002781641077e+02 -8.429711935783294052e+01 -7.861261958341142986e+01
3.059248956884561608e+02 -8.429105623914193757e+01 -7.859665540131769035e+01
3.064255910987482707e+02 -8.428465997739345994e+01 -7.858013034184492085e+01
3.069262865090403238e+02 -8.427792922106002038e+01 -7.856304269834450338e+01
3.074269819193323769e+02 -8.427086255411570903e+01 -7.854539069431862686e+01
3.079276773296244869e+02 -8.426345847041284287e+01 -7.852717250088258538e+01
3.084283727399165400e+02 -8.425571539684906952e+01 -7.850838623443647180e+01
3.089290681502085931e+02 -8.424763168764245336e+01 -7.848902994531468380e+01
3.094297635605006462e+02 -8.423920561444401756e+01 -7.846910162968211466e+01
3.099304589707927562e+02 -8.423043537780560541e+01 -7.844859923870185980e+01
3.104311543810848093e+02 -8.422131909710577702e+01 -7.842752065445179710e+01
3.109318497913768624e+02 -8.421185482100256081e+01 -7.840586370724136600e+01
3.114325452016689724e+02 -8.420204051234638598e+01 -7.838362618372426027e+01
3.119332406119610255e+02 -8.419187406226093628e+01 -7.836080581263755107e+01
3.124339360222530786e+02 -8.418135327264802470e+01 -7.833740027469698930e+01
3.129346314325451885e+02 -8.417047588222892784e+01 -7.831340719262894368e+01
3.134353268428372417e+02 -8.415923952762982196e+01 -7.828882415794592475e+01
3.139360222531292948e+02 -8.414764178543400419e+01 -7.826364869267504787e+01
3.144367176634213479e+02 -8.413568013541225810e+01 -7.823787830785673236e+01
3.149374130737134578e+02 -8.412335198215390619e+01 -7.821151043274963399e+01
3.154381084840055109e+02 -8.411065464294010496e+01 -7.818454247420245906e+01
3.159388038942975641e+02 -8.409758535539909019e+01 -7.815697180314114689e+01
3.164394993045897309e+02 -8.408414126660217391e+01 -7.812879572829356789e+01
3.169401947148817840e+02 -8.407031944389991907e+01 -7.810001154878560214e+01
3.174408901251737802e+02 -8.405611686236224500e+01 -7.807061650074470549e+01
3.179415855354659470e+02 -8.404153041774279131e+01 -7.804060780600562452e+01
3.184422809457580001e+02 -8.402655691001243099e+01 -7.800998264187879272e+01
3.189429763560500533e+02 -8.401119304923921050e+01 -7.797873815717107959e+01
3.194436717663421064e+02 -8.399543546239982561e+01 -7.794687146982110448e+01
3.199443671766342163e+02 -8.397928068380065270e+01 -7.791437967410243459e+01
3.204450625869262694e+02 -8.396272515231191846e+01 -7.788125984333387919e+01
3.209457579972183225e+02 -8.394576521858741103e+01 -7.784750900659642525e+01
3.214464534075104325e+02 -8.392839713958021264e+01 -7.781312419762767263e+01
3.219471488178024856e+02 -8.391061707001425418e+01 -7.777810241000193514e+01
3.224478442280945387e+02 -8.389242108366582329e+01 -7.774244063205483712e+01
3.229485396383865918e+02 -8.387380514901190054e+01 -7.770613583873424091e+01
3.234492350486787018e+02 -8.385476513344124783e+01 -7.766918497763040818e+01
3.239499304589707549e+02 -8.383529681571873482e+01 -7.763158500310024124e+01
3.244506258692628649e+02 -8.381539587123725710e+01 -7.759333284498066519e+01
3.249513212795549180e+02 -8.379505787305248532e+01 -7.755442543812901590e+01
3.254520166898469711e+02 -8.377427829827688299e+01 -7.751485971891239046e+01
3.259527121001390810e+02 -8.375305251888870828e+01 -7.747463261385715327e+01
3.264534075104311910e+02 -8.373137580106376276e+01 -7.743374105227272253e+01
3.269541029207232441e+02 -8.370924331533508678e+01 -7.739218196516017656e+01
3.274547983310152972e+02 -8.368665012114078650e+01 -7.734995231182406883e+01
3.279554937413073503e+02 -8.366359117358490494e+01 -7.730704903112933835e+01
3.284561891515994603e+02 -8.364006132221113887e+01 -7.726346909277350505e+01
3.289568845618915134e+02 -8.361605530759746330e+01 -7.721920948393386652e+01
3.294575799721835665e+02 -8.359156776515571607e+01 -7.717426720924419214e+01
3.299582753824756765e+02 -8.356659321457394185e+01 -7.712863927974109401e+01
3.304589707927677296e+02 -8.354112607495829934e+01 -7.708232274516927873e+01
3.309596662030597827e+02 -8.351516064301863196e+01 -7.703531468990701114e+01
3.314603616133518926e+02 -8.348869111560237855e+01 -7.698761222663603121e+01
3.319610570236439457e+02 -8.346171156987342954e+01 -7.693921247276745135e+01
3.324617524339359989e+02 -8.343421596755483449e+01 -7.689011262229922750e+01
3.329624478442280520e+02 -8.340619816174154266e+01 -7.684030988219473102e+01
3.334631432545201619e+02 -8.337765189647339525e+01 -7.678980151622835137e+01
3.339638386648122150e+02 -8.334857078793241669e+01 -7.673858483753446080e+01
3.344645340751042681e+02 -8.331894833731482208e+01 -7.668665717321727016e+01
3.349652294853963781e+02 -8.328877794778762222e+01 -7.663401594875193723e+01
3.354659248956884312e+02 -8.325805288688118821e+01 -7.658065862046368011e+01
3.359666203059804843e+02 -8.322676630341727844e+01 -7.652658269764668830e+01
3.364673157162726511e+02 -8.319491125103047580e+01 -7.647178576584718712e+01
3.369680111265647042e+02 -8.316248064326653378e+01 -7.641626547705908479e+01
3.374687065368567005e+02 -8.312946728810965169e+01 -7.636001951676388444e+01
3.379694019471487536e+02 -8.309586386299703520e+01 -7.630304568131049336e+01
3.384700973574409204e+02 -8.306166294981358078e+01 -7.624534180973950015e+01
3.389707927677329735e+02 -8.302685698648637924e+01 -7.618690583044025288e+01
3.394714881780250266e+02 -8.299143832195525761e+01 -7.612773573932298632e+01
3.399721835883171366e+02 -8.295539915810138609e+01 -7.606782962564847139e+01
3.404728789986091897e+02 -8.291873160286289135e+01 -7.600718564493340068e+01
3.409735744089012428e+02 -8.288142763500972876e+01 -7.594580204387361277e+01
3.414742698191932959e+02 -8.284347912533722535e+01 -7.588367715493708943e+01
3.419749652294854059e+02 -8.280487782579996292e+01 -7.582080939800411556e+01
3.424756606397774590e+02 -8.276561537310377048e+01 -7.575719729547321890e+01
3.429763560500695121e+02 -8.272568330044396134e+01 -7.569283943537206483e+01
3.434770514603616220e+02 -8.268507301869587423e+01 -7.562773452054292989e+01
3.439777468706536752e+02 -8.264377583279133432e+01 -7.556188135321767163e+01
3.444784422809457283e+02 -8.260178293491219392e+01 -7.549527879485444259e+01
3.449791376912378382e+02 -8.255908542419300034e+01 -7.542792585534093064e+01
3.454798331015298913e+02 -8.251567427442898861e+01 -7.535982159753379506e+01
3.459805285118219444e+02 -8.247154037090891165e+01 -7.529096521991354507e+01
3.464812239221139976e+02 -8.242667449596625318e+01 -7.522135600317901094e+01
3.469819193324061075e+02 -8.238106733299159146e+01 -7.515099331141149719e+01
3.474826147426981606e+02 -8.233470946261573431e+01 -7.507987663059643069e+01
3.479833101529902137e+02 -8.228759138766218939e+01 -7.500800554423071276e+01
3.484840055632823237e+02 -8.223970350363879334e+01 -7.493537974326349627e+01
3.489847009735743768e+02 -8.219103614157471327e+01 -7.486199897554647009e+01
3.494853963838664299e+02 -8.214157953228392728e+01 -7.478786314067141916e+01
3.499860917941585399e+02 -8.209132383414802803e+01 -7.471297220258740879e+01
3.504867872044505930e+02 -8.204025913353956412e+01 -7.463732623892603613e+01
3.509874826147426461e+02 -8.198837544310273984e+01 -7.456092539277044295e+01
3.514881780250346992e+02 -8.193566270933173712e+01 -7.448376992751029491e+01
3.519888734353268660e+02 -8.188211082241771521e+01 -7.440586021026891217e+01
3.524895688456189191e+02 -8.182770961656942177e+01 -7.432719665436368928e+01
3.529902642559109154e+02 -8.177244887828436504e+01 -7.424777979586568222e+01
3.534909596662030822e+02 -8.171631834387008553e+01 -7.416761025032090515e+01
3.539916550764951353e+02 -8.165930771552410761e+01 -7.408668869468445450e+01
3.544923504867871884e+02 -8.160140666920412400e+01 -7.400501588629597904e+01
3.549930458970792415e+02 -8.154260484185391533e+01 -7.392259270921388747e+01
3.554937413073713515e+02 -8.148289186482524826e+01 -7.383942005523752528e+01
3.559944367176634046e+02 -8.142225735473695636e+01 -7.375549892670281338e+01
3.564951321279554577e+02 -8.136069092560578042e+01 -7.367083037978775906e+01
3.569958275382475676e+02 -8.129818220281441654e+01 -7.358541555596349326e+01
3.574965229485396208e+02 -8.123472080404363282e+01 -7.349925562814934210e+01
3.579972183588316739e+02 -8.117029639477689784e+01 -7.341235183953432397e+01
3.584979137691237838e+02 -8.110489865638108142e+01 -7.332470550044564561e+01
3.589986091794158369e+02 -8.103851730766049855e+01 -7.323631794704016329e+01
3.594993045897078900e+02 -8.097114211981002541e+01 -7.314719059551026703e+01
3.600000000000000000e+02 -8.090276292533482660e+01 -7.305732489609982849e+01
