# lons lats(polar edge) lats(equatorward edge)
0.000000000000000000e+00 7.098356899060308933e+01 6.644246621825668342e+01
5.006954102920723182e-01 7.100196005962789059e+01 6.645714740571501977e+01
1.001390820584144636e+00 7.102002848824486136e+01 6.647146057785657547e+01
1.502086230876216844e+00 7.103777658147737384e+01 6.648540962586348257e+01
2.002781641168289273e+00 7.105520665831863880e+01 6.649899842318276910e+01
2.503477051460361480e+00 7.107232106628362089e+01 6.651223087085540442e+01
3.004172461752433687e+00 7.108912215812597424e+01 6.652511088045443444e+01
3.504867872044505894e+00 7.110561231395695359e+01 6.653764236935543863e+01
4.005563282336578546e+00 7.112179392494726926e+01 6.654982926541137545e+01
4.506258692628650309e+00 7.113766941020730883e+01 6.656167551160919515e+01
5.006954102920722960e+00 7.115324119292199612e+01 6.657318503871223925e+01
5.507649513212795611e+00 7.116851171701273415e+01 6.658436180542352645e+01
6.008344923504867374e+00 7.118348345033882651e+01 6.659520975880454330e+01
6.509040333796940025e+00 7.119815886825381313e+01 6.660573286568919116e+01
7.009735744089011789e+00 7.121254046320973430e+01 6.661593508947348141e+01
7.510431154381083552e+00 7.122663075210584793e+01 6.662582039408093237e+01
8.011126564673157091e+00 7.124043225999048445e+01 6.663539275334855461e+01
8.511821974965229742e+00 7.125394752937427256e+01 6.664465613471051597e+01
9.012517385257300617e+00 7.126717912081221584e+01 6.665361451491421008e+01
9.513212795549373268e+00 7.128012961290369276e+01 6.666227187070703053e+01
1.001390820584144592e+01 7.129280159356130753e+01 6.667063217825429433e+01
1.051460361613352035e+01 7.130519767398072872e+01 6.667869941459443339e+01
1.101529902642559122e+01 7.131732048107369337e+01 6.668647755413743994e+01
1.151599443671766032e+01 7.132917264931893442e+01 6.669397057743239543e+01
1.201668984700973475e+01 7.134075684695562813e+01 6.670118245306852600e+01
1.251738525730180740e+01 7.135207574105879758e+01 6.670811716371403577e+01
1.301808066759388005e+01 7.136313202780729625e+01 6.671477868125961663e+01
1.351877607788595093e+01 7.137392841269320343e+01 6.672117097440363409e+01
1.401947148817802358e+01 7.138446762565581594e+01 6.672729801756517531e+01
1.452016689847009623e+01 7.139475240711180959e+01 6.673316378283502104e+01
1.502086230876216710e+01 7.140478552425338421e+01 6.673877223531903269e+01
1.552155771905424153e+01 7.141456975009350572e+01 6.674412734710799100e+01
1.602225312934631418e+01 7.142410788791312370e+01 6.674923308097945096e+01
1.652294853963838506e+01 7.143340275263471995e+01 6.675409339505435469e+01
1.702364394993045948e+01 7.144245718188176397e+01 6.675871226433386596e+01
1.752433936022252681e+01 7.145127402899379376e+01 6.676309364111816080e+01
1.802503477051460123e+01 7.145985616942925844e+01 6.676724149255036878e+01
1.852573018080667566e+01 7.146820649727305863e+01 6.677115977616935538e+01
1.902642559109874654e+01 7.147632792698277626e+01 6.677485245155125426e+01
1.952712100139081741e+01 7.148422339571698103e+01 6.677832347696252668e+01
2.002781641168289184e+01 7.149189585693238769e+01 6.678157681547176594e+01
2.052851182197496627e+01 7.149934828969708178e+01 6.678461642301712686e+01
2.102920723226704069e+01 7.150658369519806001e+01 6.678744626761485392e+01
2.152990264255910802e+01 7.151360508975631092e+01 6.679007030010993162e+01
2.203059805285118244e+01 7.152041552112495992e+01 6.679249249317521731e+01
2.253129346314325332e+01 7.152701805510150734e+01 6.679471680813307444e+01
2.303198887343532064e+01 7.153341577785613481e+01 6.679674721241767088e+01
2.353268428372739507e+01 7.153961180582700763e+01 6.679858767346317450e+01
2.403337969401946950e+01 7.154560927204147447e+01 6.680024217500189820e+01
2.453407510431154037e+01 7.155141133950382937e+01 6.680171468213970343e+01
2.503477051460361480e+01 7.155702119071793277e+01 6.680300918675797561e+01
2.553546592489568567e+01 7.156244203758251388e+01 6.680412966560410837e+01
2.603616133518776010e+01 7.156767711586144287e+01 6.680508012220101932e+01
2.653685674547983453e+01 7.157272968285542447e+01 6.680586454493763426e+01
2.703755215577190185e+01 7.157760302846145350e+01 6.680648694082933048e+01
2.753824756606397628e+01 7.158230046236712951e+01 6.680695131921979169e+01
2.803894297635604715e+01 7.158682532336388249e+01 6.680726170109423379e+01
2.853963838664812158e+01 7.159118097876489628e+01 6.680742211558694521e+01
2.904033379694019246e+01 7.159537081974849571e+01 6.680743659765298048e+01
2.954102920723226333e+01 7.159939826368645299e+01 6.680730918806816021e+01
3.004172461752433421e+01 7.160326675996475387e+01 6.680704394041399041e+01
3.054242002781640863e+01 7.160697978241660167e+01 6.680664492224181572e+01
3.104311543810848306e+01 7.161054083165072370e+01 6.680611620866997669e+01
3.154381084840055394e+01 7.161395343970798422e+01 6.680546188354796300e+01
3.204450625869262836e+01 7.161722116307646502e+01 6.680468604993379245e+01
3.254520166898469569e+01 7.162034758734807838e+01 6.680379281263171265e+01
3.304589707927677011e+01 7.162333632838272024e+01 6.680278629507242272e+01
3.354659248956884454e+01 7.162619102997996379e+01 6.680167063582061360e+01
3.404728789986091897e+01 7.162891535805829335e+01 6.680044998624666164e+01
3.454798331015298629e+01 7.163151301928155590e+01 6.679912850470586250e+01
3.504867872044505361e+01 7.163398773428343702e+01 6.679771037167242298e+01
3.554937413073713515e+01 7.163634326327883173e+01 6.679619977751585225e+01
3.605006954102920247e+01 7.163858338976569939e+01 6.679460093123211095e+01
3.655076495132127690e+01 7.164071192634582985e+01 6.679291805462284515e+01
3.705146036161335132e+01 7.164273271123238374e+01 6.679115538695199916e+01
3.755215577190541865e+01 7.164464961290650535e+01 6.678931717796089629e+01
3.805285118219749307e+01 7.164646652546070982e+01 6.678740770009184757e+01
3.855354659248956750e+01 7.164818737441964913e+01 6.678543123801077286e+01
3.905424200278163482e+01 7.164981610393442679e+01 6.678339209093550721e+01
3.955493741307371636e+01 7.165135669308074284e+01 6.678129458020279685e+01
4.005563282336578368e+01 7.165281314188905526e+01 6.677914303413430730e+01
4.055632823365785811e+01 7.165418947832949925e+01 6.677694180899138132e+01
4.105702364394993253e+01 7.165548975481942762e+01 6.677469526685612777e+01
4.155771905424199986e+01 7.165671804822341073e+01 6.677240778960126022e+01
4.205841446453408139e+01 7.165787845752493013e+01 6.677008377539763728e+01
4.255910987482614871e+01 7.165897510848299135e+01 6.676772763871426264e+01
4.305980528511821603e+01 7.166001214548305143e+01 6.676534380915413180e+01
4.356050069541029046e+01 7.166099374143232126e+01 6.676293672912592569e+01
4.406119610570236489e+01 7.166192408378992695e+01 6.676051085850062350e+01
4.456189151599443221e+01 7.166280738271598238e+01 6.675807067228319625e+01
4.506258692628650664e+01 7.166364786874328274e+01 6.675562065595599393e+01
4.556328233657857396e+01 7.166444978870276827e+01 6.675316531246366480e+01
4.606397774687064128e+01 7.166521740805183072e+01 6.675070915872069577e+01
4.656467315716272282e+01 7.166595501087431330e+01 6.674825671862649301e+01
4.706536856745479014e+01 7.166666689289559145e+01 6.674581253237860778e+01
4.756606397774686457e+01 7.166735736613918561e+01 6.674338115181612352e+01
4.806675938803893899e+01 7.166803075659845490e+01 6.674096713809134940e+01
4.856745479833100632e+01 7.166869139957998414e+01 6.673857506283397356e+01
4.906815020862308074e+01 7.166934364203189034e+01 6.673620950582275668e+01
4.956884561891514807e+01 7.166999183788720984e+01 6.673387505498553196e+01
5.006954102920722960e+01 7.167064035272051115e+01 6.673157630872751156e+01
5.057023643949929692e+01 7.167129355676297564e+01 6.672931786778221408e+01
5.107093184979137135e+01 7.167195582257409114e+01 6.672710433986807743e+01
5.157162726008345288e+01 7.167263152736995835e+01 6.672494034201676527e+01
5.207232267037552020e+01 7.167332504836667795e+01 6.672283048427502194e+01
5.257301808066758753e+01 7.167404076743696351e+01 6.672077938833112398e+01
5.307371349095966906e+01 7.167478305481199641e+01 6.671879167354504148e+01
5.357440890125173638e+01 7.167555628770787735e+01 6.671687195694843808e+01
5.407510431154380370e+01 7.167636482704256196e+01 6.671502485557297746e+01
5.457579972183587813e+01 7.167721303373400588e+01 6.671325498877862969e+01
5.507649513212795256e+01 7.167810525473032612e+01 6.671156695962721983e+01
5.557719054242002699e+01 7.167904582533810753e+01 6.670996538049379865e+01
5.607788595271209431e+01 7.168003906922240276e+01 6.670845484279865900e+01
5.657858136300416163e+01 7.168108929375011940e+01 6.670703993796209375e+01
5.707927677329624316e+01 7.168220078533340711e+01 6.670572524459871033e+01
5.757997218358831759e+01 7.168337780942965765e+01 6.670451533084573725e+01
5.808066759388038491e+01 7.168462461170565803e+01 6.670341474737810472e+01
5.858136300417245934e+01 7.168594541105267126e+01 6.670242803322921077e+01
5.908205841446452666e+01 7.168734439958643634e+01 6.670155970997015515e+01
5.958275382475660109e+01 7.168882573566224892e+01 6.670081427472482005e+01
6.008344923504866841e+01 7.169039355202403385e+01 6.670019621646801511e+01
6.058414464534074995e+01 7.169205193950620014e+01 6.669970998459334055e+01
6.108484005563281727e+01 7.169380495401856024e+01 6.669936001976324746e+01
6.158553546592489170e+01 7.169565661188971717e+01 6.669915072131274769e+01
6.208623087621696612e+01 7.169761088521045167e+01 6.669908646936832497e+01
6.258692628650903345e+01 7.169967170066956896e+01 6.669917161320640275e+01
6.308762169680110787e+01 7.170184293722559232e+01 6.669941046135804186e+01
6.358831710709318941e+01 7.170412842145015020e+01 6.669980729092216620e+01
6.408901251738525673e+01 7.170653192752797622e+01 6.670036634174479673e+01
6.458970792767732405e+01 7.170905717376444954e+01 6.670109181176243851e+01
6.509040333796939137e+01 7.171170781560067553e+01 6.670198785583792755e+01
6.559109874826147291e+01 7.171448744561348576e+01 6.670305858343212435e+01
6.609179415855354023e+01 7.171739959817205090e+01 6.670430805976806710e+01
6.659248956884562176e+01 7.172044773313973565e+01 6.670574029302528629e+01
6.709318497913768908e+01 7.172363524053071160e+01 6.670735924132472405e+01
6.759388038942975641e+01 7.172696543585334439e+01 6.670916880807212124e+01
6.809457579972183794e+01 7.173044156127434690e+01 6.671117283497309813e+01
6.859527121001390526e+01 7.173406677630555350e+01 6.671337510552561412e+01
6.909596662030597258e+01 7.173784416013222653e+01 6.671577933221428225e+01
6.959666203059803991e+01 7.174177670229983050e+01 6.671838916815190146e+01
7.009735744089010723e+01 7.174586730620649178e+01 6.672120818845300505e+01
7.059805285118218876e+01 7.175011878793884534e+01 6.672423990129331628e+01
7.109874826147427029e+01 7.175453386230219621e+01 6.672748773044745008e+01
7.159944367176633762e+01 7.175911515213374514e+01 6.673095502576629201e+01
7.210013908205840494e+01 7.176386517666105647e+01 6.673464505095338950e+01
7.260083449235048647e+01 7.176878635965113062e+01 6.673856098298287520e+01
7.310152990264255379e+01 7.177388101078395266e+01 6.674270591326362023e+01
7.360222531293462112e+01 7.177915133729402442e+01 6.674708283134108910e+01
7.410292072322670265e+01 7.178459943465713877e+01 6.675169463362848887e+01
7.460361613351876997e+01 7.179022728659037966e+01 6.675654412340676913e+01
7.510431154381083729e+01 7.179603675341058988e+01 6.676163399103401730e+01
7.560500695410290461e+01 7.180202958600420970e+01 6.676696682500491420e+01
7.610570236439498615e+01 7.180820741185743827e+01 6.677254510030920187e+01
7.660639777468706768e+01 7.181457173272792716e+01 6.677837117959583679e+01
7.710709318497913500e+01 7.182112392930139322e+01 6.678444730269561092e+01
7.760778859527120233e+01 7.182786525187839288e+01 6.679077560000891367e+01
7.810848400556326965e+01 7.183479681804601569e+01 6.679735806107359508e+01
7.860917941585533697e+01 7.184191961966280360e+01 6.680419656250464300e+01
7.910987482614743271e+01 7.184923451121721882e+01 6.681129283539789299e+01
7.961057023643950004e+01 7.185674220982764382e+01 6.681864848512063304e+01
8.011126564673156736e+01 7.186444329989899416e+01 6.682626497152099887e+01
8.061196105702363468e+01 7.187233822613779921e+01 6.683414361591289321e+01
8.111265646731571621e+01 7.188042728423897643e+01 6.684228559409106651e+01
8.161335187760779775e+01 7.188871063951228280e+01 6.685069192585373798e+01
8.211404728789986507e+01 7.189718830592755694e+01 6.685936348664412776e+01
8.261474269819193239e+01 7.190586015542794485e+01 6.686830098892400542e+01
8.311543810848399971e+01 7.191472591560159344e+01 6.687750499148691574e+01
8.361613351877606704e+01 7.192378516735334415e+01 6.688697588316003362e+01
8.411682892906816278e+01 7.193303733908396680e+01 6.689671389677400271e+01
8.461752433936023010e+01 7.194248171716753859e+01 6.690671909053648392e+01
8.511821974965229742e+01 7.195211743663821835e+01 6.691699135268876830e+01
8.561891515994436475e+01 7.196194348584685940e+01 6.692753039684916416e+01
8.611961057023643207e+01 7.197195870064024348e+01 6.693833576201299707e+01
8.662030598052849939e+01 7.198216176785354037e+01 6.694940680789599696e+01
8.712100139082058092e+01 7.199255122996692080e+01 6.696074270794937888e+01
8.762169680111264825e+01 7.200312547346402425e+01 6.697234246100137511e+01
8.812239221140472978e+01 7.201388274280179758e+01 6.698420487495909015e+01
8.862308762169679710e+01 7.202482113109726924e+01 6.699632856913680712e+01
8.912378303198886442e+01 7.203593858245585579e+01 6.700871197891260067e+01
8.962447844228094596e+01 7.204723289662797470e+01 6.702135334175849835e+01
9.012517385257301328e+01 7.205870173017319757e+01 6.703425071586693207e+01
9.062586926286508060e+01 7.207034259180363733e+01 6.704740195686767379e+01
9.112656467315714792e+01 7.208215284704056103e+01 6.706080472714106122e+01
9.162726008344921524e+01 7.209412972054269630e+01 6.707445650280291716e+01
9.212795549374128257e+01 7.210627030076284427e+01 6.708835455973471085e+01
9.262865090403337831e+01 7.211857153296296019e+01 6.710249598056847731e+01
9.312934631432544563e+01 7.213103022852737922e+01 6.711687765235851089e+01
9.363004172461751295e+01 7.214364306263450999e+01 6.713149627356628457e+01
9.413073713490958028e+01 7.215640658240590710e+01 6.714634834474722425e+01
9.463143254520164760e+01 7.216931720457796473e+01 6.716143017786393443e+01
9.513212795549372913e+01 7.218237121550191659e+01 6.717673788813712576e+01
9.563282336578581067e+01 7.219556477812875528e+01 6.719226740685130039e+01
9.613351877607787799e+01 7.220889393899415154e+01 6.720801447436983267e+01
9.663421418636994531e+01 7.222235461774107534e+01 6.722397464711988846e+01
9.713490959666201263e+01 7.223594262458209414e+01 6.724014329642827192e+01
9.763560500695409416e+01 7.224965365331445355e+01 6.725651560852142552e+01
9.813630041724616149e+01 7.226348329296160955e+01 6.727308659616696218e+01
9.863699582753822881e+01 7.227742702195246238e+01 6.728985109518120566e+01
9.913769123783029613e+01 7.229148021859873552e+01 6.730680376675749699e+01
9.963838664812239188e+01 7.230563815876666922e+01 6.732393910328696052e+01
1.001390820584144592e+02 7.231989602984685916e+01 6.734125143301511685e+01
1.006397774687065265e+02 7.233424891911272425e+01 6.735873491887772957e+01
1.011404728789985938e+02 7.234869183234695811e+01 6.737638357247064391e+01
1.016411682892906754e+02 7.236321968685660977e+01 6.739419124706486741e+01
1.021418636995827427e+02 7.237782732311461587e+01 6.741215164691979567e+01
1.026425591098748242e+02 7.239250950243149418e+01 6.743025833659643808e+01
1.031432545201669058e+02 7.240726091626856942e+01 6.744850473862911144e+01
1.036439499304589731e+02 7.242207618623797316e+01 6.746688414167451242e+01
1.041446453407510404e+02 7.243694986643095035e+01 6.748538970516833047e+01
1.046453407510431077e+02 7.245187645971600432e+01 6.750401446863847355e+01
1.051460361613351751e+02 7.246685040144075174e+01 6.752275134937676171e+01
1.056467315716272708e+02 7.248186608504329342e+01 6.754159315757291893e+01
1.061474269819193381e+02 7.249691784808237571e+01 6.756053259282211343e+01
1.066481223922114054e+02 7.251199998853553552e+01 6.757956225809479633e+01
1.071488178025034728e+02 7.252710676479910035e+01 6.759867465857254842e+01
1.076495132127955401e+02 7.254223239452403504e+01 6.761786221678207198e+01
1.081502086230876074e+02 7.255737106858578045e+01 6.763711726910273114e+01
1.086509040333796889e+02 7.257251695108425338e+01 6.765643207507977763e+01
1.091515994436717563e+02 7.258766417468723375e+01 6.767579883023003617e+01
1.096522948539638236e+02 7.260280686042096931e+01 6.769520966254944483e+01
1.101529902642559051e+02 7.261793910602864344e+01 6.771465664822912345e+01
1.106536856745479724e+02 7.263305500226852018e+01 6.773413180467045436e+01
1.111543810848400540e+02 7.264814862825733144e+01 6.775362711376814673e+01
1.116550764951321213e+02 7.266321406078350265e+01 6.777313451259701083e+01
1.121557719054241886e+02 7.267824536965053994e+01 6.779264590912802646e+01
1.126564673157162559e+02 7.269323663164686877e+01 6.781215318921326229e+01
1.131571627260083233e+02 7.270818193054583389e+01 6.783164821542172263e+01
1.136578581363004190e+02 7.272307535012078006e+01 6.785112283518841991e+01
1.141585535465924863e+02 7.273791099509980995e+01 6.787056889245590696e+01
1.146592489568845536e+02 7.275268298185255844e+01 6.788997822651012370e+01
1.151599443671766352e+02 7.276738544537511189e+01 6.790934268362192938e+01
1.156606397774686883e+02 7.278201253929000814e+01 6.792865411355464289e+01
1.161613351877607698e+02 7.279655844748776872e+01 6.794790439051880071e+01
1.166620305980528229e+02 7.281101737248536665e+01 6.796708539803816507e+01
1.171627260083449187e+02 7.282538355172437150e+01 6.798618905688940117e+01
1.176634214186370002e+02 7.283965125291433651e+01 6.800520730880393216e+01
1.181641168289290533e+02 7.285381478101771791e+01 6.802413213509439061e+01
1.186648122392211349e+02 7.286786847126495559e+01 6.804295555665461848e+01
1.191655076495132022e+02 7.288180670545261819e+01 6.806166964094458649e+01
1.196662030598052695e+02 7.289562389797356445e+01 6.808026650199039409e+01
1.201668984700973368e+02 7.290931451677170116e+01 6.809873830504088232e+01
1.206675938803894041e+02 7.292287306471553165e+01 6.811707728286577890e+01
1.211682892906814999e+02 7.293629409706045408e+01 6.813527571712924669e+01
1.216689847009735672e+02 7.294957221679214854e+01 6.815332596050879488e+01
1.221696801112656345e+02 7.296270207462657709e+01 6.817122043436697254e+01
1.226703755215577019e+02 7.297567837599490304e+01 6.818895162991552183e+01
1.231710709318497834e+02 7.298849587755103130e+01 6.820651211636445055e+01
1.236717663421418507e+02 7.300114938717160840e+01 6.822389453393711278e+01
1.241724617524339322e+02 7.301363377326924819e+01 6.824109161016835401e+01
1.246731571627260138e+02 7.302594395780761261e+01 6.825809615175543854e+01
1.251738525730180669e+02 7.303807492095802445e+01 6.827490105270712206e+01
1.256745479833101484e+02 7.305002169644285459e+01 6.829149929550780485e+01
1.261752433936022157e+02 7.306177938783366699e+01 6.830788394529676566e+01
1.266759388038942831e+02 7.307334314061154146e+01 6.832404816616630683e+01
1.271766342141863788e+02 7.308470817941997666e+01 6.833998521534098813e+01
1.276773296244784177e+02 7.309586977634171490e+01 6.835568843619270751e+01
1.281780250347705135e+02 7.310682327039830852e+01 6.837115127686715255e+01
1.286787204450625950e+02 7.311756405998312403e+01 6.838636727864226827e+01
1.291794158553546481e+02 7.312808760460757185e+01 6.840133007476410398e+01
1.296801112656467296e+02 7.313838942461006809e+01 6.841603341081949452e+01
1.301808066759387827e+02 7.314846510552160908e+01 6.843047111912468949e+01
1.306815020862308643e+02 7.315831029340915848e+01 6.844463713618765155e+01
1.311821974965229458e+02 7.316792069254734088e+01 6.845852549805144349e+01
1.316828929068149989e+02 7.317729207240336109e+01 6.847213034669707099e+01
1.321835883171070805e+02 7.318642026530869771e+01 6.848544591316326091e+01
1.326842837273991336e+02 7.319530115714587737e+01 6.849846653791914264e+01
1.331849791376912435e+02 7.320393070364661980e+01 6.851118665805856267e+01
1.336856745479833251e+02 7.321230491409369279e+01 6.852360081312085072e+01
1.341863699582753782e+02 7.322041986296244431e+01 6.853570363985213021e+01
1.346870653685674597e+02 7.322827168060757685e+01 6.854748987162324170e+01
1.351877607788595128e+02 7.323585655559145380e+01 6.855895434774296859e+01
1.356884561891515943e+02 7.324317074166901875e+01 6.857009200181650499e+01
1.361891515994436759e+02 7.325021053916134406e+01 6.858089785592468957e+01
1.366898470097357290e+02 7.325697231707454193e+01 6.859136704157876352e+01
1.371905424200278105e+02 7.326345249214500654e+01 6.860149477876561264e+01
1.376912378303198636e+02 7.326964754280925263e+01 6.861127637944022695e+01
1.381919332406119452e+02 7.327555399756238330e+01 6.862070725218231360e+01
1.386926286509039983e+02 7.328116844077885617e+01 6.862978289582983393e+01
1.391933240611960798e+02 7.328648751271248329e+01 6.863849889933348436e+01
1.396940194714881613e+02 7.329150790251151193e+01 6.864685094546743471e+01
1.401947148817802145e+02 7.329622635287523735e+01 6.865483479280314327e+01
1.406954102920723244e+02 7.330063965656154323e+01 6.866244630128434778e+01
1.411961057023643775e+02 7.330474465624138247e+01 6.866968139886679978e+01
1.416968011126564591e+02 7.330853824158839416e+01 6.867653611695217819e+01
1.421974965229485406e+02 7.331201735539070796e+01 6.868300655038851232e+01
1.426981919332405937e+02 7.331517897899902891e+01 6.868908888308155269e+01
1.431988873435326752e+02 7.331802014615095686e+01 6.869477937722635374e+01
1.436995827538247283e+02 7.332053793715022039e+01 6.870007436981481419e+01
1.442002781641168099e+02 7.332272946955345105e+01 6.870497027329051321e+01
1.447009735744088914e+02 7.332459190690133255e+01 6.870946357292936568e+01
1.452016689847009729e+02 7.332612245639029425e+01 6.871355083091415850e+01
1.457023643949930261e+02 7.332731836305174511e+01 6.871722867229195231e+01
1.462030598052851076e+02 7.332817691673699301e+01 6.872049379668837332e+01
1.467037552155771891e+02 7.332869543872948270e+01 6.872334295924460434e+01
1.472044506258692422e+02 7.332887129571463447e+01 6.872577299637427473e+01
1.477051460361613238e+02 7.332870188697415870e+01 6.872778080037036830e+01
1.482058414464534053e+02 7.332818464671436232e+01 6.872936331365721685e+01
1.487065368567454584e+02 7.332731704988691490e+01 6.873051755760334913e+01
1.492072322670375399e+02 7.332609659647278022e+01 6.873124059454076473e+01
1.497079276773296215e+02 7.332452082778036129e+01 6.873152955890637372e+01
1.502086230876216746e+02 7.332258731480396818e+01 6.873138161831312232e+01
1.507093184979137845e+02 7.332029365182097536e+01 6.873079401896112017e+01
1.512100139082058092e+02 7.331763747560034972e+01 6.872976403585644789e+01
1.517107093184979192e+02 7.331461644328373950e+01 6.872828900730829105e+01
1.522114047287899723e+02 7.331122824053454679e+01 6.872636630582283601e+01
1.527121001390820538e+02 7.330747058794077020e+01 6.872399336575190887e+01
1.532127955493741354e+02 7.330334122238855343e+01 6.872116765389810666e+01
1.537134909596661885e+02 7.329883790753956418e+01 6.871788668479430839e+01
1.542141863699582700e+02 7.329395843936072197e+01 6.871414801139044926e+01
1.547148817802503231e+02 7.328870062953501474e+01 6.870994922272521421e+01
1.552155771905424047e+02 7.328306231652095448e+01 6.870528796138833627e+01
1.557162726008344862e+02 7.327704136060492601e+01 6.870016188590389561e+01
1.562169680111265393e+02 7.327063563895353582e+01 6.869456870187141817e+01
1.567176634214186208e+02 7.326384305172541644e+01 6.868850614814155620e+01
1.572183588317106739e+02 7.325666152323537972e+01 6.868197198546559434e+01
1.577190542420027555e+02 7.324908899060392287e+01 6.867496402174302261e+01
1.582197496522948654e+02 7.324112340957799461e+01 6.866748008117147606e+01
1.587204450625868901e+02 7.323276275423995685e+01 6.865951801705242019e+01
1.592211404728790001e+02 7.322400501584343147e+01 6.865107571528361063e+01
1.597218358831710532e+02 7.321484820572368335e+01 6.864215108737417381e+01
1.602225312934631347e+02 7.320529034132778179e+01 6.863274205996722799e+01
1.607232267037552162e+02 7.319532946222170722e+01 6.862284658939179849e+01
1.612239221140472694e+02 7.318496361786674242e+01 6.861246265700620484e+01
1.617246175243393509e+02 7.317419087926100474e+01 6.860158825522822212e+01
1.622253129346314324e+02 7.316300931565638166e+01 6.859022140441530269e+01
1.627260083449234855e+02 7.315141702249820810e+01 6.857836014355135035e+01
1.632267037552155955e+02 7.313941210338089149e+01 6.856600252076069069e+01
1.637273991655076486e+02 7.312699267004791182e+01 6.855314660913327884e+01
1.642280945757997301e+02 7.311415685403335374e+01 6.853979050161333930e+01
1.647287899860917832e+02 7.310090278570714872e+01 6.852593229237291439e+01
1.652294853963838648e+02 7.308722861406567972e+01 6.851157009686622246e+01
1.657301808066759463e+02 7.307313249450817239e+01 6.849670205466728135e+01
1.662308762169679994e+02 7.305861259785888251e+01 6.848132629847432895e+01
1.667315716272600810e+02 7.304366709872556385e+01 6.846544098543282075e+01
1.672322670375521341e+02 7.302829418190231081e+01 6.844904428463669888e+01
1.677329624478442156e+02 7.301249204615305644e+01 6.843213436775150171e+01
1.682336578581363256e+02 7.299625888995069545e+01 6.841470943413915506e+01
1.687343532684283502e+02 7.297959293301391881e+01 6.839676767004894486e+01
1.692350486787204602e+02 7.296249238836753648e+01 6.837830729199814073e+01
1.697357440890125133e+02 7.294495548882696312e+01 6.835932651298227825e+01
1.702364394993045948e+02 7.292698047768499237e+01 6.833982356201906327e+01
1.707371349095966480e+02 7.290856559823441785e+01 6.831979667611469154e+01
1.712378303198887295e+02 7.288970910533680581e+01 6.829924409354154591e+01
1.717385257301808110e+02 7.287040926629561000e+01 6.827816407669180876e+01
1.722392211404728641e+02 7.285066435459884815e+01 6.825655488188223785e+01
1.727399165507649457e+02 7.283047264788183384e+01 6.823441478314654773e+01
1.732406119610569988e+02 7.280983244764502160e+01 6.821174206626912451e+01
1.737413073713490803e+02 7.278874204549356364e+01 6.818853501179566479e+01
1.742420027816411618e+02 7.276719975806190632e+01 6.816479191915297520e+01
1.747426981919332150e+02 7.274520390314864926e+01 6.814051110330203187e+01
1.752433936022252965e+02 7.272275281950714998e+01 6.811569087938570988e+01
1.757440890125173496e+02 7.269984484065207653e+01 6.809032957567998778e+01
1.762447844228094596e+02 7.267647832512739114e+01 6.806442553397793915e+01
1.767454798331015411e+02 7.265265164311858825e+01 6.803797710798555443e+01
1.772461752433935942e+02 7.262836316830362193e+01 6.801098266495266387e+01
1.777468706536856757e+02 7.260361129647935741e+01 6.798344057455999234e+01
1.782475660639777288e+02 7.257839442984550260e+01 6.795534923609686473e+01
1.787482614742698104e+02 7.255271099330275320e+01 6.792670706049413809e+01
1.792489568845618919e+02 7.252655942339333706e+01 6.789751246333928236e+01
1.797496522948539450e+02 7.249993817092035897e+01 6.786776388757736811e+01
1.802503477051460266e+02 7.247284570676856674e+01 6.783745979245161095e+01
1.807510431154380797e+02 7.244528051666566171e+01 6.780659866107036748e+01
1.812517385257301612e+02 7.241724111340590753e+01 6.777517898439320732e+01
1.817524339360222427e+02 7.238872602549963631e+01 6.774319929851110089e+01
1.822531293463142958e+02 7.235973379542701878e+01 6.771065813338275063e+01
1.827538247566063774e+02 7.233026300292112865e+01 6.767755408154691565e+01
1.832545201668984305e+02 7.230031224401318468e+01 6.764388572739328254e+01
1.837552155771905404e+02 7.226988014267408289e+01 6.760965170420597303e+01
1.842559109874825651e+02 7.223896534382947721e+01 6.757485068135785866e+01
1.847566063977746751e+02 7.220756652965792455e+01 6.753948134801241565e+01
1.852573018080667566e+02 7.217568240794935264e+01 6.750354242942187000e+01
1.857579972183588097e+02 7.214331171908997931e+01 6.746703270964637511e+01
1.862586926286508913e+02 7.211045323839061894e+01 6.742995098840758317e+01
1.867593880389429444e+02 7.207710577143006958e+01 6.739229612194314711e+01
1.872600834492350259e+02 7.204326817268156447e+01 6.735406700663581603e+01
1.877607788595271074e+02 7.200893932222970761e+01 6.731526259474769347e+01
1.882614742698191606e+02 7.197411815371015109e+01 6.727588188743531816e+01
1.887621696801112421e+02 7.193880363568314351e+01 6.723592393009305113e+01
1.892628650904032952e+02 7.190299478560336865e+01 6.719538784727767222e+01
1.897635605006953767e+02 7.186669067331240512e+01 6.715427280545547717e+01
1.902642559109874583e+02 7.182989041638211347e+01 6.711257804094195478e+01
1.907649513212795114e+02 7.179259318477124907e+01 6.707030286921501272e+01
1.912656467315716213e+02 7.175479820548207499e+01 6.702744665843049177e+01
1.917663421418636460e+02 7.171650476721697487e+01 6.698400887074960508e+01
1.922670375521557560e+02 7.167771221688599326e+01 6.693998903847379722e+01
1.927677329624478375e+02 7.163841996892006136e+01 6.689538677102966346e+01
1.932684283727398906e+02 7.159862750468892045e+01 6.685020178902043142e+01
1.937691237830319722e+02 7.155833437832188793e+01 6.680443388711857722e+01
1.942698191933240253e+02 7.151754021205124445e+01 6.675808295909511969e+01
1.947705146036161068e+02 7.147624471716699190e+01 6.671114900625973121e+01
1.952712100139081883e+02 7.143444767480832525e+01 6.666363213345896099e+01
1.957719054242002414e+02 7.139214896390330978e+01 6.661553255882601832e+01
1.962726008344923230e+02 7.134934854065068066e+01 6.656685061479940657e+01
1.967732962447844045e+02 7.130604645947460085e+01 6.651758675656303410e+01
1.972739916550764576e+02 7.126224287564400584e+01 6.646774158074542527e+01
1.977746870653685392e+02 7.121793803421314806e+01 6.641731579165927712e+01
1.982753824756605923e+02 7.117313229606952518e+01 6.636631025681701601e+01
1.987760778859527022e+02 7.112782613211311400e+01 6.631472597870008201e+01
1.992767732962447838e+02 7.108202011976391077e+01 6.626256410901980587e+01
1.997774687065368369e+02 7.103571496158838272e+01 6.620982596243258911e+01
2.002781641168289184e+02 7.098891147947870195e+01 6.615651301166501241e+01
2.007788595271209999e+02 7.094161063036881387e+01 6.610262691217933195e+01
2.012795549374130530e+02 7.089381349808536470e+01 6.604816947772626179e+01
2.017802503477051346e+02 7.084552131270174868e+01 6.599314272491021427e+01
2.022809457579971877e+02 7.079673544064280577e+01 6.593754884976071651e+01
2.027816411682892692e+02 7.074745740302023478e+01 6.588139025217962796e+01
2.032823365785813508e+02 7.069768887621467002e+01 6.582466953157556588e+01
2.037830319888734039e+02 7.064743169725988992e+01 6.576738950519931848e+01
2.042837273991654854e+02 7.059668786500697024e+01 6.570955321061767052e+01
2.047844228094575953e+02 7.054545955875073560e+01 6.565116390949690128e+01
2.052851182197496485e+02 7.049374913066276349e+01 6.559222510040846998e+01
2.057858136300417300e+02 7.044155912208952941e+01 6.553274052173939879e+01
2.062865090403338115e+02 7.038889225947787054e+01 6.547271417526637549e+01
2.067872044506258646e+02 7.033575147765805013e+01 6.541215031014864678e+01
2.072878998609179462e+02 7.028213990063522942e+01 6.535105343980823989e+01
2.077885952712099993e+02 7.022806087651406415e+01 6.528942836492198865e+01
2.082892906815020808e+02 7.017351796527509578e+01 6.522728015886961828e+01
2.087899860917941623e+02 7.011851495274459012e+01 6.516461419751060191e+01
2.092906815020862155e+02 7.006305584826623090e+01 6.510143614514156241e+01
2.097913769123782970e+02 7.000714491264079697e+01 6.503775198152645487e+01
2.102920723226703501e+02 6.995078663833555765e+01 6.497356800036861557e+01
2.107927677329624316e+02 6.989398578208056279e+01 6.490889081929701376e+01
2.112934631432545416e+02 6.983674734857049771e+01 6.484372738947051573e+01
2.117941585535465663e+02 6.977907662306097336e+01 6.477808501071187663e+01
2.122948539638386762e+02 6.972097914808546193e+01 6.471197131870205510e+01
2.127955493741307293e+02 6.966246075837989338e+01 6.464539431786754164e+01
2.132962447844228109e+02 6.960352757622604258e+01 6.457836236973882649e+01
2.137969401947148924e+02 6.954418601727229543e+01 6.451088421681554053e+01
2.142976356050069455e+02 6.948444280217518099e+01 6.444296898023814890e+01
2.147983310152990271e+02 6.942430495776352473e+01 6.437462617113844487e+01
2.152990264255910802e+02 6.936377983333659358e+01 6.430586568947539661e+01
2.157997218358831617e+02 6.930287510182824917e+01 6.423669785255690101e+01
2.163004172461752148e+02 6.924159876562771387e+01 6.416713337874163869e+01
2.168011126564672963e+02 6.917995916705694981e+01 6.409718340461033392e+01
2.173018080667593779e+02 6.911796500234049745e+01 6.402685949748040173e+01
2.178025034770514310e+02 6.905562530414317735e+01 6.395617364958518181e+01
2.183031988873435125e+02 6.899294948115129955e+01 6.388513829379000697e+01
2.188038942976355656e+02 6.892994729711790569e+01 6.381376630446531806e+01
2.193045897079276472e+02 6.886662889414583333e+01 6.374207100185223851e+01
2.198052851182197571e+02 6.880300479152356274e+01 6.367006616021164689e+01
2.203059805285118102e+02 6.873908589271013625e+01 6.359776601248078975e+01
2.208066759388038918e+02 6.867488348999177106e+01 6.352518525492989454e+01
2.213073713490959449e+02 6.861040927495923825e+01 6.345233904949047599e+01
2.218080667593880264e+02 6.854567533850786276e+01 6.337924302142702970e+01
2.223087621696801079e+02 6.848069417549413629e+01 6.330591327330687079e+01
2.228094575799721611e+02 6.841547869637724943e+01 6.323236637685106132e+01
2.233101529902642426e+02 6.835004222139832564e+01 6.315861938690424893e+01
2.238108484005562957e+02 6.828439849222195335e+01 6.308468982775586653e+01
2.243115438108483772e+02 6.821856167193618603e+01 6.301059570478166449e+01
2.248122392211404588e+02 6.815254634505254216e+01 6.293635550036917437e+01
2.253129346314325119e+02 6.808636752681923099e+01 6.286198817158940244e+01
2.258136300417245934e+02 6.802004066322115250e+01 6.278751315048786807e+01
2.263143254520166465e+02 6.795358162865159102e+01 6.271295034524875689e+01
2.268150208623087565e+02 6.788700672591221519e+01 6.263832013088169504e+01
2.273157162726008380e+02 6.782033270018291660e+01 6.256364335504251528e+01
2.278164116828928911e+02 6.775357671573874541e+01 6.248894132173511196e+01
2.283171070931849727e+02 6.768675637923297472e+01 6.241423579596805382e+01
2.288178025034770258e+02 6.761988972107064910e+01 6.233954899211305190e+01
2.293184979137691073e+02 6.755299520006519742e+01 6.226490357623326588e+01
2.298191933240611604e+02 6.748609169878182001e+01 6.219032264629269946e+01
2.303198887343532704e+02 6.741919852586579509e+01 6.211582973681281317e+01
2.308205841446453235e+02 6.735233540207264014e+01 6.204144879791776646e+01
2.313212795549373766e+02 6.728552246143226512e+01 6.196720419533441770e+01
2.318219749652294297e+02 6.721878024542820640e+01 6.189312069525833238e+01
2.323226703755215397e+02 6.715212969368440099e+01 6.181922345736886371e+01
2.328233657858135928e+02 6.708559213930857368e+01 6.174553801387439478e+01
2.333240611961056459e+02 6.701918929841485806e+01 6.167209026718403209e+01
2.338247566063977843e+02 6.695294326663133688e+01 6.159890646895284760e+01
2.343254520166898374e+02 6.688687649581697769e+01 6.152601321309695948e+01
2.348261474269818621e+02 6.682101180104655214e+01 6.145343740785385478e+01
2.353268428372740004e+02 6.675537233732757159e+01 6.138120627345408309e+01
2.358275382475660535e+02 6.668998158795875497e+01 6.130934731883819211e+01
2.363282336578581067e+02 6.662486335638095625e+01 6.123788832303027618e+01
2.368289290681501882e+02 6.656004174755071290e+01 6.116685732116813767e+01
2.373296244784422697e+02 6.649554115862702020e+01 6.109628257889191616e+01
2.378303198887343228e+02 6.643138624870334752e+01 6.102619258070255626e+01
2.383310152990264044e+02 6.636760193997179158e+01 6.095661600435043681e+01
2.388317107093184859e+02 6.630421339676831849e+01 6.088758169988061297e+01
2.393324061196105390e+02 6.624124598366324790e+01 6.081911866634975183e+01
2.398331015299026205e+02 6.617872528874431737e+01 6.075125604018460024e+01
2.403337969401946737e+02 6.611667706075240858e+01 6.068402305327246893e+01
2.408344923504867552e+02 6.605512721839477308e+01 6.061744902830461967e+01
2.413351877607788083e+02 6.599410180843551643e+01 6.055156333919505585e+01
2.418358831710709183e+02 6.593362699871067889e+01 6.048639539711068380e+01
2.423365785813629998e+02 6.587372904436779208e+01 6.042197462253163565e+01
2.428372739916550529e+02 6.581443426923942752e+01 6.035833041265497911e+01
2.433379694019471344e+02 6.575576903557521291e+01 6.029549212276826609e+01
2.438386648122392160e+02 6.569775973007199354e+01 6.023348903830985535e+01
2.443393602225312691e+02 6.564043272312846966e+01 6.017235034692923534e+01
2.448400556328233506e+02 6.558381435254705139e+01 6.011210510589073408e+01
2.453407510431154037e+02 6.552793089559418149e+01 6.005278222344706762e+01
2.458414464534074853e+02 6.547280853407573886e+01 5.999441042275059033e+01
2.463421418636995668e+02 6.541847334036719985e+01 5.993701821507777083e+01
2.468428372739916199e+02 6.536495123201166280e+01 5.988063387421782124e+01
2.473435326842837014e+02 6.531226795658585615e+01 5.982528540154810059e+01
2.478442280945758114e+02 6.526044905677554198e+01 5.977100050391520369e+01
2.483449235048678645e+02 6.520951983777922578e+01 5.971780655521790493e+01
2.488456189151599460e+02 6.515950534984585829e+01 5.966573057545240033e+01
2.493463143254520276e+02 6.511043034287285991e+01 5.961479919229525137e+01
2.498470097357440807e+02 6.506231924545136280e+01 5.956503861782032061e+01
2.503477051460361338e+02 6.501519614158314653e+01 5.951647461590248156e+01
2.508484005563282153e+02 6.496908472178620286e+01 5.946913247194963503e+01
2.513490959666202968e+02 6.492400827145320363e+01 5.942303695914226580e+01
2.518497913769123500e+02 6.487998963592690416e+01 5.937821231747868467e+01
2.523504867872044315e+02 6.483705118091893382e+01 5.933468221477589566e+01
2.528511821974965130e+02 6.479521478319657035e+01 5.929246972105822522e+01
2.533518776077885661e+02 6.475450178168830462e+01 5.925159728003556836e+01
2.538525730180806477e+02 6.471493296351400204e+01 5.921208667767125178e+01
2.543532684283727576e+02 6.467652852673199959e+01 5.917395901598858643e+01
2.548539638386647823e+02 6.463930805938434787e+01 5.913723468047457743e+01
2.553546592489568354e+02 6.460329050922882743e+01 5.910193331737893629e+01
2.558553546592489738e+02 6.456849415347096510e+01 5.906807379064041186e+01
2.563560500695410269e+02 6.453493658246588893e+01 5.903567418305094350e+01
2.568567454798330800e+02 6.450263466712203808e+01 5.900475174619707275e+01
2.573574408901251900e+02 6.447160454260301776e+01 5.897532287717687893e+01
2.578581363004172431e+02 6.444186157340300269e+01 5.894740311045090664e+01
2.583588317107092962e+02 6.441342034054105170e+01 5.892100707011188376e+01
2.588595271210013493e+02 6.438629462293465622e+01 5.889614846406395543e+01
2.593602225312934593e+02 6.436049736480345018e+01 5.887284005608300674e+01
2.598609179415855124e+02 6.433604067101259716e+01 5.885109363904113877e+01
2.603616133518775655e+02 6.431293577796895988e+01 5.883092002792174924e+01
2.608623087621696754e+02 6.429119304197956808e+01 5.881232902489493597e+01
2.613630041724617286e+02 6.427082192761008628e+01 5.879532941233257759e+01
2.618636995827537817e+02 6.425183098905836232e+01 5.877992893651018846e+01
2.623643949930458916e+02 6.423422785851289518e+01 5.876613428665216077e+01
2.628650904033379447e+02 6.421801922985468991e+01 5.875395108561853874e+01
2.633657858136299978e+02 6.420321085865725763e+01 5.874338387302479703e+01
2.638664812239220510e+02 6.418980755287338980e+01 5.873443610291353423e+01
2.643671766342141609e+02 6.417781315653701313e+01 5.872711012643769379e+01
2.648678720445062140e+02 6.416723055674810894e+01 5.872140719127848740e+01
2.653685674547982671e+02 6.415806167086702771e+01 5.871732743262320753e+01
2.658692628650904339e+02 6.415030744884279557e+01 5.871486987025484439e+01
2.663699582753824870e+02 6.414396787088480778e+01 5.871403241102591153e+01
2.668706536856744833e+02 6.413904195444774814e+01 5.871481183543430404e+01
2.673713490959666501e+02 6.413552774608251639e+01 5.871720382105188207e+01
2.678720445062587032e+02 6.413342233889852650e+01 5.872120292251558737e+01
2.683727399165507563e+02 6.413272186557878740e+01 5.872680260295958021e+01
2.688734353268428094e+02 6.413342151700635441e+01 5.873399521651656130e+01
2.693741307371349194e+02 6.413551554459263571e+01 5.874277203538433412e+01
2.698748261474269725e+02 6.413899727250100113e+01 5.875312325506449440e+01
2.703755215577190256e+02 6.414385911394492723e+01 5.876503800469428995e+01
2.708762169680111356e+02 6.415009257700876333e+01 5.877850437498629788e+01
2.713769123783031887e+02 6.415768828560248949e+01 5.879350941822842458e+01
2.718776077885952418e+02 6.416663599284947850e+01 5.881003917622358301e+01
2.723783031988873518e+02 6.417692460436956026e+01 5.882807870357275704e+01
2.728789986091794049e+02 6.418854218875640072e+01 5.884761208862975934e+01
2.733796940194714580e+02 6.420147600318887271e+01 5.886862246979937652e+01
2.738803894297635111e+02 6.421571251671412028e+01 5.889109207279027203e+01
2.743810848400556210e+02 6.423123742654570378e+01 5.891500222691313127e+01
2.748817802503476742e+02 6.424803568949573673e+01 5.894033340233356455e+01
2.753824756606397273e+02 6.426609153594472446e+01 5.896706523626555452e+01
2.758831710709318372e+02 6.428538850709446706e+01 5.899517656323943982e+01
2.763838664812238903e+02 6.430590947592281736e+01 5.902464544653405198e+01
2.768845618915159434e+02 6.432763667163089849e+01 5.905544921542961845e+01
2.773852573018079966e+02 6.435055170991108753e+01 5.908756449605782279e+01
2.778859527121001065e+02 6.437463562321499921e+01 5.912096724749055454e+01
2.783866481223921596e+02 6.439986888403655030e+01 5.915563279433619925e+01
2.788873435326842127e+02 6.442623144565732218e+01 5.919153586864915439e+01
2.793880389429763227e+02 6.445370274913148023e+01 5.922865064485442588e+01
2.798887343532683758e+02 6.448226178149343468e+01 5.926695077117976496e+01
2.803894297635604289e+02 6.451188708972767927e+01 5.930640941738595018e+01
2.808901251738525957e+02 6.454255680638016202e+01 5.934699930270646462e+01
2.813908205841446488e+02 6.457424869379610755e+01 5.938869273775701174e+01
2.818915159944367019e+02 6.460694016507477500e+01 5.943146166760918447e+01
2.823922114047287550e+02 6.464060831200913526e+01 5.947527769390937635e+01
2.828929068150208650e+02 6.467522994699538685e+01 5.952011213483267227e+01
2.833936022253129181e+02 6.471078161933110096e+01 5.956593603847061047e+01
2.838942976356049712e+02 6.474723965246812440e+01 5.961272023405392417e+01
2.843949930458970812e+02 6.478458017195225693e+01 5.966043536629506150e+01
2.848956884561891343e+02 6.482277912870631553e+01 5.970905192623824576e+01
2.853963838664811874e+02 6.486181233628303744e+01 5.975854028938549334e+01
2.858970792767732974e+02 6.490165549181983806e+01 5.980887074945705706e+01
2.863977746870653505e+02 6.494228420397848822e+01 5.986001354865940982e+01
2.868984700973574036e+02 6.498367402088479139e+01 5.991193891493814760e+01
2.873991655076494567e+02 6.502580045806826092e+01 5.996461709486531788e+01
2.878998609179415666e+02 6.506863901592441835e+01 6.001801837459417754e+01
2.884005563282336198e+02 6.511216521231108345e+01 6.007211311711209589e+01
2.889012517385257297e+02 6.515635460350313224e+01 6.012687179250853831e+01
2.894019471488177828e+02 6.520118280514725484e+01 6.018226499776567096e+01
2.899026425591098359e+02 6.524662551205256023e+01 6.023826349022776583e+01
2.904033379694019459e+02 6.529265853078686632e+01 6.029483820739180544e+01
2.909040333796939990e+02 6.533925778666161932e+01 6.035196030008584955e+01
2.914047287899860521e+02 6.538639935167157091e+01 6.040960114411056736e+01
2.919054242002781621e+02 6.543405945846461691e+01 6.046773236497749338e+01
2.924061196105702152e+02 6.548221452129655518e+01 6.052632586526662806e+01
2.929068150208622683e+02 6.553084114767261781e+01 6.058535384267081270e+01
2.934075104311543782e+02 6.557991617094376124e+01 6.064478879348818907e+01
2.939082058414464314e+02 6.562941664099344052e+01 6.070460355860625157e+01
2.944089012517384845e+02 6.567931985217728652e+01 6.076477130342020416e+01
2.949095966620305944e+02 6.572960336427786388e+01 6.082526557545854473e+01
2.954102920723226475e+02 6.578024499784805812e+01 6.088606026654808545e+01
2.959109874826147006e+02 6.583122285982244648e+01 6.094712968149899268e+01
2.964116828929068106e+02 6.588251534817391075e+01 6.100844850870991820e+01
2.969123783031988637e+02 6.593410116355516948e+01 6.106999184112275714e+01
2.974130737134909168e+02 6.598595931861200370e+01 6.113173520358024859e+01
2.979137691237830268e+02 6.603806914962478913e+01 6.119365453449056247e+01
2.984144645340750799e+02 6.609041031883680262e+01 6.125572621318490008e+01
2.989151599443671330e+02 6.614296282609575428e+01 6.131792705438776636e+01
2.994158553546592429e+02 6.619570701234624721e+01 6.138023433091795766e+01
2.999165507649512961e+02 6.624862356894300319e+01 6.144262576292014444e+01
3.004172461752433492e+02 6.630169353735982440e+01 6.150507951786487126e+01
3.009179415855354023e+02 6.635489832548773848e+01 6.156757424227173203e+01
3.014186369958275691e+02 6.640821969279204495e+01 6.163008903493384594e+01
3.019193324061196222e+02 6.646163977359537967e+01 6.169260346438015574e+01
3.024200278164116185e+02 6.651514106107060798e+01 6.175509755839804882e+01
3.029207232267037853e+02 6.656870642353896983e+01 6.181755182789849812e+01
3.034214186369958384e+02 6.662231910534319468e+01 6.187994723053627411e+01
3.039221140472878915e+02 6.667596271287766285e+01 6.194226521349257553e+01
3.044228094575799446e+02 6.672962123088655062e+01 6.200448768146081591e+01
3.049235048678720545e+02 6.678327902246383019e+01 6.206659700654192591e+01
3.054242002781641077e+02 6.683692081741173752e+01 6.212857601340139979e+01
3.059248956884561608e+02 6.689053172038984485e+01 6.219040800342547470e+01
3.064255910987482707e+02 6.694409720393014140e+01 6.225207673143806630e+01
3.069262865090403238e+02 6.699760311542195268e+01 6.231356640802907521e+01
3.074269819193323769e+02 6.705103566896286793e+01 6.237486168965908462e+01
3.079276773296244869e+02 6.710438143720966764e+01 6.243594767633105391e+01
3.084283727399165400e+02 6.715762736767646857e+01 6.249680993720168942e+01
3.089290681502085931e+02 6.721076075945165940e+01 6.255743445237378353e+01
3.094297635605006462e+02 6.726376926756347530e+01 6.261780763850758547e+01
3.099304589707927562e+02 6.731664091112907045e+01 6.267791636395479316e+01
3.104311543810848093e+02 6.736936404716107063e+01 6.273774789404335195e+01
3.109318497913768624e+02 6.742192738802987151e+01 6.279728993454561703e+01
3.114325452016689724e+02 6.747431998138199560e+01 6.285653058062386833e+01
3.119332406119610255e+02 6.752653122178162448e+01 6.291545835866024561e+01
3.124339360222530786e+02 6.757855082713649608e+01 6.297406217763970915e+01
3.129346314325451885e+02 6.763036885150359012e+01 6.303233134367808077e+01
3.134353268428372417e+02 6.768197567519382574e+01 6.309025555524719664e+01
3.139360222531292948e+02 6.773336198963806964e+01 6.314782490629447409e+01
3.144367176634213479e+02 6.778451880931970663e+01 6.320502983081830450e+01
3.149374130737134578e+02 6.783543745547649451e+01 6.326186116460455366e+01
3.154381084840055109e+02 6.788610955566400662e+01 6.331831009734166571e+01
3.159388038942975641e+02 6.793652703153202310e+01 6.337436816359847569e+01
3.164394993045897309e+02 6.798668210959294811e+01 6.343002726012279879e+01
3.169401947148817840e+02 6.803656729022623040e+01 6.348527962765153632e+01
3.174408901251737802e+02 6.808617537401732989e+01 6.354011782864851909e+01
3.179415855354659470e+02 6.813549942828831263e+01 6.359453476919604498e+01
3.184422809457580001e+02 6.818453279699315317e+01 6.364852366926804450e+01
3.189429763560500533e+02 6.823326909562456422e+01 6.370207806308478382e+01
3.194436717663421064e+02 6.828170219200546853e+01 6.375519181348515474e+01
3.199443671766342163e+02 6.832982622171402909e+01 6.380785906550606512e+01
3.204450625869262694e+02 6.837763556247227825e+01 6.386007426169832968e+01
3.209457579972183225e+02 6.842512484433245845e+01 6.391183214940262758e+01
3.214464534075104325e+02 6.847228892988641746e+01 6.396312774837149107e+01
3.219471488178024856e+02 6.851912293027271517e+01 6.401395636015756452e+01
3.224478442280945387e+02 6.856562216675956734e+01 6.406431353987379396e+01
3.229485396383865918e+02 6.861178220741567202e+01 6.411419515139520797e+01
3.234492350486787018e+02 6.865759882403654046e+01 6.416359725893805432e+01
3.239499304589707549e+02 6.870306800378602929e+01 6.421251622485094401e+01
3.244506258692628649e+02 6.874818594686803408e+01 6.426094863088898990e+01
3.249513212795549180e+02 6.879294905488495715e+01 6.430889131957762572e+01
3.254520166898469711e+02 6.883735393083770759e+01 6.435634135492243502e+01
3.259527121001390810e+02 6.888139736748416908e+01 6.440329603144043347e+01
3.264534075104311910e+02 6.892507634384674020e+01 6.444975286015385052e+01
3.269541029207232441e+02 6.896838803452556022e+01 6.449570959207328258e+01
3.274547983310152972e+02 6.901132978292298503e+01 6.454116416286501590e+01
3.279554937413073503e+02 6.905389910706435330e+01 6.458611473098221722e+01
3.284561891515994603e+02 6.909609369261306711e+01 6.463055965169564843e+01
3.289568845618915134e+02 6.913791140101966448e+01 6.467449747636214852e+01
3.294575799721835665e+02 6.917935024332837202e+01 6.471792694791452050e+01
3.299582753824756765e+02 6.922040839298279025e+01 6.476084699780705023e+01
3.304589707927677296e+02 6.926108417010982521e+01 6.480325672089753652e+01
3.309596662030597827e+02 6.930137604617630132e+01 6.484515541808383432e+01
3.314603616133518926e+02 6.934128262710873969e+01 6.488654253881128398e+01
3.319610570236439457e+02 6.938080267657642253e+01 6.492741770104208854e+01
3.324617524339359989e+02 6.941993507233564742e+01 6.496778069057205585e+01
3.329624478442280520e+02 6.945867883184109814e+01 6.500763144468243127e+01
3.334631432545201619e+02 6.949703310991753824e+01 6.504697006145312344e+01
3.339638386648122150e+02 6.953499716383521445e+01 6.508579678373740762e+01
3.344645340751042681e+02 6.957257038881652988e+01 6.512411199050353616e+01
3.349652294853963781e+02 6.960975228602183051e+01 6.516191622248248905e+01
3.354659248956884312e+02 6.964654246837017126e+01 6.519921013154436196e+01
3.359666203059804843e+02 6.968294066519592889e+01 6.523599451670071403e+01
3.364673157162726511e+02 6.971894670420442708e+01 6.527227029466649810e+01
3.369680111265647042e+02 6.975456051845685579e+01 6.530803851521687875e+01
3.374687065368567005e+02 6.978978214229573496e+01 6.534330035298245321e+01
3.379694019471487536e+02 6.982461169737507589e+01 6.537805708267092086e+01
3.384700973574409204e+02 6.985904940779437311e+01 6.541231011664910966e+01
3.389707927677329735e+02 6.989309558536479017e+01 6.544606095149481462e+01
3.394714881780250266e+02 6.992675062276975950e+01 6.547931120467671917e+01
3.399721835883171366e+02 6.996001499742123997e+01 6.551206260221567845e+01
3.404728789986091897e+02 6.999288927567977225e+01 6.554431695346045217e+01
3.409735744089012428e+02 7.002537408973512356e+01 6.557607618131930849e+01
3.414742698191932959e+02 7.005747016416353290e+01 6.560734228668059131e+01
3.419749652294854059e+02 7.008917827987534110e+01 6.563811739009827306e+01
3.424756606397774590e+02 7.012049929834392969e+01 6.566840365468954133e+01
3.429763560500695121e+02 7.015143414856356685e+01 6.569820336674558803e+01
3.434770514603616220e+02 7.018198382472110097e+01 6.572751888100276574e+01
3.439777468706536752e+02 7.021214937426339020e+01 6.575635262325624808e+01
3.444784422809457283e+02 7.024193192234451999e+01 6.578470712088267192e+01
3.449791376912378382e+02 7.027133264912481536e+01 6.581258493967573031e+01
3.454798331015298913e+02 7.030035278162176837e+01 6.583998874747442187e+01
3.459805285118219444e+02 7.032899361495583435e+01 6.586692127012531728e+01
3.464812239221139976e+02 7.035725648848529090e+01 6.589338529351982743e+01
3.469819193324061075e+02 7.038514279744777014e+01 6.591938367310069680e+01
3.474826147426981606e+02 7.041265398481118609e+01 6.594491933319807231e+01
3.479833101529902137e+02 7.043979153719919850e+01 6.596999523295528434e+01
3.484840055632823237e+02 7.046655699886105140e+01 6.599461442740141592e+01
3.489847009735743768e+02 7.049295194838850875e+01 6.601877998509883128e+01
3.494853963838664299e+02 7.051897800773804192e+01 6.604249506206690512e+01
3.499860917941585399e+02 7.054463684223082964e+01 6.606576284342884264e+01
3.504867872044505930e+02 7.056993015706029837e+01 6.608858656114114183e+01
3.509874826147426461e+02 7.059485969700108399e+01 6.611096950514854598e+01
3.514881780250346992e+02 7.061942724146138062e+01 6.613291501330952826e+01
3.519888734353268660e+02 7.064363460099048098e+01 6.615442645591959092e+01
3.524895688456189191e+02 7.066748363008446177e+01 6.617550724041923615e+01
3.529902642559109154e+02 7.069097620943284710e+01 6.619616082747218400e+01
3.534909596662030822e+02 7.071411425290352781e+01 6.621639069656869481e+01
3.539916550764951353e+02 7.073689971161729773e+01 6.623620038407882760e+01
3.544923504867871884e+02 7.075933455153790419e+01 6.625559343814548185e+01
3.549930458970792415e+02 7.078142078153450711e+01 6.627457345694001845e+01
3.554937413073713515e+02 7.080316043484617694e+01 6.629314405236091545e+01
3.559944367176634046e+02 7.082455556206969050e+01 6.631130888916250399e+01
3.564951321279554577e+02 7.084560825555217889e+01 6.632907163675572804e+01
3.569958275382475676e+02 7.086632061990076181e+01 6.634643598550628951e+01
3.574965229485396208e+02 7.088669478667998192e+01 6.636340568398755124e+01
3.579972183588316739e+02 7.090673292063274857e+01 6.637998446563888422e+01
3.584979137691237838e+02 7.092643719348689046e+01 6.639617611424928612e+01
3.589986091794158369e+02 7.094580981131275621e+01 6.641198441231627214e+01
3.594993045897078900e+02 7.096485299240430322e+01 6.642741316774863947e+01
3.600000000000000000e+02 7.098356898823385563e+01 6.644246621761358540e+01
