# lons lats(polar edge) lats(equatorward edge)
0.000000000000000000e+00 -8.252575572446221486e+01 -7.497903949429746717e+01
5.006954102920723182e-01 -8.247157092839958636e+01 -7.490449966187588871e+01
1.001390820584144636e+00 -8.241649554475615957e+01 -7.482919787312857807e+01
1.502086230876216844e+00 -8.236051734375854494e+01 -7.475313041856543350e+01
2.002781641168289273e+00 -8.230362395721144253e+01 -7.467629351572077212e+01
2.503477051460361480e+00 -8.224580293756966398e+01 -7.459868335084001956e+01
3.004172461752433687e+00 -8.218704174624531333e+01 -7.452029603801611302e+01
3.504867872044505894e+00 -8.212732774903909672e+01 -7.444112769538014618e+01
4.005563282336578546e+00 -8.206664822511434920e+01 -7.436117432930478799e+01
4.506258692628650309e+00 -8.200499037288585669e+01 -7.428043193102786290e+01
5.006954102920722960e+00 -8.194234134299490790e+01 -7.419889644755022573e+01
5.507649513212795611e+00 -8.187868819428024381e+01 -7.411656374379964518e+01
6.008344923504867374e+00 -8.181401794931892368e+01 -7.403342965844510104e+01
6.509040333796940025e+00 -8.174831754945753914e+01 -7.394948997272601332e+01
7.009735744089011789e+00 -8.168157393337162375e+01 -7.386474041937341894e+01
7.510431154381083552e+00 -8.161377396744821056e+01 -7.377917668519964423e+01
8.011126564673157091e+00 -8.154490450258595047e+01 -7.369279438833197560e+01
8.511821974965229742e+00 -8.147495238105318549e+01 -7.360558911129268722e+01
9.012517385257300617e+00 -8.140390441950695788e+01 -7.351755640488485710e+01
9.513212795549373268e+00 -8.133174743477682966e+01 -7.342869175617019550e+01
1.001390820584144592e+01 -8.125846825450480537e+01 -7.333899060574262307e+01
1.051460361613352035e+01 -8.118405372102512274e+01 -7.324844836334600018e+01
1.101529902642559122e+01 -8.110849070256082882e+01 -7.315706041502298262e+01
1.151599443671766032e+01 -8.103176610066826413e+01 -7.306482207822145369e+01
1.201668984700973475e+01 -8.095386687071160736e+01 -7.297172866971695271e+01
1.251738525730180740e+01 -8.087478001353602508e+01 -7.287777545926334710e+01
1.301808066759388005e+01 -8.079449260387809773e+01 -7.278295770497467743e+01
1.351877607788595093e+01 -8.071299180039930832e+01 -7.268727062712829934e+01
1.401947148817802358e+01 -8.063026483836040370e+01 -7.259070945531536267e+01
1.452016689847009623e+01 -8.054629906678485440e+01 -7.249326938349301486e+01
1.502086230876216710e+01 -8.046108194416348169e+01 -7.239494564529056220e+01
1.552155771905424153e+01 -8.037460104244409820e+01 -7.229573342069531350e+01
1.602225312934631418e+01 -8.028684409572389313e+01 -7.219562795064891247e+01
1.652294853963838506e+01 -8.019779896494991078e+01 -7.209462445804862796e+01
1.702364394993045948e+01 -8.010745367428923203e+01 -7.199271821061162768e+01
1.752433936022252681e+01 -8.001579643677737863e+01 -7.188990451912073354e+01
1.802503477051460123e+01 -7.992281564509931968e+01 -7.178617870951680402e+01
1.852573018080667566e+01 -7.982849987687978910e+01 -7.168153617931207577e+01
1.902642559109874654e+01 -7.973283794939953850e+01 -7.157597236735423962e+01
1.952712100139081741e+01 -7.963581889167863892e+01 -7.146948283472707431e+01
2.002781641168289184e+01 -7.953743196323949860e+01 -7.136206314367851178e+01
2.052851182197496627e+01 -7.943766669601637886e+01 -7.125370903220269270e+01
2.102920723226704069e+01 -7.933651287340063618e+01 -7.114441632107141800e+01
2.152990264255910802e+01 -7.923396057680685090e+01 -7.103418092057350464e+01
2.203059805285118244e+01 -7.913000014841992424e+01 -7.092299890518430061e+01
2.253129346314325332e+01 -7.902462227268580364e+01 -7.081086651119645126e+01
2.303198887343532064e+01 -7.891781793673027323e+01 -7.069778011139956675e+01
2.353268428372739507e+01 -7.880957847925338910e+01 -7.058373624884066544e+01
2.403337969401946950e+01 -7.869989557190302776e+01 -7.046873169444975815e+01
2.453407510431154037e+01 -7.858876126467686163e+01 -7.035276342055536247e+01
2.503477051460361480e+01 -7.847616798359405266e+01 -7.023582861148011602e+01
2.553546592489568567e+01 -7.836210854447637075e+01 -7.011792471545473404e+01
2.603616133518776010e+01 -7.824657618629936451e+01 -6.999904941389527835e+01
2.653685674547983453e+01 -7.812956457471665317e+01 -6.987920072541297145e+01
2.703755215577190185e+01 -7.801106779582988793e+01 -6.975837692240443744e+01
2.753824756606397628e+01 -7.789108042061053538e+01 -6.963657662796745740e+01
2.803894297635604715e+01 -7.776959748634618563e+01 -6.951379879552828811e+01
2.853963838664812158e+01 -7.764661451264765901e+01 -6.939004276122855686e+01
2.904033379694019246e+01 -7.752212754379507942e+01 -6.926530822224290773e+01
2.954102920723226333e+01 -7.739613314087984008e+01 -6.913959530808338627e+01
3.004172461752433421e+01 -7.726862842611518545e+01 -6.901290456415350150e+01
3.054242002781640863e+01 -7.713961106537391288e+01 -6.888523699992416027e+01
3.104311543810848306e+01 -7.700907932639603359e+01 -6.875659410187122944e+01
3.154381084840055394e+01 -7.687703206918450860e+01 -6.862697786142572909e+01
3.204450625869262836e+01 -7.674346879111618591e+01 -6.849639077446565238e+01
3.254520166898469569e+01 -7.660838962519557072e+01 -6.836483591943189708e+01
3.304589707927677011e+01 -7.647179539302379681e+01 -6.823231693831414191e+01
3.354659248956884454e+01 -7.633368756609053207e+01 -6.809883808259993998e+01
3.404728789986091897e+01 -7.619406838771902812e+01 -6.796440419109214304e+01
3.454798331015298629e+01 -7.605294079390370143e+01 -6.782902081800668270e+01
3.504867872044505361e+01 -7.591030851808392299e+01 -6.769269413618414433e+01
3.554937413073713515e+01 -7.576617604923450244e+01 -6.755543106142678766e+01
3.605006954102920247e+01 -7.562054873314701808e+01 -6.741723920707838147e+01
3.655076495132127690e+01 -7.547343271596838576e+01 -6.727812696548309646e+01
3.705146036161335132e+01 -7.532483505828787429e+01 -6.713810349532533905e+01
3.755215577190541865e+01 -7.517476369439174277e+01 -6.699717873425353787e+01
3.805285118219749307e+01 -7.502322749269006863e+01 -6.685536350540016315e+01
3.855354659248956750e+01 -7.487023628351090565e+01 -6.671266941304449460e+01
3.905424200278163482e+01 -7.471580089104173794e+01 -6.656910898813177369e+01
3.955493741307371636e+01 -7.455993316170571461e+01 -6.642469562882862988e+01
4.005563282336578368e+01 -7.440264597569404259e+01 -6.627944366840776524e+01
4.055632823365785811e+01 -7.424395330750195399e+01 -6.613336836167596289e+01
4.105702364394993253e+01 -7.408387025386838332e+01 -6.598648594406418511e+01
4.155771905424199986e+01 -7.392241304308919325e+01 -6.583881361298713841e+01
4.205841446453408139e+01 -7.375959910486636772e+01 -6.569036956299547114e+01
4.255910987482614871e+01 -7.359544703771172180e+01 -6.554117302373575171e+01
4.305980528511821603e+01 -7.342997672478014692e+01 -6.539124421272950372e+01
4.356050069541029046e+01 -7.326320927740817979e+01 -6.524060442541318139e+01
4.406119610570236489e+01 -7.309516713114300046e+01 -6.508927601428800358e+01
4.456189151599443221e+01 -7.292587404230454240e+01 -6.493728236098937145e+01
4.506258692628650664e+01 -7.275535513039523039e+01 -6.478464796011499516e+01
4.556328233657857396e+01 -7.258363686571266271e+01 -6.463139835752477325e+01
4.606397774687064128e+01 -7.241074715810265161e+01 -6.447756020825286782e+01
4.656467315716272282e+01 -7.223671531141172863e+01 -6.432316123980959333e+01
4.706536856745479014e+01 -7.206157210585098483e+01 -6.416823027430032766e+01
4.756606397774686457e+01 -7.188534976983811475e+01 -6.401279723511939324e+01
4.806675938803893899e+01 -7.170808199862386800e+01 -6.385689309355589671e+01
4.856745479833100632e+01 -7.152980401249971010e+01 -6.370054992579176201e+01
4.906815020862308074e+01 -7.135055249626185514e+01 -6.354380087193354143e+01
4.956884561891514807e+01 -7.117036566207553960e+01 -6.338668011792256607e+01
5.006954102920722960e+01 -7.098928322160810467e+01 -6.322922288448685890e+01
5.057023643949929692e+01 -7.080734640436440941e+01 -6.307146541782790905e+01
5.107093184979137135e+01 -7.062459792552709814e+01 -6.291344496488241589e+01
5.157162726008345288e+01 -7.044108201593354579e+01 -6.275519974712884164e+01
5.207232267037552020e+01 -7.025684436066677563e+01 -6.259676893715882784e+01
5.257301808066758753e+01 -7.007193211609938999e+01 -6.243819262062393705e+01
5.307371349095966906e+01 -6.988639387445965667e+01 -6.227951176858701388e+01
5.357440890125173638e+01 -6.970027962843397518e+01 -6.212076819983272458e+01
5.407510431154380370e+01 -6.951364075908878704e+01 -6.196200454623399878e+01
5.457579972183587813e+01 -6.932652997462520261e+01 -6.180326421237046475e+01
5.507649513212795256e+01 -6.913900128243932386e+01 -6.164459130509717966e+01
5.557719054242002699e+01 -6.895110991905477249e+01 -6.148603061695544625e+01
5.607788595271209431e+01 -6.876291233993634933e+01 -6.132762756228990497e+01
5.657858136300416163e+01 -6.857446611253345736e+01 -6.116942811787671985e+01
5.707927677329624316e+01 -6.838582988222862014e+01 -6.101147877781264128e+01
5.757997218358831759e+01 -6.819706329935962685e+01 -6.085382647609881701e+01
5.808066759388038491e+01 -6.800822694063919016e+01 -6.069651853556356969e+01
5.858136300417245934e+01 -6.781938223028356560e+01 -6.053960261780380847e+01
5.908205841446452666e+01 -6.763059136783505210e+01 -6.038312662423200550e+01
5.958275382475660109e+01 -6.744191723386558124e+01 -6.022713865212941187e+01
6.008344923504866841e+01 -6.725342330499353238e+01 -6.007168692363271134e+01
6.058414464534074995e+01 -6.706517355958732196e+01 -5.991681969667629915e+01
6.108484005563281727e+01 -6.687723237531992027e+01 -5.976258521842615323e+01
6.158553546592489170e+01 -6.668966443952905365e+01 -5.960903161148385720e+01
6.208623087621696612e+01 -6.650253464211510845e+01 -5.945620686224506812e+01
6.258692628650903345e+01 -6.631590797309564778e+01 -5.930415865908221917e+01
6.308762169680110787e+01 -6.612984941550331541e+01 -5.915293440631435828e+01
6.358831710709318941e+01 -6.594442383479128011e+01 -5.900258108392668532e+01
6.408901251738525673e+01 -6.575969588104436525e+01 -5.885314519867611693e+01
6.458970792767732405e+01 -6.557572987954864630e+01 -5.870467271424209343e+01
6.509040333796939137e+01 -6.539258970971951612e+01 -5.855720895809432136e+01
6.559109874826147291e+01 -6.521033871546188720e+01 -5.841079856270303594e+01
6.609179415855354023e+01 -6.502903959341148266e+01 -5.826548539219734835e+01
6.659248956884562176e+01 -6.484875427419120797e+01 -5.812131247368020581e+01
6.709318497913768908e+01 -6.466954384324873217e+01 -5.797832192505089210e+01
6.759388038942975641e+01 -6.449146842909777888e+01 -5.783655489446906017e+01
6.809457579972183794e+01 -6.431458709621603020e+01 -5.769605148934138583e+01
6.859527121001390526e+01 -6.413895777752424010e+01 -5.755685073674035834e+01
6.909596662030597258e+01 -6.396463714865768679e+01 -5.741899050191355514e+01
6.959666203059803991e+01 -6.379168056743020543e+01 -5.728250744520997273e+01
7.009735744089010723e+01 -6.362014199234346279e+01 -5.714743698715543019e+01
7.059805285118218876e+01 -6.345007388479808697e+01 -5.701381322463353740e+01
7.109874826147427029e+01 -6.328152715321431288e+01 -5.688166894019892084e+01
7.159944367176633762e+01 -6.311455107852617630e+01 -5.675103550312419998e+01
7.210013908205840494e+01 -6.294919325364554652e+01 -5.662194289733966457e+01
7.260083449235048647e+01 -6.278549953456769117e+01 -5.649441963761424290e+01
7.310152990264255379e+01 -6.262351397052208313e+01 -5.636849277421211468e+01
7.360222531293462112e+01 -6.246327878068933614e+01 -5.624418786029642092e+01
7.410292072322670265e+01 -6.230483429599354395e+01 -5.612152894261603819e+01
7.460361613351876997e+01 -6.214821894280413517e+01 -5.600053853356590139e+01
7.510431154381083729e+01 -6.199346919869805106e+01 -5.588123761584361660e+01
7.560500695410290461e+01 -6.184061958547482618e+01 -5.576364563080792891e+01
7.610570236439498615e+01 -6.168970265053013691e+01 -5.564778047615041601e+01
7.660639777468706768e+01 -6.154074894822934993e+01 -5.553365851753702032e+01
7.710709318497913500e+01 -6.139378704922074803e+01 -5.542129458627974259e+01
7.760778859527120233e+01 -6.124884353112230428e+01 -5.531070199796309339e+01
7.810848400556326965e+01 -6.110594299481982716e+01 -5.520189256175731884e+01
7.860917941585533697e+01 -6.096510806912357339e+01 -5.509487660370146500e+01
7.910987482614743271e+01 -6.082635942939469942e+01 -5.498966298765813576e+01
7.961057023643950004e+01 -6.068971583246985801e+01 -5.488625913626825081e+01
8.011126564673156736e+01 -6.055519411898950466e+01 -5.478467106354733573e+01
8.061196105702363468e+01 -6.042280926694894561e+01 -5.468490340748181211e+01
8.111265646731571621e+01 -6.029257441963801512e+01 -5.458695945796867477e+01
8.161335187760779775e+01 -6.016450091707321235e+01 -5.449084120105331408e+01
8.211404728789986507e+01 -6.003859834954874941e+01 -5.439654934919749962e+01
8.261474269819193239e+01 -5.991487459954606720e+01 -5.430408339017381536e+01
8.311543810848399971e+01 -5.979333588364335128e+01 -5.421344162431856262e+01
8.361613351877606704e+01 -5.967398681188734599e+01 -5.412462120294881629e+01
8.411682892906816278e+01 -5.955683044600101539e+01 -5.403761819239085185e+01
8.461752433936023010e+01 -5.944186833430813977e+01 -5.395242760308397578e+01
8.511821974965229742e+01 -5.932910059089573451e+01 -5.386904344545988010e+01
8.561891515994436475e+01 -5.921852594683679172e+01 -5.378745877418046462e+01
8.611961057023643207e+01 -5.911014180606963464e+01 -5.370766574518134462e+01
8.662030598052849939e+01 -5.900394431059049793e+01 -5.362965565758136677e+01
8.712100139082058092e+01 -5.889992839866118857e+01 -5.355341900490535068e+01
8.762169680111264825e+01 -5.879808787698658534e+01 -5.347894553329174983e+01
8.812239221140472978e+01 -5.869841546611661443e+01 -5.340622428121938015e+01
8.862308762169679710e+01 -5.860090287960866817e+01 -5.333524363364054466e+01
8.912378303198886442e+01 -5.850554087292204031e+01 -5.326599137291273678e+01
8.962447844228094596e+01 -5.841231931792373189e+01 -5.319845472827515209e+01
9.012517385257301328e+01 -5.832122725061873325e+01 -5.313262041790372336e+01
9.062586926286508060e+01 -5.823225294099921712e+01 -5.306847470770085806e+01
9.112656467315714792e+01 -5.814538395358050593e+01 -5.300600344971249456e+01
9.162726008344921524e+01 -5.806060719629550704e+01 -5.294519213218669051e+01
9.212795549374128257e+01 -5.797790898801559933e+01 -5.288602591740860248e+01
9.262865090403337831e+01 -5.789727510977337488e+01 -5.282848969816191698e+01
9.312934631432544563e+01 -5.781869086297029980e+01 -5.277256813381760026e+01
9.363004172461751295e+01 -5.774214110895792373e+01 -5.271824568991510773e+01
9.413073713490958028e+01 -5.766761034587199219e+01 -5.266550667599736357e+01
9.463143254520164760e+01 -5.759508274122873672e+01 -5.261433529916180873e+01
9.513212795549372913e+01 -5.752454217616269716e+01 -5.256471568385100568e+01
9.563282336578581067e+01 -5.745597230945514866e+01 -5.251663192074707354e+01
9.613351877607787799e+01 -5.738935660780208536e+01 -5.247006809354721213e+01
9.663421418636994531e+01 -5.732467839238034912e+01 -5.242500831854491139e+01
9.713490959666201263e+01 -5.726192088948829451e+01 -5.238143677024132217e+01
9.763560500695409416e+01 -5.720106725266469994e+01 -5.233933772092646564e+01
9.813630041724616149e+01 -5.714210061507566252e+01 -5.229869555930568481e+01
9.863699582753822881e+01 -5.708500411745427527e+01 -5.225949482309593463e+01
9.913769123783029613e+01 -5.702976094942806640e+01 -5.222172022812961245e+01
9.963838664812239188e+01 -5.697635437163791039e+01 -5.218535668698100949e+01
1.001390820584144592e+02 -5.692476775299093106e+01 -5.215038933690598810e+01
1.006397774687065265e+02 -5.687498459394356587e+01 -5.211680355614012683e+01
1.011404728789985938e+02 -5.682698856375446894e+01 -5.208458499183839763e+01
1.016411682892906754e+02 -5.678076351270811983e+01 -5.205371957055254484e+01
1.021418636995827427e+02 -5.673629350005450078e+01 -5.202419352034999633e+01
1.026425591098748242e+02 -5.669356281612800785e+01 -5.199599339293277467e+01
1.031432545201669058e+02 -5.665255600563051530e+01 -5.196910606130919064e+01
1.036439499304589731e+02 -5.661325787985498437e+01 -5.194351875122598017e+01
1.041446453407510404e+02 -5.657565353531191477e+01 -5.191921904349661077e+01
1.046453407510431077e+02 -5.653972836769918331e+01 -5.189619488797112012e+01
1.051460361613351751e+02 -5.650546809285680183e+01 -5.187443461284934187e+01
1.056467315716272708e+02 -5.647285874793107041e+01 -5.185392693166582490e+01
1.061474269819193381e+02 -5.644188671232933530e+01 -5.183466095027475262e+01
1.066481223922114054e+02 -5.641253870539168247e+01 -5.181662618198393488e+01
1.071488178025034728e+02 -5.638480180734569558e+01 -5.179981253591327572e+01
1.076495132127955401e+02 -5.635866345697814950e+01 -5.178421033794953132e+01
1.081502086230876074e+02 -5.633411146327654251e+01 -5.176981031910477782e+01
1.086509040333796889e+02 -5.631113400426494309e+01 -5.175660362715794349e+01
1.091515994436717563e+02 -5.628971963631721565e+01 -5.174458182665480876e+01
1.096522948539638236e+02 -5.626985728950040766e+01 -5.173373689425139332e+01
1.101529902642559051e+02 -5.625153627572382220e+01 -5.172406121871395612e+01
1.106536856745479724e+02 -5.623474628408240505e+01 -5.171554760324730182e+01
1.111543810848400540e+02 -5.621947738202089795e+01 -5.170818925850986147e+01
1.116550764951321213e+02 -5.620572001416968533e+01 -5.170197980028538609e+01
1.121557719054241886e+02 -5.619346499652402827e+01 -5.169691324482633377e+01
1.126564673157162559e+02 -5.618270352226483055e+01 -5.169298400419725681e+01
1.131571627260083233e+02 -5.617342714313218721e+01 -5.169018688161818886e+01
1.136578581363004190e+02 -5.616562777757445701e+01 -5.168851705865895951e+01
1.141585535465924863e+02 -5.615929769910673031e+01 -5.168797009640334750e+01
1.146592489568845536e+02 -5.615442953398252257e+01 -5.168854192264339531e+01
1.151599443671766352e+02 -5.615101624605978259e+01 -5.169022882256618345e+01
1.156606397774686883e+02 -5.614905114262165853e+01 -5.169302743409721757e+01
1.161613351877607698e+02 -5.614852785342174002e+01 -5.169693473276643658e+01
1.166620305980528229e+02 -5.614944033184821137e+01 -5.170194802355914021e+01
1.171627260083449187e+02 -5.615178284211816617e+01 -5.170806493655041436e+01
1.176634214186370002e+02 -5.615554994996438154e+01 -5.171528340012960712e+01
1.181641168289290533e+02 -5.616073651565039881e+01 -5.172360164973147789e+01
1.186648122392211349e+02 -5.616733768116483816e+01 -5.173301819640406052e+01
1.191655076495132022e+02 -5.617534885974401959e+01 -5.174353183350254426e+01
1.196662030598052695e+02 -5.618476573237950333e+01 -5.175514160532989649e+01
1.201668984700973368e+02 -5.619558422569917866e+01 -5.176784680917413084e+01
1.206675938803894041e+02 -5.620780051429557034e+01 -5.178164697479010670e+01
1.211682892906814999e+02 -5.622141099511446782e+01 -5.179654185654149501e+01
1.216689847009735672e+02 -5.623641229443984457e+01 -5.181253141484708635e+01
1.221696801112656345e+02 -5.625280123879002758e+01 -5.182961580104679911e+01
1.226703755215577019e+02 -5.627057485026108452e+01 -5.184779535274506657e+01
1.231710709318497834e+02 -5.628973034652682372e+01 -5.186707057402023224e+01
1.236717663421418507e+02 -5.631026510824250408e+01 -5.188744212087263463e+01
1.241724617524339322e+02 -5.633217668719390758e+01 -5.190891079191138147e+01
1.246731571627260138e+02 -5.635546278534258136e+01 -5.193147751554866431e+01
1.251738525730180669e+02 -5.638012124551261195e+01 -5.195514333020915387e+01
1.256745479833101484e+02 -5.640615003742078670e+01 -5.197990937210639117e+01
1.261752433936022157e+02 -5.643354725651244053e+01 -5.200577687233240454e+01
1.266759388038942831e+02 -5.646231109835008510e+01 -5.203274713124633877e+01
1.271766342141863788e+02 -5.649243986443417498e+01 -5.206082151017986348e+01
1.276773296244784177e+02 -5.652393193775588998e+01 -5.209000142503433040e+01
1.281780250347705135e+02 -5.655678578046882876e+01 -5.212028832154251745e+01
1.286787204450625950e+02 -5.659099991991917022e+01 -5.215168367119409254e+01
1.291794158553546481e+02 -5.662657294748152026e+01 -5.218418897109009436e+01
1.296801112656467296e+02 -5.666350349178338774e+01 -5.221780570203341654e+01
1.301808066759387827e+02 -5.670179022569010385e+01 -5.225253534104345476e+01
1.306815020862308643e+02 -5.674143185000667700e+01 -5.228837935553534066e+01
1.311821974965229458e+02 -5.678242708649287351e+01 -5.232533916432080900e+01
1.316828929068149989e+02 -5.682477466738583871e+01 -5.236341616671202814e+01
1.321835883171070805e+02 -5.686847332608687111e+01 -5.240261169100782013e+01
1.326842837273991336e+02 -5.691352179017650315e+01 -5.244292702243333792e+01
1.331849791376912435e+02 -5.695991878141450115e+01 -5.248436336588716244e+01
1.336856745479833251e+02 -5.700766298896434137e+01 -5.252692185991114115e+01
1.341863699582753782e+02 -5.705675308456358152e+01 -5.257060354991486406e+01
1.346870653685674597e+02 -5.710718769589385602e+01 -5.261540939283227658e+01
1.351877607788595128e+02 -5.715896541378407392e+01 -5.266134024024145788e+01
1.356884561891515943e+02 -5.721208477518467816e+01 -5.270839684534954017e+01
1.361891515994436759e+02 -5.726654426786063823e+01 -5.275657984320210403e+01
1.366898470097357290e+02 -5.732234230739942404e+01 -5.280588974602656549e+01
1.371905424200278105e+02 -5.737947725001669141e+01 -5.285632694381425267e+01
1.376912378303198636e+02 -5.743794736927321765e+01 -5.290789169180575868e+01
1.381919332406119452e+02 -5.749775087004474017e+01 -5.296058411398340127e+01
1.386926286509039983e+02 -5.755888586407473895e+01 -5.301440418851930758e+01
1.391933240611960798e+02 -5.762135036881028327e+01 -5.306935175010372063e+01
1.396940194714881613e+02 -5.768514231322279784e+01 -5.312542647684827557e+01
1.401947148817802145e+02 -5.775025952616653058e+01 -5.318262789727091899e+01
1.406954102920723244e+02 -5.781669972066248420e+01 -5.324095538156475982e+01
1.411961057023643775e+02 -5.788446050670410159e+01 -5.330040813606834149e+01
1.416968011126564591e+02 -5.795353937961573365e+01 -5.336098519744487589e+01
1.421974965229485406e+02 -5.802393371073941353e+01 -5.342268543908508605e+01
1.426981919332405937e+02 -5.809564074918108645e+01 -5.348550756237605697e+01
1.431988873435326752e+02 -5.816865761598984363e+01 -5.354945008418658858e+01
1.436995827538247283e+02 -5.824298129717300299e+01 -5.361451135607572382e+01
1.442002781641168099e+02 -5.831860864602441552e+01 -5.368068953635307139e+01
1.447009735744088914e+02 -5.839553637031877997e+01 -5.374798261528999888e+01
1.452016689847009729e+02 -5.847376104395317498e+01 -5.381638838412405335e+01
1.457023643949930261e+02 -5.855327907318661573e+01 -5.388590445244850002e+01
1.462030598052851076e+02 -5.863408673156465056e+01 -5.395652823584319435e+01
1.467037552155771891e+02 -5.871618012732307079e+01 -5.402825696820733015e+01
1.472044506258692422e+02 -5.879955521328321311e+01 -5.410108767876741354e+01
1.477051460361613238e+02 -5.888420777870288703e+01 -5.417501719629731838e+01
1.482058414464534053e+02 -5.897013344818498126e+01 -5.425004216803577606e+01
1.487065368567454584e+02 -5.905732767618411572e+01 -5.432615902701732580e+01
1.492072322670375399e+02 -5.914578574904390962e+01 -5.440336401259051513e+01
1.497079276773296215e+02 -5.923550277204577696e+01 -5.448165315586598467e+01
1.502086230876216746e+02 -5.932647368359704387e+01 -5.456102228015302558e+01
1.507093184979137845e+02 -5.941869323562224281e+01 -5.464146701318318833e+01
1.512100139082058092e+02 -5.951215599385415089e+01 -5.472298276077131618e+01
1.517107093184979192e+02 -5.960685634707425606e+01 -5.480556473402762663e+01
1.522114047287899723e+02 -5.970278850027335693e+01 -5.488920791697060508e+01
1.527121001390820538e+02 -5.979994645660718788e+01 -5.497390709595825342e+01
1.532127955493741354e+02 -5.989832403922429194e+01 -5.505965683096624730e+01
1.537134909596661885e+02 -5.999791487962448855e+01 -5.514645148138120589e+01
1.542141863699582700e+02 -6.009871240616286059e+01 -5.523428517928883252e+01
1.547148817802503231e+02 -6.020070986267620583e+01 -5.532315185479424713e+01
1.552155771905424047e+02 -6.030390028985658546e+01 -5.541304520517192600e+01
1.557162726008344862e+02 -6.040827653660181795e+01 -5.550395872164122579e+01
1.562169680111265393e+02 -6.051383124953810011e+01 -5.559588567772485135e+01
1.567176634214186208e+02 -6.062055688407946263e+01 -5.568881913506962178e+01
1.572183588317106739e+02 -6.072844569162208472e+01 -5.578275192016340611e+01
1.577190542420027555e+02 -6.083748972041740899e+01 -5.587767666624463914e+01
1.582197496522948654e+02 -6.094768083303443973e+01 -5.597358578536264417e+01
1.587204450625868901e+02 -6.105901068424083178e+01 -5.607047146503097679e+01
1.592211404728790001e+02 -6.117147073380857591e+01 -5.616832568539754789e+01
1.597218358831710532e+02 -6.128505224418569242e+01 -5.626714021197037141e+01
1.602225312934631347e+02 -6.139974628282453750e+01 -5.636690661307872574e+01
1.607232267037552162e+02 -6.151554371810726707e+01 -5.646761623673589270e+01
1.612239221140472694e+02 -6.163243522982321565e+01 -5.656926022082549821e+01
1.617246175243393509e+02 -6.175041129927359407e+01 -5.667182950474304448e+01
1.622253129346314324e+02 -6.186946222091302161e+01 -5.677531484220159541e+01
1.627260083449234855e+02 -6.198957809245422368e+01 -5.687970675990433733e+01
1.632267037552155955e+02 -6.211074883116617684e+01 -5.698499560934939723e+01
1.637273991655076486e+02 -6.223296415990427022e+01 -5.709117154703923802e+01
1.642280945757997301e+02 -6.235621361875183766e+01 -5.719822453840967569e+01
1.647287899860917832e+02 -6.248048656152769809e+01 -5.730614436947141144e+01
1.652294853963838648e+02 -6.260577215927861516e+01 -5.741492063778784427e+01
1.657301808066759463e+02 -6.273205940377175693e+01 -5.752454278099682483e+01
1.662308762169679994e+02 -6.285933710633054261e+01 -5.763500005396414849e+01
1.667315716272600810e+02 -6.298759389667048936e+01 -5.774628154391754720e+01
1.672322670375521341e+02 -6.311681822639167194e+01 -5.785837618558068129e+01
1.677329624478442156e+02 -6.324699837479948883e+01 -5.797127275215095210e+01
1.682336578581363256e+02 -6.337812243959143643e+01 -5.808495986648628673e+01
1.687343532684283502e+02 -6.351017834617033486e+01 -5.819942601281942984e+01
1.692350486787204602e+02 -6.364315384065940862e+01 -5.831465952238792738e+01
1.697357440890125133e+02 -6.377703649746928249e+01 -5.843064860115552506e+01
1.702364394993045948e+02 -6.391181370765644942e+01 -5.854738132644703796e+01
1.707371349095966480e+02 -6.404747269172895585e+01 -5.866484564462004414e+01
1.712378303198887295e+02 -6.418400049033317600e+01 -5.878302938445264658e+01
1.717385257301808110e+02 -6.432138395668681596e+01 -5.890192026878500542e+01
1.722392211404728641e+02 -6.445960977054875229e+01 -5.902150591048118144e+01
1.727399165507649457e+02 -6.459866441959258054e+01 -5.914177381082842544e+01
1.732406119610569988e+02 -6.473853420639153455e+01 -5.926271138827721074e+01
1.737413073713490803e+02 -6.487920523794110750e+01 -5.938430595792303279e+01
1.742420027816411618e+02 -6.502066343031566475e+01 -5.950654475249754682e+01
1.747426981919332150e+02 -6.516289449469860529e+01 -5.962941492440583602e+01
1.752433936022252965e+02 -6.530588393272574876e+01 -5.975290353990564540e+01
1.757440890125173496e+02 -6.544961703415702914e+01 -5.987699760006213978e+01
1.762447844228094596e+02 -6.559407887687649463e+01 -6.000168403027052477e+01
1.767454798331015411e+02 -6.573925430128093694e+01 -6.012694969189757899e+01
1.772461752433935942e+02 -6.588512792192142342e+01 -6.025278138344580725e+01
1.777468706536856757e+02 -6.603168410887684558e+01 -6.037916584055344060e+01
1.782475660639777288e+02 -6.617890697611238693e+01 -6.050608975229258135e+01
1.787482614742698104e+02 -6.632678038264367615e+01 -6.063353973555783227e+01
1.792489568845618919e+02 -6.647528791158202921e+01 -6.076150237231919959e+01
1.797496522948539450e+02 -6.662441287246275579e+01 -6.088996418059102211e+01
1.802503477051460266e+02 -6.677413826864886914e+01 -6.101891163669640150e+01
1.807510431154380797e+02 -6.692444681712169086e+01 -6.114833116697261062e+01
1.812517385257301612e+02 -6.707532090424302851e+01 -6.127820914544278708e+01
1.817524339360222427e+02 -6.722674259972501432e+01 -6.140853190203776535e+01
1.822531293463142958e+02 -6.737869362403381501e+01 -6.153928571954017457e+01
1.827538247566063774e+02 -6.753115535304624473e+01 -6.167045682776367244e+01
1.832545201668984305e+02 -6.768410879243839418e+01 -6.180203140704540488e+01
1.837552155771905404e+02 -6.783753457070071136e+01 -6.193399558766392943e+01
1.842559109874825651e+02 -6.799141292283985649e+01 -6.206633544983921524e+01
1.847566063977746751e+02 -6.814572368572208916e+01 -6.219903701209111091e+01
1.852573018080667566e+02 -6.830044627479020392e+01 -6.233208623938841697e+01
1.857579972183588097e+02 -6.845555967707861100e+01 -6.246546902917904731e+01
1.862586926286508913e+02 -6.861104244190011059e+01 -6.259917122186740812e+01
1.867593880389429444e+02 -6.876687265989113484e+01 -6.273317858684455928e+01
1.872600834492350259e+02 -6.892302796301174794e+01 -6.286747682015990790e+01
1.877607788595271074e+02 -6.907948551057580744e+01 -6.300205154684951481e+01
1.882614742698191606e+02 -6.923622197528112565e+01 -6.313688830347379621e+01
1.887621696801112421e+02 -6.939321354088116323e+01 -6.327197255441566881e+01
1.892628650904032952e+02 -6.955043589520010983e+01 -6.340728965928425964e+01
1.897635605006953767e+02 -6.970786421383473908e+01 -6.354282489386966404e+01
1.902642559109874583e+02 -6.986547317179594074e+01 -6.367856343617310699e+01
1.907649513212795114e+02 -7.002323692255396281e+01 -6.381449035127295133e+01
1.912656467315716213e+02 -7.018112911433655654e+01 -6.395059060063792344e+01
1.917663421418636460e+02 -7.033912287150252496e+01 -6.408684903048558112e+01
1.922670375521557560e+02 -7.049719081549648081e+01 -6.422325036945400711e+01
1.927677329624478375e+02 -7.065530504855070149e+01 -6.435977921579612371e+01
1.932684283727398906e+02 -7.081343717696819340e+01 -6.449642004902122494e+01
1.937691237830319722e+02 -7.097155831112269198e+01 -6.463315720894021865e+01
1.942698191933240253e+02 -7.112963907244358097e+01 -6.476997489566562649e+01
1.947705146036161068e+02 -7.128764961204234396e+01 -6.490685717193989035e+01
1.952712100139081883e+02 -7.144555962468240295e+01 -6.504378796080706593e+01
1.957719054242002414e+02 -7.160333836042065059e+01 -6.518075102000145193e+01
1.962726008344923230e+02 -7.176095465720374023e+01 -6.531772997803633984e+01
1.967732962447844045e+02 -7.191837694668885206e+01 -6.545470829462280449e+01
1.972739916550764576e+02 -7.207557329149659608e+01 -6.559166927929615554e+01
1.977746870653685392e+02 -7.223251141082238291e+01 -6.572859608675932463e+01
1.982753824756605923e+02 -7.238915870371948813e+01 -6.586547171222625252e+01
1.987760778859527022e+02 -7.254548228751610850e+01 -6.600227899607850190e+01
1.992767732962447838e+02 -7.270144903506826495e+01 -6.613900062153695103e+01
1.997774687065368369e+02 -7.285702560968439911e+01 -6.627561911931840655e+01
2.002781641168289184e+02 -7.301217849306505059e+01 -6.641211686647145029e+01
2.007788595271209999e+02 -7.316687405748035644e+01 -6.654847608870474573e+01
2.012795549374130530e+02 -7.332107857159081732e+01 -6.668467887668518301e+01
2.017802503477051346e+02 -7.347475827728140985e+01 -6.682070716973973390e+01
2.022809457579971877e+02 -7.362787941527295743e+01 -6.695654277913851615e+01
2.027816411682892692e+02 -7.378040828798640405e+01 -6.709216738460233387e+01
2.032823365785813508e+02 -7.393231131192970906e+01 -6.722756255060082253e+01
2.037830319888734039e+02 -7.408355505262244378e+01 -6.736270972635244902e+01
2.042837273991654854e+02 -7.423410628978837167e+01 -6.749759025630189058e+01
2.047844228094575953e+02 -7.438393206857818996e+01 -6.763218539758233305e+01
2.052851182197496485e+02 -7.453299974729981159e+01 -6.776647632700039026e+01
2.057858136300417300e+02 -7.468127706493925189e+01 -6.790044414336441037e+01
2.062865090403338115e+02 -7.482873217259276544e+01 -6.803406989891661283e+01
2.067872044506258646e+02 -7.497533370797265206e+01 -6.816733459467647549e+01
2.072878998609179462e+02 -7.512105082683939372e+01 -6.830021921303702470e+01
2.077885952712099993e+02 -7.526585327983576690e+01 -6.843270471660068210e+01
2.082892906815020808e+02 -7.540971143693406020e+01 -6.856477206913402256e+01
2.087899860917941623e+02 -7.555259634797204171e+01 -6.869640226583575782e+01
2.092906815020862155e+02 -7.569447979853231345e+01 -6.882757632169520434e+01
2.097913769123782970e+02 -7.583533433322537576e+01 -6.895827531922256526e+01
2.102920723226703501e+02 -7.597513331622559463e+01 -6.908848040844893035e+01
2.107927677329624316e+02 -7.611385096852410470e+01 -6.921817283486595329e+01
2.112934631432545416e+02 -7.625146240052509938e+01 -6.934733394641077098e+01
2.117941585535465663e+02 -7.638794365395534669e+01 -6.947594523071890649e+01
2.122948539638386762e+02 -7.652327172514725362e+01 -6.960398831978088197e+01
2.127955493741307293e+02 -7.665742460927668844e+01 -6.973144502021020230e+01
2.132962447844228109e+02 -7.679038131433281933e+01 -6.985829731789996799e+01
2.137969401947148924e+02 -7.692212188789363836e+01 -6.998452741120124188e+01
2.142976356050069455e+02 -7.705262744040902589e+01 -7.011011773653441992e+01
2.147983310152990271e+02 -7.718188015917058920e+01 -7.023505096256846514e+01
2.152990264255910802e+02 -7.730986332693811391e+01 -7.035931003795118954e+01
2.157997218358831617e+02 -7.743656132310371731e+01 -7.048287819072717753e+01
2.163004172461752148e+02 -7.756195963766168688e+01 -7.060573895394915667e+01
2.168011126564672963e+02 -7.768604487586509322e+01 -7.072787618430444923e+01
2.173018080667593779e+02 -7.780880475589748357e+01 -7.084927407724896398e+01
2.178025034770514310e+02 -7.793022810887288188e+01 -7.096991718330534127e+01
2.183031988873435125e+02 -7.805030487417917584e+01 -7.108979043134601739e+01
2.188038942976355656e+02 -7.816902609249319767e+01 -7.120887912626491811e+01
2.193045897079276472e+02 -7.828638388715427254e+01 -7.132716899088697460e+01
2.198052851182197571e+02 -7.840237146183591221e+01 -7.144464614617751863e+01
2.203059805285118102e+02 -7.851698308191936349e+01 -7.156129715780841138e+01
2.208066759388038918e+02 -7.863021404888223742e+01 -7.167710902218820479e+01
2.213073713490959449e+02 -7.874206068865697716e+01 -7.179206918741689947e+01
2.218080667593880264e+02 -7.885252032834779357e+01 -7.190616556725578334e+01
2.223087621696801079e+02 -7.896159127760421370e+01 -7.201938654112743166e+01
2.228094575799721611e+02 -7.906927278205495213e+01 -7.213172097041385200e+01
2.233101529902642426e+02 -7.917556502796452378e+01 -7.224315819612817791e+01
2.238108484005562957e+02 -7.928046907936897014e+01 -7.235368804822789457e+01
2.243115438108483772e+02 -7.938398688273247217e+01 -7.246330085492806461e+01
2.248122392211404588e+02 -7.948612121572460865e+01 -7.257198744735794094e+01
2.253129346314325119e+02 -7.958687565229575966e+01 -7.267973914559112814e+01
2.258136300417245934e+02 -7.968625454870726799e+01 -7.278654777261542108e+01
2.263143254520166465e+02 -7.978426300162192319e+01 -7.289240566830264356e+01
2.268150208623087565e+02 -7.988090681085105871e+01 -7.299730565681235817e+01
2.273157162726008380e+02 -7.997619245374318098e+01 -7.310124106871077743e+01
2.278164116828928911e+02 -8.007012705258767937e+01 -7.320420573864245739e+01
2.283171070931849727e+02 -8.016271833446279516e+01 -7.330619398437553969e+01
2.288178025034770258e+02 -8.025397460417860884e+01 -7.340720062542820301e+01
2.293184979137691073e+02 -8.034390471141543344e+01 -7.350722095396483269e+01
2.298191933240611604e+02 -8.043251801938011170e+01 -7.360625075109416571e+01
2.303198887343532704e+02 -8.051982436180117020e+01 -7.370428626358622637e+01
2.308205841446453235e+02 -8.060583403152770643e+01 -7.380132420852893915e+01
2.313212795549373766e+02 -8.069055773272506826e+01 -7.389736176168659654e+01
2.318219749652294297e+02 -8.077400655745998392e+01 -7.399239653887340751e+01
2.323226703755215397e+02 -8.085619195892861910e+01 -7.408642660526672330e+01
2.328233657858135928e+02 -8.093712571497763975e+01 -7.417945044746736016e+01
2.333240611961056459e+02 -8.101681990585932169e+01 -7.427146698164867189e+01
2.338247566063977843e+02 -8.109528688611391090e+01 -7.436247552561687257e+01
2.343254520166898374e+02 -8.117253926336326231e+01 -7.445247579648273017e+01
2.348261474269818621e+02 -8.124858985908991826e+01 -7.454146790367664721e+01
2.353268428372740004e+02 -8.132345169931500095e+01 -7.462945232682974961e+01
2.358275382475660535e+02 -8.139713798033656644e+01 -7.471642991228142705e+01
2.363282336578581067e+02 -8.146966205433557207e+01 -7.480240185910949435e+01
2.368289290681501882e+02 -8.154103740086893026e+01 -7.488736970748865929e+01
2.373296244784422697e+02 -8.161127761213563758e+01 -7.497133532006407108e+01
2.378303198887343228e+02 -8.168039636575531404e+01 -7.505430088311547365e+01
2.383310152990264044e+02 -8.174840741618717743e+01 -7.513626887512506869e+01
2.388317107093184859e+02 -8.181532456304046264e+01 -7.521724207841904786e+01
2.393324061196105390e+02 -8.188116165228638010e+01 -7.529722354424299624e+01
2.398331015299026205e+02 -8.194593253955619616e+01 -7.537621659043358591e+01
2.403337969401946737e+02 -8.200965108805081627e+01 -7.545422479792611625e+01
2.408344923504867552e+02 -8.207233115265211154e+01 -7.553125198048653033e+01
2.413351877607788083e+02 -8.213398656473293613e+01 -7.560730218238310840e+01
2.418358831710709183e+02 -8.219463111776872211e+01 -7.568237967023739543e+01
2.423365785813629998e+02 -8.225427855169581903e+01 -7.575648891206944313e+01
2.428372739916550529e+02 -8.231294255580549191e+01 -7.582963457729780998e+01
2.433379694019471344e+02 -8.237063674062191865e+01 -7.590182150879988399e+01
2.438386648122392160e+02 -8.242737464023319660e+01 -7.597305473106095519e+01
2.443393602225312691e+02 -8.248316970119611824e+01 -7.604333942456284490e+01
2.448400556328233506e+02 -8.253803526196838902e+01 -7.611268092345559921e+01
2.453407510431154037e+02 -8.259198456747333239e+01 -7.618108469925934401e+01
2.458414464534074853e+02 -8.264503073759389906e+01 -7.624855635620767202e+01
2.463421418636995668e+02 -8.269718678360018771e+01 -7.631510161960611072e+01
2.468428372739916199e+02 -8.274846558008017894e+01 -7.638072632069813039e+01
2.473435326842837014e+02 -8.279887987508237757e+01 -7.644543639666514423e+01
2.478442280945758114e+02 -8.284844227606961908e+01 -7.650923787432836320e+01
2.483449235048678645e+02 -8.289716525410611325e+01 -7.657213686782048967e+01
2.488456189151599460e+02 -8.294506112772882034e+01 -7.663413955879511263e+01
2.493463143254520276e+02 -8.299214207056701298e+01 -7.669525220573993352e+01
2.498470097357440807e+02 -8.303842010093921999e+01 -7.675548111603708890e+01
2.503477051460361338e+02 -8.308390708208094111e+01 -7.681483265527637627e+01
2.508484005563282153e+02 -8.312861471691957149e+01 -7.687331323095710900e+01
2.513490959666202968e+02 -8.317255454470098641e+01 -7.693092928317489054e+01
2.518497913769123500e+02 -8.321573795218385783e+01 -7.698768728694992092e+01
2.523504867872044315e+02 -8.325817614952659085e+01 -7.704359374058546450e+01
2.528511821974965130e+02 -8.329988018699023655e+01 -7.709865515402631786e+01
2.533518776077885661e+02 -8.334086094887393870e+01 -7.715287805584372904e+01
2.538525730180806477e+02 -8.338112915011291193e+01 -7.720626897460894611e+01
2.543532684283727576e+02 -8.342069533401965487e+01 -7.725883444122152355e+01
2.548539638386647823e+02 -8.345956988018483003e+01 -7.731058097493948367e+01
2.553546592489568354e+02 -8.349776299702566007e+01 -7.736151509502084878e+01
2.558553546592489738e+02 -8.353528472570600627e+01 -7.741164329511227038e+01
2.563560500695410269e+02 -8.357214493505239261e+01 -7.746097205489056137e+01
2.568567454798330800e+02 -8.360835333024365923e+01 -7.750950782842116382e+01
2.573574408901251900e+02 -8.364391944956761904e+01 -7.755725704182984259e+01
2.578581363004172431e+02 -8.367885265658678406e+01 -7.760422608398945954e+01
2.583588317107092962e+02 -8.371316215724377230e+01 -7.765042131816150572e+01
2.588595271210013493e+02 -8.374685699031502395e+01 -7.769584905638473060e+01
2.593602225312934593e+02 -8.377994602476391606e+01 -7.774051557344498065e+01
2.598609179415855124e+02 -8.381243797488014025e+01 -7.778442709989028003e+01
2.603616133518775655e+02 -8.384434138995916896e+01 -7.782758981271760490e+01
2.608623087621696754e+02 -8.387566465509205216e+01 -7.787000984235780265e+01
2.613630041724617286e+02 -8.390641600178804538e+01 -7.791169325870575335e+01
2.618636995827537817e+02 -8.393660350155275296e+01 -7.795264608043359544e+01
2.623643949930458916e+02 -8.396623506992420971e+01 -7.799287426334919360e+01
2.628650904033379447e+02 -8.399531846877873420e+01 -7.803238370505275157e+01
2.633657858136299978e+02 -8.402386130421024291e+01 -7.807118023329528000e+01
2.638664812239220510e+02 -8.405187103763684320e+01 -7.810926961994843509e+01
2.643671766342141609e+02 -8.407935497383496681e+01 -7.814665756121391382e+01
2.648678720445062140e+02 -8.410632027387066501e+01 -7.818334969159329262e+01
2.653685674547982671e+02 -8.413277395118960555e+01 -7.821935156875403550e+01
2.658692628650904339e+02 -8.415872287811788510e+01 -7.825466868517102625e+01
2.663699582753824870e+02 -8.418417378135146123e+01 -7.828930645532088306e+01
2.668706536856744833e+02 -8.420913324630707564e+01 -7.832327022499518421e+01
2.673713490959666501e+02 -8.423360772465139235e+01 -7.835656525616647627e+01
2.678720445062587032e+02 -8.425760351902044931e+01 -7.838919674561472561e+01
2.683727399165507563e+02 -8.428112681636272896e+01 -7.842116980397256043e+01
2.688734353268428094e+02 -8.430418365442949380e+01 -7.845248947085926261e+01
2.693741307371349194e+02 -8.432677994287186607e+01 -7.848316070091092911e+01
2.698748261474269725e+02 -8.434892146557039894e+01 -7.851318837076539126e+01
2.703755215577190256e+02 -8.437061387794231848e+01 -7.854257728604713407e+01
2.708762169680111356e+02 -8.439186270425773273e+01 -7.857133215924838510e+01
2.713769123783031887e+02 -8.441267334767786679e+01 -7.859945762835556593e+01
2.718776077885952418e+02 -8.443305109203005543e+01 -7.862695824986437287e+01
2.723783031988873518e+02 -8.445300109332728766e+01 -7.865383849877977696e+01
2.728789986091794049e+02 -8.447252839482476361e+01 -7.868010276861602392e+01
2.733796940194714580e+02 -8.449163791957002445e+01 -7.870575536674002137e+01
2.738803894297635111e+02 -8.451033447484402927e+01 -7.873080052601287093e+01
2.743810848400556210e+02 -8.452862275354327437e+01 -7.875524239082002964e+01
2.748817802503476742e+02 -8.454650733803970297e+01 -7.877908502289207604e+01
2.753824756606397273e+02 -8.456399269945698904e+01 -7.880233240363301661e+01
2.758831710709318372e+02 -8.458108319530884955e+01 -7.882498843644859221e+01
2.763838664812238903e+02 -8.459778308539955560e+01 -7.884705693044813302e+01
2.768845618915159434e+02 -8.461409651363908324e+01 -7.886854162489177611e+01
2.773852573018079966e+02 -8.463002752190774913e+01 -7.888944616707155433e+01
2.778859527121001065e+02 -8.464558005442471256e+01 -7.890977412628123489e+01
2.783866481223921596e+02 -8.466075794577790248e+01 -7.892952899498047259e+01
2.788873435326842127e+02 -8.467556493367860071e+01 -7.894871417482497122e+01
2.793880389429763227e+02 -8.469000466280624551e+01 -7.896733298947216895e+01
2.798887343532683758e+02 -8.470408067035305066e+01 -7.898538868050670203e+01
2.803894297635604289e+02 -8.471779640580899695e+01 -7.900288441093286451e+01
2.808901251738525957e+02 -8.473115521885134171e+01 -7.901982326168214854e+01
2.813908205841446488e+02 -8.474416036692728937e+01 -7.903620822928493794e+01
2.818915159944367019e+02 -8.475681501712472254e+01 -7.905204223751204040e+01
2.823922114047287550e+02 -8.476912224071438118e+01 -7.906732812340484884e+01
2.828929068150208650e+02 -8.478108502823008052e+01 -7.908206864658856716e+01
2.833936022253129181e+02 -8.479270627428010698e+01 -7.909626648927221026e+01
2.838942976356049712e+02 -8.480398878568124132e+01 -7.910992424868160811e+01
2.843949930458970812e+02 -8.481493528600857701e+01 -7.912304445452170398e+01
2.848956884561891343e+02 -8.482554841179867822e+01 -7.913562954918594983e+01
2.853963838664811874e+02 -8.483583071914792129e+01 -7.914768189706953194e+01
2.858970792767732974e+02 -8.484578467437950167e+01 -7.915920379388259676e+01
2.863977746870653505e+02 -8.485541266665309479e+01 -7.917019744453133967e+01
2.868984700973574036e+02 -8.486471699974343608e+01 -7.918066499222183552e+01
2.873991655076494567e+02 -8.487369990406875786e+01 -7.919060849284866777e+01
2.878998609179415666e+02 -8.488236352557609621e+01 -7.920002993362138000e+01
2.884005563282336198e+02 -8.489070992616979083e+01 -7.920893122316917356e+01
2.889012517385257297e+02 -8.489874109857646545e+01 -7.921731419474232894e+01
2.894019471488177828e+02 -8.490645895963720591e+01 -7.922518060621220570e+01
2.899026425591098359e+02 -8.491386534334583303e+01 -7.923253214996654492e+01
2.904033379694019459e+02 -8.492096200961375985e+01 -7.923937042788017493e+01
2.909040333796939990e+02 -8.492775064599382517e+01 -7.924569699060518246e+01
2.914047287899860521e+02 -8.493423286349550949e+01 -7.925151329333309036e+01
2.919054242002781621e+02 -8.494041020618972482e+01 -7.925682074236098629e+01
2.924061196105702152e+02 -8.494628413384177179e+01 -7.926162064852539402e+01
2.929068150208622683e+02 -8.495185604633633147e+01 -7.926591427027594250e+01
2.934075104311543782e+02 -8.495712726247847968e+01 -7.926970278806399506e+01
2.939082058414464314e+02 -8.496209903781479511e+01 -7.927298730667095583e+01
2.944089012517384845e+02 -8.496677254820161806e+01 -7.927576886684980195e+01
2.949095966620305944e+02 -8.497114890742003013e+01 -7.927804844648923677e+01
2.954102920723226475e+02 -8.497522915763795481e+01 -7.927982694198723834e+01
2.959109874826147006e+02 -8.497901426827891669e+01 -7.928110518687751096e+01
2.964116828929068106e+02 -8.498250514817644330e+01 -7.928188394018795293e+01
2.969123783031988637e+02 -8.498570263065769836e+01 -7.928216391205202740e+01
2.974130737134909168e+02 -8.498860748105185792e+01 -7.928194572179924648e+01
2.979137691237830268e+02 -8.499122040116914434e+01 -7.928122993753638070e+01
2.984144645340750799e+02 -8.499354202357017130e+01 -7.928001705519270104e+01
2.989151599443671330e+02 -8.499557291377172419e+01 -7.927830750317659181e+01
2.994158553546592429e+02 -8.499731356852828412e+01 -7.927610165401708286e+01
2.999165507649512961e+02 -8.499876442326569759e+01 -7.927339980952089604e+01
3.004172461752433492e+02 -8.499992583852889538e+01 -7.927020220193659839e+01
3.009179415855354023e+02 -8.500079812220650410e+01 -7.926650900035744485e+01
3.014186369958275691e+02 -8.500138150122521097e+01 -7.926232032352706369e+01
3.019193324061196222e+02 -8.500167614623914858e+01 -7.925763621020811911e+01
3.024200278164116185e+02 -8.500168215720680109e+01 -7.925245665039616938e+01
3.029207232267037853e+02 -8.500139957083894160e+01 -7.924678156527440365e+01
3.034214186369958384e+02 -8.500082835872771625e+01 -7.924061081281612928e+01
3.039221140472878915e+02 -8.499996842584398848e+01 -7.923394419977191205e+01
3.044228094575799446e+02 -8.499881960826483862e+01 -7.922678145838651176e+01
3.049235048678720545e+02 -8.499738168372168445e+01 -7.921912227386562222e+01
3.054242002781641077e+02 -8.499565435671910052e+01 -7.921096626298455590e+01
3.059248956884561608e+02 -8.499363727095352772e+01 -7.920231298653013141e+01
3.064255910987482707e+02 -8.499132999763546081e+01 -7.919316194129712017e+01
3.069262865090403238e+02 -8.498873205156010613e+01 -7.918351258944673532e+01
3.074269819193323769e+02 -8.498584287624541389e+01 -7.917336430320935392e+01
3.079276773296244869e+02 -8.498266184667221523e+01 -7.916271641770796919e+01
3.084283727399165400e+02 -8.497918826914502688e+01 -7.915156820709304952e+01
3.089290681502085931e+02 -8.497542139503403291e+01 -7.913991888614324921e+01
3.094297635605006462e+02 -8.497136039718566280e+01 -7.912776762014252085e+01
3.099304589707927562e+02 -8.496700438714792369e+01 -7.911511352233353023e+01
3.104311543810848093e+02 -8.496235239706309983e+01 -7.910195563896556337e+01
3.109318497913768624e+02 -8.495740340831832782e+01 -7.908829297847111661e+01
3.114325452016689724e+02 -8.495215632585995991e+01 -7.907412448307147201e+01
3.119332406119610255e+02 -8.494660998326440904e+01 -7.905944905235080000e+01
3.124339360222530786e+02 -8.494076314409629447e+01 -7.904426552521178451e+01
3.129346314325451885e+02 -8.493461450901645549e+01 -7.902857269559169140e+01
3.134353268428372417e+02 -8.492816270553205982e+01 -7.901236931027958121e+01
3.139360222531292948e+02 -8.492140628940666147e+01 -7.899565405378231731e+01
3.144367176634213479e+02 -8.491434374295457133e+01 -7.897842557335386005e+01
3.149374130737134578e+02 -8.490697348279665846e+01 -7.896068246386127498e+01
3.154381084840055109e+02 -8.489929384972938919e+01 -7.894242326079071859e+01
3.159388038942975641e+02 -8.489130310832301518e+01 -7.892364648452164033e+01
3.164394993045897309e+02 -8.488299945989447792e+01 -7.890435056518433043e+01
3.169401947148817840e+02 -8.487438102219952896e+01 -7.888453392535117814e+01
3.174408901251737802e+02 -8.486544583869539338e+01 -7.886419490988734537e+01
3.179415855354659470e+02 -8.485619188726701623e+01 -7.884333184532258088e+01
3.184422809457580001e+02 -8.484661705750046679e+01 -7.882194300725493008e+01
3.189429763560500533e+02 -8.483671916565930360e+01 -7.880002661918658191e+01
3.194436717663421064e+02 -8.482649595737356663e+01 -7.877758087435174161e+01
3.199443671766342163e+02 -8.481594509024384365e+01 -7.875460390777695352e+01
3.204450625869262694e+02 -8.480506414837401508e+01 -7.873109383353400403e+01
3.209457579972183225e+02 -8.479385063070992601e+01 -7.870704871479935605e+01
3.214464534075104325e+02 -8.478230196574328659e+01 -7.868246657651431519e+01
3.219471488178024856e+02 -8.477041548747038746e+01 -7.865734539803631264e+01
3.224478442280945387e+02 -8.475818845641417454e+01 -7.863168314442552287e+01
3.229485396383865918e+02 -8.474561804298647871e+01 -7.860547772020615298e+01
3.234492350486787018e+02 -8.473270133862371267e+01 -7.857872699585092846e+01
3.239499304589707549e+02 -8.471943533831968409e+01 -7.855142882233300838e+01
3.244506258692628649e+02 -8.470581696652286041e+01 -7.852358100144007835e+01
3.249513212795549180e+02 -8.469184304961734711e+01 -7.849518131138572130e+01
3.254520166898469711e+02 -8.467751032940924460e+01 -7.846622749516788531e+01
3.259527121001390810e+02 -8.466281545254588536e+01 -7.843671725416604090e+01
3.264534075104311910e+02 -8.464775497379589808e+01 -7.840664826676763255e+01
3.269541029207232441e+02 -8.463232537219305129e+01 -7.837601818487561900e+01
3.274547983310152972e+02 -8.461652301004431820e+01 -7.834482464351273734e+01
3.279554937413073503e+02 -8.460034417014199448e+01 -7.831306520843460817e+01
3.284561891515994603e+02 -8.458378503544739146e+01 -7.828073745354592461e+01
3.289568845618915134e+02 -8.456684169688068664e+01 -7.824783892131924290e+01
3.294575799721835665e+02 -8.454951014047890112e+01 -7.821436711217208426e+01
3.299582753824756765e+02 -8.453178625413943337e+01 -7.818031952737689494e+01
3.304589707927677296e+02 -8.451366582509670877e+01 -7.814569361994833230e+01
3.309596662030597827e+02 -8.449514454669775887e+01 -7.811048683789883285e+01
3.314603616133518926e+02 -8.447621800143426185e+01 -7.807469659564409881e+01
3.319610570236439457e+02 -8.445688166247509798e+01 -7.803832029071961074e+01
3.324617524339359989e+02 -8.443713091262289083e+01 -7.800135528748248248e+01
3.329624478442280520e+02 -8.441696101166738231e+01 -7.796379896571485801e+01
3.334631432545201619e+02 -8.439636711570449279e+01 -7.792564864728225871e+01
3.339638386648122150e+02 -8.437534428253690066e+01 -7.788690166074408694e+01
3.344645340751042681e+02 -8.435388743937191691e+01 -7.784755530526487632e+01
3.349652294853963781e+02 -8.433199141582156244e+01 -7.780760686662139847e+01
3.354659248956884312e+02 -8.430965091733915528e+01 -7.776705361720266296e+01
3.359666203059804843e+02 -8.428686054073483547e+01 -7.772589281011639173e+01
3.364673157162726511e+02 -8.426361476622341229e+01 -7.768412169810650880e+01
3.369680111265647042e+02 -8.423990795182223223e+01 -7.764173750110236938e+01
3.374687065368567005e+02 -8.421573433356365967e+01 -7.759873742513624961e+01
3.379694019471487536e+02 -8.419108803653949735e+01 -7.755511868569917056e+01
3.384700973574409204e+02 -8.416596305275574252e+01 -7.751087846059269282e+01
3.389707927677329735e+02 -8.414035325304911339e+01 -7.746601394668138596e+01
3.394714881780250266e+02 -8.411425238582805264e+01 -7.742052231274462315e+01
3.399721835883171366e+02 -8.408765407507107170e+01 -7.737440069030887457e+01
3.404728789986091897e+02 -8.406055180966885132e+01 -7.732764625135493475e+01
3.409735744089012428e+02 -8.403293895398061863e+01 -7.728025613497626978e+01
3.414742698191932959e+02 -8.400480873853180697e+01 -7.723222745374548026e+01
3.419749652294854059e+02 -8.397615426549276663e+01 -7.718355733693348952e+01
3.424756606397774590e+02 -8.394696850110143771e+01 -7.713424288459825107e+01
3.429763560500695121e+02 -8.391724428361325749e+01 -7.708428122346012401e+01
3.434770514603616220e+02 -8.388697429975792375e+01 -7.703366941549069224e+01
3.439777468706536752e+02 -8.385615112021338291e+01 -7.698240456762908934e+01
3.444784422809457283e+02 -8.382476716024523000e+01 -7.693048374478570395e+01
3.449791376912378382e+02 -8.379281470730478532e+01 -7.687790400332636409e+01
3.454798331015298913e+02 -8.376028590290221132e+01 -7.682466241515106731e+01
3.459805285118219444e+02 -8.372717274826794664e+01 -7.677075602098233276e+01
3.464812239221139976e+02 -8.369346710597717731e+01 -7.671618185455776029e+01
3.469819193324061075e+02 -8.365916070288255924e+01 -7.666093694530394487e+01
3.474826147426981606e+02 -8.362424509554881524e+01 -7.660501829832759313e+01
3.479833101529902137e+02 -8.358871172828284557e+01 -7.654842293950486010e+01
3.484840055632823237e+02 -8.355255188420271395e+01 -7.649114783571411635e+01
3.489847009735743768e+02 -8.351575669833424342e+01 -7.643318999276806380e+01
3.494853963838664299e+02 -8.347831717724807277e+01 -7.637454634134036269e+01
3.499860917941585399e+02 -8.344022415368530687e+01 -7.631521386631860082e+01
3.504867872044505930e+02 -8.340146834891820049e+01 -7.625518948377205675e+01
3.509874826147426461e+02 -8.336204030619660443e+01 -7.619447012038065736e+01
3.514881780250346992e+02 -8.332193043814469036e+01 -7.613305267484022920e+01
3.519888734353268660e+02 -8.328112901918626676e+01 -7.607093402489184086e+01
3.524895688456189191e+02 -8.323962615957196931e+01 -7.600811105293317382e+01
3.529902642559109154e+02 -8.319741183456761746e+01 -7.594458059639649150e+01
3.534909596662030822e+02 -8.315447587640227312e+01 -7.588033947656143141e+01
3.539916550764951353e+02 -8.311080796854020036e+01 -7.581538448166000421e+01
3.544923504867871884e+02 -8.306639765261931529e+01 -7.574971239080085184e+01
3.549930458970792415e+02 -8.302123432791648838e+01 -7.568331996675013329e+01
3.554937413073713515e+02 -8.297530725765207649e+01 -7.561620391466320257e+01
3.559944367176634046e+02 -8.292860556340971812e+01 -7.554836091786754082e+01
3.564951321279554577e+02 -8.288111822550084185e+01 -7.547978764717598210e+01
3.569958275382475676e+02 -8.283283410378788858e+01 -7.541048074458856831e+01
3.574965229485396208e+02 -8.278374189656071280e+01 -7.534043678516653131e+01
3.579972183588316739e+02 -8.273383019794917459e+01 -7.526965232418049823e+01
3.584979137691237838e+02 -8.268308746836409284e+01 -7.519812390060295115e+01
3.589986091794158369e+02 -8.263150201906083225e+01 -7.512584800493030457e+01
3.594993045897078900e+02 -8.257906207825848810e+01 -7.505282106437599055e+01
3.600000000000000000e+02 -8.252575572006102789e+01 -7.497903950606351486e+01
