# lons lats(polar edge) lats(equatorward edge)
0.000000000000000000e+00 6.478825498698279262e+01 5.915918368834536523e+01
5.006954102920723182e-01 6.481262403633445501e+01 5.917341434850823134e+01
1.001390820584144636e+00 6.483791083656251431e+01 5.918861618661321700e+01
1.502086230876216844e+00 6.486412824453873327e+01 5.920480627031065524e+01
2.002781641168289273e+00 6.489128878371411702e+01 5.922200147400144488e+01
2.503477051460361480e+00 6.491940464622894069e+01 5.924021848815027624e+01
3.004172461752433687e+00 6.494848765231290599e+01 5.925947376166004688e+01
3.504867872044505894e+00 6.497854924792045495e+01 5.927978351351339370e+01
4.005563282336578546e+00 6.500960045758256456e+01 5.930116368329618126e+01
4.506258692628650309e+00 6.504165188557090005e+01 5.932362994051072747e+01
5.006954102920722960e+00 6.507471368395636091e+01 5.934719760774169117e+01
5.507649513212795611e+00 6.510879552670667181e+01 5.937188170722220093e+01
6.008344923504867374e+00 6.514390659746277379e+01 5.939769686537329108e+01
6.509040333796940025e+00 6.518005555490526604e+01 5.942465733776043635e+01
7.009735744089011789e+00 6.521725052962574409e+01 5.945277695117692929e+01
7.510431154381083552e+00 6.525549907319509657e+01 5.948206908570864471e+01
8.011126564673157091e+00 6.529480816878640326e+01 5.951254667284229072e+01
8.511821974965229742e+00 6.533518417820596369e+01 5.954422210728080245e+01
9.012517385257300617e+00 6.537663286168390187e+01 5.957710727502853842e+01
9.513212795549373268e+00 6.541915930247705546e+01 5.961121350558823906e+01
1.001390820584144592e+01 6.546276793255310622e+01 5.964655153718194924e+01
1.051460361613352035e+01 6.550746249872099725e+01 5.968313149143068586e+01
1.101529902642559122e+01 6.555324602777909604e+01 5.972096283857536037e+01
1.151599443671766032e+01 6.560012083406400052e+01 5.976005437219168925e+01
1.201668984700973475e+01 6.564808848452594248e+01 5.980041419871736252e+01
1.251738525730180740e+01 6.569714978766933200e+01 5.984204967074288106e+01
1.301808066759388005e+01 6.574730477725461242e+01 5.988496738112257844e+01
1.351877607788595093e+01 6.579855269512700033e+01 5.992917314351029745e+01
1.401947148817802358e+01 6.585089199005233240e+01 5.997467193931765905e+01
1.452016689847009623e+01 6.590432027813585592e+01 6.002146792785492835e+01
1.502086230876216710e+01 6.595883437192605925e+01 6.006956436444011160e+01
1.552155771905424153e+01 6.601443023064712179e+01 6.011896363232222029e+01
1.602225312934631418e+01 6.607110297416875255e+01 6.016966718487378785e+01
1.652294853963838506e+01 6.612884688300619018e+01 6.022167553432223031e+01
1.702364394993045948e+01 6.618765536339560640e+01 6.027498823828932473e+01
1.752433936022252681e+01 6.624752097872624290e+01 6.032960384856846758e+01
1.802503477051460123e+01 6.630843542727598106e+01 6.038551993440773913e+01
1.852573018080667566e+01 6.637038954453964834e+01 6.044273303798104280e+01
1.902642559109874654e+01 6.643337330701251631e+01 6.050123867366050945e+01
1.952712100139081741e+01 6.649737584557806258e+01 6.056103130302358295e+01
2.002781641168289184e+01 6.656238542557184701e+01 6.062210432568531360e+01
2.052851182197496627e+01 6.662838947646741872e+01 6.068445009203128393e+01
2.102920723226704069e+01 6.669537460584615474e+01 6.074805986654678236e+01
2.152990264255910802e+01 6.676332657611419563e+01 6.081292384822586428e+01
2.203059805285118244e+01 6.683223036038179998e+01 6.087903115019867073e+01
2.253129346314325332e+01 6.690207011918028002e+01 6.094636982301449279e+01
2.303198887343532064e+01 6.697282924935643678e+01 6.101492683397805195e+01
2.353268428372739507e+01 6.704449037243102794e+01 6.108468808694010477e+01
2.403337969401946950e+01 6.711703538116489653e+01 6.115563842928236227e+01
2.453407510431154037e+01 6.719044543490235810e+01 6.122776167927509050e+01
2.503477051460361480e+01 6.726470100730148260e+01 6.130104059584550669e+01
2.553546592489568567e+01 6.733978189099070732e+01 6.137545694420691689e+01
2.603616133518776010e+01 6.741566724180665915e+01 6.145099149494978974e+01
2.653685674547983453e+01 6.749233558345076744e+01 6.152762403673830249e+01
2.703755215577190185e+01 6.756976486453277175e+01 6.160533341599500545e+01
2.753824756606397628e+01 6.764793245507826214e+01 6.168409756259632104e+01
2.803894297635604715e+01 6.772681521404956584e+01 6.176389350430679315e+01
2.853963838664812158e+01 6.780638948701744084e+01 6.184469742109638446e+01
2.904033379694019246e+01 6.788663116669704323e+01 6.192648465241643407e+01
2.954102920723226333e+01 6.796751570924607222e+01 6.200922975657147163e+01
3.004172461752433421e+01 6.804901816918936674e+01 6.209290653254709014e+01
3.054242002781640863e+01 6.813111325180580025e+01 6.217748807530722388e+01
3.104311543810848306e+01 6.821377532476981287e+01 6.226294678656256565e+01
3.154381084840055394e+01 6.829697847053830628e+01 6.234925446120894321e+01
3.204450625869262836e+01 6.838069651079786127e+01 6.243638228237966814e+01
3.254520166898469569e+01 6.846490305186671321e+01 6.252430090992118039e+01
3.304589707927677011e+01 6.854957151961934869e+01 6.261298049145250388e+01
3.354659248956884454e+01 6.863467518160541658e+01 6.270239073454274603e+01
3.404728789986091897e+01 6.872018720525738900e+01 6.279250093174039193e+01
3.454798331015298629e+01 6.880608067186039989e+01 6.288328002809419104e+01
3.504867872044505361e+01 6.889232862195422058e+01 6.297469664268999168e+01
3.554937413073713515e+01 6.897890408909370308e+01 6.306671915246977278e+01
3.605006954102920247e+01 6.906578013128091698e+01 6.315931570154486963e+01
3.655076495132127690e+01 6.915292985890482669e+01 6.325245427686593302e+01
3.705146036161335132e+01 6.924032648014326696e+01 6.334610273383430012e+01
3.755215577190541865e+01 6.932794331376862829e+01 6.344022885509173193e+01
3.805285118219749307e+01 6.941575383571398561e+01 6.353480040174315491e+01
3.855354659248956750e+01 6.950373169653539662e+01 6.362978512732649961e+01
3.905424200278163482e+01 6.959185075633649831e+01 6.372515086396003881e+01
3.955493741307371636e+01 6.968008510455911164e+01 6.382086552525277057e+01
4.005563282336578368e+01 6.976840909257953172e+01 6.391689716684038558e+01
4.055632823365785811e+01 6.985679735815574531e+01 6.401321403062308946e+01
4.105702364394993253e+01 6.994522483706896310e+01 6.410978456572036066e+01
4.155771905424199986e+01 7.003366680270482902e+01 6.420657747503707924e+01
4.205841446453408139e+01 7.012209887071003322e+01 6.430356175018812337e+01
4.255910987482614871e+01 7.021049702693198924e+01 6.440070670409465947e+01
4.305980528511821603e+01 7.029883764371697907e+01 6.449798199193890014e+01
4.356050069541029046e+01 7.038709749620829825e+01 6.459535766238684573e+01
4.406119610570236489e+01 7.047525377864440088e+01 6.469280416457320371e+01
4.456189151599443221e+01 7.056328411367212539e+01 6.479029238069767871e+01
4.506258692628650664e+01 7.065116657330145244e+01 6.488779365396464982e+01
4.556328233657857396e+01 7.073887968589042430e+01 6.498527981186623492e+01
4.606397774687064128e+01 7.082640244545837049e+01 6.508272317316721001e+01
4.656467315716272282e+01 7.091371432216328685e+01 6.518009658748621860e+01
4.706536856745479014e+01 7.100079526928675477e+01 6.527737343296746531e+01
4.756606397774686457e+01 7.108762573720377986e+01 6.537452764422039309e+01
4.806675938803893899e+01 7.117418666639787261e+01 6.547153371464798965e+01
4.856745479833100632e+01 7.126045950026673381e+01 6.556836672438646474e+01
4.906815020862308074e+01 7.134642619210717385e+01 6.566500233099202433e+01
4.956884561891514807e+01 7.143206919463773374e+01 6.576141679272393503e+01
5.006954102920722960e+01 7.151737147862513666e+01 6.585758697203698375e+01
5.057023643949929692e+01 7.160231651891444926e+01 6.595349033325317123e+01
5.107093184979137135e+01 7.168688830374230747e+01 6.604910496118816354e+01
5.157162726008345288e+01 7.177107132891615038e+01 6.614440954718145349e+01
5.207232267037552020e+01 7.185485060247083311e+01 6.623938340655865886e+01
5.257301808066758753e+01 7.193821162837048178e+01 6.633400646466168382e+01
5.307371349095966906e+01 7.202114042280663853e+01 6.642825927314686396e+01
5.357440890125173638e+01 7.210362348858689074e+01 6.652212298670190194e+01
5.407510431154380370e+01 7.218564783376132254e+01 6.661557937701570609e+01
5.457579972183587813e+01 7.226720095066775684e+01 6.670861082579347112e+01
5.507649513212795256e+01 7.234827080894683604e+01 6.680120031078683951e+01
5.557719054242002699e+01 7.242884586485524778e+01 6.689333140928636112e+01
5.607788595271209431e+01 7.250891504031096702e+01 6.698498829113657393e+01
5.657858136300416163e+01 7.258846772056494956e+01 6.707615570942277827e+01
5.707927677329624316e+01 7.266749375187282567e+01 6.716681898882950463e+01
5.757997218358831759e+01 7.274598342286844854e+01 6.725696402447636046e+01
5.808066759388038491e+01 7.282392746689220075e+01 6.734657727260480442e+01
5.858136300417245934e+01 7.290131705267776852e+01 6.743564573195169487e+01
5.908205841446452666e+01 7.297814376805399661e+01 6.752415694258513668e+01
5.958275382475660109e+01 7.305439962227319484e+01 6.761209897891956189e+01
6.008344923504866841e+01 7.313007702971299295e+01 6.769946043108927825e+01
6.058414464534074995e+01 7.320516879707065527e+01 6.778623039094225078e+01
6.108484005563281727e+01 7.327966812801969354e+01 6.787239846033469348e+01
6.158553546592489170e+01 7.335356860458341544e+01 6.795795470551081507e+01
6.208623087621696612e+01 7.342686417549339239e+01 6.804288968984462826e+01
6.258692628650903345e+01 7.349954915036869352e+01 6.812719442490913480e+01
6.308762169680110787e+01 7.357161819738757913e+01 6.821086037949851288e+01
6.358831710709318941e+01 7.364306632000443642e+01 6.829387946100166573e+01
6.408901251738525673e+01 7.371388885462147300e+01 6.837624399735784664e+01
6.458970792767732405e+01 7.378408146826041047e+01 6.845794673702027922e+01
6.509040333796939137e+01 7.385364013062280719e+01 6.853898083679848696e+01
6.559109874826147291e+01 7.392256113038820331e+01 6.861933984187669466e+01
6.609179415855354023e+01 7.399084103796121781e+01 6.869901767325825404e+01
6.659248956884562176e+01 7.405847671885931049e+01 6.877800862819310623e+01
6.709318497913768908e+01 7.412546531042971765e+01 6.885630736059863466e+01
6.759388038942975641e+01 7.419180422068529879e+01 6.893390886417944330e+01
6.809457579972183794e+01 7.425749111899131094e+01 6.901080846689762893e+01
6.859527121001390526e+01 7.432252392442387645e+01 6.908700183868529621e+01
6.909596662030597258e+01 7.438690078714353149e+01 6.916248493734781277e+01
6.959666203059803991e+01 7.445062011051413720e+01 6.923725403752212060e+01
7.009735744089010723e+01 7.451368050191740622e+01 6.931130570848506522e+01
7.059805285118218876e+01 7.457608080011050333e+01 6.938463678373989296e+01
7.109874826147427029e+01 7.463782004088352551e+01 6.945724438899230790e+01
7.159944367176633762e+01 7.469889746986518730e+01 6.952912589180084524e+01
7.210013908205840494e+01 7.475931251662041177e+01 6.960027892136747596e+01
7.260083449235048647e+01 7.481906480367251788e+01 6.967070134845596385e+01
7.310152990264255379e+01 7.487815412205600296e+01 6.974039127142202688e+01
7.360222531293462112e+01 7.493658043888353859e+01 6.980934700573595819e+01
7.410292072322670265e+01 7.499434388221197878e+01 6.987756710188148190e+01
7.460361613351876997e+01 7.505144472910978948e+01 6.994505028845776451e+01
7.510431154381083729e+01 7.510788341497027432e+01 7.001179551263373924e+01
7.560500695410290461e+01 7.516366051022851025e+01 7.007780189183574748e+01
7.610570236439498615e+01 7.521877671963375178e+01 7.014306874234205225e+01
7.660639777468706768e+01 7.527323288399566081e+01 7.020759553206187320e+01
7.710709318497913500e+01 7.532702995486397413e+01 7.027138190832954479e+01
7.760778859527120233e+01 7.538016901373703149e+01 7.033442766428959203e+01
7.810848400556326965e+01 7.543265123873788980e+01 7.039673275337588620e+01
7.860917941585533697e+01 7.548447792440492776e+01 7.045829726173576546e+01
7.910987482614743271e+01 7.553565045491632191e+01 7.051912141637910736e+01
7.961057023643950004e+01 7.558617031107496587e+01 7.057920557120849026e+01
8.011126564673156736e+01 7.563603906565185753e+01 7.063855020934749973e+01
8.061196105702363468e+01 7.568525837058041361e+01 7.069715591345482153e+01
8.111265646731571621e+01 7.573382995229985681e+01 7.075502338551484627e+01
8.161335187760779775e+01 7.578175561350121825e+01 7.081215344407280554e+01
8.211404728789986507e+01 7.582903723079994052e+01 7.086854698028798794e+01
8.261474269819193239e+01 7.587567673377975552e+01 7.092420499140314405e+01
8.311543810848399971e+01 7.592167612012758582e+01 7.097912857143126075e+01
8.361613351877606704e+01 7.596703743409648268e+01 7.103331887928686683e+01
8.411682892906816278e+01 7.601176277814715831e+01 7.108677715595729296e+01
8.461752433936023010e+01 7.605585430363476007e+01 7.113950471809982901e+01
8.511821974965229742e+01 7.609931419451072543e+01 7.119150295222095792e+01
8.561891515994436475e+01 7.614214467750912263e+01 7.124277329372159784e+01
8.611961057023643207e+01 7.618434801865419104e+01 7.129331725483677928e+01
8.662030598052849939e+01 7.622592651569334521e+01 7.134313638592755069e+01
8.712100139082058092e+01 7.626688248994810237e+01 7.139223229556262140e+01
8.762169680111264825e+01 7.630721828951550378e+01 7.144060663363814001e+01
8.812239221140472978e+01 7.634693628693980827e+01 7.148826110385596166e+01
8.862308762169679710e+01 7.638603886815303667e+01 7.153519742705282169e+01
8.912378303198886442e+01 7.642452844411650403e+01 7.158141738318261105e+01
8.962447844228094596e+01 7.646240742870190843e+01 7.162692276344057518e+01
9.012517385257301328e+01 7.649967825520775477e+01 7.167171539190928797e+01
9.062586926286508060e+01 7.653634335365836705e+01 7.171579712337586443e+01
9.112656467315714792e+01 7.657240516957585896e+01 7.175916984013053934e+01
9.162726008344921524e+01 7.660786614273433770e+01 7.180183541781542544e+01
9.212795549374128257e+01 7.664272872018386806e+01 7.184379577457247024e+01
9.262865090403337831e+01 7.667699533966128911e+01 7.188505282446084266e+01
9.312934631432544563e+01 7.671066844356005276e+01 7.192560850462194821e+01
9.363004172461751295e+01 7.674375045564715947e+01 7.196546475047961167e+01
9.413073713490958028e+01 7.677624380203610599e+01 7.200462349917523852e+01
9.463143254520164760e+01 7.680815088957729131e+01 7.204308670706831208e+01
9.513212795549372913e+01 7.683947411979147546e+01 7.208085630548902145e+01
9.563282336578581067e+01 7.687021587671893030e+01 7.211793425487138620e+01
9.613351877607787799e+01 7.690037852431828469e+01 7.215432248654559544e+01
9.663421418636994531e+01 7.692996442130947798e+01 7.219002294151886190e+01
9.713490959666201263e+01 7.695897588784987420e+01 7.222503753875224675e+01
9.763560500695409416e+01 7.698741524293268412e+01 7.225936819640645581e+01
9.813630041724616149e+01 7.701528476480575591e+01 7.229301681990926909e+01
9.863699582753822881e+01 7.704258672822447807e+01 7.232598530406556847e+01
9.913769123783029613e+01 7.706932335788565069e+01 7.235827552156132469e+01
9.963838664812239188e+01 7.709549687732192069e+01 7.238988932689261446e+01
1.001390820584144592e+02 7.712110946349980622e+01 7.242082857179065059e+01
1.006397774687065265e+02 7.714616327825183362e+01 7.245109507044270458e+01
1.011404728789985938e+02 7.717066043684440046e+01 7.248069061593577089e+01
1.016411682892906754e+02 7.719460303882783592e+01 7.250961699917405667e+01
1.021418636995827427e+02 7.721799314242502987e+01 7.253787596231285306e+01
1.026425591098748242e+02 7.724083277617296517e+01 7.256546923262840210e+01
1.031432545201669058e+02 7.726312393426610470e+01 7.259239851800566612e+01
1.036439499304589731e+02 7.728486857029906787e+01 7.261866548001898991e+01
1.041446453407510404e+02 7.730606861065439261e+01 7.264427177162042426e+01
1.046453407510431077e+02 7.732672594140581168e+01 7.266921900464376449e+01
1.051460361613351751e+02 7.734684240249748655e+01 7.269350876119142413e+01
1.056467315716272708e+02 7.736641980418767162e+01 7.271714259656300783e+01
1.061474269819193381e+02 7.738545992122794814e+01 7.274012202350286316e+01
1.066481223922114054e+02 7.740396447303623972e+01 7.276244852645186256e+01
1.071488178025034728e+02 7.742193515934900461e+01 7.278412355878253948e+01
1.076495132127955401e+02 7.743937361576513467e+01 7.280514853610520731e+01
1.081502086230876074e+02 7.745628145143541587e+01 7.282552483095651041e+01
1.086509040333796889e+02 7.747266023069073526e+01 7.284525378793341588e+01
1.091515994436717563e+02 7.748851147129585115e+01 7.286433670623091530e+01
1.096522948539638236e+02 7.750383664968808262e+01 7.288277485361186336e+01
1.101529902642559051e+02 7.751863719079096882e+01 7.290056946000413518e+01
1.106536856745479724e+02 7.753291449158837167e+01 7.291772170702324729e+01
1.111543810848400540e+02 7.754666988863732513e+01 7.293423274077804308e+01
1.116550764951321213e+02 7.755990467625792917e+01 7.295010366645465183e+01
1.121557719054241886e+02 7.757262011009856906e+01 7.296533555193627762e+01
1.126564673157162559e+02 7.758481739272951927e+01 7.297992941557049562e+01
1.131571627260083233e+02 7.759649767957284894e+01 7.299388623779259433e+01
1.136578581363004190e+02 7.760766208123072829e+01 7.300720696065718585e+01
1.141585535465924863e+02 7.761831166583192498e+01 7.301989247284973317e+01
1.146592489568845536e+02 7.762844744498920591e+01 7.303194362864041977e+01
1.151599443671766352e+02 7.763807039137077481e+01 7.304336124759311133e+01
1.156606397774686883e+02 7.764718142232936771e+01 7.305414607010925465e+01
1.161613351877607698e+02 7.765578140690536202e+01 7.306429882727707081e+01
1.166620305980528229e+02 7.766387117543104068e+01 7.307382020245449894e+01
1.171627260083449187e+02 7.767145149857583419e+01 7.308271081613520437e+01
1.176634214186370002e+02 7.767852310189823584e+01 7.309097125359721758e+01
1.181641168289290533e+02 7.768508666293541864e+01 7.309860205733593830e+01
1.186648122392211349e+02 7.769114281033012048e+01 7.310560371716883310e+01
1.191655076495132022e+02 7.769669211917403118e+01 7.311197669235434660e+01
1.196662030598052695e+02 7.770173512497763113e+01 7.311772137870457300e+01
1.201668984700973368e+02 7.770627229864089713e+01 7.312283814205466115e+01
1.206675938803894041e+02 7.771030407206467316e+01 7.312732728392029458e+01
1.211682892906814999e+02 7.771383082650913821e+01 7.313118907816851788e+01
1.216689847009735672e+02 7.771685289026549981e+01 7.313442374540636592e+01
1.221696801112656345e+02 7.771937054156637714e+01 7.313703145792851501e+01
1.226703755215577019e+02 7.772138401486131443e+01 7.313901234903050863e+01
1.231710709318497834e+02 7.772289348386379970e+01 7.314036650165826359e+01
1.236717663421418507e+02 7.772389908141462911e+01 7.314109394840806999e+01
1.241724617524339322e+02 7.772440088733105767e+01 7.314119469422757902e+01
1.246731571627260138e+02 7.772439892689703811e+01 7.314066866810344436e+01
1.251738525730180669e+02 7.772389318148611892e+01 7.313951579320155361e+01
1.256745479833101484e+02 7.772288358357741345e+01 7.313773591468952873e+01
1.261752433936022157e+02 7.772137001151691038e+01 7.313532884979531445e+01
1.266759388038942831e+02 7.771935229359201003e+01 7.313229436103165426e+01
1.271766342141863788e+02 7.771683021035983074e+01 7.312863218180746117e+01
1.276773296244784177e+02 7.771380348882644284e+01 7.312434198208529779e+01
1.281780250347705135e+02 7.771027181583463062e+01 7.311942340679843255e+01
1.286787204450625950e+02 7.770623481536290456e+01 7.311387603947105163e+01
1.291794158553546481e+02 7.770169207530102540e+01 7.310769943947116190e+01
1.296801112656467296e+02 7.769664312300278652e+01 7.310089310970533916e+01
1.301808066759387827e+02 7.769108744605887296e+01 7.309345651553621792e+01
1.306815020862308643e+02 7.768502448021877171e+01 7.308538908274522328e+01
1.311821974965229458e+02 7.767845360364276530e+01 7.307669019462218785e+01
1.316828929068149989e+02 7.767137416207674505e+01 7.306735919051016026e+01
1.321835883171070805e+02 7.766378544073063495e+01 7.305739537308136278e+01
1.326842837273991336e+02 7.765568668057653667e+01 7.304679801168413178e+01
1.331849791376912435e+02 7.764707708300534250e+01 7.303556632429854290e+01
1.336856745479833251e+02 7.763795578421536447e+01 7.302369949820013062e+01
1.341863699582753782e+02 7.762832188955485435e+01 7.301119668006458596e+01
1.346870653685674597e+02 7.761817444936582433e+01 7.299805698979207591e+01
1.351877607788595128e+02 7.760751247295388566e+01 7.298427949722417907e+01
1.356884561891515943e+02 7.759633491549152495e+01 7.296986324309864358e+01
1.361891515994436759e+02 7.758464069373417260e+01 7.295480723672108070e+01
1.366898470097357290e+02 7.757242868223670484e+01 7.293911045440063390e+01
1.371905424200278105e+02 7.755969769821945192e+01 7.292277183639407667e+01
1.376912378303198636e+02 7.754644652863476040e+01 7.290579029148966583e+01
1.381919332406119452e+02 7.753267390222731592e+01 7.288816470035408202e+01
1.386926286509039983e+02 7.751837852038420351e+01 7.286989392095301810e+01
1.391933240611960798e+02 7.750355903094146015e+01 7.285097677152543838e+01
1.396940194714881613e+02 7.748821404098976018e+01 7.283141204986031880e+01
1.401947148817802145e+02 7.747234211803856851e+01 7.281119852807614734e+01
1.406954102920723244e+02 7.745594179059821727e+01 7.279033495011981358e+01
1.411961057023643775e+02 7.743901154526952268e+01 7.276882004822846284e+01
1.416968011126564591e+02 7.742154982441547872e+01 7.274665251727719806e+01
1.421974965229485406e+02 7.740355503954901906e+01 7.272383104926711894e+01
1.426981919332405937e+02 7.738502555809077421e+01 7.270035430705911494e+01
1.431988873435326752e+02 7.736595971559268037e+01 7.267622093586987830e+01
1.436995827538247283e+02 7.734635580846202174e+01 7.265142957131183721e+01
1.442002781641168099e+02 7.732621209745389024e+01 7.262597883386342801e+01
1.447009735744088914e+02 7.730552680839878121e+01 7.259986733818232096e+01
1.452016689847009729e+02 7.728429813918751279e+01 7.257309367680727519e+01
1.457023643949930261e+02 7.726252424580138722e+01 7.254565645042612232e+01
1.462030598052851076e+02 7.724020326093864242e+01 7.251755423644362963e+01
1.467037552155771891e+02 7.721733328470122615e+01 7.248878562157779015e+01
1.472044506258692422e+02 7.719391239012452388e+01 7.245934919720320977e+01
1.477051460361613238e+02 7.716993861968489909e+01 7.242924353839634932e+01
1.482058414464534053e+02 7.714540998588176990e+01 7.239846722954689540e+01
1.487065368567454584e+02 7.712032448637160087e+01 7.236701887367098607e+01
1.492072322670375399e+02 7.709468009087117935e+01 7.233489706447153367e+01
1.497079276773296215e+02 7.706847474115761543e+01 7.230210042126282133e+01
1.502086230876216746e+02 7.704170636503818059e+01 7.226862756568743862e+01
1.507093184979137845e+02 7.701437287169369483e+01 7.223447714267103947e+01
1.512100139082058092e+02 7.698647214935022021e+01 7.219964781576572932e+01
1.517107093184979192e+02 7.695800206993567372e+01 7.216413827413498439e+01
1.522114047287899723e+02 7.692896049839305306e+01 7.212794722324042596e+01
1.527121001390820538e+02 7.689934527871059800e+01 7.209107340579657830e+01
1.532127955493741354e+02 7.686915425487654829e+01 7.205351560177086867e+01
1.537134909596661885e+02 7.683838525458099866e+01 7.201527260742886938e+01
1.542141863699582700e+02 7.680703610726027364e+01 7.197634327724381365e+01
1.547148817802503231e+02 7.677510463012708897e+01 7.193672650061353124e+01
1.552155771905424047e+02 7.674258864854323292e+01 7.189642121583028711e+01
1.557162726008344862e+02 7.670948598088557446e+01 7.185542640775247492e+01
1.562169680111265393e+02 7.667579445542628491e+01 7.181374112410276211e+01
1.567176634214186208e+02 7.664151190334791863e+01 7.177136446149825133e+01
1.572183588317106739e+02 7.660663616863871539e+01 7.172829558291277863e+01
1.577190542420027555e+02 7.657116510052560443e+01 7.168453371767691351e+01
1.582197496522948654e+02 7.653509656977234954e+01 7.164007817428364433e+01
1.587204450625868901e+02 7.649842845820217008e+01 7.159492832641853965e+01
1.592211404728790001e+02 7.646115867616003925e+01 7.154908363275035299e+01
1.597218358831710532e+02 7.642328514912492210e+01 7.150254364042348243e+01
1.602225312934631347e+02 7.638480583517207378e+01 7.145530798622212387e+01
1.607232267037552162e+02 7.634571872264473313e+01 7.140737639653389124e+01
1.612239221140472694e+02 7.630602183131827587e+01 7.135874870612178711e+01
1.617246175243393509e+02 7.626571322171344036e+01 7.130942485208515791e+01
1.622253129346314324e+02 7.622479099393217439e+01 7.125940488797505168e+01
1.627260083449234855e+02 7.618325329231424803e+01 7.120868897444461254e+01
1.632267037552155955e+02 7.614109831475047940e+01 7.115727740486045150e+01
1.637273991655076486e+02 7.609832430802612180e+01 7.110517059598942069e+01
1.642280945757997301e+02 7.605492957946239585e+01 7.105236909265522627e+01
1.647287899860917832e+02 7.601091249458818311e+01 7.099887359800641207e+01
1.652294853963838648e+02 7.596627149110986466e+01 7.094468494557668237e+01
1.657301808066759463e+02 7.592100507425470823e+01 7.088980412606042592e+01
1.662308762169679994e+02 7.587511182375578755e+01 7.083423228964102236e+01
1.667315716272600810e+02 7.582859040432936126e+01 7.077797075064745513e+01
1.672322670375521341e+02 7.578143956451071972e+01 7.072102099686753718e+01
1.677329624478442156e+02 7.573365814247495109e+01 7.066338469071206418e+01
1.682336578581363256e+02 7.568524507535016710e+01 7.060506368551295964e+01
1.687343532684283502e+02 7.563619939921750301e+01 7.054606001853835551e+01
1.692350486787204602e+02 7.558652025726019019e+01 7.048637592961904375e+01
1.697357440890125133e+02 7.553620691024093503e+01 7.042601386580508915e+01
1.702364394993045948e+02 7.548525873300945932e+01 7.036497647903752295e+01
1.707371349095966480e+02 7.543367522497987920e+01 7.030326664477479426e+01
1.712378303198887295e+02 7.538145601711562449e+01 7.024088746432107655e+01
1.717385257301808110e+02 7.532860088007851118e+01 7.017784226948288051e+01
1.722392211404728641e+02 7.527510972306458825e+01 7.011413463188227979e+01
1.727399165507649457e+02 7.522098260544566983e+01 7.004976836994183031e+01
1.732406119610569988e+02 7.516621974608256096e+01 6.998474755586948959e+01
1.737413073713490803e+02 7.511082152448921079e+01 6.991907652031522957e+01
1.742420027816411618e+02 7.505478848781763190e+01 6.985275986168426243e+01
1.747426981919332150e+02 7.499812136133527929e+01 6.978580245428611306e+01
1.752433936022252965e+02 7.494082105308166319e+01 6.971820944600631265e+01
1.757440890125173496e+02 7.488288865852496201e+01 6.964998627926115660e+01
1.762447844228094596e+02 7.482432547686016733e+01 6.958113868401278523e+01
1.767454798331015411e+02 7.476513300402416462e+01 6.951167269406732885e+01
1.772461752433935942e+02 7.470531295132218474e+01 6.944159464241829482e+01
1.777468706536856757e+02 7.464486724775611037e+01 6.937091118220132557e+01
1.782475660639777288e+02 7.458379804700939530e+01 6.929962927738097278e+01
1.787482614742698104e+02 7.452210774258105630e+01 6.922775621963091908e+01
1.792489568845618919e+02 7.445979895614414090e+01 6.915529962367736516e+01
1.797496522948539450e+02 7.439687457014201755e+01 6.908226744476132808e+01
1.802503477051460266e+02 7.433333771149023050e+01 6.900866796699710903e+01
1.807510431154380797e+02 7.426919177951617712e+01 6.893450982840158758e+01
1.812517385257301612e+02 7.420444043431757564e+01 6.885980200343192337e+01
1.817524339360222427e+02 7.413908762004552955e+01 6.878455382510446725e+01
1.822531293463142958e+02 7.407313755791960830e+01 6.870877498033814845e+01
1.827538247566063774e+02 7.400659476718260521e+01 6.863247550762616811e+01
1.832545201668984305e+02 7.393946406044392461e+01 6.855566581449829755e+01
1.837552155771905404e+02 7.387175055764942044e+01 6.847835666704349933e+01
1.842559109874825651e+02 7.380345969073800916e+01 6.840055918990992723e+01
1.847566063977746751e+02 7.373459720364166969e+01 6.832228488143891809e+01
1.852573018080667566e+02 7.366516917324020142e+01 6.824354560900837896e+01
1.857579972183588097e+02 7.359518200004799837e+01 6.816435359506294844e+01
1.862586926286508913e+02 7.352464242684050078e+01 6.808472144272536752e+01
1.867593880389429444e+02 7.345355753166927570e+01 6.800466211294997265e+01
1.872600834492350259e+02 7.338193474765262181e+01 6.792418893674630453e+01
1.877607788595271074e+02 7.330978185482649678e+01 6.784331560150030782e+01
1.882614742698191606e+02 7.323710699178604955e+01 6.776205616261586329e+01
1.887621696801112421e+02 7.316391866034223312e+01 6.768042502736216193e+01
1.892628650904032952e+02 7.309022572901426429e+01 6.759843696651523715e+01
1.897635605006953767e+02 7.301603742953716392e+01 6.751610708234375124e+01
1.902642559109874583e+02 7.294136337548820848e+01 6.743345083945905571e+01
1.907649513212795114e+02 7.286621354831709141e+01 6.735048403381961180e+01
1.912656467315716213e+02 7.279059831364406818e+01 6.726722279331306709e+01
1.917663421418636460e+02 7.271452841194673056e+01 6.718368357746521724e+01
1.922670375521557560e+02 7.263801497020153874e+01 6.709988314826341593e+01
1.927677329624478375e+02 7.256106949257059568e+01 6.701583859562242651e+01
1.932684283727398906e+02 7.248370386913279617e+01 6.693156730202326798e+01
1.937691237830319722e+02 7.240593037355552042e+01 6.684708693734728513e+01
1.942698191933240253e+02 7.232776165494556153e+01 6.676241545763923568e+01
1.947705146036161068e+02 7.224921074949065769e+01 6.667757108888190487e+01
1.952712100139081883e+02 7.217029107056418979e+01 6.659257230895173052e+01
1.957719054242002414e+02 7.209101640174026215e+01 6.650743784740052433e+01
1.962726008344923230e+02 7.201140090494277501e+01 6.642218666741109701e+01
1.967732962447844045e+02 7.193145910414727950e+01 6.633683794302351089e+01
1.972739916550764576e+02 7.185120589236589694e+01 6.625141106786622913e+01
1.977746870653685392e+02 7.177065652349824632e+01 6.616592562532468946e+01
1.982753824756605923e+02 7.168982659254083956e+01 6.608040135594501407e+01
1.987760778859527022e+02 7.160873204490030730e+01 6.599485818770199330e+01
1.992767732962447838e+02 7.152738916708017314e+01 6.590931617662727149e+01
1.997774687065368369e+02 7.144581458086008752e+01 6.582379551379426630e+01
2.002781641168289184e+02 7.136402520924434612e+01 6.573831651134833010e+01
2.007788595271209999e+02 7.128203830789402673e+01 6.565289956292554052e+01
2.012795549374130530e+02 7.119987142147124359e+01 6.556756514714516015e+01
2.017802503477051346e+02 7.111754238654953042e+01 6.548233380199826570e+01
2.022809457579971877e+02 7.103506932550203601e+01 6.539722612368359478e+01
2.027816411682892692e+02 7.095247061274108091e+01 6.531226270344313889e+01
2.032823365785813508e+02 7.086976489567291537e+01 6.522746417649295836e+01
2.037830319888734039e+02 7.078697104158322873e+01 6.514285114338827043e+01
2.042837273991654854e+02 7.070410816033813717e+01 6.505844418694005071e+01
2.047844228094575953e+02 7.062119556392985942e+01 6.497426383758147495e+01
2.052851182197496485e+02 7.053825275832764419e+01 6.489033056460039006e+01
2.057858136300417300e+02 7.045529944216809781e+01 6.480666476920896457e+01
2.062865090403338115e+02 7.037235546251736196e+01 6.472328672571757124e+01
2.067872044506258646e+02 7.028944083116925867e+01 6.464021661792367013e+01
2.072878998609179462e+02 7.020657567167631896e+01 6.455747448381453069e+01
2.077885952712099993e+02 7.012378023099131497e+01 6.447508020334362300e+01
2.082892906815020808e+02 7.004107485152758272e+01 6.439305350192307742e+01
2.087899860917941623e+02 6.995847994787595781e+01 6.431141391404389651e+01
2.092906815020862155e+02 6.987601599516324313e+01 6.423018077912843182e+01
2.097913769123782970e+02 6.979370351275406392e+01 6.414937320980811819e+01
2.102920723226703501e+02 6.971156303165457757e+01 6.406901009963462457e+01
2.107927677329624316e+02 6.962961508985586079e+01 6.398911008088020935e+01
2.112934631432545416e+02 6.954788020848695851e+01 6.390969154367326155e+01
2.117941585535465663e+02 6.946637887078736640e+01 6.383077259422748284e+01
2.122948539638386762e+02 6.938513150708217836e+01 6.375237105428709583e+01
2.127955493741307293e+02 6.930415846676964975e+01 6.367450443925804393e+01
2.132962447844228109e+02 6.922348001601108081e+01 6.359718996463811891e+01
2.137969401947148924e+02 6.914311630047791368e+01 6.352044451223605392e+01
2.142976356050069455e+02 6.906308733236414810e+01 6.344428463546478270e+01
2.147983310152990271e+02 6.898341298180071135e+01 6.336872652808210660e+01
2.152990264255910802e+02 6.890411295073477049e+01 6.329378605524084378e+01
2.157997218358831617e+02 6.882520674611782852e+01 6.321947869068367254e+01
2.163004172461752148e+02 6.874671367695896151e+01 6.314581955239532363e+01
2.168011126564672963e+02 6.866865283577112677e+01 6.307282337142510187e+01
2.173018080667593779e+02 6.859104306553831520e+01 6.300050449494278837e+01
2.178025034770514310e+02 6.851390296244403544e+01 6.292887686339213360e+01
2.183031988873435125e+02 6.843725085811797726e+01 6.285795402766211737e+01
2.188038942976355656e+02 6.836110478150999370e+01 6.278774912522180784e+01
2.193045897079276472e+02 6.828548247344201627e+01 6.271827488143003393e+01
2.198052851182197571e+02 6.821040135459384146e+01 6.264954360138631273e+01
2.203059805285118102e+02 6.813587851240640703e+01 6.258156716833184419e+01
2.208066759388038918e+02 6.806193070544736656e+01 6.251435705004553256e+01
2.213073713490959449e+02 6.798857431451665434e+01 6.244792426480273662e+01
2.218080667593880264e+02 6.791582537014960508e+01 6.238227943433741984e+01
2.223087621696801079e+02 6.784369951245366792e+01 6.231743270075241981e+01
2.228094575799721611e+02 6.777221199139944474e+01 6.225339380102525411e+01
2.233101529902642426e+02 6.770137766274615387e+01 6.219017203208352385e+01
2.238108484005562957e+02 6.763121096315785508e+01 6.212777624847660718e+01
2.243115438108483772e+02 6.756172591718836884e+01 6.206621484782374409e+01
2.248122392211404588e+02 6.749293610817744593e+01 6.200549581388770548e+01
2.253129346314325119e+02 6.742485468639983992e+01 6.194562668165019659e+01
2.258136300417245934e+02 6.735749437372192006e+01 6.188661454429677633e+01
2.263143254520166465e+02 6.729086742169215540e+01 6.182846605147062746e+01
2.268150208623087565e+02 6.722498563016756634e+01 6.177118742033201215e+01
2.273157162726008380e+02 6.715986033800049881e+01 6.171478443206581233e+01
2.278164116828928911e+02 6.709550242303862433e+01 6.165926242606076357e+01
2.283171070931849727e+02 6.703192228349848847e+01 6.160462630281983820e+01
2.288178025034770258e+02 6.696912985193534951e+01 6.155088054898953942e+01
2.293184979137691073e+02 6.690713456730350117e+01 6.149802920359945801e+01
2.298191933240611604e+02 6.684594539840304606e+01 6.144607587901703027e+01
2.303198887343532704e+02 6.678557083624014012e+01 6.139502376393068062e+01
2.308205841446453235e+02 6.672601888103940837e+01 6.134487561869320871e+01
2.313212795549373766e+02 6.666729704857402794e+01 6.129563378856403233e+01
2.318219749652294297e+02 6.660941237207566701e+01 6.124730020050776602e+01
2.323226703755215397e+02 6.655237139292125903e+01 6.119987634689380229e+01
2.328233657858135928e+02 6.649618018275191389e+01 6.115336334080268443e+01
2.333240611961056459e+02 6.644084430614725534e+01 6.110776185038332642e+01
2.338247566063977843e+02 6.638636886922881786e+01 6.106307215968911351e+01
2.343254520166898374e+02 6.633275848197058622e+01 6.101929414531980456e+01
2.348261474269818621e+02 6.628001728395588543e+01 6.097642728282437474e+01
2.353268428372740004e+02 6.622814893208101239e+01 6.093447064844724537e+01
2.358275382475660535e+02 6.617715661830857243e+01 6.089342293659058214e+01
2.363282336578581067e+02 6.612704306093633022e+01 6.085328243420292438e+01
2.368289290681501882e+02 6.607781051376491632e+01 6.081404706210662425e+01
2.373296244784422697e+02 6.602946076726198044e+01 6.077571436284699757e+01
2.378303198887343228e+02 6.598199515554711070e+01 6.073828148526729365e+01
2.383310152990264044e+02 6.593541456570505943e+01 6.070174522569061537e+01
2.388317107093184859e+02 6.588971942498005774e+01 6.066610199961644412e+01
2.393324061196105390e+02 6.584490973337210562e+01 6.063134787235242129e+01
2.398331015299026205e+02 6.580098504268221404e+01 6.059747853911460425e+01
2.403337969401946737e+02 6.575794447630300965e+01 6.056448935194850947e+01
2.408344923504867552e+02 6.571578673969611373e+01 6.053237531696424867e+01
2.413351877607788083e+02 6.567451011166099306e+01 6.050113109069855000e+01
2.418358831710709183e+02 6.563411245830479857e+01 6.047075099674032117e+01
2.423365785813629998e+02 6.559459125166881677e+01 6.044122902529409203e+01
2.428372739916550529e+02 6.555594354877371188e+01 6.041255884423947009e+01
2.433379694019471344e+02 6.551816602770827558e+01 6.038473380116840872e+01
2.438386648122392160e+02 6.548125498064450767e+01 6.035774692280313047e+01
2.443393602225312691e+02 6.544520631500176933e+01 6.033159094133509370e+01
2.448400556328233506e+02 6.541001558371476676e+01 6.030625827114192816e+01
2.453407510431154037e+02 6.537567796486086991e+01 6.028174104487618479e+01
2.458414464534074853e+02 6.534218829192809608e+01 6.025803109600303742e+01
2.463421418636995668e+02 6.530954105032265034e+01 6.023511998673996004e+01
2.468428372739916199e+02 6.527773038901045766e+01 6.021299899117650511e+01
2.473435326842837014e+02 6.524675012983038869e+01 6.019165912670644047e+01
2.478442280945758114e+02 6.521659377215087261e+01 6.017109114355037036e+01
2.483449235048678645e+02 6.518725450800388899e+01 6.015128553872557404e+01
2.488456189151599460e+02 6.515872522324912097e+01 6.013223256477715495e+01
2.493463143254520276e+02 6.513099851154379394e+01 6.011392223152427050e+01
2.498470097357440807e+02 6.510406668365590122e+01 6.009634432119412395e+01
2.503477051460361338e+02 6.507792177212081697e+01 6.007948839191442403e+01
2.508484005563282153e+02 6.505255554171867516e+01 6.006334378469830426e+01
2.513490959666202968e+02 6.502795950111590173e+01 6.004789963450377854e+01
2.518497913769123500e+02 6.500412491217844035e+01 6.003314487489035400e+01
2.523504867872044315e+02 6.498104279230005886e+01 6.001906825198886963e+01
2.528511821974965130e+02 6.495870393652126040e+01 6.000565832479253459e+01
2.533518776077885661e+02 6.493709891054436412e+01 5.999290347796261358e+01
2.538525730180806477e+02 6.491621807401656952e+01 5.998079193521618890e+01
2.543532684283727576e+02 6.489605158169410970e+01 5.996931175816200721e+01
2.548539638386647823e+02 6.487658939624793675e+01 5.995845086056135642e+01
2.553546592489568354e+02 6.485782129524864104e+01 5.994819701298467862e+01
2.558553546592489738e+02 6.483973688280798342e+01 5.993853786027386832e+01
2.563560500695410269e+02 6.482232559772796776e+01 5.992946091804981279e+01
2.568567454798330800e+02 6.480557672281406667e+01 5.992095359366715002e+01
2.573574408901251900e+02 6.478947939186014082e+01 5.991300318505011546e+01
2.578581363004172431e+02 6.477402260361827757e+01 5.990559689058784443e+01
2.583588317107092962e+02 6.475919522878371026e+01 5.989872182310421067e+01
2.588595271210013493e+02 6.474498601115897145e+01 5.989236502033520537e+01
2.593602225312934593e+02 6.473138359326526370e+01 5.988651343677986461e+01
2.598609179415855124e+02 6.471837650935754027e+01 5.988115397571448284e+01
2.603616133518775655e+02 6.470595320172265019e+01 5.987627348220769363e+01
2.608623087621696754e+02 6.469410202882841077e+01 5.987185875243369537e+01
2.613630041724617286e+02 6.468281127463683333e+01 5.986789654647793668e+01
2.618636995827537817e+02 6.467206915093242969e+01 5.986437359997864860e+01
2.623643949930458916e+02 6.466186381827697005e+01 5.986127661947023171e+01
2.628650904033379447e+02 6.465218337669625726e+01 5.985859230741255033e+01
2.633657858136299978e+02 6.464301588896319117e+01 5.985630735185907270e+01
2.638664812239220510e+02 6.463434938409022834e+01 5.985440844566539909e+01
2.643671766342141609e+02 6.462617186198599484e+01 5.985288230016806210e+01
2.648678720445062140e+02 6.461847130509681847e+01 5.985171563470714773e+01
2.653685674547982671e+02 6.461123568306334164e+01 5.985089519306995953e+01
2.658692628650904339e+02 6.460445296086959388e+01 5.985040775982554351e+01
2.663699582753824870e+02 6.459811110815621760e+01 5.985024015494047944e+01
2.668706536856744833e+02 6.459219810620538738e+01 5.985037924003620446e+01
2.673713490959666501e+02 6.458670194794080999e+01 5.985081193948929013e+01
2.678720445062587032e+02 6.458161066121078875e+01 5.985152523246426881e+01
2.683727399165507563e+02 6.457691229249007847e+01 5.985250616193582118e+01
2.688734353268428094e+02 6.457259493481956270e+01 5.985374184596651048e+01
2.693741307371349194e+02 6.456864672314964082e+01 5.985521948294547201e+01
2.698748261474269725e+02 6.456505583783268776e+01 5.985692635740917922e+01
2.703755215577190256e+02 6.456181052033912238e+01 5.985884983472999465e+01
2.708762169680111356e+02 6.455889907413052242e+01 5.986097738818273228e+01
2.713769123783031887e+02 6.455630986582377773e+01 5.986329658628449124e+01
2.718776077885952418e+02 6.455403133857885223e+01 5.986579510851072428e+01
2.723783031988873518e+02 6.455205201384501379e+01 5.986846073532717583e+01
2.728789986091794049e+02 6.455036049572640877e+01 5.987128137991305721e+01
2.733796940194714580e+02 6.454894547680282813e+01 5.987424506254967582e+01
2.738803894297635111e+02 6.454779574511462670e+01 5.987733993826907408e+01
2.743810848400556210e+02 6.454690018532687645e+01 5.988055428812288028e+01
2.748817802503476742e+02 6.454624778338597935e+01 5.988387652995072585e+01
2.753824756606397273e+02 6.454582763350458663e+01 5.988729521488778573e+01
2.758831710709318372e+02 6.454562894281821173e+01 5.989079904249877018e+01
2.763838664812238903e+02 6.454564103371353667e+01 5.989437686019584817e+01
2.768845618915159434e+02 6.454585334266425889e+01 5.989801765247023013e+01
2.773852573018079966e+02 6.454625543420092981e+01 5.990171056417523232e+01
2.778859527121001065e+02 6.454683699625434201e+01 5.990544491158573237e+01
2.783866481223921596e+02 6.454758784830460172e+01 5.990921013233958092e+01
2.788873435326842127e+02 6.454849794370943528e+01 5.991299586285379064e+01
2.793880389429763227e+02 6.454955736970418911e+01 5.991679188710179460e+01
2.798887343532683758e+02 6.455075635380467247e+01 5.992058815349366796e+01
2.803894297635604289e+02 6.455208526497131061e+01 5.992437479350257945e+01
2.808901251738525957e+02 6.455353462059406411e+01 5.992814209925484192e+01
2.813908205841446488e+02 6.455509508067166280e+01 5.993188053924598080e+01
2.818915159944367019e+02 6.455675745661551446e+01 5.993558076285182779e+01
2.823922114047287550e+02 6.455851270964899413e+01 5.993923359159737174e+01
2.828929068150208650e+02 6.456035196288553379e+01 5.994283002876102273e+01
2.833936022253129181e+02 6.456226648735878371e+01 5.994636126868783776e+01
2.838942976356049712e+02 6.456424772363220654e+01 5.994981867568924372e+01
2.843949930458970812e+02 6.456628725546011083e+01 5.995319380296052714e+01
2.848956884561891343e+02 6.456837684471224748e+01 5.995647840014783014e+01
2.853963838664811874e+02 6.457050841158320509e+01 5.995966438948300947e+01
2.858970792767732974e+02 6.457267404215940587e+01 5.996274389605162014e+01
2.863977746870653505e+02 6.457486598900118224e+01 5.996570923178580870e+01
2.868984700973574036e+02 6.457707667405315988e+01 5.996855289255393018e+01
2.873991655076494567e+02 6.457929868515179805e+01 5.997126757445869316e+01
2.878998609179415666e+02 6.458152478999522828e+01 5.997384616568808724e+01
2.884005563282336198e+02 6.458374792333756886e+01 5.997628176048522164e+01
2.889012517385257297e+02 6.458596119397384427e+01 5.997856761840296258e+01
2.894019471488177828e+02 6.458815788124752544e+01 5.998069722251159419e+01
2.899026425591098359e+02 6.459033144960244499e+01 5.998266424331006874e+01
2.904033379694019459e+02 6.459247552879219256e+01 5.998446255269584526e+01
2.909040333796939990e+02 6.459458393541694932e+01 5.998608621115920414e+01
2.914047287899860521e+02 6.459665066361026220e+01 5.998752949688707758e+01
2.919054242002781621e+02 6.459866987878172040e+01 5.998878687549506594e+01
2.924061196105702152e+02 6.460063593449717700e+01 5.998985299973639940e+01
2.929068150208622683e+02 6.460254335996410191e+01 5.999072275257560705e+01
2.934075104311543782e+02 6.460438686701650113e+01 5.999139119305539225e+01
2.939082058414464314e+02 6.460616134996939763e+01 5.999185359005707596e+01
2.944089012517384845e+02 6.460786188911129102e+01 5.999210543132278417e+01
2.949095966620305944e+02 6.460948373848054871e+01 5.999214238154593204e+01
2.954102920723226475e+02 6.461102234188615512e+01 5.999196031729582046e+01
2.959109874826147006e+02 6.461247332848756741e+01 5.999155531770441030e+01
2.964116828929068106e+02 6.461383251171241682e+01 5.999092368076446746e+01
2.969123783031988637e+02 6.461509588338117283e+01 5.999006189277054091e+01
2.974130737134909168e+02 6.461625963147412222e+01 5.998896663879634161e+01
2.979137691237830268e+02 6.461732011917661112e+01 5.998763483238064964e+01
2.984144645340750799e+02 6.461827390408757310e+01 5.998606357594610472e+01
2.989151599443671330e+02 6.461911773123460989e+01 5.998425016749308725e+01
2.994158553546592429e+02 6.461984852172349747e+01 5.998219214367338736e+01
2.999165507649512961e+02 6.462046339951371010e+01 5.997988721547073965e+01
3.004172461752433492e+02 6.462095966406081970e+01 5.997733332106065518e+01
3.009179415855354023e+02 6.462133481243540700e+01 5.997452859379620804e+01
3.014186369958275691e+02 6.462158652564426120e+01 5.997147138294451452e+01
3.019193324061196222e+02 6.462171267794360574e+01 5.996816024248175836e+01
3.024200278164116185e+02 6.462171132577964272e+01 5.996459393826000905e+01
3.029207232267037853e+02 6.462158072699708100e+01 5.996077142719798303e+01
3.034214186369958384e+02 6.462131931872022506e+01 5.995669191359695560e+01
3.039221140472878915e+02 6.462092573888980951e+01 5.995235477288872517e+01
3.044228094575799446e+02 6.462039880996485408e+01 5.994775960402250803e+01
3.049235048678720545e+02 6.461973755114627238e+01 5.994290622589971917e+01
3.054242002781641077e+02 6.461894117022779938e+01 5.993779466078478890e+01
3.059248956884561608e+02 6.461800906999883409e+01 5.993242514143560129e+01
3.064255910987482707e+02 6.461694084737132471e+01 5.992679810775655369e+01
3.069262865090403238e+02 6.461573629105146210e+01 5.992091422127771239e+01
3.074269819193323769e+02 6.461439538677836936e+01 5.991477435613262514e+01
3.079276773296244869e+02 6.461291830917502921e+01 5.990837958916301886e+01
3.084283727399165400e+02 6.461130543542708438e+01 5.990173122072803835e+01
3.089290681502085931e+02 6.460955733655168842e+01 5.989483076091630664e+01
3.094297635605006462e+02 6.460767477856165897e+01 5.988767993580324855e+01
3.099304589707927562e+02 6.460565872130132448e+01 5.988028067904735963e+01
3.104311543810848093e+02 6.460351033008805643e+01 5.987263515389997792e+01
3.109318497913768624e+02 6.460123096232450735e+01 5.986474572300096497e+01
3.114325452016689724e+02 6.459882217331937682e+01 5.985661497890134797e+01
3.119332406119610255e+02 6.459628572676479052e+01 5.984824572279933363e+01
3.124339360222530786e+02 6.459362357145323585e+01 5.983964096810552746e+01
3.129346314325451885e+02 6.459083786688893269e+01 5.983080395902391047e+01
3.134353268428372417e+02 6.458793097164630126e+01 5.982173814377631516e+01
3.139360222531292948e+02 6.458490544336996209e+01 5.981244719526614517e+01
3.144367176634213479e+02 6.458176404343134891e+01 5.980293499710853666e+01
3.149374130737134578e+02 6.457850973692870866e+01 5.979320566109265656e+01
3.154381084840055109e+02 6.457514569268710147e+01 5.978326351088355750e+01
3.159388038942975641e+02 6.457167527831074949e+01 5.977311309133540362e+01
3.164394993045897309e+02 6.456810207066041585e+01 5.976275916383485765e+01
3.169401947148817840e+02 6.456442985061471518e+01 5.975220671561430663e+01
3.174408901251737802e+02 6.456066260190596040e+01 5.974146093646879763e+01
3.179415855354659470e+02 6.455680452014235016e+01 5.973052725368063420e+01
3.184422809457580001e+02 6.455286000349474307e+01 5.971941130407969922e+01
3.189429763560500533e+02 6.454883365386081095e+01 5.970811894335668057e+01
3.194436717663421064e+02 6.454473028617826458e+01 5.969665625304799050e+01
3.199443671766342163e+02 6.454055492493239399e+01 5.968502953238669306e+01
3.204450625869262694e+02 6.453631279484284278e+01 5.967324528898927838e+01
3.209457579972183225e+02 6.453200933949005957e+01 5.966131026679533988e+01
3.214464534075104325e+02 6.452765020501715298e+01 5.964923141230713100e+01
3.219471488178024856e+02 6.452324125060727056e+01 5.963701589670847625e+01
3.224478442280945387e+02 6.451878854615529235e+01 5.962467111353646487e+01
3.229485396383865918e+02 6.451429836586498823e+01 5.961220466936822504e+01
3.234492350486787018e+02 6.450977720338300969e+01 5.959962439167895809e+01
3.239499304589707549e+02 6.450523175899320449e+01 5.958693831858283829e+01
3.244506258692628649e+02 6.450066894252699967e+01 5.957415471251181316e+01
3.249513212795549180e+02 6.449609587860209103e+01 5.956128204697336059e+01
3.254520166898469711e+02 6.449151990080167707e+01 5.954832901237125498e+01
3.259527121001390810e+02 6.448694855516691860e+01 5.953530451505969268e+01
3.264534075104311910e+02 6.448238959845070895e+01 5.952221767272305897e+01
3.269541029207232441e+02 6.447785099811767395e+01 5.950907781946909836e+01
3.274547983310152972e+02 6.447334093583663162e+01 5.949589449906227401e+01
3.279554937413073503e+02 6.446886780049567278e+01 5.948267746943486145e+01
3.284561891515994603e+02 6.446444019402292724e+01 5.946943669806671551e+01
3.289568845618915134e+02 6.446006692672995086e+01 5.945618236431357673e+01
3.294575799721835665e+02 6.445575702196833845e+01 5.944292485009384563e+01
3.299582753824756765e+02 6.445151970798065122e+01 5.942967475269426814e+01
3.304589707927677296e+02 6.444736442372118290e+01 5.941644287080009690e+01
3.309596662030597827e+02 6.444330081652765330e+01 5.940324021148001066e+01
3.314603616133518926e+02 6.443933874212120827e+01 5.939007798552950135e+01
3.319610570236439457e+02 6.443548825645734723e+01 5.937696760281426123e+01
3.324617524339359989e+02 6.443175962969576176e+01 5.936392067925510219e+01
3.329624478442280520e+02 6.442816332524557765e+01 5.935094902751473001e+01
3.334631432545201619e+02 6.442471002072011288e+01 5.933806466165435722e+01
3.339638386648122150e+02 6.442141058465381320e+01 5.932527979014878383e+01
3.344645340751042681e+02 6.441827609280039724e+01 5.931260682054301014e+01
3.349652294853963781e+02 6.441531781416301783e+01 5.930005835013901105e+01
3.354659248956884312e+02 6.441254721797918137e+01 5.928764717181650212e+01
3.359666203059804843e+02 6.440997596207921561e+01 5.927538626588386705e+01
3.364673157162726511e+02 6.440761590336364861e+01 5.926328880589892378e+01
3.369680111265647042e+02 6.440547908383337017e+01 5.925136814586323908e+01
3.374687065368567005e+02 6.440357773524624463e+01 5.923963782837120107e+01
3.379694019471487536e+02 6.440192427678880449e+01 5.922811158228171280e+01
3.384700973574409204e+02 6.440053129994225856e+01 5.921680330991250685e+01
3.389707927677329735e+02 6.439941158710894342e+01 5.920572709751752427e+01
3.394714881780250266e+02 6.439857808832925912e+01 5.919489720830199531e+01
3.399721835883171366e+02 6.439804393292320128e+01 5.918432807543752006e+01
3.404728789986091897e+02 6.439782241319221612e+01 5.917403430788283458e+01
3.409735744089012428e+02 6.439792698674750682e+01 5.916403068805550447e+01
3.414742698191932959e+02 6.439837127883834000e+01 5.915433215553377977e+01
3.419749652294854059e+02 6.439916906372559424e+01 5.914495381884364633e+01
3.424756606397774590e+02 6.440033427166667934e+01 5.913591095371259598e+01
3.429763560500695121e+02 6.440188098076646384e+01 5.912721898997290282e+01
3.434770514603616220e+02 6.440382340999235566e+01 5.911889351330785303e+01
3.439777468706536752e+02 6.440617591568184253e+01 5.911095026539726405e+01
3.444784422809457283e+02 6.440895298688587900e+01 5.910340513125731832e+01
3.449791376912378382e+02 6.441216923372735437e+01 5.909627415379247850e+01
3.454798331015298913e+02 6.441583938856524583e+01 5.908957351138553804e+01
3.459805285118219444e+02 6.441997829900969919e+01 5.908331951731554454e+01
3.464812239221139976e+02 6.442460091395219024e+01 5.907752863620146400e+01
3.469819193324061075e+02 6.442972228414760139e+01 5.907221744791343099e+01
3.474826147426981606e+02 6.443535754475192334e+01 5.906740266940062156e+01
3.479833101529902137e+02 6.444152192347132768e+01 5.906310113664687833e+01
3.484840055632823237e+02 6.444823071029418315e+01 5.905932980525278708e+01
3.489847009735743768e+02 6.445549927669958379e+01 5.905610574228660425e+01
3.494853963838664299e+02 6.446334303374783303e+01 5.905344612715737185e+01
3.499860917941585399e+02 6.447177745652766134e+01 5.905136823357054254e+01
3.504867872044505930e+02 6.448081803991840388e+01 5.904988944699027797e+01
3.509874826147426461e+02 6.449048031721645202e+01 5.904902722185681796e+01
3.514881780250346992e+02 6.450077983568803575e+01 5.904879911301861739e+01
3.519888734353268660e+02 6.451173214550976809e+01 5.904922273878867145e+01
3.524895688456189191e+02 6.452335278812711294e+01 5.905031580531897362e+01
3.529902642559109154e+02 6.453565729159777220e+01 5.905209606261735189e+01
3.534909596662030822e+02 6.454866114148785528e+01 5.905458132484739053e+01
3.539916550764951353e+02 6.456237979309548791e+01 5.905778943891448307e+01
3.544923504867871884e+02 6.457682862750402819e+01 5.906173829901774752e+01
3.549930458970792415e+02 6.459202296205944549e+01 5.906644581565444696e+01
3.554937413073713515e+02 6.460797802301271986e+01 5.907192992609736848e+01
3.559944367176634046e+02 6.462470893504246305e+01 5.907820855132115412e+01
3.564951321279554577e+02 6.464223070408365857e+01 5.908529961812121201e+01
3.569958275382475676e+02 6.466055820102951657e+01 5.909322103815895844e+01
3.574965229485396208e+02 6.467970614659748207e+01 5.910199068351460028e+01
3.579972183588316739e+02 6.469968909153863024e+01 5.911162637169866230e+01
3.584979137691237838e+02 6.472052139917536806e+01 5.912214587438313629e+01
3.589986091794158369e+02 6.474221723084951918e+01 5.913356688334999944e+01
3.594993045897078900e+02 6.476479052613171916e+01 5.914590699128268625e+01
3.600000000000000000e+02 6.478825498477704059e+01 5.915918368800987537e+01
