# lons lats(polar edge) lats(equatorward edge)
0.000000000000000000e+00 7.186906741498387419e+01 6.733131241658702493e+01
5.006954102920723182e-01 7.188351546679041348e+01 6.734035691036837079e+01
1.001390820584144636e+00 7.189764337500673719e+01 6.734902633144514539e+01
1.502086230876216844e+00 7.191145469903131016e+01 6.735732616181479671e+01
2.002781641168289273e+00 7.192495300670270808e+01 6.736526188725832753e+01
2.503477051460361480e+00 7.193814186353120022e+01 6.737283902527991586e+01
3.004172461752433687e+00 7.195102484404924326e+01 6.738006307563040309e+01
3.504867872044505894e+00 7.196360553821432404e+01 6.738693959423102342e+01
4.005563282336578546e+00 7.197588752288720571e+01 6.739347408588146493e+01
4.506258692628650309e+00 7.198787438715226017e+01 6.739967210280811116e+01
5.006954102920722960e+00 7.199956973144435324e+01 6.740553918357109353e+01
5.507649513212795611e+00 7.201097714775823988e+01 6.741108088350956962e+01
6.008344923504867374e+00 7.202210023361840285e+01 6.741630274402923817e+01
6.509040333796940025e+00 7.203294259673566557e+01 6.742121032024955696e+01
7.009735744089011789e+00 7.204350783900008537e+01 6.742580916201917773e+01
7.510431154381083552e+00 7.205379956812248565e+01 6.743010481012370860e+01
8.011126564673157091e+00 7.206382138482877053e+01 6.743410281146262264e+01
8.511821974965229742e+00 7.207357690439675935e+01 6.743780871191611936e+01
9.012517385257300617e+00 7.208306973337312229e+01 6.744122804412236860e+01
9.513212795549373268e+00 7.209230348237906583e+01 6.744436631714543751e+01
1.001390820584144592e+01 7.210128175912541337e+01 6.744722906769803217e+01
1.051460361613352035e+01 7.211000817248714156e+01 6.744982178941918960e+01
1.101529902642559122e+01 7.211848632784676738e+01 6.745214998713181842e+01
1.151599443671766032e+01 7.212671983640757389e+01 6.745421913443551887e+01
1.201668984700973475e+01 7.213471229773131199e+01 6.745603470006444979e+01
1.251738525730180740e+01 7.214246732389437966e+01 6.745760213924059201e+01
1.301808066759388005e+01 7.214998851038399152e+01 6.745892687342548300e+01
1.351877607788595093e+01 7.215727945879916660e+01 6.746001432973771728e+01
1.401947148817802358e+01 7.216434376404504292e+01 6.746086989853411353e+01
1.452016689847009623e+01 7.217118502626544796e+01 6.746149895571052468e+01
1.502086230876216710e+01 7.217780682988814078e+01 6.746190684007360971e+01
1.552155771905424153e+01 7.218421276690787636e+01 6.746209888897483609e+01
1.602225312934631418e+01 7.219040641825995408e+01 6.746208039756511710e+01
1.652294853963838506e+01 7.219639136604382657e+01 6.746185664731656573e+01
1.702364394993045948e+01 7.220217118653818034e+01 6.746143286993374488e+01
1.752433936022252681e+01 7.220774945252924226e+01 6.746081429013629815e+01
1.802503477051460123e+01 7.221312973098247312e+01 6.746000609815583005e+01
1.852573018080667566e+01 7.221831558653502725e+01 6.745901344122303556e+01
1.902642559109874654e+01 7.222331057451083325e+01 6.745784144331737764e+01
1.952712100139081741e+01 7.222811825139797293e+01 6.745649518912360065e+01
2.002781641168289184e+01 7.223274216320714913e+01 6.745497973404526704e+01
2.052851182197496627e+01 7.223718585245660506e+01 6.745330008912533515e+01
2.102920723226704069e+01 7.224145285817212425e+01 6.745146123926788562e+01
2.152990264255910802e+01 7.224554670540965162e+01 6.744946812746748321e+01
2.203059805285118244e+01 7.224947093086666428e+01 6.744732564666010433e+01
2.253129346314325332e+01 7.225322904562926851e+01 6.744503866882696741e+01
2.303198887343532064e+01 7.225682457009679638e+01 6.744261201239824288e+01
2.353268428372739507e+01 7.226026100487797521e+01 6.744005045622289174e+01
2.403337969401946950e+01 7.226354185873060487e+01 6.743735874422527843e+01
2.453407510431154037e+01 7.226667062062188052e+01 6.743454156794287258e+01
2.503477051460361480e+01 7.226965078475768678e+01 6.743160358078712591e+01
2.553546592489568567e+01 7.227248583079199307e+01 6.742854939222270616e+01
2.603616133518776010e+01 7.227517923663253896e+01 6.742538357300618657e+01
2.653685674547983453e+01 7.227773447145591490e+01 6.742211063772374757e+01
2.703755215577190185e+01 7.228015499745379202e+01 6.741873506566408025e+01
2.753824756606397628e+01 7.228244427216122858e+01 6.741526128950427221e+01
2.803894297635604715e+01 7.228460574496421032e+01 6.741169368841583776e+01
2.853963838664812158e+01 7.228664286408456974e+01 6.740803661051104712e+01
2.904033379694019246e+01 7.228855906028184108e+01 6.740429435064216079e+01
2.954102920723226333e+01 7.229035776780801825e+01 6.740047115971465530e+01
3.004172461752433421e+01 7.229204240927356295e+01 6.739657123537399741e+01
3.054242002781640863e+01 7.229361640612478368e+01 6.739259874587078514e+01
3.104311543810848306e+01 7.229508316583815031e+01 6.738855780066587897e+01
3.154381084840055394e+01 7.229644609356182627e+01 6.738445247720592590e+01
3.204450625869262836e+01 7.229770858978736214e+01 6.738028679472991200e+01
3.254520166898469569e+01 7.229887404802138917e+01 6.737606474395506950e+01
3.304589707927677011e+01 7.229994585129315965e+01 6.737179026146550598e+01
3.354659248956884454e+01 7.230092738146777265e+01 6.736746724601034941e+01
3.404728789986091897e+01 7.230182201458956115e+01 6.736309955035467567e+01
3.454798331015298629e+01 7.230263311506132595e+01 6.735869099175688746e+01
3.504867872044505361e+01 7.230336404728586785e+01 6.735424534673002483e+01
3.554937413073713515e+01 7.230401816868106835e+01 6.734976634405684592e+01
3.605006954102920247e+01 7.230459882735158317e+01 6.734525768807289126e+01
3.655076495132127690e+01 7.230510937373037450e+01 6.734072303189095976e+01
3.705146036161335132e+01 7.230555314195225947e+01 6.733616599835586669e+01
3.755215577190541865e+01 7.230593346848036163e+01 6.733159017771613719e+01
3.805285118219749307e+01 7.230625368046457879e+01 6.732699911831078055e+01
3.855354659248956750e+01 7.230651710505480878e+01 6.732239634286743524e+01
3.905424200278163482e+01 7.230672705775941722e+01 6.731778533453253033e+01
3.955493741307371636e+01 7.230688685175846331e+01 6.731316955084112408e+01
4.005563282336578368e+01 7.230699979441124015e+01 6.730855242022444429e+01
4.055632823365785811e+01 7.230706919074873440e+01 6.730393733968158188e+01
4.105702364394993253e+01 7.230709833416040055e+01 6.729932768176441016e+01
4.155771905424199986e+01 7.230709052036399953e+01 6.729472679224927845e+01
4.205841446453408139e+01 7.230704903692821972e+01 6.729013799479362490e+01
4.255910987482614871e+01 7.230697716210852377e+01 6.728556458627936365e+01
4.305980528511821603e+01 7.230687817881698720e+01 6.728100985078272345e+01
4.356050069541029046e+01 7.230675535366754048e+01 6.727647704094779613e+01
4.406119610570236489e+01 7.230661195676657371e+01 6.727196940243375423e+01
4.456189151599443221e+01 7.230645124774309807e+01 6.726749015528839948e+01
4.506258692628650664e+01 7.230627648506197147e+01 6.726304251257461431e+01
4.556328233657857396e+01 7.230609091671067290e+01 6.725862966407221677e+01
4.606397774687064128e+01 7.230589778951252811e+01 6.725425479723271849e+01
4.656467315716272282e+01 7.230570034097763710e+01 6.724992108320948603e+01
4.706536856745479014e+01 7.230550180512364022e+01 6.724563167685774090e+01
4.756606397774686457e+01 7.230530540781910531e+01 6.724138974234593036e+01
4.806675938803893899e+01 7.230511437027598731e+01 6.723719842055943730e+01
4.856745479833100632e+01 7.230493190322886221e+01 6.723306085354779782e+01
4.906815020862308074e+01 7.230476121741230600e+01 6.722898018219639482e+01
4.956884561891514807e+01 7.230460550609859638e+01 6.722495953691323223e+01
5.006954102920722960e+01 7.230446796372416429e+01 6.722100205625538649e+01
5.057023643949929692e+01 7.230435177191975527e+01 6.721711086946670832e+01
5.107093184979137135e+01 7.230426010416704230e+01 6.721328910811935486e+01
5.157162726008345288e+01 7.230419612347031944e+01 6.720953991077040257e+01
5.207232267037552020e+01 7.230416298701311462e+01 6.720586641132031502e+01
5.257301808066758753e+01 7.230416383451665752e+01 6.720227175763939442e+01
5.307371349095966906e+01 7.230420180220971815e+01 6.719875908828471722e+01
5.357440890125173638e+01 7.230428001235122792e+01 6.719533156043981137e+01
5.407510431154380370e+01 7.230440156857366674e+01 6.719199232663159194e+01
5.457579972183587813e+01 7.230456956985290162e+01 6.718874454870019974e+01
5.507649513212795256e+01 7.230478709653834812e+01 6.718559140245561423e+01
5.557719054242002699e+01 7.230505721617373638e+01 6.718253606603612127e+01
5.607788595271209431e+01 7.230538297651219182e+01 6.717958172078142809e+01
5.657858136300416163e+01 7.230576741250115447e+01 6.717673156171004223e+01
5.707927677329624316e+01 7.230621353929745965e+01 6.717398879810134815e+01
5.757997218358831759e+01 7.230672435575979762e+01 6.717135662904838966e+01
5.808066759388038491e+01 7.230730283746379428e+01 6.716883828274804102e+01
5.858136300417245934e+01 7.230795193903031759e+01 6.716643697924810397e+01
5.908205841446452666e+01 7.230867459412547760e+01 6.716415595838698493e+01
5.958275382475660109e+01 7.230947371080401354e+01 6.716199845883893715e+01
6.008344923504866841e+01 7.231035217616590671e+01 6.715996773208389925e+01
6.058414464534074995e+01 7.231131284820730798e+01 6.715806703076596307e+01
6.108484005563281727e+01 7.231235855582053773e+01 6.715629961334998654e+01
6.158553546592489170e+01 7.231349209879408590e+01 6.715466874877820658e+01
6.208623087621696612e+01 7.231471625130507164e+01 6.715317770366455363e+01
6.258692628650903345e+01 7.231603374911355786e+01 6.715182974986164766e+01
6.308762169680110787e+01 7.231744729189085774e+01 6.715062815747587877e+01
6.358831710709318941e+01 7.231895955602522008e+01 6.714957619603156047e+01
6.408901251738525673e+01 7.232057316668215208e+01 6.714867713796338933e+01
6.458970792767732405e+01 7.232229071643087082e+01 6.714793424872114258e+01
6.509040333796939137e+01 7.232411475476692431e+01 6.714735078560552495e+01
6.559109874826147291e+01 7.232604779160465114e+01 6.714693000679035606e+01
6.609179415855354023e+01 7.232809228796395473e+01 6.714667515269611897e+01
6.659248956884562176e+01 7.233025066179106943e+01 6.714658945704941573e+01
6.709318497913768908e+01 7.233252527980948798e+01 6.714667613756974163e+01
6.759388038942975641e+01 7.233491845984826796e+01 6.714693839335014047e+01
6.809457579972183794e+01 7.233743246734957211e+01 6.714737941067797067e+01
6.859527121001390526e+01 7.234006950838374905e+01 6.714800235022921981e+01
6.909596662030597258e+01 7.234283173896255903e+01 6.714881034939681115e+01
6.959666203059803991e+01 7.234572125339764170e+01 6.714980651996229710e+01
7.009735744089010723e+01 7.234874007964390330e+01 6.715099393296186747e+01
7.059805285118218876e+01 7.235189019559766166e+01 6.715237563847695412e+01
7.109874826147427029e+01 7.235517349882866256e+01 6.715395464467947306e+01
7.159944367176633762e+01 7.235859182811691426e+01 6.715573391899597766e+01
7.210013908205840494e+01 7.236214694948284887e+01 6.715771638345104577e+01
7.260083449235048647e+01 7.236584056084393524e+01 6.715990491699558618e+01
7.310152990264255379e+01 7.236967427920899354e+01 6.716230233688038709e+01
7.360222531293462112e+01 7.237364965057349764e+01 6.716491142077502730e+01
7.410292072322670265e+01 7.237776814060634933e+01 6.716773487417158606e+01
7.460361613351876997e+01 7.238203113232157193e+01 6.717077534784694137e+01
7.510431154381083729e+01 7.238643993189907633e+01 6.717403541923631849e+01
7.560500695410290461e+01 7.239099575355066918e+01 6.717751759243328991e+01
7.610570236439498615e+01 7.239569972650497220e+01 6.718122430924923094e+01
7.660639777468706768e+01 7.240055289267911576e+01 6.718515791894533606e+01
7.710709318497913500e+01 7.240555620260420255e+01 6.718932069336661073e+01
7.760778859527120233e+01 7.241071050844038837e+01 6.719371481064372631e+01
7.810848400556326965e+01 7.241601657561841421e+01 6.719834236159586283e+01
7.860917941585533697e+01 7.242147506421315484e+01 6.720320533459671708e+01
7.910987482614743271e+01 7.242708654349553399e+01 6.720830562488772841e+01
7.961057023643950004e+01 7.243285146515700035e+01 6.721364501507851230e+01
8.011126564673156736e+01 7.243877020638319664e+01 6.721922517631101357e+01
8.061196105702363468e+01 7.244484301164629869e+01 6.722504767466234910e+01
8.111265646731571621e+01 7.245107003403245471e+01 6.723111394204097735e+01
8.161335187760779775e+01 7.245745131894364022e+01 6.723742530325326072e+01
8.211404728789986507e+01 7.246398679856793024e+01 6.724398294457132863e+01
8.261474269819193239e+01 7.247067629770026542e+01 6.725078792537460970e+01
8.311543810848399971e+01 7.247751952559337951e+01 6.725784116883660602e+01
8.361613351877606704e+01 7.248451608410687186e+01 6.726514345493997382e+01
8.411682892906816278e+01 7.249166545635671355e+01 6.727269542396898316e+01
8.461752433936023010e+01 7.249896701311809011e+01 6.728049756719629215e+01
8.511821974965229742e+01 7.250642001049709506e+01 6.728855021989802765e+01
8.561891515994436475e+01 7.251402357945335098e+01 6.729685357183116423e+01
8.611961057023643207e+01 7.252177674442646094e+01 6.730540764511461305e+01
8.662030598052849939e+01 7.252967840761994012e+01 6.731421230121414112e+01
8.712100139082058092e+01 7.253772735249367543e+01 6.732326724094237136e+01
8.762169680111264825e+01 7.254592223910731263e+01 6.733257199164400220e+01
8.812239221140472978e+01 7.255426161809009500e+01 6.734212591538125992e+01
8.862308762169679710e+01 7.256274391550687142e+01 6.735192819316326052e+01
8.912378303198886442e+01 7.257136743402224965e+01 6.736197783429561525e+01
8.962447844228094596e+01 7.258013036570628174e+01 6.737227366589395672e+01
9.012517385257301328e+01 7.258903077806462534e+01 6.738281434248820290e+01
9.062586926286508060e+01 7.259806662335176952e+01 6.739359832215741619e+01
9.112656467315714792e+01 7.260723573158611543e+01 6.740462389155909761e+01
9.162726008344921524e+01 7.261653582102735527e+01 6.741588913682535633e+01
9.212795549374128257e+01 7.262596449119155295e+01 6.742739197877854451e+01
9.262865090403337831e+01 7.263551922517945059e+01 6.743913013102174148e+01
9.312934631432544563e+01 7.264519739200477488e+01 6.745110112555012449e+01
9.363004172461751295e+01 7.265499624543008395e+01 6.746330230110943660e+01
9.413073713490958028e+01 7.266491293327999301e+01 6.747573081949413165e+01
9.463143254520164760e+01 7.267494448347133584e+01 6.748838363469731405e+01
9.513212795549372913e+01 7.268508782496792264e+01 6.750125752725325867e+01
9.563282336578581067e+01 7.269533977031824179e+01 6.751434908211849972e+01
9.613351877607787799e+01 7.270569702729699202e+01 6.752765469798505649e+01
9.663421418636994531e+01 7.271615620356169529e+01 6.754117058669835671e+01
9.713490959666201263e+01 7.272671380665269680e+01 6.755489277616761967e+01
9.763560500695409416e+01 7.273736623584409244e+01 6.756881710920170292e+01
9.813630041724616149e+01 7.274810979844187386e+01 6.758293925165817484e+01
9.863699582753822881e+01 7.275894070279900916e+01 6.759725468313008889e+01
9.913769123783029613e+01 7.276985506995697506e+01 6.761175871120686054e+01
9.963838664812239188e+01 7.278084892084007151e+01 6.762644646681765437e+01
1.001390820584144592e+02 7.279191819721017964e+01 6.764131291470876306e+01
1.006397774687065265e+02 7.280305875002522953e+01 6.765635284413038164e+01
1.011404728789985938e+02 7.281426634642411955e+01 6.767156088309748441e+01
1.016411682892906754e+02 7.282553667787578888e+01 6.768693149955397814e+01
1.021418636995827427e+02 7.283686535319429822e+01 6.770245900079062551e+01
1.026425591098748242e+02 7.284824791018036194e+01 6.771813754857903689e+01
1.031432545201669058e+02 7.285967981562134810e+01 6.773396114345560193e+01
1.036439499304589731e+02 7.287115646063466556e+01 6.774992365149701357e+01
1.041446453407510404e+02 7.288267317929421552e+01 6.776601879151458263e+01
1.046453407510431077e+02 7.289422523931716569e+01 6.778224015717314899e+01
1.051460361613351751e+02 7.290580785021302290e+01 6.779858119894670665e+01
1.056467315716272708e+02 7.291741616211947985e+01 6.781503524740146815e+01
1.061474269819193381e+02 7.292904527278733440e+01 6.783159552018078386e+01
1.066481223922114054e+02 7.294069022990879603e+01 6.784825510454284370e+01
1.071488178025034728e+02 7.295234603926655836e+01 6.786500699344942689e+01
1.076495132127955401e+02 7.296400765309226699e+01 6.788184406693945050e+01
1.081502086230876074e+02 7.297566999102127738e+01 6.789875911075542092e+01
1.086509040333796889e+02 7.298732793310773559e+01 6.791574481401512742e+01
1.091515994436717563e+02 7.299897631982457824e+01 6.793279378201732754e+01
1.096522948539638236e+02 7.301060996836167760e+01 6.794989853857005357e+01
1.101529902642559051e+02 7.302222366331261583e+01 6.796705152948307216e+01
1.106536856745479724e+02 7.303381216365960427e+01 6.798424513304526329e+01
1.111543810848400540e+02 7.304537020743009634e+01 6.800147166584538638e+01
1.116550764951321213e+02 7.305689251402509399e+01 6.801872338044377386e+01
1.121557719054241886e+02 7.306837378421914764e+01 6.803599248283462941e+01
1.126564673157162559e+02 7.307980870947358198e+01 6.805327112662526190e+01
1.131571627260083233e+02 7.309119196727988310e+01 6.807055143224461347e+01
1.136578581363004190e+02 7.310251823047292419e+01 6.808782547763003379e+01
1.141585535465924863e+02 7.311378216490265913e+01 6.810508531568957835e+01
1.146592489568845536e+02 7.312497843409073539e+01 6.812232297197370201e+01
1.151599443671766352e+02 7.313610170505126007e+01 6.813953045748094439e+01
1.156606397774686883e+02 7.314714664363418706e+01 6.815669976691170007e+01
1.161613351877607698e+02 7.315810792616684921e+01 6.817382288681729108e+01
1.166620305980528229e+02 7.316898023246903904e+01 6.819089180258488625e+01
1.171627260083449187e+02 7.317975825400208123e+01 6.820789850251203745e+01
1.176634214186370002e+02 7.319043670085375197e+01 6.822483498071706265e+01
1.181641168289290533e+02 7.320101028776844032e+01 6.824169323946735233e+01
1.186648122392211349e+02 7.321147375277359970e+01 6.825846530664166778e+01
1.191655076495132022e+02 7.322182185485144146e+01 6.827514322525276214e+01
1.196662030598052695e+02 7.323204936928232200e+01 6.829171906276060611e+01
1.201668984700973368e+02 7.324215109928627498e+01 6.830818491922146052e+01
1.206675938803894041e+02 7.325212186670978554e+01 6.832453292728787630e+01
1.211682892906814999e+02 7.326195652599562891e+01 6.834075525977569043e+01
1.216689847009735672e+02 7.327164995603379793e+01 6.835684412733571946e+01
1.221696801112656345e+02 7.328119706831057556e+01 6.837279178776698529e+01
1.226703755215577019e+02 7.329059280458022840e+01 6.838859055067332804e+01
1.231710709318497834e+02 7.329983214152161963e+01 6.840423276756810367e+01
1.236717663421418507e+02 7.330891008375328965e+01 6.841971085748555481e+01
1.241724617524339322e+02 7.331782167896744795e+01 6.843501728835435927e+01
1.246731571627260138e+02 7.332656200628844090e+01 6.845014459329577505e+01
1.251738525730180669e+02 7.333512618558597751e+01 6.846508536713118076e+01
1.256745479833101484e+02 7.334350937165436335e+01 6.847983227336699485e+01
1.261752433936022157e+02 7.335170676352572627e+01 6.849437803895598620e+01
1.266759388038942831e+02 7.335971359748509713e+01 6.850871546404705725e+01
1.271766342141863788e+02 7.336752515638363548e+01 6.852283742256732069e+01
1.276773296244784177e+02 7.337513675566879101e+01 6.853673686134898446e+01
1.281780250347705135e+02 7.338254376201075502e+01 6.855040679983831353e+01
1.286787204450625950e+02 7.338974158631754108e+01 6.856384034100956626e+01
1.291794158553546481e+02 7.339672567209345289e+01 6.857703066263384528e+01
1.296801112656467296e+02 7.340349151872214861e+01 6.858997102106259547e+01
1.301808066759387827e+02 7.341003466516849585e+01 6.860265475908563815e+01
1.306815020862308643e+02 7.341635069929179735e+01 6.861507530098351992e+01
1.311821974965229458e+02 7.342243524736841209e+01 6.862722614903505303e+01
1.316828929068149989e+02 7.342828398806159385e+01 6.863910088904704310e+01
1.321835883171070805e+02 7.343389263845165260e+01 6.865069320083166815e+01
1.326842837273991336e+02 7.343925697033409961e+01 6.866199684452767826e+01
1.331849791376912435e+02 7.344437279508565553e+01 6.867300565186924644e+01
1.336856745479833251e+02 7.344923597064916976e+01 6.868371356460302479e+01
1.341863699582753782e+02 7.345384240153362043e+01 6.869411458908616908e+01
1.346870653685674597e+02 7.345818803648580797e+01 6.870420282975574366e+01
1.351877607788595128e+02 7.346226887314696796e+01 6.871397247108434669e+01
1.356884561891515943e+02 7.346608094757539220e+01 6.872341778165464632e+01
1.361891515994436759e+02 7.346962034938042052e+01 6.873253312114430003e+01
1.366898470097357290e+02 7.347288320542429574e+01 6.874131293035789270e+01
1.371905424200278105e+02 7.347586569320992567e+01 6.874975173180901322e+01
1.376912378303198636e+02 7.347856402807519771e+01 6.875784413961555686e+01
1.381919332406119452e+02 7.348097447658074088e+01 6.876558484000015881e+01
1.386926286509039983e+02 7.348309333788347431e+01 6.877296861682880547e+01
1.391933240611960798e+02 7.348491696410928853e+01 6.877999031697727617e+01
1.396940194714881613e+02 7.348644174405490048e+01 6.878664488858903781e+01
1.401947148817802145e+02 7.348766411133692600e+01 6.879292735086183086e+01
1.406954102920723244e+02 7.348858053740696050e+01 6.879883279512996808e+01
1.411961057023643775e+02 7.348918753853649832e+01 6.880435640470950887e+01
1.416968011126564591e+02 7.348948166883201338e+01 6.880949343334778234e+01
1.421974965229485406e+02 7.348945952198118903e+01 6.881423921337245986e+01
1.426981919332405937e+02 7.348911772892461158e+01 6.881858915569155499e+01
1.431988873435326752e+02 7.348845296484068967e+01 6.882253873873396799e+01
1.436995827538247283e+02 7.348746193983242847e+01 6.882608352474763080e+01
1.442002781641168099e+02 7.348614139659912325e+01 6.882921913418813631e+01
1.447009735744088914e+02 7.348448812207789160e+01 6.883194127555016451e+01
1.452016689847009729e+02 7.348249893114552833e+01 6.883424571218911581e+01
1.457023643949930261e+02 7.348017068291665055e+01 6.883612829462636284e+01
1.462030598052851076e+02 7.347750026444555260e+01 6.883758491805765800e+01
1.467037552155771891e+02 7.347448459771112539e+01 6.883861156269831838e+01
1.472044506258692422e+02 7.347112064005341381e+01 6.883920427042740187e+01
1.477051460361613238e+02 7.346740538009908050e+01 6.883935914187732408e+01
1.482058414464534053e+02 7.346333584038075060e+01 6.883907234109047124e+01
1.487065368567454584e+02 7.345890906860586256e+01 6.883834010470509668e+01
1.492072322670375399e+02 7.345412214740645140e+01 6.883715872318335016e+01
1.497079276773296215e+02 7.344897219448466785e+01 6.883552453611828525e+01
1.502086230876216746e+02 7.344345634806086309e+01 6.883343396082837273e+01
1.507093184979137845e+02 7.343757178171654232e+01 6.883088345359256266e+01
1.512100139082058092e+02 7.343131569042452611e+01 6.882786954472949503e+01
1.517107093184979192e+02 7.342468530350015499e+01 6.882438879845695112e+01
1.522114047287899723e+02 7.341767787179560401e+01 6.882043785313699402e+01
1.527121001390820538e+02 7.341029067701310851e+01 6.881601338696755477e+01
1.532127955493741354e+02 7.340252102064550854e+01 6.881111212962396451e+01
1.537134909596661885e+02 7.339436622979701497e+01 6.880573087328203030e+01
1.542141863699582700e+02 7.338582366882474162e+01 6.879986643980346628e+01
1.547148817802503231e+02 7.337689070674241520e+01 6.879351571857087322e+01
1.552155771905424047e+02 7.336756474981666543e+01 6.878667563389144846e+01
1.557162726008344862e+02 7.335784321770188399e+01 6.877934315780267127e+01
1.562169680111265393e+02 7.334772356439498253e+01 6.877151531287354658e+01
1.567176634214186208e+02 7.333720325262402184e+01 6.876318916332793663e+01
1.572183588317106739e+02 7.332627977480296977e+01 6.875436181555387805e+01
1.577190542420027555e+02 7.331495064197224565e+01 6.874503041617090560e+01
1.582197496522948654e+02 7.330321338372596074e+01 6.873519216023369438e+01
1.587204450625868901e+02 7.329106555665202904e+01 6.872484428283742375e+01
1.592211404728790001e+02 7.327850472643331159e+01 6.871398404181918806e+01
1.597218358831710532e+02 7.326552848792925943e+01 6.870260876835773445e+01
1.602225312934631347e+02 7.325213445578992832e+01 6.869071580090776763e+01
1.607232267037552162e+02 7.323832024815783370e+01 6.867830253293023191e+01
1.612239221140472694e+02 7.322408352042839397e+01 6.866536638320640407e+01
1.617246175243393509e+02 7.320942193963855971e+01 6.865190481650161303e+01
1.622253129346314324e+02 7.319433318213850725e+01 6.863791533861758865e+01
1.627260083449234855e+02 7.317881495920300949e+01 6.862339547194524414e+01
1.632267037552155955e+02 7.316286498327099252e+01 6.860834280319495804e+01
1.637273991655076486e+02 7.314648099413898308e+01 6.859275491500257260e+01
1.642280945757997301e+02 7.312966074848372955e+01 6.857662946625596589e+01
1.647287899860917832e+02 7.311240201404143590e+01 6.855996411820770220e+01
1.652294853963838648e+02 7.309470258561486844e+01 6.854275657914941178e+01
1.657301808066759463e+02 7.307656026586482767e+01 6.852500459066023097e+01
1.662308762169679994e+02 7.305797288160829339e+01 6.850670592629712985e+01
1.667315716272600810e+02 7.303893827334104571e+01 6.848785839919828788e+01
1.672322670375521341e+02 7.301945430193154607e+01 6.846845983690828064e+01
1.677329624478442156e+02 7.299951884163601790e+01 6.844850812037721255e+01
1.682336578581363256e+02 7.297912978999374900e+01 6.842800116096869090e+01
1.687343532684283502e+02 7.295828505618555937e+01 6.840693688532583394e+01
1.692350486787204602e+02 7.293698257907817606e+01 6.838531327773553414e+01
1.697357440890125133e+02 7.291522029870247934e+01 6.836312833348956985e+01
1.702364394993045948e+02 7.289299619001394603e+01 6.834038009973910732e+01
1.707371349095966480e+02 7.287030824543035123e+01 6.831706664791882133e+01
1.712378303198887295e+02 7.284715446260815952e+01 6.829318608598869389e+01
1.717385257301808110e+02 7.282353287180012558e+01 6.826873655406843966e+01
1.722392211404728641e+02 7.279944152974348981e+01 6.824371622560165918e+01
1.727399165507649457e+02 7.277487849754106719e+01 6.821812331826977527e+01
1.732406119610569988e+02 7.274984187034715433e+01 6.819195608293257749e+01
1.737413073713490803e+02 7.272432975990523119e+01 6.816521279318722293e+01
1.742420027816411618e+02 7.269834030706260819e+01 6.813789177025201127e+01
1.747426981919332150e+02 7.267187166780058760e+01 6.810999138747747850e+01
1.752433936022252965e+02 7.264492203302506823e+01 6.808151003265693646e+01
1.757440890125173496e+02 7.261748961459670682e+01 6.805244613731220227e+01
1.762447844228094596e+02 7.258957264067430515e+01 6.802279819211862844e+01
1.767454798331015411e+02 7.256116938469131128e+01 6.799256470626887960e+01
1.772461752433935942e+02 7.253227813516059541e+01 6.796174423963266520e+01
1.777468706536856757e+02 7.250289721528315567e+01 6.793033540443020968e+01
1.782475660639777288e+02 7.247302497850978398e+01 6.789833683714705614e+01
1.787482614742698104e+02 7.244265980797717930e+01 6.786574723975236623e+01
1.792489568845618919e+02 7.241180011839969666e+01 6.783256535503342377e+01
1.797496522948539450e+02 7.238044436159907491e+01 6.779878996863290297e+01
1.802503477051460266e+02 7.234859102941481979e+01 6.776441991414203869e+01
1.807510431154380797e+02 7.231623863347704173e+01 6.772945408794359423e+01
1.812517385257301612e+02 7.228338574478766532e+01 6.769389142716565289e+01
1.817524339360222427e+02 7.225003096054206253e+01 6.765773093762138046e+01
1.822531293463142958e+02 7.221617292508381070e+01 6.762097165564657075e+01
1.827538247566063774e+02 7.218181032117354334e+01 6.758361271227360589e+01
1.832545201668984305e+02 7.214694187835630146e+01 6.754565325617906524e+01
1.837552155771905404e+02 7.211156637659951230e+01 6.750709253153647182e+01
1.842559109874825651e+02 7.207568264236397226e+01 6.746792983286897538e+01
1.847566063977746751e+02 7.203928954569346388e+01 6.742816450563142894e+01
1.852573018080667566e+02 7.200238601905948599e+01 6.738779600005247516e+01
1.857579972183588097e+02 7.196497103800720652e+01 6.734682379721081702e+01
1.862586926286508913e+02 7.192704365258759935e+01 6.730524747131741492e+01
1.867593880389429444e+02 7.188860295708946069e+01 6.726306666614138408e+01
1.872600834492350259e+02 7.184964810750170727e+01 6.722028110519633515e+01
1.877607788595271074e+02 7.181017833082660218e+01 6.717689058271818681e+01
1.882614742698191606e+02 7.177019291225587949e+01 6.713289499044068975e+01
1.887621696801112421e+02 7.172969121852656826e+01 6.708829429693170709e+01
1.892628650904032952e+02 7.168867266754386947e+01 6.704308854642906113e+01
1.897635605006953767e+02 7.164713677502004430e+01 6.699727789260097666e+01
1.902642559109874583e+02 7.160508311312878504e+01 6.695086257293471022e+01
1.907649513212795114e+02 7.156251134892227128e+01 6.690384292736300154e+01
1.912656467315716213e+02 7.151942122337641194e+01 6.685621939360746069e+01
1.917663421418636460e+02 7.147581257241836283e+01 6.680799250477750206e+01
1.922670375521557560e+02 7.143168530975526664e+01 6.675916291527275348e+01
1.927677329624478375e+02 7.138703944826556835e+01 6.670973137240682149e+01
1.932684283727398906e+02 7.134187510436458979e+01 6.665969875373295395e+01
1.937691237830319722e+02 7.129619247479422484e+01 6.660906604456133095e+01
1.942698191933240253e+02 7.124999188318906818e+01 6.655783435372970303e+01
1.947705146036161068e+02 7.120327373933105264e+01 6.650600491600445707e+01
1.952712100139081883e+02 7.115603858018585015e+01 6.645357908374964495e+01
1.957719054242002414e+02 7.110828704545565415e+01 6.640055836570783754e+01
1.962726008344923230e+02 7.106001989795186091e+01 6.634694437990648908e+01
1.967732962447844045e+02 7.101123802941583563e+01 6.629273891011936826e+01
1.972739916550764576e+02 7.096194245033257175e+01 6.623794387588961285e+01
1.977746870653685392e+02 7.091213430506468285e+01 6.618256133500355531e+01
1.982753824756605923e+02 7.086181487650901545e+01 6.612659352118018319e+01
1.987760778859527022e+02 7.081098558609664906e+01 6.607004281816873004e+01
1.992767732962447838e+02 7.075964799844950903e+01 6.601291176615151812e+01
1.997774687065368369e+02 7.070780383185774554e+01 6.595520309157538463e+01
2.002781641168289184e+02 7.065545496293634642e+01 6.589691967921200444e+01
2.007788595271209999e+02 7.060260341731191147e+01 6.583806460242587377e+01
2.012795549374130530e+02 7.054925139698025305e+01 6.577864111386108448e+01
2.017802503477051346e+02 7.049540126866486389e+01 6.571865266173946907e+01
2.022809457579971877e+02 7.044105557429429609e+01 6.565810289218890716e+01
2.027816411682892692e+02 7.038621703798708040e+01 6.559699563731075500e+01
2.032823365785813508e+02 7.033088857943948824e+01 6.553533495825351451e+01
2.037830319888734039e+02 7.027507329297077376e+01 6.547312510621370052e+01
2.042837273991654854e+02 7.021877448666782584e+01 6.541037056085289692e+01
2.047844228094575953e+02 7.016199566550494637e+01 6.534707603931994413e+01
2.052851182197496485e+02 7.010474054735095706e+01 6.528324647296787475e+01
2.057858136300417300e+02 7.004701306704373565e+01 6.521888703340184179e+01
2.062865090403338115e+02 6.998881737828196492e+01 6.515400314004611459e+01
2.067872044506258646e+02 6.993015786934120115e+01 6.508860045345019785e+01
2.072878998609179462e+02 6.987103916190972086e+01 6.502268490381058541e+01
2.077885952712099993e+02 6.981146611458098050e+01 6.495626268420411975e+01
2.082892906815020808e+02 6.975144384031591471e+01 6.488934024622241736e+01
2.087899860917941623e+02 6.969097770935331937e+01 6.482192432194526077e+01
2.092906815020862155e+02 6.963007334746362176e+01 6.475402193994770528e+01
2.097913769123782970e+02 6.956873665515740868e+01 6.468564040179873587e+01
2.102920723226703501e+02 6.950697380477504339e+01 6.461678732338870645e+01
2.107927677329624316e+02 6.944479125445650425e+01 6.454747062328780771e+01
2.112934631432545416e+02 6.938219575396215077e+01 6.447769852507437349e+01
2.117941585535465663e+02 6.931919434583687689e+01 6.440747958061794520e+01
2.122948539638386762e+02 6.925579438461863901e+01 6.433682267007927180e+01
2.127955493741307293e+02 6.919200352403277066e+01 6.426573701064145894e+01
2.132962447844228109e+02 6.912782975366280880e+01 6.419423216349488825e+01
2.137969401947148924e+02 6.906328137857781257e+01 6.412231803732967705e+01
2.142976356050069455e+02 6.899836704145127442e+01 6.405000490463382334e+01
2.147983310152990271e+02 6.893309572692669462e+01 6.397730340576774211e+01
2.152990264255910802e+02 6.886747676860250067e+01 6.390422455129257173e+01
2.157997218358831617e+02 6.880151985194243025e+01 6.383077974699946822e+01
2.163004172461752148e+02 6.873523503639444243e+01 6.375698077761146010e+01
2.168011126564672963e+02 6.866863274345814716e+01 6.368283983821558536e+01
2.173018080667593779e+02 6.860172377531125676e+01 6.360836952262135924e+01
2.178025034770514310e+02 6.853451932528696489e+01 6.353358284606176198e+01
2.183031988873435125e+02 6.846703097088902723e+01 6.345849324519323886e+01
2.188038942976355656e+02 6.839927069707482588e+01 6.338311459206553877e+01
2.193045897079276472e+02 6.833125089509121608e+01 6.330746119528586746e+01
2.198052851182197571e+02 6.826298436713113915e+01 6.323154780933211327e+01
2.203059805285118102e+02 6.819448433913930785e+01 6.315538964503022612e+01
2.208066759388038918e+02 6.812576446314051282e+01 6.307900238119574965e+01
2.213073713490959449e+02 6.805683882771700155e+01 6.300240215648474873e+01
2.218080667593880264e+02 6.798772195684432518e+01 6.292560559849763990e+01
2.223087621696801079e+02 6.791842882851778995e+01 6.284862981097350598e+01
2.228094575799721611e+02 6.784897486776753794e+01 6.277149239474485398e+01
2.233101529902642426e+02 6.777937595597177278e+01 6.269421144657346190e+01
2.238108484005562957e+02 6.770964844016998541e+01 6.261680556729945124e+01
2.243115438108483772e+02 6.763980913771956693e+01 6.253929386766205312e+01
2.248122392211404588e+02 6.756987533163919579e+01 6.246169598168737025e+01
2.253129346314325119e+02 6.749986478923528921e+01 6.238403205853930444e+01
2.258136300417245934e+02 6.742979575046047103e+01 6.230632277765354843e+01
2.263143254520166465e+02 6.735968694654002320e+01 6.222858935281212212e+01
2.268150208623087565e+02 6.728955758833035361e+01 6.215085353156129599e+01
2.273157162726008380e+02 6.721942738145298790e+01 6.207313759637574435e+01
2.278164116828928911e+02 6.714931651930965018e+01 6.199546438561330319e+01
2.283171070931849727e+02 6.707924568424641620e+01 6.191785726848567606e+01
2.288178025034770258e+02 6.700923605803109240e+01 6.184034017765472413e+01
2.293184979137691073e+02 6.693930930904753041e+01 6.176293758129278899e+01
2.298191933240611604e+02 6.686948760160885286e+01 6.168567450287329734e+01
2.303198887343532704e+02 6.679979358780838083e+01 6.160857651767830134e+01
2.308205841446453235e+02 6.673025040868378710e+01 6.153166974581355930e+01
2.313212795549373766e+02 6.666088168956048321e+01 6.145498085337268890e+01
2.318219749652294297e+02 6.659171153539500665e+01 6.137853705592962683e+01
2.323226703755215397e+02 6.652276453310332727e+01 6.130236610107633055e+01
2.328233657858135928e+02 6.645406573642685544e+01 6.122649627657185079e+01
2.333240611961056459e+02 6.638564066127582919e+01 6.115095640219325901e+01
2.338247566063977843e+02 6.631751528107270133e+01 6.107577581343750239e+01
2.343254520166898374e+02 6.624971601976722013e+01 6.100098436617801667e+01
2.348261474269818621e+02 6.618226973437413108e+01 6.092661241687412144e+01
2.353268428372740004e+02 6.611520371264487039e+01 6.085269082024271370e+01
2.358275382475660535e+02 6.604854565211280715e+01 6.077925091063181640e+01
2.363282336578581067e+02 6.598232365660078358e+01 6.070632449037904621e+01
2.368289290681501882e+02 6.591656621293805074e+01 6.063394382049838782e+01
2.373296244784422697e+02 6.585130217699042987e+01 6.056214159506882311e+01
2.378303198887343228e+02 6.578656076434708666e+01 6.049095093192110539e+01
2.383310152990264044e+02 6.572237151656008791e+01 6.042040534702638865e+01
2.388317107093184859e+02 6.565876429648778867e+01 6.035053873819808246e+01
2.393324061196105390e+02 6.559576925802684855e+01 6.028138535715217472e+01
2.398331015299026205e+02 6.553341682515747380e+01 6.021297979088078023e+01
2.403337969401946737e+02 6.547173766982450616e+01 6.014535693487661661e+01
2.408344923504867552e+02 6.541076268516189884e+01 6.007855195588010133e+01
2.413351877607788083e+02 6.535052295522473287e+01 6.001260028256612600e+01
2.418358831710709183e+02 6.529104973403445911e+01 5.994753754966470183e+01
2.423365785813629998e+02 6.523237440949014854e+01 5.988339958515527428e+01
2.428372739916550529e+02 6.517452846960804891e+01 5.982022236137228788e+01
2.433379694019471344e+02 6.511754347923852038e+01 5.975804197172212184e+01
2.438386648122392160e+02 6.506145103932067286e+01 5.969689457946034850e+01
2.443393602225312691e+02 6.500628274962946307e+01 5.963681638276713670e+01
2.448400556328233506e+02 6.495207017850771081e+01 5.957784358215096177e+01
2.453407510431154037e+02 6.489884481862827670e+01 5.952001231991263808e+01
2.458414464534074853e+02 6.484663805090531241e+01 5.946335864754902900e+01
2.463421418636995668e+02 6.479548109792813193e+01 5.940791847685861171e+01
2.468428372739916199e+02 6.474540500067814719e+01 5.935372752639042915e+01
2.473435326842837014e+02 6.469644054635136854e+01 5.930082127953457416e+01
2.478442280945758114e+02 6.464861824740364682e+01 5.924923493097114147e+01
2.483449235048678645e+02 6.460196829265623819e+01 5.919900333195502640e+01
2.488456189151599460e+02 6.455652049490890931e+01 5.915016094142148972e+01
2.493463143254520276e+02 6.451230425019457471e+01 5.910274177243510962e+01
2.498470097357440807e+02 6.446934849004901480e+01 5.905677932234058858e+01
2.503477051460361338e+02 6.442768163494474720e+01 5.901230654511411444e+01
2.508484005563282153e+02 6.438733154423243832e+01 5.896935576870848195e+01
2.513490959666202968e+02 6.434832547073892783e+01 5.892795864557658092e+01
2.518497913769123500e+02 6.431069001187279355e+01 5.888814610494111434e+01
2.523504867872044315e+02 6.427445106189406943e+01 5.884994828672890321e+01
2.528511821974965130e+02 6.423963376767642330e+01 5.881339448219907240e+01
2.533518776077885661e+02 6.420626247282780241e+01 5.877851308039200262e+01
2.538525730180806477e+02 6.417436068625829648e+01 5.874533150526505665e+01
2.543532684283727576e+02 6.414395101349509787e+01 5.871387617960382954e+01
2.548539638386647823e+02 6.411505513339943718e+01 5.868417244062104032e+01
2.553546592489568354e+02 6.408769374927214812e+01 5.865624450270362900e+01
2.558553546592489738e+02 6.406188653064600658e+01 5.863011539571263597e+01
2.563560500695410269e+02 6.403765209465927910e+01 5.860580693122275875e+01
2.568567454798330800e+02 6.401500794668390881e+01 5.858333962277785645e+01
2.573574408901251900e+02 6.399397045413206797e+01 5.856273265795127259e+01
2.578581363004172431e+02 6.397455480454664212e+01 5.854400385177970634e+01
2.583588317107092962e+02 6.395677497416909318e+01 5.852716959088385806e+01
2.588595271210013493e+02 6.394064369185070973e+01 5.851224478806645379e+01
2.593602225312934593e+02 6.392617240820254665e+01 5.849924287518180677e+01
2.598609179415855124e+02 6.391337127929728013e+01 5.848817572579238799e+01
2.603616133518775655e+02 6.390224912243138533e+01 5.847905364007121420e+01
2.608623087621696754e+02 6.389281341379682999e+01 5.847188531075036622e+01
2.613630041724617286e+02 6.388507025355647784e+01 5.846667781358948446e+01
2.618636995827537817e+02 6.387902435653086286e+01 5.846343655025950170e+01
2.623643949930458916e+02 6.387467903386277612e+01 5.846216525361771232e+01
2.628650904033379447e+02 6.387203619185311254e+01 5.846286595743978864e+01
2.633657858136299978e+02 6.387109631275234278e+01 5.846553899292732126e+01
2.638664812239220510e+02 6.387185845476051327e+01 5.847018298172289974e+01
2.643671766342141609e+02 6.387432025231828447e+01 5.847679480389589912e+01
2.648678720445062140e+02 6.387847792076354381e+01 5.848536965032937474e+01
2.653685674547982671e+02 6.388432624934648629e+01 5.849590096596759281e+01
2.658692628650904339e+02 6.389185862567683216e+01 5.850838049288998377e+01
2.663699582753824870e+02 6.390106703455967363e+01 5.852279827147415858e+01
2.668706536856744833e+02 6.391194207662192639e+01 5.853914266600898486e+01
2.673713490959666501e+02 6.392447299159539398e+01 5.855740036032787543e+01
2.678720445062587032e+02 6.393864766762999352e+01 5.857755640612143111e+01
2.683727399165507563e+02 6.395445267505419906e+01 5.859959423341481966e+01
2.688734353268428094e+02 6.397187328965810593e+01 5.862349568607444894e+01
2.693741307371349194e+02 6.399089351830480155e+01 5.864924105673256349e+01
2.698748261474269725e+02 6.401149613618326839e+01 5.867680912578637731e+01
2.703755215577190256e+02 6.403366271707636770e+01 5.870617720039720666e+01
2.708762169680111356e+02 6.405737366828543600e+01 5.873732115814621579e+01
2.713769123783031887e+02 6.408260827690537553e+01 5.877021549476469886e+01
2.718776077885952418e+02 6.410934474474925082e+01 5.880483337186436188e+01
2.723783031988873518e+02 6.413756023200403433e+01 5.884114667747329008e+01
2.728789986091794049e+02 6.416723089797596913e+01 5.887912606678131056e+01
2.733796940194714580e+02 6.419833195667888504e+01 5.891874103431749177e+01
2.738803894297635111e+02 6.423083771525125485e+01 5.895995996051627230e+01
2.743810848400556210e+02 6.426472162168647628e+01 5.900275018156665396e+01
2.748817802503476742e+02 6.429995632071222644e+01 5.904707804645570945e+01
2.753824756606397273e+02 6.433651370501320343e+01 5.909290897983285618e+01
2.758831710709318372e+02 6.437436495364818256e+01 5.914020754487413001e+01
2.763838664812238903e+02 6.441348059491429012e+01 5.918893751313137841e+01
2.768845618915159434e+02 6.445383055291313212e+01 5.923906192506822777e+01
2.773852573018079966e+02 6.449538420575845521e+01 5.929054315990927648e+01
2.778859527121001065e+02 6.453811042632150929e+01 5.934334299617606234e+01
2.783866481223921596e+02 6.458197763811040204e+01 5.939742267687964272e+01
2.788873435326842127e+02 6.462695387347775977e+01 5.945274298169809413e+01
2.793880389429763227e+02 6.467300681087363046e+01 5.950926428052756023e+01
2.798887343532683758e+02 6.472010383770975750e+01 5.956694660565975141e+01
2.803894297635604289e+02 6.476821209226909559e+01 5.962574970882545244e+01
2.808901251738525957e+02 6.481729850794363301e+01 5.968563312173048985e+01
2.813908205841446488e+02 6.486732987144205254e+01 5.974655622590492499e+01
2.818915159944367019e+02 6.491827286004263442e+01 5.980847829228426349e+01
2.823922114047287550e+02 6.497009409281599801e+01 5.987135856037187409e+01
2.828929068150208650e+02 6.502276016322139185e+01 5.993515627083527875e+01
2.833936022253129181e+02 6.507623769498604815e+01 5.999983073535534572e+01
2.838942976356049712e+02 6.513049337353731971e+01 6.006534137853580546e+01
2.843949930458970812e+02 6.518549399024050217e+01 6.013164779494675827e+01
2.848956884561891343e+02 6.524120647732343059e+01 6.019870978521342408e+01
2.853963838664811874e+02 6.529759794047276955e+01 6.026648740956719053e+01
2.858970792767732974e+02 6.535463570307183545e+01 6.033494102975512874e+01
2.863977746870653505e+02 6.541228732948366087e+01 6.040403134862120282e+01
2.868984700973574036e+02 6.547052066463220399e+01 6.047371944270255995e+01
2.873991655076494567e+02 6.552930384913634043e+01 6.054396680879565906e+01
2.878998609179415666e+02 6.558860536704014521e+01 6.061473538607518208e+01
2.884005563282336198e+02 6.564839405745442491e+01 6.068598760266016257e+01
2.889012517385257297e+02 6.570863914016808849e+01 6.075768638376305830e+01
2.894019471488177828e+02 6.576931024708028417e+01 6.082979520291249287e+01
2.899026425591098359e+02 6.583037743093154859e+01 6.090227809243063462e+01
2.904033379694019459e+02 6.589181119790009689e+01 6.097509966264172476e+01
2.909040333796939990e+02 6.595358251342258882e+01 6.104822513883394208e+01
2.914047287899860521e+02 6.601566283013380598e+01 6.112162036475186255e+01
2.919054242002781621e+02 6.607802409194118809e+01 6.119525182660711948e+01
2.924061196105702152e+02 6.614063875265128445e+01 6.126908666937654857e+01
2.929068150208622683e+02 6.620347979110374581e+01 6.134309269971257095e+01
2.934075104311543782e+02 6.626652071291755419e+01 6.141723841673413631e+01
2.939082058414464314e+02 6.632973557377408724e+01 6.149149300251340833e+01
2.944089012517384845e+02 6.639309896893973928e+01 6.156582633860128340e+01
2.949095966620305944e+02 6.645658605538483243e+01 6.164020901674123820e+01
2.954102920723226475e+02 6.652017255236569326e+01 6.171461233444463801e+01
2.959109874826147006e+02 6.658383474200672936e+01 6.178900830124806021e+01
2.964116828929068106e+02 6.664754947628534865e+01 6.186336964511613701e+01
2.969123783031988637e+02 6.671129418168857228e+01 6.193766981971751306e+01
2.974130737134909168e+02 6.677504685572057497e+01 6.201188297386582349e+01
2.979137691237830268e+02 6.683878606748476159e+01 6.208598400114172478e+01
2.984144645340750799e+02 6.690249096699699294e+01 6.215994848925222982e+01
2.989151599443671330e+02 6.696614126190252136e+01 6.223375274156754244e+01
2.994158553546592429e+02 6.702971724075905513e+01 6.230737376315121878e+01
2.999165507649512961e+02 6.709319975441030692e+01 6.238078926978235472e+01
3.004172461752433492e+02 6.715657021947845351e+01 6.245397766409044493e+01
3.009179415855354023e+02 6.721981060788675677e+01 6.252691803788368929e+01
3.014186369958275691e+02 6.728290344453125726e+01 6.259959016865653325e+01
3.019193324061196222e+02 6.734583180262416136e+01 6.267197450561982919e+01
3.024200278164116185e+02 6.740857931067876052e+01 6.274405214874607850e+01
3.029207232267037853e+02 6.747113011176406872e+01 6.281580488544025798e+01
3.034214186369958384e+02 6.753346890075772535e+01 6.288721511952647347e+01
3.039221140472878915e+02 6.759558087894401979e+01 6.295826590471736495e+01
3.044228094575799446e+02 6.765745176914788317e+01 6.302894092016688887e+01
3.049235048678720545e+02 6.771906780758581590e+01 6.309922445534087387e+01
3.054242002781641077e+02 6.778041571709036361e+01 6.316910140708844779e+01
3.059248956884561608e+02 6.784148271991580259e+01 6.323855726984677972e+01
3.064255910987482707e+02 6.790225651911168825e+01 6.330757811670540036e+01
3.069262865090403238e+02 6.796272529037378263e+01 6.337615059686416430e+01
3.074269819193323769e+02 6.802287767855159473e+01 6.344426191002187920e+01
3.079276773296244869e+02 6.808270277203700971e+01 6.351189981736300183e+01
3.084283727399165400e+02 6.814219012604735326e+01 6.357905259666497955e+01
3.089290681502085931e+02 6.820132970951090101e+01 6.364570906696374664e+01
3.094297635605006462e+02 6.826011194173770491e+01 6.371185854853595742e+01
3.099304589707927562e+02 6.831852764148788992e+01 6.377749087832914654e+01
3.104311543810848093e+02 6.837656805083679501e+01 6.384259635606331074e+01
3.109318497913768624e+02 6.843422480185108725e+01 6.390716577903849327e+01
3.114325452016689724e+02 6.849148992706614081e+01 6.397119040573788595e+01
3.119332406119610255e+02 6.854835583038220648e+01 6.403466194375259590e+01
3.124339360222530786e+02 6.860481529142998625e+01 6.409757254850892139e+01
3.129346314325451885e+02 6.866086145509325434e+01 6.415991479570655542e+01
3.134353268428372417e+02 6.871648781230032910e+01 6.422168168861097115e+01
3.139360222531292948e+02 6.877168820522638271e+01 6.428286663994802552e+01
3.144367176634213479e+02 6.882645680677524069e+01 6.434346345060183125e+01
3.149374130737134578e+02 6.888078811919694999e+01 6.440346630622505586e+01
3.154381084840055109e+02 6.893467696026345948e+01 6.446286978127253064e+01
3.159388038942975641e+02 6.898811845217278460e+01 6.452166880348093514e+01
3.164394993045897309e+02 6.904110801747447113e+01 6.457985866452183643e+01
3.169401947148817840e+02 6.909364138139790157e+01 6.463743498419027844e+01
3.174408901251737802e+02 6.914571454158431152e+01 6.469439372531489596e+01
3.179415855354659470e+02 6.919732376808678964e+01 6.475073117873982653e+01
3.184422809457580001e+02 6.924846560337027768e+01 6.480644393823460803e+01
3.189429763560500533e+02 6.929913684841449140e+01 6.486152891122166864e+01
3.194436717663421064e+02 6.934933454918063944e+01 6.491598330476101353e+01
3.199443671766342163e+02 6.939905600111342210e+01 6.496980460864271834e+01
3.204450625869262694e+02 6.944829873229718942e+01 6.502299056426402046e+01
3.209457579972183225e+02 6.949706050056374806e+01 6.507553922959907311e+01
3.214464534075104325e+02 6.954533928494311112e+01 6.512744889057778153e+01
3.219471488178024856e+02 6.959313327866948384e+01 6.517871809353657397e+01
3.224478442280945387e+02 6.964044087288311857e+01 6.522934563591427093e+01
3.229485396383865918e+02 6.968726067525676626e+01 6.527933053340113645e+01
3.234492350486787018e+02 6.973359147507107991e+01 6.532867204511767056e+01
3.239499304589707549e+02 6.977943225209128286e+01 6.537736965333515116e+01
3.244506258692628649e+02 6.982478217310199398e+01 6.542542305530496094e+01
3.249513212795549180e+02 6.986964057480872725e+01 6.547283214268809104e+01
3.254520166898469711e+02 6.991400696182336105e+01 6.551959701740150877e+01
3.259527121001390810e+02 6.995788100457230030e+01 6.556571798327303213e+01
3.264534075104311910e+02 7.000126253262988030e+01 6.561119550301617664e+01
3.269541029207232441e+02 7.004415152509591280e+01 6.565603025651461166e+01
3.274547983310152972e+02 7.008654811247379257e+01 6.570022308195865435e+01
3.279554937413073503e+02 7.012845256280979811e+01 6.574377497844386653e+01
3.284561891515994603e+02 7.016986528559482394e+01 6.578668712824571685e+01
3.289568845618915134e+02 7.021078681022754608e+01 6.582896085184790991e+01
3.294575799721835665e+02 7.025121781657344400e+01 6.587059763920285604e+01
3.299582753824756765e+02 7.029115908461517392e+01 6.591159913650506041e+01
3.304589707927677296e+02 7.033061152879508882e+01 6.595196709609615482e+01
3.309596662030597827e+02 7.036957616421841522e+01 6.599170343708271957e+01
3.314603616133518926e+02 7.040805412833560695e+01 6.603081022154390212e+01
3.319610570236439457e+02 7.044604665627684881e+01 6.606928960835637099e+01
3.324617524339359989e+02 7.048355508507211198e+01 6.610714391114950672e+01
3.329624478442280520e+02 7.052058085590670089e+01 6.614437554272652164e+01
3.334631432545201619e+02 7.055712550237058167e+01 6.618098706277149290e+01
3.339638386648122150e+02 7.059319064776627783e+01 6.621698110169771212e+01
3.344645340751042681e+02 7.062877799499528919e+01 6.625236042325948915e+01
3.349652294853963781e+02 7.066388935198756371e+01 6.628712790568923197e+01
3.354659248956884312e+02 7.069852658429863368e+01 6.632128651735936842e+01
3.359666203059804843e+02 7.073269165003421222e+01 6.635483931766455612e+01
3.364673157162726511e+02 7.076638657947751199e+01 6.638778948241477451e+01
3.369680111265647042e+02 7.079961346781328757e+01 6.642014025763299401e+01
3.374687065368567005e+02 7.083237449368152738e+01 6.645189499069627459e+01
3.379694019471487536e+02 7.086467188930964767e+01 6.648305711360106329e+01
3.384700973574409204e+02 7.089650795535544603e+01 6.651363015184099936e+01
3.389707927677329735e+02 7.092788505108455865e+01 6.654361769566233420e+01
3.394714881780250266e+02 7.095880560608475207e+01 6.657302342364485526e+01
3.399721835883171366e+02 7.098927209185330867e+01 6.660185107552163686e+01
3.404728789986091897e+02 7.101928703867724835e+01 6.663010449670903768e+01
3.409735744089012428e+02 7.104885303330502211e+01 6.665778757318460634e+01
3.414742698191932959e+02 7.107797271487197577e+01 6.668490427558847955e+01
3.419749652294854059e+02 7.110664875627389847e+01 6.671145863534459863e+01
3.424756606397774590e+02 7.113488389559915959e+01 6.673745475645685588e+01
3.429763560500695121e+02 7.116268090353241860e+01 6.676289679884487782e+01
3.434770514603616220e+02 7.119004259266785084e+01 6.678778897994473596e+01
3.439777468706536752e+02 7.121697182216576039e+01 6.681213559606388230e+01
3.444784422809457283e+02 7.124347148494689463e+01 6.683594096475556512e+01
3.449791376912378382e+02 7.126954451642359345e+01 6.685920950048878808e+01
3.454798331015298913e+02 7.129519388518656342e+01 6.688194565266169889e+01
3.459805285118219444e+02 7.132042259416903107e+01 6.690415390994897393e+01
3.464812239221139976e+02 7.134523368064674287e+01 6.692583884805938510e+01
3.469819193324061075e+02 7.136963021099927573e+01 6.694700504880896119e+01
3.474826147426981606e+02 7.139361528572362658e+01 6.696765717088101155e+01
3.479833101529902137e+02 7.141719202869307992e+01 6.698779991797482580e+01
3.484840055632823237e+02 7.144036359744814035e+01 6.700743801632188479e+01
3.489847009735743768e+02 7.146313317303747681e+01 6.702657627133294227e+01
3.494853963838664299e+02 7.148550396270320562e+01 6.704521950031039523e+01
3.499860917941585399e+02 7.150747919406012443e+01 6.706337257450786637e+01
3.504867872044505930e+02 7.152906212440893796e+01 6.708104040337775587e+01
3.509874826147426461e+02 7.155025603056810724e+01 6.709822793471676050e+01
3.514881780250346992e+02 7.157106421229354964e+01 6.711494015728521845e+01
3.519888734353268660e+02 7.159148998192858926e+01 6.713118208771038553e+01
3.524895688456189191e+02 7.161153668113865933e+01 6.714695878700285903e+01
3.529902642559109154e+02 7.163120766474048651e+01 6.716227534133440713e+01
3.534909596662030822e+02 7.165050630528594411e+01 6.717713687463674432e+01
3.539916550764951353e+02 7.166943599162505052e+01 6.719154853726922738e+01
3.544923504867871884e+02 7.168800013065219900e+01 6.720551551672815549e+01
3.549930458970792415e+02 7.170620214585096619e+01 6.721904302878374438e+01
3.554937413073713515e+02 7.172404547263749919e+01 6.723213630892405490e+01
3.559944367176634046e+02 7.174153355399494103e+01 6.724480061955819110e+01
3.564951321279554577e+02 7.175866985982747792e+01 6.725704126456821541e+01
3.569958275382475676e+02 7.177545785843858539e+01 6.726886355714941601e+01
3.574965229485396208e+02 7.179190103835890113e+01 6.728027283145183901e+01
3.579972183588316739e+02 7.180800289786884605e+01 6.729127446004258672e+01
3.584979137691237838e+02 7.182376694470758594e+01 6.730187381432460825e+01
3.589986091794158369e+02 7.183919669316264844e+01 6.731207631343113462e+01
3.594993045897078900e+02 7.185429566959965086e+01 6.732188736459920619e+01
3.600000000000000000e+02 7.186906741420852995e+01 6.733131241657520150e+01
