# lons lats(polar edge) lats(equatorward edge)
0.000000000000000000e+00 -7.883462026808410883e+01 -7.417083240067586303e+01
5.006954102920723182e-01 -7.883802402508445084e+01 -7.417773514473810792e+01
1.001390820584144636e+00 -7.884092193888500333e+01 -7.418396682199090719e+01
1.502086230876216844e+00 -7.884331355663016438e+01 -7.418952668461133726e+01
2.002781641168289273e+00 -7.884519837689731503e+01 -7.419441394272143953e+01
2.503477051460361480e+00 -7.884657583092484856e+01 -7.419862775012734346e+01
3.004172461752433687e+00 -7.884744529854651773e+01 -7.420216721363249235e+01
3.504867872044505894e+00 -7.884780610222514952e+01 -7.420503137513878755e+01
4.005563282336578546e+00 -7.884765749690268422e+01 -7.420721923871315084e+01
4.506258692628650309e+00 -7.884699868600728223e+01 -7.420872973682708107e+01
5.006954102920722960e+00 -7.884582880748348543e+01 -7.420956174316233955e+01
5.507649513212795611e+00 -7.884414693437429378e+01 -7.420971407959586941e+01
6.008344923504867374e+00 -7.884195207714947173e+01 -7.420918550630449317e+01
6.509040333796940025e+00 -7.883924319098150590e+01 -7.420797472176491283e+01
7.009735744089011789e+00 -7.883601915246254066e+01 -7.420608034761971794e+01
7.510431154381083552e+00 -7.883227878630714258e+01 -7.420350095487083308e+01
8.011126564673157091e+00 -7.882802084003196796e+01 -7.420023504408891313e+01
8.511821974965229742e+00 -7.882324400272773346e+01 -7.419628104905132204e+01
9.012517385257300617e+00 -7.881794689370872220e+01 -7.419163733732420951e+01
9.513212795549373268e+00 -7.881212805545510491e+01 -7.418630219891201705e+01
1.001390820584144592e+01 -7.880578597165731480e+01 -7.418027386895846575e+01
1.051460361613352035e+01 -7.879891905324620893e+01 -7.417355049296747893e+01
1.101529902642559122e+01 -7.879152564013929805e+01 -7.416613015008624643e+01
1.151599443671766032e+01 -7.878360400124074658e+01 -7.415801086125429720e+01
1.201668984700973475e+01 -7.877515233269514283e+01 -7.414919055544305593e+01
1.251738525730180740e+01 -7.876616875788749894e+01 -7.413966708808220574e+01
1.301808066759388005e+01 -7.875665133035363397e+01 -7.412943824769743628e+01
1.351877607788595093e+01 -7.874659802446694812e+01 -7.411850173980499790e+01
1.401947148817802358e+01 -7.873600674009503564e+01 -7.410685518779362724e+01
1.452016689847009623e+01 -7.872487531307706377e+01 -7.409449615946076051e+01
1.502086230876216710e+01 -7.871320148728409549e+01 -7.408142211375096053e+01
1.552155771905424153e+01 -7.870098294255876681e+01 -7.406763044645347804e+01
1.602225312934631418e+01 -7.868821727143222233e+01 -7.405311847099372358e+01
1.652294853963838506e+01 -7.867490199534950079e+01 -7.403788342017949731e+01
1.702364394993045948e+01 -7.866103456030396046e+01 -7.402192244067126126e+01
1.752433936022252681e+01 -7.864661232184880646e+01 -7.400523260913476520e+01
1.802503477051460123e+01 -7.863163256867119344e+01 -7.398781090721175246e+01
1.852573018080667566e+01 -7.861609250389301451e+01 -7.396965423810914331e+01
1.902642559109874654e+01 -7.859998924623505445e+01 -7.395075941903203898e+01
1.952712100139081741e+01 -7.858331983874813886e+01 -7.393112318889623680e+01
2.002781641168289184e+01 -7.856608124532067450e+01 -7.391074220017915763e+01
2.052851182197496627e+01 -7.854827033554465743e+01 -7.388961302438818279e+01
2.102920723226704069e+01 -7.852988390654354589e+01 -7.386773213862741727e+01
2.152990264255910802e+01 -7.851091867249488132e+01 -7.384509593832606811e+01
2.203059805285118244e+01 -7.849137125706329243e+01 -7.382170074039439100e+01
2.253129346314325332e+01 -7.847123820489650825e+01 -7.379754277996087808e+01
2.303198887343532064e+01 -7.845051597369456431e+01 -7.377261819087269146e+01
2.353268428372739507e+01 -7.842920093828433892e+01 -7.374692302913703656e+01
2.403337969401946950e+01 -7.840728938610845944e+01 -7.372045326763131357e+01
2.453407510431154037e+01 -7.838477751737082144e+01 -7.369320480170958376e+01
2.503477051460361480e+01 -7.836166144612798234e+01 -7.366517341480889058e+01
2.553546592489568567e+01 -7.833793720378162106e+01 -7.363635483914353586e+01
2.603616133518776010e+01 -7.831360073675023159e+01 -7.360674470574198835e+01
2.653685674547983453e+01 -7.828864789126237156e+01 -7.357633856036304110e+01
2.703755215577190185e+01 -7.826307444391568424e+01 -7.354513185708387368e+01
2.753824756606397628e+01 -7.823687606515159132e+01 -7.351311998818604820e+01
2.803894297635604715e+01 -7.821004835454368731e+01 -7.348029825631132894e+01
2.853963838664812158e+01 -7.818258681365841767e+01 -7.344666186282015019e+01
2.904033379694019246e+01 -7.815448685813316843e+01 -7.341220595552189820e+01
2.954102920723226333e+01 -7.812574381971353432e+01 -7.337692557454178655e+01
3.004172461752433421e+01 -7.809635293584869942e+01 -7.334081571169267022e+01
3.054242002781640863e+01 -7.806630935434804996e+01 -7.330387124411831223e+01
3.104311543810848306e+01 -7.803560814735101303e+01 -7.326608700297842347e+01
3.154381084840055394e+01 -7.800424429037229856e+01 -7.322745773561368310e+01
3.204450625869262836e+01 -7.797221267045097193e+01 -7.318797809623251283e+01
3.254520166898469569e+01 -7.793950808847876033e+01 -7.314764268782059276e+01
3.304589707927677011e+01 -7.790612526081895339e+01 -7.310644603420118415e+01
3.354659248956884454e+01 -7.787205881748741376e+01 -7.306438259080354669e+01
3.404728789986091897e+01 -7.783730329906029510e+01 -7.302144673884217241e+01
3.454798331015298629e+01 -7.780185316300412524e+01 -7.297763279885006682e+01
3.504867872044505361e+01 -7.776570278529470670e+01 -7.293293502514902116e+01
3.554937413073713515e+01 -7.772884645576050389e+01 -7.288734762214775742e+01
3.605006954102920247e+01 -7.769127837691848981e+01 -7.284086471640225113e+01
3.655076495132127690e+01 -7.765299267561567831e+01 -7.279348040681983889e+01
3.705146036161335132e+01 -7.761398339138759184e+01 -7.274518869801144660e+01
3.755215577190541865e+01 -7.757424449450263637e+01 -7.269598358643892766e+01
3.805285118219749307e+01 -7.753376986558942008e+01 -7.264585899987909556e+01
3.855354659248956750e+01 -7.749255331455424312e+01 -7.259480882157990322e+01
3.905424200278163482e+01 -7.745058857126787188e+01 -7.254282691341958866e+01
3.955493741307371636e+01 -7.740786929837122443e+01 -7.248990708788059578e+01
4.005563282336578368e+01 -7.736438908167110640e+01 -7.243604312302213089e+01
4.055632823365785811e+01 -7.732014143858032185e+01 -7.238122878640442082e+01
4.105702364394993253e+01 -7.727511981986390310e+01 -7.232545781866664925e+01
4.155771905424199986e+01 -7.722931761313157040e+01 -7.226872393498214819e+01
4.205841446453408139e+01 -7.718272813381554442e+01 -7.221102085532638171e+01
4.255910987482614871e+01 -7.713534464612530428e+01 -7.215234227930213251e+01
4.305980528511821603e+01 -7.708716035984616610e+01 -7.209268192048202195e+01
4.356050069541029046e+01 -7.703816841869775089e+01 -7.203203349011036494e+01
4.406119610570236489e+01 -7.698836193001989159e+01 -7.197039072271454074e+01
4.456189151599443221e+01 -7.693773394265372190e+01 -7.190774737299261687e+01
4.506258692628650664e+01 -7.688627746804195340e+01 -7.184409721196470855e+01
4.556328233657857396e+01 -7.683398547964679892e+01 -7.177943406184976993e+01
4.606397774687064128e+01 -7.678085090974855120e+01 -7.171375178756034074e+01
4.656467315716272282e+01 -7.672686666632580454e+01 -7.164704430057508944e+01
4.706536856745479014e+01 -7.667202563640239532e+01 -7.157930557862027854e+01
4.756606397774686457e+01 -7.661632067440586980e+01 -7.151052967891200751e+01
4.806675938803893899e+01 -7.655974463010716136e+01 -7.144071073236557368e+01
4.856745479833100632e+01 -7.650229033930736477e+01 -7.136984296108278158e+01
4.906815020862308074e+01 -7.644395063853517058e+01 -7.129792070414180216e+01
4.956884561891514807e+01 -7.638471836679309490e+01 -7.122493840309755342e+01
5.006954102920722960e+01 -7.632458637894524145e+01 -7.115089063146581339e+01
5.057023643949929692e+01 -7.626354753698615241e+01 -7.107577209906150983e+01
5.107093184979137135e+01 -7.620159474394677090e+01 -7.099957768011802273e+01
5.157162726008345288e+01 -7.613872092410383630e+01 -7.092230240486526327e+01
5.207232267037552020e+01 -7.607491904364360380e+01 -7.084394148712374317e+01
5.257301808066758753e+01 -7.601018213394490886e+01 -7.076449034198515164e+01
5.307371349095966906e+01 -7.594450327528102207e+01 -7.068394458781324374e+01
5.357440890125173638e+01 -7.587787561893856036e+01 -7.060230008207793162e+01
5.407510431154380370e+01 -7.581029239885901916e+01 -7.051955291475235299e+01
5.457579972183587813e+01 -7.574174694793691742e+01 -7.043569944039984421e+01
5.507649513212795256e+01 -7.567223269103487837e+01 -7.035073629752798752e+01
5.557719054242002699e+01 -7.560174317641576636e+01 -7.026466042208551244e+01
5.607788595271209431e+01 -7.553027206875776756e+01 -7.017746906259628759e+01
5.657858136300416163e+01 -7.545781318866283982e+01 -7.008915981071834267e+01
5.707927677329624316e+01 -7.538436049897791236e+01 -6.999973061288540066e+01
5.757997218358831759e+01 -7.530990813928292482e+01 -6.990917980581355096e+01
5.808066759388038491e+01 -7.523445041454033344e+01 -6.981750610893425346e+01
5.858136300417245934e+01 -7.515798184973755269e+01 -6.972470866892319918e+01
5.908205841446452666e+01 -7.508049716893219738e+01 -6.963078709753528983e+01
5.958275382475660109e+01 -7.500199133483329206e+01 -6.953574146083622054e+01
6.008344923504866841e+01 -7.492245955345788389e+01 -6.943957231878368930e+01
6.058414464534074995e+01 -7.484189729392164736e+01 -6.934228076422652975e+01
6.108484005563281727e+01 -7.476030031405025511e+01 -6.924386841941225157e+01
6.158553546592489170e+01 -7.467766467202091007e+01 -6.914433749856027589e+01
6.208623087621696612e+01 -7.459398674731710344e+01 -6.904369078341471777e+01
6.258692628650903345e+01 -7.450926326401167898e+01 -6.894193170939172433e+01
6.308762169680110787e+01 -7.442349130939328461e+01 -6.883906435568417237e+01
6.358831710709318941e+01 -7.433666835724943667e+01 -6.873509347203719244e+01
6.408901251738525673e+01 -7.424879228183635860e+01 -6.863002452300418099e+01
6.458970792767732405e+01 -7.415986140095265000e+01 -6.852386370533633908e+01
6.509040333796939137e+01 -7.406987447593928664e+01 -6.841661799465794047e+01
6.559109874826147291e+01 -7.397883074544006377e+01 -6.830829513375203987e+01
6.609179415855354023e+01 -7.388672995334127336e+01 -6.819890370708446881e+01
6.659248956884562176e+01 -7.379357237554722815e+01 -6.808845314516941016e+01
6.709318497913768908e+01 -7.369935882929348736e+01 -6.797695373970339006e+01
6.759388038942975641e+01 -7.360409072320544510e+01 -6.786441670468332177e+01
6.809457579972183794e+01 -7.350777005962663679e+01 -6.775085417640650576e+01
6.859527121001390526e+01 -7.341039947885656147e+01 -6.763627925974572008e+01
6.909596662030597258e+01 -7.331198228243374615e+01 -6.752070603367894819e+01
6.959666203059803991e+01 -7.321252244972492917e+01 -6.740414959669135442e+01
7.009735744089010723e+01 -7.311202467867042287e+01 -6.728662607317812672e+01
7.059805285118218876e+01 -7.301049441197756096e+01 -6.716815264953322639e+01
7.109874826147427029e+01 -7.290793785923960968e+01 -6.704874760412633350e+01
7.159944367176633762e+01 -7.280436201701741084e+01 -6.692843029275093159e+01
7.210013908205840494e+01 -7.269977472239042982e+01 -6.680722120217535576e+01
7.260083449235048647e+01 -7.259418465412090882e+01 -6.668514196294847807e+01
7.310152990264255379e+01 -7.248760136466808035e+01 -6.656221534823555430e+01
7.360222531293462112e+01 -7.238003532559014275e+01 -6.643846530117582461e+01
7.410292072322670265e+01 -7.227149792405180051e+01 -6.631391693426405709e+01
7.460361613351876997e+01 -7.216200151870361879e+01 -6.618859656063716557e+01
7.510431154381083729e+01 -7.205155943444333388e+01 -6.606253166955423239e+01
7.560500695410290461e+01 -7.194018601363859489e+01 -6.593575095098924521e+01
7.610570236439498615e+01 -7.182789661379865720e+01 -6.580828429006498936e+01
7.660639777468706768e+01 -7.171470764948389842e+01 -6.568016276035916690e+01
7.710709318497913500e+01 -7.160063660278319730e+01 -6.555141862521406892e+01
7.760778859527120233e+01 -7.148570204194038524e+01 -6.542208532318466041e+01
7.810848400556326965e+01 -7.136992363532408490e+01 -6.529219745406874154e+01
7.860917941585533697e+01 -7.125332217907634913e+01 -6.516179076377295587e+01
7.910987482614743271e+01 -7.113591959478435456e+01 -6.503090212801464531e+01
7.961057023643950004e+01 -7.101773895334554254e+01 -6.489956952729255590e+01
8.011126564673156736e+01 -7.089880447147515952e+01 -6.476783200264901552e+01
8.061196105702363468e+01 -7.077914153469828307e+01 -6.463572965334162745e+01
8.111265646731571621e+01 -7.065877668279790669e+01 -6.450330357630730305e+01
8.161335187760779775e+01 -7.053773762320270180e+01 -6.437059583473012481e+01
8.211404728789986507e+01 -7.041605322749455809e+01 -6.423764941380352411e+01
8.261474269819193239e+01 -7.029375351860289811e+01 -6.410450817882076535e+01
8.311543810848399971e+01 -7.017086968186413287e+01 -6.397121681114651892e+01
8.361613351877606704e+01 -7.004743403417160152e+01 -6.383782076397903893e+01
8.411682892906816278e+01 -6.992348001699065208e+01 -6.370436620297834907e+01
8.461752433936023010e+01 -6.979904218122464954e+01 -6.357089993874535594e+01
8.511821974965229742e+01 -6.967415616742437123e+01 -6.343746936279342208e+01
8.561891515994436475e+01 -6.954885867552002310e+01 -6.330412238468409214e+01
8.611961057023643207e+01 -6.942318744153817534e+01 -6.317090735635713372e+01
8.662030598052849939e+01 -6.929718120500547229e+01 -6.303787300926626358e+01
8.712100139082058092e+01 -6.917087967053157627e+01 -6.290506835426197085e+01
8.762169680111264825e+01 -6.904432347288457095e+01 -6.277254263968200121e+01
8.812239221140472978e+01 -6.891755413740975200e+01 -6.264034524424926076e+01
8.862308762169679710e+01 -6.879061403229934513e+01 -6.250852561653584871e+01
8.912378303198886442e+01 -6.866354631271315156e+01 -6.237713318124872330e+01
8.962447844228094596e+01 -6.853639487886903225e+01 -6.224621727170881513e+01
9.012517385257301328e+01 -6.840920432016355335e+01 -6.211582704253953580e+01
9.062586926286508060e+01 -6.828201985463601886e+01 -6.198601138584774617e+01
9.112656467315714792e+01 -6.815488726610419690e+01 -6.185681886777740601e+01
9.162726008344921524e+01 -6.802785285061327158e+01 -6.172829763770562295e+01
9.212795549374128257e+01 -6.790096333727342426e+01 -6.160049535839345936e+01
9.262865090403337831e+01 -6.777426583703709184e+01 -6.147345912915181998e+01
9.312934631432544563e+01 -6.764780776353654801e+01 -6.134723541715641204e+01
9.363004172461751295e+01 -6.752163676789132296e+01 -6.122186999225516502e+01
9.413073713490958028e+01 -6.739580066653070389e+01 -6.109740785711903754e+01
9.463143254520164760e+01 -6.727034736435962259e+01 -6.097389318903435651e+01
9.513212795549372913e+01 -6.714532479655099451e+01 -6.085136928023996461e+01
9.563282336578581067e+01 -6.702078083657761454e+01 -6.072987847389879335e+01
9.613351877607787799e+01 -6.689676324033280252e+01 -6.060946213674026239e+01
9.663421418636994531e+01 -6.677331956696798443e+01 -6.049016059503185261e+01
9.713490959666201263e+01 -6.665049710438688635e+01 -6.037201308190117288e+01
9.763560500695409416e+01 -6.652834281336618005e+01 -6.025505774461191777e+01
9.813630041724616149e+01 -6.640690323675153195e+01 -6.013933155725237611e+01
9.863699582753822881e+01 -6.628622445521978079e+01 -6.002487033179488662e+01
9.913769123783029613e+01 -6.616635200811651885e+01 -5.991170867385801557e+01
9.963838664812239188e+01 -6.604733083408427774e+01 -5.979987997135606292e+01
1.001390820584144592e+02 -6.592920521751148044e+01 -5.968941639217075590e+01
1.006397774687065265e+02 -6.581201872333986103e+01 -5.958034883758512024e+01
1.011404728789985938e+02 -6.569581414351341664e+01 -5.947270697255146388e+01
1.016411682892906754e+02 -6.558063344691981911e+01 -5.936651921055738512e+01
1.021418636995827427e+02 -6.546651773282428621e+01 -5.926181271362577263e+01
1.026425591098748242e+02 -6.535350718663175940e+01 -5.915861339406103525e+01
1.031432545201669058e+02 -6.524164103332077502e+01 -5.905694593773216639e+01
1.036439499304589731e+02 -6.513095750368302106e+01 -5.895683380872935686e+01
1.041446453407510404e+02 -6.502149380172704696e+01 -5.885829925052814815e+01
1.046453407510431077e+02 -6.491328606742536067e+01 -5.876136332033195231e+01
1.051460361613351751e+02 -6.480636936274459003e+01 -5.866604592479700386e+01
1.056467315716272708e+02 -6.470077762740766048e+01 -5.857236579121956765e+01
1.061474269819193381e+02 -6.459654367656548857e+01 -5.848034054917218327e+01
1.066481223922114054e+02 -6.449369917984222411e+01 -5.838998671522415407e+01
1.071488178025034728e+02 -6.439227464387295186e+01 -5.830131975835240610e+01
1.076495132127955401e+02 -6.429229940531877219e+01 -5.821435408800891764e+01
1.081502086230876074e+02 -6.419380162853849470e+01 -5.812910310592553742e+01
1.086509040333796889e+02 -6.409680828929049312e+01 -5.804557925340770907e+01
1.091515994436717563e+02 -6.400134518579216092e+01 -5.796379399062470839e+01
1.096522948539638236e+02 -6.390743692940668552e+01 -5.788375787944869444e+01
1.101529902642559051e+02 -6.381510696443365305e+01 -5.780548060166393043e+01
1.106536856745479724e+02 -6.372437756112412899e+01 -5.772897095738653661e+01
1.111543810848400540e+02 -6.363526981393442838e+01 -5.765423694944684030e+01
1.116550764951321213e+02 -6.354780368343563168e+01 -5.758128574437205316e+01
1.121557719054241886e+02 -6.346199798234374612e+01 -5.751012377774668494e+01
1.126564673157162559e+02 -6.337787038948954432e+01 -5.744075672569078961e+01
1.131571627260083233e+02 -6.329543748707146733e+01 -5.737318955082582761e+01
1.136578581363004190e+02 -6.321471473970086663e+01 -5.730742653552579213e+01
1.141585535465924863e+02 -6.313571655493797152e+01 -5.724347129097577636e+01
1.146592489568845536e+02 -6.305845626233713119e+01 -5.718132679449763600e+01
1.151599443671766352e+02 -6.298294615593840717e+01 -5.712099538298343759e+01
1.156606397774686883e+02 -6.290919750125249266e+01 -5.706247883962487322e+01
1.161613351877607698e+02 -6.283722055970793008e+01 -5.700577831824330133e+01
1.166620305980528229e+02 -6.276702461659078836e+01 -5.695089444049654048e+01
1.171627260083449187e+02 -6.269861797697012662e+01 -5.689782729078569901e+01
1.176634214186370002e+02 -6.263200800062259077e+01 -5.684657639733768519e+01
1.181641168289290533e+02 -6.256720113111350656e+01 -5.679714078924871501e+01
1.186648122392211349e+02 -6.250420290520105482e+01 -5.674951896388802197e+01
1.191655076495132022e+02 -6.244301796317722619e+01 -5.670370896140366312e+01
1.196662030598052695e+02 -6.238365007922675431e+01 -5.665970831902950522e+01
1.201668984700973368e+02 -6.232610217421006382e+01 -5.661751407690599081e+01
1.206675938803894041e+02 -6.227037635175202013e+01 -5.657712283104910966e+01
1.211682892906814999e+02 -6.221647387554094166e+01 -5.653853070661125457e+01
1.216689847009735672e+02 -6.216439523452118010e+01 -5.650173334754936150e+01
1.221696801112656345e+02 -6.211414012091972836e+01 -5.646672595253176041e+01
1.226703755215577019e+02 -6.206570747273781308e+01 -5.643350327813959666e+01
1.231710709318497834e+02 -6.201909546705701359e+01 -5.640205960215962477e+01
1.236717663421418507e+02 -6.197430155438178190e+01 -5.637238876400670051e+01
1.241724617524339322e+02 -6.193132247042649396e+01 -5.634448414262305960e+01
1.246731571627260138e+02 -6.189015422767533892e+01 -5.631833866778333686e+01
1.251738525730180669e+02 -6.185079215845598810e+01 -5.629394482080397211e+01
1.256745479833101484e+02 -6.181323091668582492e+01 -5.627129461806771360e+01
1.261752433936022157e+02 -6.177746448369271093e+01 -5.625037963692602716e+01
1.266759388038942831e+02 -6.174348618072963291e+01 -5.623119097022436108e+01
1.271766342141863788e+02 -6.171128870855591231e+01 -5.621371927452355521e+01
1.276773296244784177e+02 -6.168086410661908303e+01 -5.619795473888598281e+01
1.281780250347705135e+02 -6.165220382319512282e+01 -5.618388709509827095e+01
1.286787204450625950e+02 -6.162529867304237996e+01 -5.617150560675736415e+01
1.291794158553546481e+02 -6.160013890521349822e+01 -5.616079907361790902e+01
1.296801112656467296e+02 -6.157671414011838351e+01 -5.615175582911842866e+01
1.301808066759387827e+02 -6.155501346498476778e+01 -5.614436374722072287e+01
1.306815020862308643e+02 -6.153502537797885452e+01 -5.613861024299194469e+01
1.311821974965229458e+02 -6.151673782545822178e+01 -5.613448224881221904e+01
1.316828929068149989e+02 -6.150013821594166075e+01 -5.613196625526552452e+01
1.321835883171070805e+02 -6.148521342709409510e+01 -5.613104826923017754e+01
1.326842837273991336e+02 -6.147194981271150027e+01 -5.613171386024487219e+01
1.331849791376912435e+02 -6.146033321334380162e+01 -5.613394812871274553e+01
1.336856745479833251e+02 -6.145034897434038612e+01 -5.613773572347281515e+01
1.341863699582753782e+02 -6.144198195443118493e+01 -5.614306085364160026e+01
1.346870653685674597e+02 -6.143521653853917996e+01 -5.614990728528437103e+01
1.351877607788595128e+02 -6.143003663879449050e+01 -5.615825833373901332e+01
1.356884561891515943e+02 -6.142642573120633642e+01 -5.616809690341551686e+01
1.361891515994436759e+02 -6.142436684009248893e+01 -5.617940546478575925e+01
1.366898470097357290e+02 -6.142384256601894776e+01 -5.619216607999487678e+01
1.371905424200278105e+02 -6.142483510326223950e+01 -5.620636040111503462e+01
1.376912378303198636e+02 -6.142732623748111109e+01 -5.622196968644357185e+01
1.381919332406119452e+02 -6.143129737365620713e+01 -5.623897481243557195e+01
1.386926286509039983e+02 -6.143672954656744878e+01 -5.625735627719632248e+01
1.391933240611960798e+02 -6.144360342428649346e+01 -5.627709421639747234e+01
1.396940194714881613e+02 -6.145189933844471852e+01 -5.629816842110312791e+01
1.401947148817802145e+02 -6.146159728888983409e+01 -5.632055834246284576e+01
1.406954102920723244e+02 -6.147267696347648780e+01 -5.634424310953772874e+01
1.411961057023643775e+02 -6.148511774737949054e+01 -5.636920153008259149e+01
1.416968011126564591e+02 -6.149889874637688081e+01 -5.639541213711208911e+01
1.421974965229485406e+02 -6.151399879849145691e+01 -5.642285317609503181e+01
1.426981919332405937e+02 -6.153039648563230912e+01 -5.645150262125252993e+01
1.431988873435326752e+02 -6.154807015222127120e+01 -5.648133820699013086e+01
1.436995827538247283e+02 -6.156699793196844439e+01 -5.651233743255443187e+01
1.442002781641168099e+02 -6.158715774437973778e+01 -5.654447758997275741e+01
1.447009735744088914e+02 -6.160852732502485196e+01 -5.657773575706823976e+01
1.452016689847009729e+02 -6.163108423950711767e+01 -5.661208883587687524e+01
1.457023643949930261e+02 -6.165480589394087474e+01 -5.664751358058720143e+01
1.462030598052851076e+02 -6.167966955939868967e+01 -5.668398656843646677e+01
1.467037552155771891e+02 -6.170565238122458140e+01 -5.672148426723151715e+01
1.472044506258692422e+02 -6.173273140231708567e+01 -5.675998303185633631e+01
1.477051460361613238e+02 -6.176088357011417429e+01 -5.679945911125696512e+01
1.482058414464534053e+02 -6.179008575871216635e+01 -5.683988868103779168e+01
1.487065368567454584e+02 -6.182031478749217968e+01 -5.688124786092384966e+01
1.492072322670375399e+02 -6.185154742810505013e+01 -5.692351271825327785e+01
1.497079276773296215e+02 -6.188376042659024279e+01 -5.696665929708115073e+01
1.502086230876216746e+02 -6.191693051850984375e+01 -5.701066363214931698e+01
1.507093184979137845e+02 -6.195103444059009234e+01 -5.705550176169208498e+01
1.512100139082058092e+02 -6.198604894701952617e+01 -5.710114974489852102e+01
1.517107093184979192e+02 -6.202195082574712615e+01 -5.714758368403136046e+01
1.522114047287899723e+02 -6.205871691012384872e+01 -5.719477972675531419e+01
1.527121001390820538e+02 -6.209632409636492412e+01 -5.724271409640505226e+01
1.532127955493741354e+02 -6.213474935053477566e+01 -5.729136309664181681e+01
1.537134909596661885e+02 -6.217396973008385430e+01 -5.734070312775156708e+01
1.542141863699582700e+02 -6.221396239141563456e+01 -5.739071070061481805e+01
1.547148817802503231e+02 -6.225470460152814667e+01 -5.744136245649724515e+01
1.552155771905424047e+02 -6.229617375780458133e+01 -5.749263517054214390e+01
1.557162726008344862e+02 -6.233834738743121306e+01 -5.754450576690442176e+01
1.562169680111265393e+02 -6.238120317126254122e+01 -5.759695133970535608e+01
1.567176634214186208e+02 -6.242471894382128994e+01 -5.764994915186844082e+01
1.572183588317106739e+02 -6.246887271425316612e+01 -5.770347665374583812e+01
1.577190542420027555e+02 -6.251364266516270618e+01 -5.775751149592406364e+01
1.582197496522948654e+02 -6.255900717356803398e+01 -5.781203153155229302e+01
1.587204450625868901e+02 -6.260494481322916727e+01 -5.786701483031220050e+01
1.592211404728790001e+02 -6.265143436396124343e+01 -5.792243969238779755e+01
1.597218358831710532e+02 -6.269845481687320898e+01 -5.797828464846543284e+01
1.602225312934631347e+02 -6.274598539532257746e+01 -5.803452847312155427e+01
1.607232267037552162e+02 -6.279400554443805049e+01 -5.809115019588216455e+01
1.612239221140472694e+02 -6.284249495207427572e+01 -5.814812909773036154e+01
1.617246175243393509e+02 -6.289143355055807660e+01 -5.820544472856863649e+01
1.622253129346314324e+02 -6.294080151668845247e+01 -5.826307690605472089e+01
1.627260083449234855e+02 -6.299057929152718316e+01 -5.832100572898934843e+01
1.632267037552155955e+02 -6.304074757108560334e+01 -5.837921157382379533e+01
1.637273991655076486e+02 -6.309128731796613465e+01 -5.843767511037594886e+01
1.642280945757997301e+02 -6.314217977533212434e+01 -5.849637729426331134e+01
1.647287899860917832e+02 -6.319340644362478088e+01 -5.855529937272376628e+01
1.652294853963838648e+02 -6.324494911898023020e+01 -5.861442290789864273e+01
1.657301808066759463e+02 -6.329678987285683434e+01 -5.867372974947511466e+01
1.662308762169679994e+02 -6.334891105902011077e+01 -5.873320205098434599e+01
1.667315716272600810e+02 -6.340129532460218797e+01 -5.879282228609963568e+01
1.672322670375521341e+02 -6.345392560195273290e+01 -5.885257323466657908e+01
1.677329624478442156e+02 -6.350678511969840656e+01 -5.891243797222568901e+01
1.682336578581363256e+02 -6.355985739808625112e+01 -5.897239990646494334e+01
1.687343532684283502e+02 -6.361312625422237943e+01 -5.903244274549660986e+01
1.692350486787204602e+02 -6.366657579741536210e+01 -5.909255051866648500e+01
1.697357440890125133e+02 -6.372019044081775974e+01 -5.915270756229301696e+01
1.702364394993045948e+02 -6.377395488745628427e+01 -5.921289853516509538e+01
1.707371349095966480e+02 -6.382785414420163761e+01 -5.927310839991559988e+01
1.712378303198887295e+02 -6.388187351245528589e+01 -5.933332244139319300e+01
1.717385257301808110e+02 -6.393599859222399573e+01 -5.939352625021865606e+01
1.722392211404728641e+02 -6.399021527746322135e+01 -5.945370572358524441e+01
1.727399165507649457e+02 -6.404450976713656019e+01 -5.951384708956038594e+01
1.732406119610569988e+02 -6.409886854193268846e+01 -5.957393685448050746e+01
1.737413073713490803e+02 -6.415327838580219577e+01 -5.963396185169995078e+01
1.742420027816411618e+02 -6.420772637664435933e+01 -5.969390921736203381e+01
1.747426981919332150e+02 -6.426219987641184161e+01 -5.975376637708404814e+01
1.752433936022252965e+02 -6.431668653809560965e+01 -5.981352106607528185e+01
1.757440890125173496e+02 -6.437117430921739469e+01 -5.987316132113346612e+01
1.762447844228094596e+02 -6.442565141553154717e+01 -5.993267545998105561e+01
1.767454798331015411e+02 -6.448010637004722412e+01 -5.999205209821820972e+01
1.772461752433935942e+02 -6.453452796604346986e+01 -6.005128015165109900e+01
1.777468706536856757e+02 -6.458890527241260315e+01 -6.011034879700173406e+01
1.782475660639777288e+02 -6.464322764180928971e+01 -6.016924751323540477e+01
1.787482614742698104e+02 -6.469748469406135882e+01 -6.022796605929625002e+01
1.792489568845618919e+02 -6.475166632199056949e+01 -6.028649445373457638e+01
1.797496522948539450e+02 -6.480576268384561445e+01 -6.034482300151876188e+01
1.802503477051460266e+02 -6.485976420912288631e+01 -6.040294226886044271e+01
1.807510431154380797e+02 -6.491366158808909859e+01 -6.046084308819854414e+01
1.812517385257301612e+02 -6.496744577003505583e+01 -6.051851656169174021e+01
1.817524339360222427e+02 -6.502110795745488758e+01 -6.057595403775349041e+01
1.822531293463142958e+02 -6.507463961070266123e+01 -6.063314712224109826e+01
1.827538247566063774e+02 -6.512803243635084982e+01 -6.069008767688228545e+01
1.832545201668984305e+02 -6.518127838893656190e+01 -6.074676781044854579e+01
1.837552155771905404e+02 -6.523436967067050318e+01 -6.080317985582678375e+01
1.842559109874825651e+02 -6.528729872561621050e+01 -6.085931640894796146e+01
1.847566063977746751e+02 -6.534005822280983011e+01 -6.091517028942416800e+01
1.852573018080667566e+02 -6.539264107939766291e+01 -6.097073454953442706e+01
1.857579972183588097e+02 -6.544504043997244480e+01 -6.102600246956808405e+01
1.862586926286508913e+02 -6.549724967395400199e+01 -6.108096755194947036e+01
1.867593880389429444e+02 -6.554926237384302112e+01 -6.113562352225653740e+01
1.872600834492350259e+02 -6.560107236089629623e+01 -6.118996431554205628e+01
1.877607788595271074e+02 -6.565267366591820064e+01 -6.124398408280808326e+01
1.882614742698191606e+02 -6.570406053973806593e+01 -6.129767719392089020e+01
1.887621696801112421e+02 -6.575522744509748918e+01 -6.135103820863645296e+01
1.892628650904032952e+02 -6.580616904835574132e+01 -6.140406189294066053e+01
1.897635605006953767e+02 -6.585688022843919498e+01 -6.145674321811878826e+01
1.902642559109874583e+02 -6.590735606330804330e+01 -6.150907734420383122e+01
1.907649513212795114e+02 -6.595759182300776047e+01 -6.156105961662018444e+01
1.912656467315716213e+02 -6.600758299062385959e+01 -6.161268557069473673e+01
1.917663421418636460e+02 -6.605732522415587482e+01 -6.166395093776867498e+01
1.922670375521557560e+02 -6.610681438562119183e+01 -6.171485162453376461e+01
1.927677329624478375e+02 -6.615604651569833550e+01 -6.176538369964458752e+01
1.932684283727398906e+02 -6.620501784493194464e+01 -6.181554343431838561e+01
1.937691237830319722e+02 -6.625372478230951856e+01 -6.186532724354532320e+01
1.942698191933240253e+02 -6.630216391831731926e+01 -6.191473173149046261e+01
1.947705146036161068e+02 -6.635033201966530214e+01 -6.196375365074840147e+01
1.952712100139081883e+02 -6.639822602230219672e+01 -6.201238993406644795e+01
1.957719054242002414e+02 -6.644584304145632814e+01 -6.206063766225764766e+01
1.962726008344923230e+02 -6.649318035359124224e+01 -6.210849407656081667e+01
1.967732962447844045e+02 -6.654023540208095255e+01 -6.215595657532998075e+01
1.972739916550764576e+02 -6.658700579750097859e+01 -6.220302270088308205e+01
1.977746870653685392e+02 -6.663348930846063922e+01 -6.224969014586844196e+01
1.982753824756605923e+02 -6.667968386742381881e+01 -6.229595676591583242e+01
1.987760778859527022e+02 -6.672558755339218806e+01 -6.234182053656280686e+01
1.992767732962447838e+02 -6.677119861082269381e+01 -6.238727960214913537e+01
1.997774687065368369e+02 -6.681651542969143520e+01 -6.243233221993745019e+01
2.002781641168289184e+02 -6.686153655480688940e+01 -6.247697679853030195e+01
2.007788595271209999e+02 -6.690626067533253263e+01 -6.252121188913901051e+01
2.012795549374130530e+02 -6.695068662711514662e+01 -6.256503616695721348e+01
2.017802503477051346e+02 -6.699481339384897183e+01 -6.260844843232501944e+01
2.022809457579971877e+02 -6.703864009659832846e+01 -6.265144764507152786e+01
2.027816411682892692e+02 -6.708216600311084221e+01 -6.269403285844913398e+01
2.032823365785813508e+02 -6.712539051501175891e+01 -6.273620327035627042e+01
2.037830319888734039e+02 -6.716831317595301698e+01 -6.277795820703926211e+01
2.042837273991654854e+02 -6.721093366288209836e+01 -6.281929711181459197e+01
2.047844228094575953e+02 -6.725325178604202847e+01 -6.286021955147174367e+01
2.052851182197496485e+02 -6.729526749129968266e+01 -6.290072521962014207e+01
2.057858136300417300e+02 -6.733698085636228825e+01 -6.294081391539674541e+01
2.062865090403338115e+02 -6.737839208670288826e+01 -6.298048557719465634e+01
2.067872044506258646e+02 -6.741950151264995839e+01 -6.301974024454847267e+01
2.072878998609179462e+02 -6.746030960684970523e+01 -6.305857808160379818e+01
2.077885952712099993e+02 -6.750081695137873794e+01 -6.309699937066778830e+01
2.082892906815020808e+02 -6.754102426335543896e+01 -6.313500450056761792e+01
2.087899860917941623e+02 -6.758093238635433408e+01 -6.317259397945616684e+01
2.092906815020862155e+02 -6.762054228051079008e+01 -6.320976843481201968e+01
2.097913769123782970e+02 -6.765985503037904891e+01 -6.324652859466749533e+01
2.102920723226703501e+02 -6.769887184231288302e+01 -6.328287531147378786e+01
2.107927677329624316e+02 -6.773759404868565071e+01 -6.331880954554816299e+01
2.112934631432545416e+02 -6.777602309450253415e+01 -6.335433236085390263e+01
2.117941585535465663e+02 -6.781416054904207158e+01 -6.338944494719197564e+01
2.122948539638386762e+02 -6.785200809683396983e+01 -6.342414860142906718e+01
2.127955493741307293e+02 -6.788956754464402366e+01 -6.345844472549669035e+01
2.132962447844228109e+02 -6.792684081099673676e+01 -6.349233482988364585e+01
2.137969401947148924e+02 -6.796382993548854756e+01 -6.352582054702378400e+01
2.142976356050069455e+02 -6.800053707413121629e+01 -6.355890361616201290e+01
2.147983310152990271e+02 -6.803696449993390161e+01 -6.359158588568260484e+01
2.152990264255910802e+02 -6.807311459824654776e+01 -6.362386931427334957e+01
2.157997218358831617e+02 -6.810898987490895706e+01 -6.365575597732839697e+01
2.163004172461752148e+02 -6.814459294228095132e+01 -6.368724805647087805e+01
2.168011126564672963e+02 -6.817992653379428702e+01 -6.371834784973924570e+01
2.173018080667593779e+02 -6.821499350162434894e+01 -6.374905776460235529e+01
2.178025034770514310e+02 -6.824979680388446468e+01 -6.377938032494438403e+01
2.183031988873435125e+02 -6.828433951743159014e+01 -6.380931816873652451e+01
2.188038942976355656e+02 -6.831862483320969659e+01 -6.383887404570867830e+01
2.193045897079276472e+02 -6.835265605624977070e+01 -6.386805081734945588e+01
2.198052851182197571e+02 -6.838643660217735487e+01 -6.389685147436847501e+01
2.203059805285118102e+02 -6.841997001001823264e+01 -6.392527911341329627e+01
2.208066759388038918e+02 -6.845325992124367076e+01 -6.395333694405434244e+01
2.213073713490959449e+02 -6.848631010305348354e+01 -6.398102830973965638e+01
2.218080667593880264e+02 -6.851912442509296852e+01 -6.400835665869107061e+01
2.223087621696801079e+02 -6.855170688157181758e+01 -6.403532557184388452e+01
2.228094575799721611e+02 -6.858406157496597189e+01 -6.406193874654871934e+01
2.233101529902642426e+02 -6.861619272533084768e+01 -6.408819999424321168e+01
2.238108484005562957e+02 -6.864810466855510640e+01 -6.411411326722753756e+01
2.243115438108483772e+02 -6.867980185053988862e+01 -6.413968262606812232e+01
2.248122392211404588e+02 -6.871128883767619300e+01 -6.416491227452223711e+01
2.253129346314325119e+02 -6.874257030753165054e+01 -6.418980653218039834e+01
2.258136300417245934e+02 -6.877365105641752052e+01 -6.421436984843620621e+01
2.263143254520166465e+02 -6.880453599007546472e+01 -6.423860681063541733e+01
2.268150208623087565e+02 -6.883523014113984573e+01 -6.426252212644993733e+01
2.273157162726008380e+02 -6.886573864585466254e+01 -6.428612064839779805e+01
2.278164116828928911e+02 -6.889606676619246173e+01 -6.430940735889106463e+01
2.283171070931849727e+02 -6.892621987239203918e+01 -6.433238737787559103e+01
2.288178025034770258e+02 -6.895620345576412547e+01 -6.435506595451823841e+01
2.293184979137691073e+02 -6.898602312403477299e+01 -6.437744849107201617e+01
2.298191933240611604e+02 -6.901568460018120277e+01 -6.439954052192132394e+01
2.303198887343532704e+02 -6.904519372126765120e+01 -6.442134772638763707e+01
2.308205841446453235e+02 -6.907455644310198295e+01 -6.444287592756535332e+01
2.313212795549373766e+02 -6.910377884023569095e+01 -6.446413109406802278e+01
2.318219749652294297e+02 -6.913286709665067065e+01 -6.448511934235665422e+01
2.323226703755215397e+02 -6.916182752031113523e+01 -6.450584693557556193e+01
2.328233657858135928e+02 -6.919066653035793024e+01 -6.452632028937313180e+01
2.333240611961056459e+02 -6.921939066292929965e+01 -6.454654597073766809e+01
2.338247566063977843e+02 -6.924800656883257943e+01 -6.456653070148985307e+01
2.343254520166898374e+02 -6.927652101645458060e+01 -6.458628135479028742e+01
2.348261474269818621e+02 -6.930494088361251670e+01 -6.460580496445271592e+01
2.353268428372740004e+02 -6.933327316686722952e+01 -6.462510871912326138e+01
2.358275382475660535e+02 -6.936152497453826982e+01 -6.464419997042949717e+01
2.363282336578581067e+02 -6.938970352670389730e+01 -6.466308622599552791e+01
2.368289290681501882e+02 -6.941781615869354027e+01 -6.468177515991936843e+01
2.373296244784422697e+02 -6.944587031177456993e+01 -6.470027460928048413e+01
2.378303198887343228e+02 -6.947387354013721961e+01 -6.471859257297563772e+01
2.383310152990264044e+02 -6.950183350623797196e+01 -6.473673721870380859e+01
2.388317107093184859e+02 -6.952975797847125250e+01 -6.475471688063788633e+01
2.393324061196105390e+02 -6.955765483582604247e+01 -6.477254006175297718e+01
2.398331015299026205e+02 -6.958553205391604024e+01 -6.479021543149809759e+01
2.403337969401946737e+02 -6.961339772011365312e+01 -6.480775183045278709e+01
2.408344923504867552e+02 -6.964126001608769911e+01 -6.482515827032710831e+01
2.413351877607788083e+02 -6.966912722711663264e+01 -6.484244393279749374e+01
2.418358831710709183e+02 -6.969700772695455271e+01 -6.485961817299920540e+01
2.423365785813629998e+02 -6.972490999412934798e+01 -6.487669051486972194e+01
2.428372739916550529e+02 -6.975284259215209204e+01 -6.489367065813365798e+01
2.433379694019471344e+02 -6.978081417650196272e+01 -6.491056847015369158e+01
2.438386648122392160e+02 -6.980883348880547601e+01 -6.492739399524378996e+01
2.443393602225312691e+02 -6.983690934868741351e+01 -6.494415744535598378e+01
2.448400556328233506e+02 -6.986505066075574177e+01 -6.496086920357282679e+01
2.453407510431154037e+02 -6.989326640587046313e+01 -6.497753982876400869e+01
2.458414464534074853e+02 -6.992156563183038998e+01 -6.499418004394482296e+01
2.463421418636995668e+02 -6.994995745802975762e+01 -6.501080073860447328e+01
2.468428372739916199e+02 -6.997845106730915177e+01 -6.502741297918345253e+01
2.473435326842837014e+02 -7.000705570071681905e+01 -6.504402798811878483e+01
2.478442280945758114e+02 -7.003578065285205412e+01 -6.506065715315725129e+01
2.483449235048678645e+02 -7.006463526837274003e+01 -6.507731202560916017e+01
2.488456189151599460e+02 -7.009362893966704178e+01 -6.509400431452758085e+01
2.493463143254520276e+02 -7.012277108589864838e+01 -6.511074589020080339e+01
2.498470097357440807e+02 -7.015207117163322437e+01 -6.512754876174238916e+01
2.503477051460361338e+02 -7.018153867657042611e+01 -6.514442510910538431e+01
2.508484005563282153e+02 -7.021118310485712755e+01 -6.516138724059072729e+01
2.513490959666202968e+02 -7.024101397228173482e+01 -6.517844761263785358e+01
2.518497913769123500e+02 -7.027104080045342016e+01 -6.519561882836950417e+01
2.523504867872044315e+02 -7.030127310516058969e+01 -6.521291360732374187e+01
2.528511821974965130e+02 -7.033172039986334312e+01 -6.523034480640870925e+01
2.533518776077885661e+02 -7.036239217008210289e+01 -6.524792541291770931e+01
2.538525730180806477e+02 -7.039329788038253355e+01 -6.526566851193291541e+01
2.543532684283727576e+02 -7.042444696040570307e+01 -6.528358730728012915e+01
2.548539638386647823e+02 -7.045584879671901035e+01 -6.530169511337970789e+01
2.553546592489568354e+02 -7.048751271186142731e+01 -6.532000533312765356e+01
2.558553546592489738e+02 -7.051944798646240997e+01 -6.533853145323899980e+01
2.563560500695410269e+02 -7.055166379404931831e+01 -6.535728704424781199e+01
2.568567454798330800e+02 -7.058416926274753678e+01 -6.537628575701472755e+01
2.573574408901251900e+02 -7.061697339844636190e+01 -6.539554128896651264e+01
2.578581363004172431e+02 -7.065008511739529240e+01 -6.541506739806590076e+01
2.583588317107092962e+02 -7.068351321127943265e+01 -6.543487788651344772e+01
2.588595271210013493e+02 -7.071726635012987572e+01 -6.545498658794184621e+01
2.593602225312934593e+02 -7.075135306369725186e+01 -6.547540734995362754e+01
2.598609179415855124e+02 -7.078578172398943025e+01 -6.549615403644946809e+01
2.603616133518775655e+02 -7.082056054992813188e+01 -6.551724049503189917e+01
2.608623087621696754e+02 -7.085569758348378855e+01 -6.553868058152528420e+01
2.613630041724617286e+02 -7.089120066872078496e+01 -6.556048810031296625e+01
2.618636995827537817e+02 -7.092707745878237802e+01 -6.558267682340027704e+01
2.623643949930458916e+02 -7.096333539726424533e+01 -6.560526046218382135e+01
2.628650904033379447e+02 -7.099998169260311442e+01 -6.562825265821101084e+01
2.633657858136299978e+02 -7.103702331574845630e+01 -6.565166697041416910e+01
2.638664812239220510e+02 -7.107446698619264680e+01 -6.567551684191852246e+01
2.643671766342141609e+02 -7.111231916556812394e+01 -6.569981561657908742e+01
2.648678720445062140e+02 -7.115058602737940419e+01 -6.572457648497942273e+01
2.653685674547982671e+02 -7.118927345583892929e+01 -6.574981249800470096e+01
2.658692628650904339e+02 -7.122838702956892121e+01 -6.577553653148055446e+01
2.663699582753824870e+02 -7.126793201985515225e+01 -6.580176128238957745e+01
2.668706536856744833e+02 -7.130791335339404213e+01 -6.582849922405142706e+01
2.673713490959666501e+02 -7.134833562116932626e+01 -6.585576262940588776e+01
2.678720445062587032e+02 -7.138920305953456591e+01 -6.588356351396936361e+01
2.683727399165507563e+02 -7.143051953478811811e+01 -6.591191364252875928e+01
2.688734353268428094e+02 -7.147228853269575666e+01 -6.594082448424882159e+01
2.693741307371349194e+02 -7.151451315266990605e+01 -6.597030722800622016e+01
2.698748261474269725e+02 -7.155719608477761540e+01 -6.600037272934781640e+01
2.703755215577190256e+02 -7.160033961235990319e+01 -6.603103150063174098e+01
2.708762169680111356e+02 -7.164394558933076951e+01 -6.606229371306466192e+01
2.713769123783031887e+02 -7.168801543595714065e+01 -6.609416915426476180e+01
2.718776077885952418e+02 -7.173255014293340537e+01 -6.612666721312774598e+01
2.723783031988873518e+02 -7.177755022539736274e+01 -6.615979683442486703e+01
2.728789986091794049e+02 -7.182301576251143160e+01 -6.619356657293604940e+01
2.733796940194714580e+02 -7.186894635206067505e+01 -6.622798449507894247e+01
2.738803894297635111e+02 -7.191534111743771973e+01 -6.626305819869952529e+01
2.743810848400556210e+02 -7.196219870400477703e+01 -6.629879479917502749e+01
2.748817802503476742e+02 -7.200951727851156647e+01 -6.633520087498976636e+01
2.753824756606397273e+02 -7.205729450377498324e+01 -6.637228250309630084e+01
2.758831710709318372e+02 -7.210552756865604351e+01 -6.641004518179022398e+01
2.763838664812238903e+02 -7.215421314775107930e+01 -6.644849388429781811e+01
2.768845618915159434e+02 -7.220334741710780690e+01 -6.648763296695312874e+01
2.773852573018079966e+02 -7.225292606586685906e+01 -6.652746621088942902e+01
2.778859527121001065e+02 -7.230294428141883145e+01 -6.656799678609593229e+01
2.783866481223921596e+02 -7.235339674474766980e+01 -6.660922722431484999e+01
2.788873435326842127e+02 -7.240427764440050851e+01 -6.665115943184707703e+01
2.793880389429763227e+02 -7.245558067532351743e+01 -6.669379466219459118e+01
2.798887343532683758e+02 -7.250729904933928083e+01 -6.673713350778412234e+01
2.803894297635604289e+02 -7.255942548117695878e+01 -6.678117589203607452e+01
2.808901251738525957e+02 -7.261195222106857727e+01 -6.682592106735951631e+01
2.813908205841446488e+02 -7.266487103612257670e+01 -6.687136758570245831e+01
2.818915159944367019e+02 -7.271817324175594877e+01 -6.691751331746031894e+01
2.823922114047287550e+02 -7.277184968306778501e+01 -6.696435542268132224e+01
2.828929068150208650e+02 -7.282589077209217976e+01 -6.701189036554110601e+01
2.833936022253129181e+02 -7.288028648546537624e+01 -6.706011391143233880e+01
2.838942976356049712e+02 -7.293502637608548866e+01 -6.710902110513684704e+01
2.843949930458970812e+02 -7.299009959403997527e+01 -6.715860630691436484e+01
2.848956884561891343e+02 -7.304549487618282910e+01 -6.720886315059301808e+01
2.853963838664811874e+02 -7.310120059255064007e+01 -6.725978458140430405e+01
2.858970792767732974e+02 -7.315720474890918013e+01 -6.731136285147199771e+01
2.863977746870653505e+02 -7.321349498893619057e+01 -6.736358950409608326e+01
2.868984700973574036e+02 -7.327005863325689461e+01 -6.741645542934107027e+01
2.873991655076494567e+02 -7.332688267908019952e+01 -6.746995080953907120e+01
2.878998609179415666e+02 -7.338395382698331559e+01 -6.752406518404582414e+01
2.884005563282336198e+02 -7.344125849848319376e+01 -6.757878743519809461e+01
2.889012517385257297e+02 -7.349878284802366579e+01 -6.763410580519389725e+01
2.894019471488177828e+02 -7.355651279313428859e+01 -6.769000791420963026e+01
2.899026425591098359e+02 -7.361443402578993300e+01 -6.774648075399723268e+01
2.904033379694019459e+02 -7.367253204136909517e+01 -6.780351076100755847e+01
2.909040333796939990e+02 -7.373079214272843274e+01 -6.786108376287570820e+01
2.914047287899860521e+02 -7.378919947454528483e+01 -6.791918504463224338e+01
2.919054242002781621e+02 -7.384773903903374048e+01 -6.797779936439197002e+01
2.924061196105702152e+02 -7.390639571850010725e+01 -6.803691095302652059e+01
2.929068150208622683e+02 -7.396515429862597557e+01 -6.809650355580102143e+01
2.934075104311543782e+02 -7.402399947079652520e+01 -6.815656046595263717e+01
2.939082058414464314e+02 -7.408291587866665395e+01 -6.821706450756478546e+01
2.944089012517384845e+02 -7.414188812165343734e+01 -6.827799810454321516e+01
2.949095966620305944e+02 -7.420090077894678871e+01 -6.833934328061600638e+01
2.954102920723226475e+02 -7.425993842522552768e+01 -6.840108169251193715e+01
2.959109874826147006e+02 -7.431898566412678520e+01 -6.846319466837753964e+01
2.964116828929068106e+02 -7.437802712300731400e+01 -6.852566320690398527e+01
2.969123783031988637e+02 -7.443704749325229386e+01 -6.858846803378851575e+01
2.974130737134909168e+02 -7.449603153958855728e+01 -6.865158961337597532e+01
2.979137691237830268e+02 -7.455496411405442814e+01 -6.871500819173247976e+01
2.984144645340750799e+02 -7.461383018510355214e+01 -6.877870377801896495e+01
2.989151599443671330e+02 -7.467261482829167107e+01 -6.884265625565417679e+01
2.994158553546592429e+02 -7.473130327749936441e+01 -6.890684532299742671e+01
2.999165507649512961e+02 -7.478988090630559782e+01 -6.897125058232445838e+01
3.004172461752433492e+02 -7.484833326989723901e+01 -6.903585153347917469e+01
3.009179415855354023e+02 -7.490664609342752556e+01 -6.910062761460535796e+01
3.014186369958275691e+02 -7.496480530461235503e+01 -6.916555823707126649e+01
3.019193324061196222e+02 -7.502279703838689784e+01 -6.923062278372340472e+01
3.024200278164116185e+02 -7.508060764083461436e+01 -6.929580066301964791e+01
3.029207232267037853e+02 -7.513822369770900877e+01 -6.936107131834246786e+01
3.034214186369958384e+02 -7.519563202715767147e+01 -6.942641425826691659e+01
3.039221140472878915e+02 -7.525281969660250070e+01 -6.949180907984369071e+01
3.044228094575799446e+02 -7.530977403248948576e+01 -6.955723548693454461e+01
3.049235048678720545e+02 -7.536648261796040060e+01 -6.962267331931612091e+01
3.054242002781641077e+02 -7.542293331555379154e+01 -6.968810256257525282e+01
3.059248956884561608e+02 -7.547911426022005799e+01 -6.975350338645326076e+01
3.064255910987482707e+02 -7.553501387096298458e+01 -6.981885615415917812e+01
3.069262865090403238e+02 -7.559062085549635412e+01 -6.988414141960488735e+01
3.074269819193323769e+02 -7.564592420558733465e+01 -6.994933999176096506e+01
3.079276773296244869e+02 -7.570091321451877775e+01 -7.001443291115533896e+01
3.084283727399165400e+02 -7.575557747243260565e+01 -7.007940148967277594e+01
3.089290681502085931e+02 -7.580990686400150480e+01 -7.014422729643952437e+01
3.094297635605006462e+02 -7.586389158007045808e+01 -7.020889221053762697e+01
3.099304589707927562e+02 -7.591752210717936578e+01 -7.027337839655770324e+01
3.104311543810848093e+02 -7.597078923920457783e+01 -7.033766834825469516e+01
3.109318497913768624e+02 -7.602368406804566803e+01 -7.040174486177234314e+01
3.114325452016689724e+02 -7.607619798478958728e+01 -7.046559108715696595e+01
3.119332406119610255e+02 -7.612832268436727645e+01 -7.052919050507439636e+01
3.124339360222530786e+02 -7.618005016089705350e+01 -7.059252695009304546e+01
3.129346314325451885e+02 -7.623137269371477487e+01 -7.065558461301220916e+01
3.134353268428372417e+02 -7.628228286250782730e+01 -7.071834804784698747e+01
3.139360222531292948e+02 -7.633277354265851500e+01 -7.078080216717167161e+01
3.144367176634213479e+02 -7.638283788021476539e+01 -7.084293226569384672e+01
3.149374130737134578e+02 -7.643246931982980641e+01 -7.090472400977701284e+01
3.154381084840055109e+02 -7.648166157449418279e+01 -7.096616343918681480e+01
3.159388038942975641e+02 -7.653040863717728826e+01 -7.102723697291180827e+01
3.164394993045897309e+02 -7.657870476976790997e+01 -7.108793141411111094e+01
3.169401947148817840e+02 -7.662654449608930918e+01 -7.114823394429363645e+01
3.174408901251737802e+02 -7.667392260306337448e+01 -7.120813211866148151e+01
3.179415855354659470e+02 -7.672083413139739605e+01 -7.126761387309484519e+01
3.184422809457580001e+02 -7.676727437325575920e+01 -7.132666752764448859e+01
3.189429763560500533e+02 -7.681323886061841222e+01 -7.138528176674113013e+01
3.194436717663421064e+02 -7.685872336528086635e+01 -7.144344564850867130e+01
3.199443671766342163e+02 -7.690372389186927649e+01 -7.150114860476419665e+01
3.204450625869262694e+02 -7.694823667318382832e+01 -7.155838042355567552e+01
3.209457579972183225e+02 -7.699225815622889968e+01 -7.161513125847518779e+01
3.214464534075104325e+02 -7.703578500686967345e+01 -7.167139161701739170e+01
3.219471488178024856e+02 -7.707881410051891180e+01 -7.172715235592291094e+01
3.224478442280945387e+02 -7.712134251049542399e+01 -7.178240467652172185e+01
3.229485396383865918e+02 -7.716336750569575997e+01 -7.183714012240484692e+01
3.234492350486787018e+02 -7.720488654826590391e+01 -7.189135056545451619e+01
3.239499304589707549e+02 -7.724589727963143559e+01 -7.194502820817247368e+01
3.244506258692628649e+02 -7.728639752049753042e+01 -7.199816557203844525e+01
3.249513212795549180e+02 -7.732638526153573366e+01 -7.205075548819691278e+01
3.254520166898469711e+02 -7.736585866105565401e+01 -7.210279110444203354e+01
3.259527121001390810e+02 -7.740481602637851211e+01 -7.215426585960626937e+01
3.264534075104311910e+02 -7.744325583013528558e+01 -7.220517348588869311e+01
3.269541029207232441e+02 -7.748117668465533825e+01 -7.225550800187006928e+01
3.274547983310152972e+02 -7.751857734196642014e+01 -7.230526370319962837e+01
3.279554937413073503e+02 -7.755545669379466744e+01 -7.235443515793845393e+01
3.284561891515994603e+02 -7.759181375293815108e+01 -7.240301719026133753e+01
3.289568845618915134e+02 -7.762764766490840884e+01 -7.245100488511339165e+01
3.294575799721835665e+02 -7.766295768697568747e+01 -7.249839357191190459e+01
3.299582753824756765e+02 -7.769774318933309587e+01 -7.254517882221803404e+01
3.304589707927677296e+02 -7.773200365043999227e+01 -7.259135643809527494e+01
3.309596662030597827e+02 -7.776573865003706487e+01 -7.263692244046792723e+01
3.314603616133518926e+02 -7.779894786216141256e+01 -7.268187307377770878e+01
3.319610570236439457e+02 -7.783163105631069811e+01 -7.272620479201391674e+01
3.324617524339359989e+02 -7.786378808347330960e+01 -7.276991424707189537e+01
3.329624478442280520e+02 -7.789541887845666679e+01 -7.281299828409642316e+01
3.334631432545201619e+02 -7.792652345290230187e+01 -7.285545393915340640e+01
3.339638386648122150e+02 -7.795710188830094012e+01 -7.289727842526004054e+01
3.344645340751042681e+02 -7.798715433599249991e+01 -7.293846912772819735e+01
3.349652294853963781e+02 -7.801668100552456053e+01 -7.297902359950781204e+01
3.354659248956884312e+02 -7.804568217280143472e+01 -7.301893954721704461e+01
3.359666203059804843e+02 -7.807415815912941071e+01 -7.305821483347058631e+01
3.364673157162726511e+02 -7.810210934518659087e+01 -7.309684746290982105e+01
3.369680111265647042e+02 -7.812953614773982736e+01 -7.313483557871036567e+01
3.374687065368567005e+02 -7.815643903477871390e+01 -7.317217745559715070e+01
3.379694019471487536e+02 -7.818281850456082793e+01 -7.320887149431469254e+01
3.384700973574409204e+02 -7.820867509958156916e+01 -7.324491621231386773e+01
3.389707927677329735e+02 -7.823400938561940166e+01 -7.328031023967737667e+01
3.394714881780250266e+02 -7.825882195639246675e+01 -7.331505231562728397e+01
3.399721835883171366e+02 -7.828311343705104264e+01 -7.334914127892075442e+01
3.404728789986091897e+02 -7.830688446438693973e+01 -7.338257605620852075e+01
3.409735744089012428e+02 -7.833013569963918599e+01 -7.341535567600472234e+01
3.414742698191932959e+02 -7.835286781685249480e+01 -7.344747924074722789e+01
3.419749652294854059e+02 -7.837508149822065207e+01 -7.347894593436463140e+01
3.424756606397774590e+02 -7.839677743990728231e+01 -7.350975501645548604e+01
3.429763560500695121e+02 -7.841795634389677616e+01 -7.353990580715431236e+01
3.434770514603616220e+02 -7.843861891333767744e+01 -7.356939769295236431e+01
3.439777468706536752e+02 -7.845876584439361068e+01 -7.359823012204101644e+01
3.444784422809457283e+02 -7.847839784952634545e+01 -7.362640259732684456e+01
3.449791376912378382e+02 -7.849751561791458698e+01 -7.365391466246178709e+01
3.454798331015298913e+02 -7.851611984193846183e+01 -7.368076590184314512e+01
3.459805285118219444e+02 -7.853421120204552608e+01 -7.370695595807588063e+01
3.464812239221139976e+02 -7.855179037198945480e+01 -7.373248448773479424e+01
3.469819193324061075e+02 -7.856885800136774378e+01 -7.375735119861742817e+01
3.474826147426981606e+02 -7.858541473279296952e+01 -7.378155581074493341e+01
3.479833101529902137e+02 -7.860146118675879734e+01 -7.380509807382436804e+01
3.484840055632823237e+02 -7.861699796629659431e+01 -7.382797775677131824e+01
3.489847009735743768e+02 -7.863202564999050992e+01 -7.385019464538159184e+01
3.494853963838664299e+02 -7.864654479663408893e+01 -7.387174853476422243e+01
3.499860917941585399e+02 -7.866055593475289243e+01 -7.389263922934146933e+01
3.504867872044505930e+02 -7.867405956726111071e+01 -7.391286654750543050e+01
3.509874826147426461e+02 -7.868705616971533345e+01 -7.393243029600667171e+01
3.514881780250346992e+02 -7.869954618565793680e+01 -7.395133029090898447e+01
3.519888734353268660e+02 -7.871153002545293020e+01 -7.396956634361954741e+01
3.524895688456189191e+02 -7.872300806977841603e+01 -7.398713824924739413e+01
3.529902642559109154e+02 -7.873398065856713401e+01 -7.400404580522986464e+01
3.534909596662030822e+02 -7.874444810031968700e+01 -7.402028879037784748e+01
3.539916550764951353e+02 -7.875441065813470232e+01 -7.403586696603993289e+01
3.544923504867871884e+02 -7.876386856426074701e+01 -7.405078008541563861e+01
3.549930458970792415e+02 -7.877282200496233600e+01 -7.406502786619780920e+01
3.554937413073713515e+02 -7.878127112401239174e+01 -7.407861001851229332e+01
3.559944367176634046e+02 -7.878921602531158896e+01 -7.409152621464996002e+01
3.564951321279554577e+02 -7.879665676182889911e+01 -7.410377609837992452e+01
3.569958275382475676e+02 -7.880359335015350553e+01 -7.411535930182976983e+01
3.574965229485396208e+02 -7.881002574954004558e+01 -7.412627539891941808e+01
3.579972183588316739e+02 -7.881595387849779399e+01 -7.413652395192725919e+01
3.584979137691237838e+02 -7.882137760547743710e+01 -7.414610447190894149e+01
3.589986091794158369e+02 -7.882629674421445998e+01 -7.415501643215789329e+01
3.594993045897078900e+02 -7.883071105954991253e+01 -7.416325927970133591e+01
3.600000000000000000e+02 -7.883462026743040951e+01 -7.417083239440940190e+01
