# 2019 MPG data assimilation forecast
# units of nT 
c/s d o  GUFM1  GUFM1  GUFM1  GUFM1  GUFM1  GUFM1  GUFM1  GUFM1  GUFM1  GUFM1  GUFM1  GUFM1  GUFM1  GUFM1  GUFM1  GUFM1  GUFM1  GUFM1  GUFM1  GUFM1  GUFM1  GUFM1  GUFM1  GUFM1  GUFM1  GUFM1  GUFM1  GUFM1  GUFM1  GUFM1  GUFM1  GUFM1  GUFM1  GUFM1  GUFM1  GUFM1  GUFM1  GUFM1  GUFM1  GUFM1  GUFM1  GUFM1  GUFM1  GUFM1  GUFM1  GUFM1  GUFM1  GUFM1  GUFM1  GUFM1  GUFM1  GUFM1  GUFM1  GUFM1  GUFM1  GUFM1  GUFM1  GUFM1  GUFM1  GUFM1  GUFM1  GUFM1   IGRF   IGRF   IGRF   IGRF   IGRF   IGRF   IGRF   IGRF   IGRF   DGRF   DGRF   DGRF   DGRF   DGRF   DGRF   DGRF   DGRF   DGRF   DGRF   DGRF   DGRF      DGRF      DGRF     DGRF     IGRF      SV
g/h n m 1590.0 1595.0 1600.0 1605.0 1610.0 1615.0 1620.0 1625.0 1630.0 1635.0 1640.0 1645.0 1650.0 1655.0 1660.0 1665.0 1670.0 1675.0 1680.0 1685.0 1690.0 1695.0 1700.0 1705.0 1710.0 1715.0 1720.0 1725.0 1730.0 1735.0 1740.0 1745.0 1750.0 1755.0 1760.0 1765.0 1770.0 1775.0 1780.0 1785.0 1790.0 1795.0 1800.0 1805.0 1810.0 1815.0 1820.0 1825.0 1830.0 1835.0 1840.0 1845.0 1850.0 1855.0 1860.0 1865.0 1870.0 1875.0 1880.0 1885.0 1890.0 1895.0 1900.0 1905.0 1910.0 1915.0 1920.0 1925.0 1930.0 1935.0 1940.0 1945.0 1950.0 1955.0 1960.0 1965.0 1970.0 1975.0 1980.0 1985.0 1990.0 1995.0 2000.0    2005.0    2010.0   2015.0   2020.0 2020-25
g  1  0  -29441.335303  -29405.163686  -29381.191309  -29347.296788  -29314.434799  -29283.091277  -29254.243342  -29222.899076  -29186.384846  -29147.845064  -29105.68019  -29054.732068  -28992.543044  -28917.25892  -28827.384798  -28724.35463  -28611.298139  -28490.604456  -28364.299921  -28232.197423  -28095.126531  -27955.791188  0  0  0  0  0  0  0  0  0  0  0  0  0  0  0  0  0  0  0  0  0  0  0  0  0  0  0  0  0  0  0  0  0  0  0  0  0  0  0  0  0  0  0  0  0  0  0  0  0  0  0  0  0  0  0  0  0  0  0  0  0  0  0  0  0  27.888620000001538
g  1  1  -1501.628499  -1451.158403  -1442.864732  -1442.110864  -1429.383916  -1397.353695  -1362.507775  -1328.671233  -1295.624182  -1264.398984  -1228.495888  -1185.188887  -1132.867562  -1071.232139  -1000.722007  -925.931389  -853.246872  -788.295953  -734.65067  -694.249265  -666.519623  -650.191905  0  0  0  0  0  0  0  0  0  0  0  0  0  0  0  0  0  0  0  0  0  0  0  0  0  0  0  0  0  0  0  0  0  0  0  0  0  0  0  0  0  0  0  0  0  0  0  0  0  0  0  0  0  0  0  0  0  0  0  0  0  0  0  0  0  2.4314339999999675
h  1  1  4796.41736  4653.851789  4537.760192  4455.855881  4401.585973  4359.728921  4318.587515  4272.835645  4220.385149  4161.624148  4095.208359  4024.856029  3954.023488  3887.041175  3826.602139  3772.50708  3722.2955  3674.183708  3626.652707  3577.342245  3525.275011  3470.671625  0  0  0  0  0  0  0  0  0  0  0  0  0  0  0  0  0  0  0  0  0  0  0  0  0  0  0  0  0  0  0  0  0  0  0  0  0  0  0  0  0  0  0  0  0  0  0  0  0  0  0  0  0  0  0  0  0  0  0  0  0  0  0  0  0  -11.092536999999993
g  2  0  -2446.763282  -2499.290382  -2523.887156  -2534.44734  -2546.586837  -2560.848993  -2573.684742  -2579.71622  -2581.166158  -2580.915629  -2579.611374  -2574.318693  -2566.153132  -2555.374702  -2542.000518  -2528.955821  -2518.727249  -2513.504563  -2514.481728  -2520.630086  -2530.273371  -2543.352912  0  0  0  0  0  0  0  0  0  0  0  0  0  0  0  0  0  0  0  0  0  0  0  0  0  0  0  0  0  0  0  0  0  0  0  0  0  0  0  0  0  0  0  0  0  0  0  0  0  0  0  0  0  0  0  0  0  0  0  0  0  0  0  0  0  -2.908995999999661
g  2  1  3012.061779  2981.649166  2963.082734  2949.189911  2935.136507  2927.617017  2919.543558  2912.320404  2901.686607  2885.090427  2859.629087  2828.980324  2796.293034  2763.615369  2734.280092  2708.884631  2687.293255  2671.715748  2664.335409  2665.214669  2672.150382  2681.269236  0  0  0  0  0  0  0  0  0  0  0  0  0  0  0  0  0  0  0  0  0  0  0  0  0  0  0  0  0  0  0  0  0  0  0  0  0  0  0  0  0  0  0  0  0  0  0  0  0  0  0  0  0  0  0  0  0  0  0  0  0  0  0  0  0  1.8240840000003118
h  2  1  -2845.263904  -2991.536269  -3123.639518  -3238.285784  -3334.288544  -3428.953441  -3534.213759  -3639.001514  -3738.039317  -3829.235772  -3915.669787  -3997.873848  -4075.714654  -4148.260383  -4215.804408  -4278.550113  -4336.41043  -4390.840662  -4443.983965  -4498.005688  -4554.033932  -4612.208838  0  0  0  0  0  0  0  0  0  0  0  0  0  0  0  0  0  0  0  0  0  0  0  0  0  0  0  0  0  0  0  0  0  0  0  0  0  0  0  0  0  0  0  0  0  0  0  0  0  0  0  0  0  0  0  0  0  0  0  0  0  0  0  0  0  -11.811323999999331
g  2  2  1676.231624  1675.984667  1631.637126  1549.546328  1450.29393  1350.117108  1244.962259  1133.745704  1022.082442  916.32494  820.605726  730.869451  643.026023  553.820008  462.808685  370.83826  278.826266  188.998803  103.979077  26.19819  -43.304615  -104.518027  0  0  0  0  0  0  0  0  0  0  0  0  0  0  0  0  0  0  0  0  0  0  0  0  0  0  0  0  0  0  0  0  0  0  0  0  0  0  0  0  0  0  0  0  0  0  0  0  0  0  0  0  0  0  0  0  0  0  0  0  0  0  0  0  0  -11.599365000000006
h  2  2  -642.714262  -733.764423  -804.388806  -845.787662  -872.475856  -902.553895  -942.1889  -993.035512  -1054.383237  -1120.595708  -1184.65895  -1242.534788  -1294.650877  -1340.653648  -1381.637114  -1418.775053  -1453.374701  -1486.721436  -1520.641529  -1556.572836  -1594.443774  -1632.358629  0  0  0  0  0  0  0  0  0  0  0  0  0  0  0  0  0  0  0  0  0  0  0  0  0  0  0  0  0  0  0  0  0  0  0  0  0  0  0  0  0  0  0  0  0  0  0  0  0  0  0  0  0  0  0  0  0  0  0  0  0  0  0  0  0  -7.4956509999999525
g  3  0  1349.970172  1363.228725  1367.415702  1379.810369  1393.153161  1410.311348  1431.029844  1457.617861  1489.042489  1523.145099  1558.714291  1595.263287  1632.642228  1669.662252  1704.052436  1735.203366  1764.568143  1793.299739  1820.56734  1846.153526  1870.536061  1894.316609  0  0  0  0  0  0  0  0  0  0  0  0  0  0  0  0  0  0  0  0  0  0  0  0  0  0  0  0  0  0  0  0  0  0  0  0  0  0  0  0  0  0  0  0  0  0  0  0  0  0  0  0  0  0  0  0  0  0  0  0  0  0  0  0  0  4.731923999999935
g  3  1  -2352.16101  -2381.308111  -2410.012815  -2434.015418  -2449.181382  -2450.545662  -2447.527234  -2439.090426  -2426.789112  -2414.004392  -2401.409596  -2385.716621  -2363.582834  -2332.4134  -2290.600485  -2239.360231  -2179.66851  -2112.60587  -2039.046788  -1959.646701  -1875.19902  -1787.612417  0  0  0  0  0  0  0  0  0  0  0  0  0  0  0  0  0  0  0  0  0  0  0  0  0  0  0  0  0  0  0  0  0  0  0  0  0  0  0  0  0  0  0  0  0  0  0  0  0  0  0  0  0  0  0  0  0  0  0  0  0  0  0  0  0  17.64205199999992
h  3  1  -115.199219  -81.367174  -49.822082  -17.737912  19.150288  51.607997  74.063078  90.882461  108.321379  132.479497  167.876995  215.824266  274.121957  341.765903  415.88242  492.202871  567.279268  639.527881  708.65856  774.992173  838.977437  899.9543  0  0  0  0  0  0  0  0  0  0  0  0  0  0  0  0  0  0  0  0  0  0  0  0  0  0  0  0  0  0  0  0  0  0  0  0  0  0  0  0  0  0  0  0  0  0  0  0  0  0  0  0  0  0  0  0  0  0  0  0  0  0  0  0  0  11.881564000000026
g  3  2  1226.089774  1235.39196  1239.42885  1238.595755  1235.118709  1232.905081  1227.472328  1218.370717  1208.478246  1197.884762  1187.267567  1177.559067  1168.089749  1157.287078  1143.999581  1128.367311  1110.991734  1093.102583  1075.865697  1060.45252  1046.860672  1034.86664  0  0  0  0  0  0  0  0  0  0  0  0  0  0  0  0  0  0  0  0  0  0  0  0  0  0  0  0  0  0  0  0  0  0  0  0  0  0  0  0  0  0  0  0  0  0  0  0  0  0  0  0  0  0  0  0  0  0  0  0  0  0  0  0  0  -2.282186000000138
h  3  2  245.105451  241.45571  241.904336  235.26341  219.11937  200.656202  180.284874  162.589564  148.79668  136.882946  124.671687  111.593638  97.815422  84.421888  72.437288  62.111973  54.091626  49.545091  48.802813  50.953925  54.950632  60.1934  0  0  0  0  0  0  0  0  0  0  0  0  0  0  0  0  0  0  0  0  0  0  0  0  0  0  0  0  0  0  0  0  0  0  0  0  0  0  0  0  0  0  0  0  0  0  0  0  0  0  0  0  0  0  0  0  0  0  0  0  0  0  0  0  0  1.1219569999999948
g  3  3  581.288597  525.581746  464.342109  390.706314  312.760016  241.197088  178.108451  119.438812  63.491882  12.38365  -35.571233  -81.249727  -126.90919  -174.043733  -224.356128  -277.207342  -331.665985  -388.141806  -446.434826  -506.564447  -568.497795  -633.198842  0  0  0  0  0  0  0  0  0  0  0  0  0  0  0  0  0  0  0  0  0  0  0  0  0  0  0  0  0  0  0  0  0  0  0  0  0  0  0  0  0  0  0  0  0  0  0  0  0  0  0  0  0  0  0  0  0  0  0  0  0  0  0  0  0  -13.214612999999986
h  3  3  -538.230858  -542.452788  -550.657143  -563.915392  -582.715855  -603.182042  -625.369166  -649.152518  -671.611001  -689.689273  -704.421287  -718.490173  -735.052102  -754.691177  -776.632337  -797.971834  -815.349176  -825.679047  -827.769084  -821.570954  -806.708631  -782.579199  0  0  0  0  0  0  0  0  0  0  0  0  0  0  0  0  0  0  0  0  0  0  0  0  0  0  0  0  0  0  0  0  0  0  0  0  0  0  0  0  0  0  0  0  0  0  0  0  0  0  0  0  0  0  0  0  0  0  0  0  0  0  0  0  0  5.603797999999983
g  4  0  907.5293  902.852286  908.550164  918.011058  923.918325  926.93732  931.713431  941.593303  953.320316  964.824741  974.778493  980.864081  981.79325  977.01065  967.227803  953.963748  938.377385  919.933723  897.839134  872.097621  843.639325  813.713598  0  0  0  0  0  0  0  0  0  0  0  0  0  0  0  0  0  0  0  0  0  0  0  0  0  0  0  0  0  0  0  0  0  0  0  0  0  0  0  0  0  0  0  0  0  0  0  0  0  0  0  0  0  0  0  0  0  0  0  0  0  0  0  0  0  -6.029271999999992
g  4  1  813.621828  809.727483  796.005148  779.447733  761.842027  750.353996  738.924447  728.326877  720.663222  716.352028  715.250611  714.404146  711.728305  706.31708  696.813189  682.716813  665.687275  647.658364  629.920022  613.291257  597.522803  582.002208  0  0  0  0  0  0  0  0  0  0  0  0  0  0  0  0  0  0  0  0  0  0  0  0  0  0  0  0  0  0  0  0  0  0  0  0  0  0  0  0  0  0  0  0  0  0  0  0  0  0  0  0  0  0  0  0  0  0  0  0  0  0  0  0  0  -3.112783000000036
h  4  1  284.129106  281.751414  271.643149  259.157703  241.992143  219.308431  187.564772  149.52295  108.014358  63.732204  16.509496  -33.882339  -86.426317  -138.729634  -188.981761  -236.0362  -279.018935  -317.711433  -352.24371  -382.959415  -410.788669  -436.379109  0  0  0  0  0  0  0  0  0  0  0  0  0  0  0  0  0  0  0  0  0  0  0  0  0  0  0  0  0  0  0  0  0  0  0  0  0  0  0  0  0  0  0  0  0  0  0  0  0  0  0  0  0  0  0  0  0  0  0  0  0  0  0  0  0  -4.957769000000042
g  4  2  120.398585  85.72252  58.710776  30.508767  4.77362  -17.891284  -38.934992  -59.56299  -77.662945  -92.51776  -104.79061  -114.319758  -121.127767  -124.940619  -125.354199  -122.916886  -118.343972  -112.09299  -104.17904  -94.215275  -82.478578  -70.013543  0  0  0  0  0  0  0  0  0  0  0  0  0  0  0  0  0  0  0  0  0  0  0  0  0  0  0  0  0  0  0  0  0  0  0  0  0  0  0  0  0  0  0  0  0  0  0  0  0  0  0  0  0  0  0  0  0  0  0  0  0  0  0  0  0  2.490480000000005
h  4  2  -188.663593  -158.124677  -119.230556  -77.873081  -36.283399  5.40917  46.457781  87.040015  126.916069  166.223256  205.674806  245.68839  285.01996  322.508018  356.894337  387.988599  417.121749  445.620685  474.803057  504.790541  535.03677  564.770645  0  0  0  0  0  0  0  0  0  0  0  0  0  0  0  0  0  0  0  0  0  0  0  0  0  0  0  0  0  0  0  0  0  0  0  0  0  0  0  0  0  0  0  0  0  0  0  0  0  0  0  0  0  0  0  0  0  0  0  0  0  0  0  0  0  5.857813999999962
g  4  3  -334.934327  -309.431645  -292.290246  -277.40007  -261.355433  -246.880785  -237.914425  -233.244217  -230.932506  -229.797353  -227.880533  -224.871633  -219.987473  -212.047158  -199.927863  -183.07956  -162.528821  -139.574041  -114.477717  -87.094525  -57.549503  -26.163509  0  0  0  0  0  0  0  0  0  0  0  0  0  0  0  0  0  0  0  0  0  0  0  0  0  0  0  0  0  0  0  0  0  0  0  0  0  0  0  0  0  0  0  0  0  0  0  0  0  0  0  0  0  0  0  0  0  0  0  0  0  0  0  0  0  6.396015000000002
h  4  3  181.038236  199.946017  217.842174  231.108584  243.313733  259.992527  278.752368  296.986099  315.366414  332.972651  347.656501  359.732318  369.583723  377.386469  384.004619  390.201112  396.480694  403.395796  411.116617  419.489604  428.553973  438.784646  0  0  0  0  0  0  0  0  0  0  0  0  0  0  0  0  0  0  0  0  0  0  0  0  0  0  0  0  0  0  0  0  0  0  0  0  0  0  0  0  0  0  0  0  0  0  0  0  0  0  0  0  0  0  0  0  0  0  0  0  0  0  0  0  0  2.1690810000000056
g  4  4  70.51638  47.597882  20.292258  -10.82513  -36.90008  -54.298556  -67.118707  -78.033529  -87.226695  -94.534716  -98.082767  -98.817785  -99.35896  -102.890127  -112.234127  -129.278441  -154.345539  -187.661645  -228.83605  -276.801841  -330.668331  -389.525681  0  0  0  0  0  0  0  0  0  0  0  0  0  0  0  0  0  0  0  0  0  0  0  0  0  0  0  0  0  0  0  0  0  0  0  0  0  0  0  0  0  0  0  0  0  0  0  0  0  0  0  0  0  0  0  0  0  0  0  0  0  0  0  0  0  -12.114678000000026
h  4  4  -329.392695  -349.706468  -364.955276  -376.497668  -393.948947  -411.184339  -427.439551  -443.24434  -459.780932  -474.54154  -487.256434  -499.348486  -512.575319  -527.086826  -542.489006  -557.359101  -570.925126  -583.346095  -594.758265  -605.194534  -613.710594  -618.84079  0  0  0  0  0  0  0  0  0  0  0  0  0  0  0  0  0  0  0  0  0  0  0  0  0  0  0  0  0  0  0  0  0  0  0  0  0  0  0  0  0  0  0  0  0  0  0  0  0  0  0  0  0  0  0  0  0  0  0  0  0  0  0  0  0  -0.6768879999999626
g  5  0  -232.825056  -234.341477  -241.981291  -249.783895  -257.61447  -264.753681  -265.586057  -258.697535  -247.295487  -233.776985  -219.996266  -207.690207  -196.891508  -188.094932  -182.118514  -179.045508  -178.22018  -179.354961  -182.519574  -187.257943  -192.539129  -197.201094  0  0  0  0  0  0  0  0  0  0  0  0  0  0  0  0  0  0  0  0  0  0  0  0  0  0  0  0  0  0  0  0  0  0  0  0  0  0  0  0  0  0  0  0  0  0  0  0  0  0  0  0  0  0  0  0  0  0  0  0  0  0  0  0  0  -0.8331990000000076
g  5  1  360.370089  363.299721  369.191752  377.331329  383.925316  389.792835  393.520181  395.603392  397.218593  398.29711  398.237294  396.579388  393.616777  389.950236  385.937923  382.120114  379.031203  376.191031  372.952981  369.366997  365.691309  362.013696  0  0  0  0  0  0  0  0  0  0  0  0  0  0  0  0  0  0  0  0  0  0  0  0  0  0  0  0  0  0  0  0  0  0  0  0  0  0  0  0  0  0  0  0  0  0  0  0  0  0  0  0  0  0  0  0  0  0  0  0  0  0  0  0  0  -0.7372520000000122
h  5  1  46.880254  47.228714  45.877223  44.200502  41.820332  39.124319  33.122621  24.3764  15.236162  6.339062  -0.638345  -5.487846  -8.710942  -11.220846  -14.231013  -18.631125  -24.386409  -31.352466  -39.18679  -47.454367  -55.772632  -64.110257  0  0  0  0  0  0  0  0  0  0  0  0  0  0  0  0  0  0  0  0  0  0  0  0  0  0  0  0  0  0  0  0  0  0  0  0  0  0  0  0  0  0  0  0  0  0  0  0  0  0  0  0  0  0  0  0  0  0  0  0  0  0  0  0  0  -1.6802550000000025
g  5  2  192.288927  187.578639  180.927747  177.486388  179.816448  186.442289  195.730395  206.24081  217.117426  229.282927  242.96862  257.035308  270.890227  283.950486  295.46047  304.889767  312.179675  317.401835  320.747018  322.541423  322.858167  321.919214  0  0  0  0  0  0  0  0  0  0  0  0  0  0  0  0  0  0  0  0  0  0  0  0  0  0  0  0  0  0  0  0  0  0  0  0  0  0  0  0  0  0  0  0  0  0  0  0  0  0  0  0  0  0  0  0  0  0  0  0  0  0  0  0  0  -0.27639299999998457
h  5  2  197.224884  208.143391  224.683133  242.563994  257.934716  269.774166  275.535893  275.316621  271.448464  264.875414  255.092629  242.032058  227.025932  211.328478  196.055566  182.157054  170.504586  161.601161  155.549899  152.215288  151.525005  153.185308  0  0  0  0  0  0  0  0  0  0  0  0  0  0  0  0  0  0  0  0  0  0  0  0  0  0  0  0  0  0  0  0  0  0  0  0  0  0  0  0  0  0  0  0  0  0  0  0  0  0  0  0  0  0  0  0  0  0  0  0  0  0  0  0  0  0.49510100000000534
g  5  3  -140.876629  -140.659598  -135.525848  -131.658229  -132.655298  -134.569502  -135.791533  -138.401111  -142.123303  -147.912435  -155.38355  -163.201774  -169.18626  -172.688529  -173.542399  -171.926838  -168.79141  -164.842826  -160.655823  -156.114954  -151.153331  -146.17469  0  0  0  0  0  0  0  0  0  0  0  0  0  0  0  0  0  0  0  0  0  0  0  0  0  0  0  0  0  0  0  0  0  0  0  0  0  0  0  0  0  0  0  0  0  0  0  0  0  0  0  0  0  0  0  0  0  0  0  0  0  0  0  0  0  0.9777459999999962
h  5  3  -119.232884  -121.134096  -120.615343  -116.984116  -108.778695  -94.523549  -77.021823  -56.947022  -35.340462  -13.112242  8.45791  28.201077  45.547617  60.579681  73.824848  85.911994  97.539796  109.255474  121.577481  134.744632  148.622819  162.685681  0  0  0  0  0  0  0  0  0  0  0  0  0  0  0  0  0  0  0  0  0  0  0  0  0  0  0  0  0  0  0  0  0  0  0  0  0  0  0  0  0  0  0  0  0  0  0  0  0  0  0  0  0  0  0  0  0  0  0  0  0  0  0  0  0  2.7952219999999954
g  5  4  -157.544484  -151.333418  -143.05698  -130.555372  -116.48374  -104.750307  -95.867252  -88.166045  -82.069284  -78.513513  -77.446423  -78.016548  -79.02631  -79.494983  -79.110133  -78.560408  -78.896056  -80.718548  -83.763122  -87.212449  -90.827177  -94.932515  0  0  0  0  0  0  0  0  0  0  0  0  0  0  0  0  0  0  0  0  0  0  0  0  0  0  0  0  0  0  0  0  0  0  0  0  0  0  0  0  0  0  0  0  0  0  0  0  0  0  0  0  0  0  0  0  0  0  0  0  0  0  0  0  0  -0.8834629999999919
h  5  4  15.895317  32.210055  46.509322  56.717572  65.874748  74.119918  78.562813  80.785906  81.227588  80.34435  78.977322  77.690881  77.314656  78.282403  80.06107  81.974047  83.428329  83.800871  82.761633  80.279601  76.6095  72.065372  0  0  0  0  0  0  0  0  0  0  0  0  0  0  0  0  0  0  0  0  0  0  0  0  0  0  0  0  0  0  0  0  0  0  0  0  0  0  0  0  0  0  0  0  0  0  0  0  0  0  0  0  0  0  0  0  0  0  0  0  0  0  0  0  0  -0.9750630000000058
g  5  5  4.137391  14.173925  23.947055  32.908944  45.247796  57.895136  68.894873  77.801614  85.067505  91.898174  97.594431  100.332523  98.104541  89.880751  75.97189  57.670958  37.056034  15.867053  -4.823239  -24.319361  -42.038827  -57.357407  0  0  0  0  0  0  0  0  0  0  0  0  0  0  0  0  0  0  0  0  0  0  0  0  0  0  0  0  0  0  0  0  0  0  0  0  0  0  0  0  0  0  0  0  0  0  0  0  0  0  0  0  0  0  0  0  0  0  0  0  0  0  0  0  0  -2.845718000000005
h  5  5  100.092409  99.291957  100.618111  99.698103  94.474855  87.163618  77.252939  63.3268  46.432921  28.548194  10.702054  -7.536132  -27.297316  -48.162332  -68.946981  -88.528337  -106.078086  -121.456022  -134.457537  -144.714945  -151.668256  -154.54517  0  0  0  0  0  0  0  0  0  0  0  0  0  0  0  0  0  0  0  0  0  0  0  0  0  0  0  0  0  0  0  0  0  0  0  0  0  0  0  0  0  0  0  0  0  0  0  0  0  0  0  0  0  0  0  0  0  0  0  0  0  0  0  0  0  -0.21784300000001622
g  6  0  69.414667  66.172762  61.611917  53.702513  42.062605  29.02313  19.718233  13.54323  9.359733  6.277149  3.673315  0.842108  -2.309453  -5.521907  -8.222616  -9.618934  -9.414798  -7.625924  -4.441919  -0.203398  4.548486  9.162071  0  0  0  0  0  0  0  0  0  0  0  0  0  0  0  0  0  0  0  0  0  0  0  0  0  0  0  0  0  0  0  0  0  0  0  0  0  0  0  0  0  0  0  0  0  0  0  0  0  0  0  0  0  0  0  0  0  0  0  0  0  0  0  0  0  0.8781199999999991
g  6  1  67.478236  65.678346  63.200815  58.353143  52.747011  48.572345  43.687657  38.204094  33.439263  29.878324  27.92283  27.182432  27.229064  27.698158  27.535647  26.35779  24.565627  22.06879  18.713154  14.625075  10.044225  5.345752  0  0  0  0  0  0  0  0  0  0  0  0  0  0  0  0  0  0  0  0  0  0  0  0  0  0  0  0  0  0  0  0  0  0  0  0  0  0  0  0  0  0  0  0  0  0  0  0  0  0  0  0  0  0  0  0  0  0  0  0  0  0  0  0  0  -0.9292449999999999
h  6  1  -20.563282  -19.748632  -28.704785  -41.413447  -55.09773  -67.163005  -78.555709  -88.335571  -96.454492  -104.086713  -112.312449  -121.223823  -130.490524  -139.702127  -147.989939  -154.56345  -158.950656  -160.960659  -160.745667  -158.754647  -155.7327  -152.175436  0  0  0  0  0  0  0  0  0  0  0  0  0  0  0  0  0  0  0  0  0  0  0  0  0  0  0  0  0  0  0  0  0  0  0  0  0  0  0  0  0  0  0  0  0  0  0  0  0  0  0  0  0  0  0  0  0  0  0  0  0  0  0  0  0  0.745317
g  6  2  73.199336  72.813759  68.744006  63.111425  56.213836  50.398918  44.682989  38.071859  31.190426  25.193993  19.661345  15.0622  11.862896  9.852232  8.597143  7.628974  6.531312  5.019464  2.871225  0.125988  -3.033222  -6.427688  0  0  0  0  0  0  0  0  0  0  0  0  0  0  0  0  0  0  0  0  0  0  0  0  0  0  0  0  0  0  0  0  0  0  0  0  0  0  0  0  0  0  0  0  0  0  0  0  0  0  0  0  0  0  0  0  0  0  0  0  0  0  0  0  0  -0.6856469999999995
h  6  2  33.461622  25.284339  20.523945  16.599096  14.18278  12.779888  10.089587  7.419675  5.423774  3.549564  1.640756  0.227666  -0.469941  -0.608498  -0.676592  -1.447869  -3.058533  -5.41577  -8.680752  -12.766761  -17.188284  -21.460747  0  0  0  0  0  0  0  0  0  0  0  0  0  0  0  0  0  0  0  0  0  0  0  0  0  0  0  0  0  0  0  0  0  0  0  0  0  0  0  0  0  0  0  0  0  0  0  0  0  0  0  0  0  0  0  0  0  0  0  0  0  0  0  0  0  -0.8199310000000004
g  6  3  -129.88939  -121.296244  -115.166446  -110.897615  -105.684738  -97.487807  -86.702218  -74.90426  -64.01907  -54.582325  -46.592679  -40.004741  -34.974722  -31.535793  -29.306255  -27.733377  -26.574851  -25.661367  -24.880249  -24.194333  -23.788892  -23.778198  0  0  0  0  0  0  0  0  0  0  0  0  0  0  0  0  0  0  0  0  0  0  0  0  0  0  0  0  0  0  0  0  0  0  0  0  0  0  0  0  0  0  0  0  0  0  0  0  0  0  0  0  0  0  0  0  0  0  0  0  0  0  0  0  0  -0.030214999999998327
h  6  3  58.823594  53.11015  49.64193  49.925465  52.36356  55.007924  56.377604  55.006372  51.611933  46.76315  41.07941  35.390686  30.495808  26.888466  25.130667  25.37529  27.360979  30.605005  34.682951  39.307179  44.24124  49.138468  0  0  0  0  0  0  0  0  0  0  0  0  0  0  0  0  0  0  0  0  0  0  0  0  0  0  0  0  0  0  0  0  0  0  0  0  0  0  0  0  0  0  0  0  0  0  0  0  0  0  0  0  0  0  0  0  0  0  0  0  0  0  0  0  0  0.9558970000000002
g  6  4  -29.079253  -36.052631  -39.539828  -43.975037  -48.209067  -53.209342  -57.730824  -62.523414  -67.787119  -73.502528  -79.186309  -83.758331  -86.320458  -87.373914  -87.823559  -88.336407  -89.140805  -90.158102  -91.168624  -91.60411  -90.934234  -88.987851  0  0  0  0  0  0  0  0  0  0  0  0  0  0  0  0  0  0  0  0  0  0  0  0  0  0  0  0  0  0  0  0  0  0  0  0  0  0  0  0  0  0  0  0  0  0  0  0  0  0  0  0  0  0  0  0  0  0  0  0  0  0  0  0  0  0.4909529999999904
h  6  4  -66.745777  -64.4551  -61.916447  -59.240067  -57.946585  -55.654918  -52.037929  -48.195955  -43.823388  -39.107501  -33.918142  -27.806635  -20.815863  -13.147903  -4.793436  3.833976  12.208914  19.971144  27.200954  34.118985  40.654423  46.485435  0  0  0  0  0  0  0  0  0  0  0  0  0  0  0  0  0  0  0  0  0  0  0  0  0  0  0  0  0  0  0  0  0  0  0  0  0  0  0  0  0  0  0  0  0  0  0  0  0  0  0  0  0  0  0  0  0  0  0  0  0  0  0  0  0  1.0850830000000045
g  6  5  12.983217  13.360274  12.653455  13.922935  15.711357  17.765904  20.244916  22.355204  24.796227  27.857205  31.193175  33.936087  36.006388  37.52133  39.049442  40.980572  43.629124  47.254138  51.884297  57.352132  63.338457  69.336855  0  0  0  0  0  0  0  0  0  0  0  0  0  0  0  0  0  0  0  0  0  0  0  0  0  0  0  0  0  0  0  0  0  0  0  0  0  0  0  0  0  0  0  0  0  0  0  0  0  0  0  0  0  0  0  0  0  0  0  0  0  0  0  0  0  1.1801590000000033
h  6  5  7.442159  9.185126  10.952603  12.326869  12.547656  10.309755  5.965951  0.728098  -5.229225  -11.386026  -17.399672  -23.111674  -28.233736  -32.868522  -37.413833  -42.145802  -47.34453  -53.162057  -59.464006  -65.958015  -72.29602  -77.972773  0  0  0  0  0  0  0  0  0  0  0  0  0  0  0  0  0  0  0  0  0  0  0  0  0  0  0  0  0  0  0  0  0  0  0  0  0  0  0  0  0  0  0  0  0  0  0  0  0  0  0  0  0  0  0  0  0  0  0  0  0  0  0  0  0  -1.0585470000000043
g  6  6  -70.580525  -64.399695  -54.323283  -42.605775  -30.889189  -17.880895  -4.124003  9.733803  23.685515  37.800217  51.546735  63.954772  73.975829  80.996659  84.927881  86.0643  84.853513  81.705019  76.851852  70.618793  63.241721  54.870209  0  0  0  0  0  0  0  0  0  0  0  0  0  0  0  0  0  0  0  0  0  0  0  0  0  0  0  0  0  0  0  0  0  0  0  0  0  0  0  0  0  0  0  0  0  0  0  0  0  0  0  0  0  0  0  0  0  0  0  0  0  0  0  0  0  -1.7482539999999958
h  6  6  62.33957  68.087084  73.157537  74.336005  73.43862  71.085347  66.216462  59.070913  50.805697  42.119914  32.612741  21.137411  7.069096  -8.856219  -25.094069  -40.022891  -52.306478  -61.251985  -66.716583  -68.782083  -67.411819  -62.485698  0  0  0  0  0  0  0  0  0  0  0  0  0  0  0  0  0  0  0  0  0  0  0  0  0  0  0  0  0  0  0  0  0  0  0  0  0  0  0  0  0  0  0  0  0  0  0  0  0  0  0  0  0  0  0  0  0  0  0  0  0  0  0  0  0  1.2771370000000033
g  7  0  81.264473  80.568777  76.793557  70.966094  64.011076  56.146269  50.519297  47.456775  45.307894  43.572784  42.006545  40.227521  38.3071  36.076155  33.517867  30.637496  27.431639  24.147538  21.166416  18.7665  17.089015  16.133963  0  0  0  0  0  0  0  0  0  0  0  0  0  0  0  0  0  0  0  0  0  0  0  0  0  0  0  0  0  0  0  0  0  0  0  0  0  0  0  0  0  0  0  0  0  0  0  0  0  0  0  0  0  0  0  0  0  0  0  0  0  0  0  0  0  -0.13747299999999996
g  7  1  -76.077229  -76.809276  -76.767125  -77.566288  -78.672842  -79.731574  -80.46637  -80.495081  -79.911727  -78.180647  -75.384827  -72.000674  -68.234318  -64.271875  -60.388394  -56.658561  -53.137539  -49.942072  -46.987043  -43.981865  -40.675788  -36.863284  0  0  0  0  0  0  0  0  0  0  0  0  0  0  0  0  0  0  0  0  0  0  0  0  0  0  0  0  0  0  0  0  0  0  0  0  0  0  0  0  0  0  0  0  0  0  0  0  0  0  0  0  0  0  0  0  0  0  0  0  0  0  0  0  0  0.8108599999999981
h  7  1  -54.547554  -51.057349  -47.771826  -45.46924  -43.954667  -42.909946  -42.215702  -41.52585  -40.296081  -38.976241  -38.395661  -38.605349  -39.22444  -40.000274  -40.838283  -41.749301  -42.730153  -43.626436  -44.257319  -44.455473  -44.131322  -43.372164  0  0  0  0  0  0  0  0  0  0  0  0  0  0  0  0  0  0  0  0  0  0  0  0  0  0  0  0  0  0  0  0  0  0  0  0  0  0  0  0  0  0  0  0  0  0  0  0  0  0  0  0  0  0  0  0  0  0  0  0  0  0  0  0  0  0.18146700000000493
g  7  2  -6.777637  -7.826695  -7.575019  -5.964954  -3.226334  -1.352933  -0.61301  -0.489796  -0.397893  0.185013  1.678482  3.867881  6.348046  8.850889  11.039584  12.678459  13.763325  14.266648  14.379139  14.420206  14.614099  15.096463  0  0  0  0  0  0  0  0  0  0  0  0  0  0  0  0  0  0  0  0  0  0  0  0  0  0  0  0  0  0  0  0  0  0  0  0  0  0  0  0  0  0  0  0  0  0  0  0  0  0  0  0  0  0  0  0  0  0  0  0  0  0  0  0  0  0.12238499999999952
h  7  2  -19.452991  -17.303281  -15.909003  -13.372518  -9.521327  -5.067977  -1.238506  2.508566  6.972857  11.939176  16.814015  21.515304  26.239279  31.093562  35.85714  40.37142  44.411457  47.49894  49.083736  48.911456  47.111272  44.028774  0  0  0  0  0  0  0  0  0  0  0  0  0  0  0  0  0  0  0  0  0  0  0  0  0  0  0  0  0  0  0  0  0  0  0  0  0  0  0  0  0  0  0  0  0  0  0  0  0  0  0  0  0  0  0  0  0  0  0  0  0  0  0  0  0  -0.700603000000001
g  7  3  51.935592  56.825321  60.952656  62.949493  63.245915  63.1883  63.279308  63.078438  62.728914  62.342362  61.935973  61.742105  61.712858  61.462452  60.518044  58.582067  55.36781  51.082706  46.083698  40.587879  34.714223  28.550578  0  0  0  0  0  0  0  0  0  0  0  0  0  0  0  0  0  0  0  0  0  0  0  0  0  0  0  0  0  0  0  0  0  0  0  0  0  0  0  0  0  0  0  0  0  0  0  0  0  0  0  0  0  0  0  0  0  0  0  0  0  0  0  0  0  -1.2517509999999987
h  7  3  6.019126  2.350359  -0.047841  -2.466666  -3.933249  -4.016361  -3.395802  -2.044517  0.567241  3.900738  7.820614  12.032603  16.061306  19.34033  21.755643  23.277392  24.122153  24.538546  24.483391  23.983492  23.062248  21.699983  0  0  0  0  0  0  0  0  0  0  0  0  0  0  0  0  0  0  0  0  0  0  0  0  0  0  0  0  0  0  0  0  0  0  0  0  0  0  0  0  0  0  0  0  0  0  0  0  0  0  0  0  0  0  0  0  0  0  0  0  0  0  0  0  0  -0.30884599999999907
g  7  4  14.968788  15.876497  17.955313  18.794425  20.281718  22.773215  26.202511  30.245483  33.815477  36.12287  36.779346  35.724953  33.284271  29.864845  26.1025  22.559682  19.468979  16.963183  15.133949  14.010717  13.451467  13.256475  0  0  0  0  0  0  0  0  0  0  0  0  0  0  0  0  0  0  0  0  0  0  0  0  0  0  0  0  0  0  0  0  0  0  0  0  0  0  0  0  0  0  0  0  0  0  0  0  0  0  0  0  0  0  0  0  0  0  0  0  0  0  0  0  0  -0.015326999999999202
h  7  4  24.459226  23.953775  25.161337  26.330053  27.160918  27.578617  27.950983  27.964568  27.039478  25.515883  24.191024  23.3601  23.012515  23.148261  23.633982  24.221857  24.729736  25.104207  25.358951  25.513367  25.648749  25.759872  0  0  0  0  0  0  0  0  0  0  0  0  0  0  0  0  0  0  0  0  0  0  0  0  0  0  0  0  0  0  0  0  0  0  0  0  0  0  0  0  0  0  0  0  0  0  0  0  0  0  0  0  0  0  0  0  0  0  0  0  0  0  0  0  0  0.014649000000002133
g  7  5  9.508018  6.350314  2.004923  -3.017167  -7.565841  -12.754576  -17.794864  -21.387807  -23.572694  -24.297531  -23.950989  -23.286998  -22.254671  -20.842295  -19.168117  -17.110557  -14.575027  -11.693481  -8.735736  -5.890969  -3.331043  -1.142019  0  0  0  0  0  0  0  0  0  0  0  0  0  0  0  0  0  0  0  0  0  0  0  0  0  0  0  0  0  0  0  0  0  0  0  0  0  0  0  0  0  0  0  0  0  0  0  0  0  0  0  0  0  0  0  0  0  0  0  0  0  0  0  0  0  0.4113220000000002
h  7  5  3.161685  -1.984601  -7.959255  -13.794836  -18.73076  -22.503365  -24.507418  -25.718295  -26.817845  -28.027797  -29.422797  -30.965046  -32.588623  -34.483118  -36.523142  -38.58073  -40.66343  -42.747344  -44.576509  -45.778221  -46.093372  -45.425128  0  0  0  0  0  0  0  0  0  0  0  0  0  0  0  0  0  0  0  0  0  0  0  0  0  0  0  0  0  0  0  0  0  0  0  0  0  0  0  0  0  0  0  0  0  0  0  0  0  0  0  0  0  0  0  0  0  0  0  0  0  0  0  0  0  0.2088189999999983
g  7  6  -2.950444  -7.271167  -11.857979  -15.802584  -19.055725  -22.218119  -25.703379  -29.474415  -33.359257  -36.857262  -39.601543  -41.285419  -41.699283  -40.970277  -39.350078  -37.164742  -34.750121  -32.610431  -31.118254  -30.356804  -30.415273  -31.441227  0  0  0  0  0  0  0  0  0  0  0  0  0  0  0  0  0  0  0  0  0  0  0  0  0  0  0  0  0  0  0  0  0  0  0  0  0  0  0  0  0  0  0  0  0  0  0  0  0  0  0  0  0  0  0  0  0  0  0  0  0  0  0  0  0  -0.2899220000000007
h  7  6  -27.212061  -27.130015  -26.474046  -26.164621  -26.477295  -27.26514  -27.928033  -27.768822  -25.912685  -22.434739  -17.596286  -12.060899  -6.437174  -1.259626  3.296604  7.299367  10.936001  14.337465  17.541113  20.515243  23.263464  25.830327  0  0  0  0  0  0  0  0  0  0  0  0  0  0  0  0  0  0  0  0  0  0  0  0  0  0  0  0  0  0  0  0  0  0  0  0  0  0  0  0  0  0  0  0  0  0  0  0  0  0  0  0  0  0  0  0  0  0  0  0  0  0  0  0  0  0.5029010000000014
g  7  7  7.060788  9.65172  13.619484  17.691225  21.109799  24.433037  28.139252  32.34832  36.588218  40.097  42.188383  42.747342  41.594111  38.523946  33.318549  26.025213  16.970494  6.624918  -4.595323  -16.300602  -28.062178  -39.465959  0  0  0  0  0  0  0  0  0  0  0  0  0  0  0  0  0  0  0  0  0  0  0  0  0  0  0  0  0  0  0  0  0  0  0  0  0  0  0  0  0  0  0  0  0  0  0  0  0  0  0  0  0  0  0  0  0  0  0  0  0  0  0  0  0  -2.2311459999999954
h  7  7  -2.527299  -2.218947  -1.434845  -1.936674  -2.633279  -1.987645  -1.044233  -0.605548  -0.641063  -1.181663  -2.608617  -5.285483  -9.162861  -13.762208  -18.494051  -22.787016  -26.253416  -28.819225  -30.475743  -30.992114  -30.026357  -27.298172  0  0  0  0  0  0  0  0  0  0  0  0  0  0  0  0  0  0  0  0  0  0  0  0  0  0  0  0  0  0  0  0  0  0  0  0  0  0  0  0  0  0  0  0  0  0  0  0  0  0  0  0  0  0  0  0  0  0  0  0  0  0  0  0  0  0.6932459999999985
g  8  0  23.910859  23.702792  22.338084  19.903761  16.987202  13.833156  12.007967  11.366963  11.081352  11.222875  11.767678  12.759544  14.213907  16.037929  18.175714  20.539816  23.043381  25.75422  28.773528  32.014051  35.247619  38.199256  0  0  0  0  0  0  0  0  0  0  0  0  0  0  0  0  0  0  0  0  0  0  0  0  0  0  0  0  0  0  0  0  0  0  0  0  0  0  0  0  0  0  0  0  0  0  0  0  0  0  0  0  0  0  0  0  0  0  0  0  0  0  0  0  0  0.5559159999999963
g  8  1  8.824441  9.83312  11.781046  13.764258  15.536842  17.268796  18.456827  18.931111  18.679929  18.059454  17.067138  15.852105  14.479864  12.934786  11.255856  9.485106  7.629957  5.750604  4.011103  2.504159  1.244584  0.259313  0  0  0  0  0  0  0  0  0  0  0  0  0  0  0  0  0  0  0  0  0  0  0  0  0  0  0  0  0  0  0  0  0  0  0  0  0  0  0  0  0  0  0  0  0  0  0  0  0  0  0  0  0  0  0  0  0  0  0  0  0  0  0  0  0  -0.175151
h  8  1  10.173418  8.25695  3.079476  -2.658177  -7.454799  -10.960476  -13.77676  -16.321351  -18.145904  -19.372697  -20.021659  -19.752986  -18.53377  -16.63509  -14.165525  -11.189141  -7.786783  -4.065321  -0.174047  3.713435  7.423484  10.82938  0  0  0  0  0  0  0  0  0  0  0  0  0  0  0  0  0  0  0  0  0  0  0  0  0  0  0  0  0  0  0  0  0  0  0  0  0  0  0  0  0  0  0  0  0  0  0  0  0  0  0  0  0  0  0  0  0  0  0  0  0  0  0  0  0  0.6537760000000006
g  8  2  -16.617897  -17.517865  -19.290639  -19.540363  -19.025539  -17.68513  -16.193429  -15.213728  -14.657229  -14.366906  -14.129909  -13.939296  -13.785968  -13.731293  -13.946458  -14.601623  -15.735484  -17.321796  -19.215371  -21.117571  -22.756996  -23.952979  0  0  0  0  0  0  0  0  0  0  0  0  0  0  0  0  0  0  0  0  0  0  0  0  0  0  0  0  0  0  0  0  0  0  0  0  0  0  0  0  0  0  0  0  0  0  0  0  0  0  0  0  0  0  0  0  0  0  0  0  0  0  0  0  0  -0.19872999999999763
h  8  2  -18.387265  -15.219568  -14.085391  -13.255063  -12.200044  -11.0316  -10.604315  -10.544192  -9.995102  -9.070772  -7.860595  -6.220577  -4.148095  -1.60902  1.296854  4.283508  7.155272  9.819327  12.198736  14.372473  16.488347  18.663297  0  0  0  0  0  0  0  0  0  0  0  0  0  0  0  0  0  0  0  0  0  0  0  0  0  0  0  0  0  0  0  0  0  0  0  0  0  0  0  0  0  0  0  0  0  0  0  0  0  0  0  0  0  0  0  0  0  0  0  0  0  0  0  0  0  0.44329400000000163
g  8  3  -3.324734  -0.62509  -0.03738  -0.232787  -1.481621  -3.47064  -5.784478  -7.861395  -9.73395  -11.209158  -12.150532  -12.734666  -13.187352  -13.58348  -13.904217  -14.097462  -14.049855  -13.762656  -13.30005  -12.716579  -12.083638  -11.45224  0  0  0  0  0  0  0  0  0  0  0  0  0  0  0  0  0  0  0  0  0  0  0  0  0  0  0  0  0  0  0  0  0  0  0  0  0  0  0  0  0  0  0  0  0  0  0  0  0  0  0  0  0  0  0  0  0  0  0  0  0  0  0  0  0  0.12617999999999974
h  8  3  13.11541  12.614533  13.220944  14.422512  16.45907  18.991906  21.214925  23.323851  25.425338  27.547276  29.495135  30.955598  31.892543  32.24616  32.014221  31.330521  30.242583  28.742707  26.878565  24.759047  22.505513  20.213512  0  0  0  0  0  0  0  0  0  0  0  0  0  0  0  0  0  0  0  0  0  0  0  0  0  0  0  0  0  0  0  0  0  0  0  0  0  0  0  0  0  0  0  0  0  0  0  0  0  0  0  0  0  0  0  0  0  0  0  0  0  0  0  0  0  -0.457182999999997
g  8  4  -20.6862  -20.714893  -20.631656  -20.764846  -20.556448  -20.661444  -20.801064  -20.533246  -20.501215  -20.82925  -21.566282  -22.540128  -23.50248  -24.366071  -25.194818  -25.905321  -26.365642  -26.474961  -26.103336  -25.247256  -24.02209  -22.587689  0  0  0  0  0  0  0  0  0  0  0  0  0  0  0  0  0  0  0  0  0  0  0  0  0  0  0  0  0  0  0  0  0  0  0  0  0  0  0  0  0  0  0  0  0  0  0  0  0  0  0  0  0  0  0  0  0  0  0  0  0  0  0  0  0  0.29569000000000045
h  8  4  -14.660872  -11.668015  -9.677998  -8.748999  -8.594142  -9.376843  -10.588343  -11.904963  -12.944324  -13.426025  -13.342918  -12.838126  -11.952335  -10.800671  -9.35137  -7.596489  -5.73649  -3.939471  -2.350263  -1.040653  -0.032522  0.709155  0  0  0  0  0  0  0  0  0  0  0  0  0  0  0  0  0  0  0  0  0  0  0  0  0  0  0  0  0  0  0  0  0  0  0  0  0  0  0  0  0  0  0  0  0  0  0  0  0  0  0  0  0  0  0  0  0  0  0  0  0  0  0  0  0  0.12962399999999996
g  8  5  13.336341  15.192891  16.575433  18.107596  19.726656  20.635142  21.473288  22.483573  23.750043  25.294404  26.746834  27.711956  28.193454  28.175605  27.76207  27.102923  26.214469  25.090603  23.708547  22.069889  20.125166  17.855644  0  0  0  0  0  0  0  0  0  0  0  0  0  0  0  0  0  0  0  0  0  0  0  0  0  0  0  0  0  0  0  0  0  0  0  0  0  0  0  0  0  0  0  0  0  0  0  0  0  0  0  0  0  0  0  0  0  0  0  0  0  0  0  0  0  -0.4788829999999997
h  8  5  16.669537  14.805313  12.379123  9.300991  6.3415  4.131752  2.800475  1.764194  0.94413  -0.036325  -1.348024  -2.806632  -4.190189  -5.305434  -5.962361  -6.096858  -5.702535  -4.753767  -3.291534  -1.436668  0.643673  2.713983  0  0  0  0  0  0  0  0  0  0  0  0  0  0  0  0  0  0  0  0  0  0  0  0  0  0  0  0  0  0  0  0  0  0  0  0  0  0  0  0  0  0  0  0  0  0  0  0  0  0  0  0  0  0  0  0  0  0  0  0  0  0  0  0  0  0.40094799999999964
g  8  6  11.62437  13.409083  13.063791  12.203731  10.958328  9.680824  8.925058  8.554841  8.518365  8.867328  9.380737  9.988484  10.743625  11.690539  12.867549  14.307894  15.820404  17.130431  18.039735  18.457184  18.38126  17.887179  0  0  0  0  0  0  0  0  0  0  0  0  0  0  0  0  0  0  0  0  0  0  0  0  0  0  0  0  0  0  0  0  0  0  0  0  0  0  0  0  0  0  0  0  0  0  0  0  0  0  0  0  0  0  0  0  0  0  0  0  0  0  0  0  0  -0.1265509999999992
h  8  6  5.560034  3.625127  2.36059  1.269804  0.725461  1.035392  1.927645  2.967457  4.088549  4.964129  5.509087  5.817862  5.995467  6.124207  6.370986  6.82135  7.432477  8.19476  9.131574  10.304545  11.748021  13.377518  0  0  0  0  0  0  0  0  0  0  0  0  0  0  0  0  0  0  0  0  0  0  0  0  0  0  0  0  0  0  0  0  0  0  0  0  0  0  0  0  0  0  0  0  0  0  0  0  0  0  0  0  0  0  0  0  0  0  0  0  0  0  0  0  0  0.33426500000000026
g  8  7  -15.627542  -16.546365  -17.161006  -17.325742  -16.8105  -16.256752  -16.121101  -16.497003  -17.353339  -18.501905  -19.549629  -19.978358  -19.548481  -18.185974  -15.948448  -13.123027  -10.040949  -6.895872  -3.830179  -1.037363  1.228883  2.682363  0  0  0  0  0  0  0  0  0  0  0  0  0  0  0  0  0  0  0  0  0  0  0  0  0  0  0  0  0  0  0  0  0  0  0  0  0  0  0  0  0  0  0  0  0  0  0  0  0  0  0  0  0  0  0  0  0  0  0  0  0  0  0  0  0  0.21502700000000008
h  8  7  -9.295762  -7.15371  -5.160482  -4.214162  -4.212809  -4.565001  -5.173508  -5.719567  -5.879193  -5.358771  -4.162756  -2.606659  -0.989382  0.400553  1.277572  1.388829  0.57803  -1.28383  -4.206354  -8.025428  -12.513823  -17.365912  0  0  0  0  0  0  0  0  0  0  0  0  0  0  0  0  0  0  0  0  0  0  0  0  0  0  0  0  0  0  0  0  0  0  0  0  0  0  0  0  0  0  0  0  0  0  0  0  0  0  0  0  0  0  0  0  0  0  0  0  0  0  0  0  0  -0.9839070000000021
g  8  8  -2.086501  -0.190083  2.11905  4.003554  5.474896  6.816919  8.151624  9.538644  10.560775  10.687721  9.592631  7.241183  3.749621  -0.648864  -5.629887  -10.739009  -15.438883  -19.332642  -22.245496  -24.160512  -25.146418  -25.296654  0  0  0  0  0  0  0  0  0  0  0  0  0  0  0  0  0  0  0  0  0  0  0  0  0  0  0  0  0  0  0  0  0  0  0  0  0  0  0  0  0  0  0  0  0  0  0  0  0  0  0  0  0  0  0  0  0  0  0  0  0  0  0  0  0  0.03156500000000051
h  8  8  2.245472  2.716802  2.314981  1.498351  0.16047  -1.303495  -2.883631  -5.170054  -8.285716  -12.205928  -16.825606  -21.857402  -26.783042  -31.066382  -34.316578  -36.27947  -36.889359  -36.22536  -34.381976  -31.479032  -27.646096  -23.109463  0  0  0  0  0  0  0  0  0  0  0  0  0  0  0  0  0  0  0  0  0  0  0  0  0  0  0  0  0  0  0  0  0  0  0  0  0  0  0  0  0  0  0  0  0  0  0  0  0  0  0  0  0  0  0  0  0  0  0  0  0  0  0  0  0  0.9486549999999987
g  9  0  5.305858  5.003617  4.861492  4.160745  2.907754  1.383791  0.853721  1.1609  1.796528  2.642371  3.652679  4.689452  5.590324  6.230724  6.581295  6.718547  6.692489  6.553526  6.353208  6.063803  5.644393  5.105318  0  0  0  0  0  0  0  0  0  0  0  0  0  0  0  0  0  0  0  0  0  0  0  0  0  0  0  0  0  0  0  0  0  0  0  0  0  0  0  0  0  0  0  0  0  0  0  0  0  0  0  0  0  0  0  0  0  0  0  0  0  0  0  0  0  -0.11627800000000033
g  9  1  8.908271  8.740336  9.021778  9.095995  9.20031  9.428673  9.500122  9.558735  9.416368  9.153086  8.795532  8.379919  7.972738  7.59548  7.225558  6.869487  6.555289  6.364425  6.372332  6.551816  6.80646  7.015246  0  0  0  0  0  0  0  0  0  0  0  0  0  0  0  0  0  0  0  0  0  0  0  0  0  0  0  0  0  0  0  0  0  0  0  0  0  0  0  0  0  0  0  0  0  0  0  0  0  0  0  0  0  0  0  0  0  0  0  0  0  0  0  0  0  0.03293700000000044
h  9  1  -21.299372  -23.107817  -23.259902  -23.316752  -23.469902  -23.619749  -23.735971  -23.499867  -22.984254  -22.192677  -21.218425  -20.018075  -18.53232  -16.769674  -14.806605  -12.788987  -10.854539  -9.094201  -7.557211  -6.243295  -5.134155  -4.205095  0  0  0  0  0  0  0  0  0  0  0  0  0  0  0  0  0  0  0  0  0  0  0  0  0  0  0  0  0  0  0  0  0  0  0  0  0  0  0  0  0  0  0  0  0  0  0  0  0  0  0  0  0  0  0  0  0  0  0  0  0  0  0  0  0  0.17233799999999988
g  9  2  3.089457  2.864191  3.430696  4.13298  5.105913  6.520882  7.882064  9.114002  10.206776  11.08439  11.686563  12.05264  12.139474  11.893553  11.328093  10.586553  9.812048  9.116755  8.597123  8.307233  8.240451  8.363207  0  0  0  0  0  0  0  0  0  0  0  0  0  0  0  0  0  0  0  0  0  0  0  0  0  0  0  0  0  0  0  0  0  0  0  0  0  0  0  0  0  0  0  0  0  0  0  0  0  0  0  0  0  0  0  0  0  0  0  0  0  0  0  0  0  0.03739299999999979
h  9  2  10.483329  10.66682  10.005805  9.649713  9.662383  9.432821  8.638334  7.740723  6.947015  6.179068  5.458409  4.808126  4.184538  3.533652  2.785893  1.902265  0.902667  -0.203383  -1.403954  -2.663501  -3.950937  -5.256117  0  0  0  0  0  0  0  0  0  0  0  0  0  0  0  0  0  0  0  0  0  0  0  0  0  0  0  0  0  0  0  0  0  0  0  0  0  0  0  0  0  0  0  0  0  0  0  0  0  0  0  0  0  0  0  0  0  0  0  0  0  0  0  0  0  -0.2628959999999996
g  9  3  -3.104275  -1.513273  -0.820251  -0.993924  -1.032254  -1.074747  -1.15966  -1.237757  -1.514521  -1.995703  -2.57068  -3.205499  -3.901386  -4.628338  -5.424945  -6.285325  -7.139851  -7.944796  -8.644259  -9.207657  -9.594819  -9.775049  0  0  0  0  0  0  0  0  0  0  0  0  0  0  0  0  0  0  0  0  0  0  0  0  0  0  0  0  0  0  0  0  0  0  0  0  0  0  0  0  0  0  0  0  0  0  0  0  0  0  0  0  0  0  0  0  0  0  0  0  0  0  0  0  0  -0.019044999999998424
h  9  3  11.721826  9.95086  9.510849  9.872171  10.826403  11.707457  12.387332  12.878352  13.136488  13.117643  12.816656  12.235323  11.318574  9.985568  8.31197  6.475332  4.596553  2.763029  1.050515  -0.47052  -1.741242  -2.725781  0  0  0  0  0  0  0  0  0  0  0  0  0  0  0  0  0  0  0  0  0  0  0  0  0  0  0  0  0  0  0  0  0  0  0  0  0  0  0  0  0  0  0  0  0  0  0  0  0  0  0  0  0  0  0  0  0  0  0  0  0  0  0  0  0  -0.17330999999999985
g  9  4  0.738832  -1.148936  -1.945206  -2.880021  -3.855482  -4.563923  -5.020904  -5.284378  -5.351354  -5.21112  -4.935195  -4.477117  -3.915157  -3.315714  -2.772578  -2.341191  -2.041201  -1.89981  -1.874758  -1.924136  -2.0297  -2.190814  0  0  0  0  0  0  0  0  0  0  0  0  0  0  0  0  0  0  0  0  0  0  0  0  0  0  0  0  0  0  0  0  0  0  0  0  0  0  0  0  0  0  0  0  0  0  0  0  0  0  0  0  0  0  0  0  0  0  0  0  0  0  0  0  0  -0.03608100000000025
h  9  4  -6.663009  -5.006676  -3.525004  -2.039796  -0.912722  -0.271819  -0.023374  0.344616  0.770656  1.172869  1.59495  1.934568  2.17583  2.269541  2.129034  1.754552  1.181747  0.433878  -0.428325  -1.326785  -2.183334  -2.952621  0  0  0  0  0  0  0  0  0  0  0  0  0  0  0  0  0  0  0  0  0  0  0  0  0  0  0  0  0  0  0  0  0  0  0  0  0  0  0  0  0  0  0  0  0  0  0  0  0  0  0  0  0  0  0  0  0  0  0  0  0  0  0  0  0  -0.14554299999999998
g  9  5  -13.559288  -13.403773  -14.042612  -14.184346  -14.006585  -13.933071  -14.141522  -14.090563  -13.579492  -12.787725  -11.728009  -10.467348  -9.095449  -7.626203  -6.092145  -4.597942  -3.200866  -1.944802  -0.874327  -0.035783  0.502142  0.667715  0  0  0  0  0  0  0  0  0  0  0  0  0  0  0  0  0  0  0  0  0  0  0  0  0  0  0  0  0  0  0  0  0  0  0  0  0  0  0  0  0  0  0  0  0  0  0  0  0  0  0  0  0  0  0  0  0  0  0  0  0  0  0  0  0  0.0012059999999999294
h  9  5  -7.031483  -6.493813  -7.343325  -8.257493  -9.033338  -9.752931  -9.988444  -9.728042  -9.273257  -8.56558  -7.61182  -6.544313  -5.423121  -4.34082  -3.376  -2.505839  -1.700153  -0.993122  -0.431698  -0.046708  0.12454  0.061097  0  0  0  0  0  0  0  0  0  0  0  0  0  0  0  0  0  0  0  0  0  0  0  0  0  0  0  0  0  0  0  0  0  0  0  0  0  0  0  0  0  0  0  0  0  0  0  0  0  0  0  0  0  0  0  0  0  0  0  0  0  0  0  0  0  -0.030953999999999995
g  9  6  -0.36792  0.797293  0.928741  0.903671  0.896029  0.866572  0.715776  0.247464  -0.482223  -1.459749  -2.827903  -4.63481  -6.790485  -9.245327  -11.859423  -14.390958  -16.669246  -18.597725  -20.136321  -21.280559  -22.069694  -22.557979  0  0  0  0  0  0  0  0  0  0  0  0  0  0  0  0  0  0  0  0  0  0  0  0  0  0  0  0  0  0  0  0  0  0  0  0  0  0  0  0  0  0  0  0  0  0  0  0  0  0  0  0  0  0  0  0  0  0  0  0  0  0  0  0  0  -0.07621699999999976
h  9  6  7.946164  7.98975  8.167747  8.042959  7.875587  7.818776  7.655685  7.163758  6.348897  5.229702  3.914083  2.649547  1.580655  0.801103  0.422042  0.421537  0.67239  1.060709  1.505994  1.959921  2.322244  2.475704  0  0  0  0  0  0  0  0  0  0  0  0  0  0  0  0  0  0  0  0  0  0  0  0  0  0  0  0  0  0  0  0  0  0  0  0  0  0  0  0  0  0  0  0  0  0  0  0  0  0  0  0  0  0  0  0  0  0  0  0  0  0  0  0  0  0.009730999999999934
g  9  7  8.671839  8.855435  7.792854  6.5165  5.191188  3.796116  2.292542  0.842609  -0.474646  -1.676172  -2.764745  -3.614017  -4.283314  -4.912961  -5.606128  -6.431738  -7.375394  -8.360224  -9.344179  -10.298572  -11.174776  -11.899546  0  0  0  0  0  0  0  0  0  0  0  0  0  0  0  0  0  0  0  0  0  0  0  0  0  0  0  0  0  0  0  0  0  0  0  0  0  0  0  0  0  0  0  0  0  0  0  0  0  0  0  0  0  0  0  0  0  0  0  0  0  0  0  0  0  -0.12859900000000124
h  9  7  1.063641  0.497517  -0.098656  -0.711375  -1.098377  -1.376558  -1.607568  -1.768625  -2.02093  -2.257543  -2.293718  -2.145147  -1.888775  -1.591529  -1.331746  -1.084869  -0.798196  -0.46553  -0.0744  0.430954  1.075784  1.848977  0  0  0  0  0  0  0  0  0  0  0  0  0  0  0  0  0  0  0  0  0  0  0  0  0  0  0  0  0  0  0  0  0  0  0  0  0  0  0  0  0  0  0  0  0  0  0  0  0  0  0  0  0  0  0  0  0  0  0  0  0  0  0  0  0  0.162142
g  9  8  -8.969306  -9.322744  -8.794296  -7.375622  -5.222424  -2.70102  -0.23568  1.861242  3.473844  4.601842  5.285143  5.611358  5.72553  5.81158  6.014558  6.364706  6.823331  7.292073  7.602872  7.585966  7.118019  6.12375  0  0  0  0  0  0  0  0  0  0  0  0  0  0  0  0  0  0  0  0  0  0  0  0  0  0  0  0  0  0  0  0  0  0  0  0  0  0  0  0  0  0  0  0  0  0  0  0  0  0  0  0  0  0  0  0  0  0  0  0  0  0  0  0  0  -0.24135499999999954
h  9  8  -3.906538  -1.404668  0.421557  1.677857  2.508827  2.766078  2.429146  1.79442  1.018761  0.141433  -0.725697  -1.531573  -2.195701  -2.677639  -3.028261  -3.357046  -3.726466  -4.139446  -4.553756  -4.935876  -5.216569  -5.306261  0  0  0  0  0  0  0  0  0  0  0  0  0  0  0  0  0  0  0  0  0  0  0  0  0  0  0  0  0  0  0  0  0  0  0  0  0  0  0  0  0  0  0  0  0  0  0  0  0  0  0  0  0  0  0  0  0  0  0  0  0  0  0  0  0  0.0009939999999994953
g  9  9  -10.568414  -11.678378  -10.814432  -9.591238  -8.159076  -6.679914  -5.169942  -3.615552  -2.289212  -1.460602  -1.269431  -1.678121  -2.600159  -3.967661  -5.726662  -7.735553  -9.80843  -11.803264  -13.619396  -15.165627  -16.384804  -17.21488  0  0  0  0  0  0  0  0  0  0  0  0  0  0  0  0  0  0  0  0  0  0  0  0  0  0  0  0  0  0  0  0  0  0  0  0  0  0  0  0  0  0  0  0  0  0  0  0  0  0  0  0  0  0  0  0  0  0  0  0  0  0  0  0  0  -0.13047200000000103
h  9  9  8.474492  9.647795  10.705724  11.098987  11.028083  10.626631  9.970092  8.834937  7.15044  5.003396  2.503675  -0.107156  -2.522949  -4.448343  -5.645217  -5.97235  -5.394901  -4.02154  -2.042902  0.361639  3.052851  5.91164  0  0  0  0  0  0  0  0  0  0  0  0  0  0  0  0  0  0  0  0  0  0  0  0  0  0  0  0  0  0  0  0  0  0  0  0  0  0  0  0  0  0  0  0  0  0  0  0  0  0  0  0  0  0  0  0  0  0  0  0  0  0  0  0  0  0.5799320000000003
g  10  0  -2.033114  -2.03059  -1.958266  -1.824146  -1.942012  -2.092022  -1.916112  -1.550643  -1.153347  -0.853921  -0.581471  -0.360348  -0.225949  -0.206298  -0.314003  -0.570533  -0.959271  -1.448434  -2.016986  -2.666009  -3.391031  -4.166013  0  0  0  0  0  0  0  0  0  0  0  0  0  0  0  0  0  0  0  0  0  0  0  0  0  0  0  0  0  0  0  0  0  0  0  0  0  0  0  0  0  0  0  0  0  0  0  0  0  0  0  0  0  0  0  0  0  0  0  0  0  0  0  0  0  -0.15658700000000003
g  10  1  -6.133613  -6.213438  -5.53945  -4.648264  -3.800571  -2.994546  -2.22683  -1.423221  -0.77709  -0.262055  0.108747  0.354077  0.586265  0.864701  1.234298  1.69039  2.148203  2.550194  2.836484  2.937054  2.830456  2.551892  0  0  0  0  0  0  0  0  0  0  0  0  0  0  0  0  0  0  0  0  0  0  0  0  0  0  0  0  0  0  0  0  0  0  0  0  0  0  0  0  0  0  0  0  0  0  0  0  0  0  0  0  0  0  0  0  0  0  0  0  0  0  0  0  0  -0.06702899999999978
h  10  1  3.248186  3.5063  3.705617  3.91389  4.187317  4.738294  5.222763  5.633105  6.031082  6.519217  7.196741  8.107679  9.198488  10.338409  11.396072  12.286175  12.977778  13.458458  13.702286  13.689722  13.452641  13.058386  0  0  0  0  0  0  0  0  0  0  0  0  0  0  0  0  0  0  0  0  0  0  0  0  0  0  0  0  0  0  0  0  0  0  0  0  0  0  0  0  0  0  0  0  0  0  0  0  0  0  0  0  0  0  0  0  0  0  0  0  0  0  0  0  0  -0.08819899999999947
g  10  2  -0.217389  -0.166801  -1.378414  -2.503991  -3.403511  -4.009118  -4.522643  -4.888583  -5.054335  -4.923865  -4.541894  -4.00159  -3.309925  -2.448818  -1.43776  -0.358452  0.7126  1.753255  2.772167  3.773867  4.740562  5.638444  0  0  0  0  0  0  0  0  0  0  0  0  0  0  0  0  0  0  0  0  0  0  0  0  0  0  0  0  0  0  0  0  0  0  0  0  0  0  0  0  0  0  0  0  0  0  0  0  0  0  0  0  0  0  0  0  0  0  0  0  0  0  0  0  0  0.17254699999999978
h  10  2  -0.295942  -0.052402  -0.026379  -0.036408  0.088667  0.295256  0.327903  0.337568  0.420377  0.639544  0.796734  0.834134  0.759151  0.608087  0.418616  0.173817  -0.135601  -0.450574  -0.666626  -0.744349  -0.720173  -0.65768  0  0  0  0  0  0  0  0  0  0  0  0  0  0  0  0  0  0  0  0  0  0  0  0  0  0  0  0  0  0  0  0  0  0  0  0  0  0  0  0  0  0  0  0  0  0  0  0  0  0  0  0  0  0  0  0  0  0  0  0  0  0  0  0  0  0.012123999999999913
g  10  3  0.451604  1.681713  2.211637  2.348794  2.373984  2.36569  2.426074  2.524585  2.660319  2.697318  2.554326  2.191149  1.615614  0.87039  0.062385  -0.687317  -1.313912  -1.83587  -2.290963  -2.671579  -2.935415  -3.041983  0  0  0  0  0  0  0  0  0  0  0  0  0  0  0  0  0  0  0  0  0  0  0  0  0  0  0  0  0  0  0  0  0  0  0  0  0  0  0  0  0  0  0  0  0  0  0  0  0  0  0  0  0  0  0  0  0  0  0  0  0  0  0  0  0  -0.007763000000000186
h  10  3  4.461545  3.659344  3.677183  3.681393  3.608131  3.464512  3.058482  2.463765  1.905781  1.49243  1.24582  1.114028  1.03554  1.013252  1.082374  1.259088  1.525441  1.843305  2.186869  2.569188  2.996706  3.433558  0  0  0  0  0  0  0  0  0  0  0  0  0  0  0  0  0  0  0  0  0  0  0  0  0  0  0  0  0  0  0  0  0  0  0  0  0  0  0  0  0  0  0  0  0  0  0  0  0  0  0  0  0  0  0  0  0  0  0  0  0  0  0  0  0  0.08569800000000027
g  10  4  -0.342327  -0.717183  -0.226464  0.114857  0.236305  0.12963  0.009583  -0.08492  -0.186491  -0.406041  -0.680203  -1.019884  -1.367094  -1.605297  -1.751017  -1.853559  -1.901337  -1.909476  -1.87033  -1.761669  -1.610889  -1.453295  0  0  0  0  0  0  0  0  0  0  0  0  0  0  0  0  0  0  0  0  0  0  0  0  0  0  0  0  0  0  0  0  0  0  0  0  0  0  0  0  0  0  0  0  0  0  0  0  0  0  0  0  0  0  0  0  0  0  0  0  0  0  0  0  0  0.030289999999999928
h  10  4  4.448706  4.864998  5.413  5.793023  6.159613  6.253189  6.14101  5.962793  5.711481  5.372887  4.978113  4.469852  3.928377  3.454104  3.080848  2.878707  2.815903  2.786831  2.749111  2.686738  2.615013  2.565355  0  0  0  0  0  0  0  0  0  0  0  0  0  0  0  0  0  0  0  0  0  0  0  0  0  0  0  0  0  0  0  0  0  0  0  0  0  0  0  0  0  0  0  0  0  0  0  0  0  0  0  0  0  0  0  0  0  0  0  0  0  0  0  0  0  -0.007493000000000194
g  10  5  1.930945  0.772459  -0.113386  -0.839811  -1.350243  -1.920314  -2.609931  -3.075554  -3.274455  -3.236961  -3.032981  -2.71877  -2.322551  -1.832277  -1.293503  -0.758659  -0.248148  0.233216  0.709365  1.221528  1.784483  2.388705  0  0  0  0  0  0  0  0  0  0  0  0  0  0  0  0  0  0  0  0  0  0  0  0  0  0  0  0  0  0  0  0  0  0  0  0  0  0  0  0  0  0  0  0  0  0  0  0  0  0  0  0  0  0  0  0  0  0  0  0  0  0  0  0  0  0.12261199999999972
h  10  5  -7.811613  -8.656308  -9.598542  -10.417993  -10.835412  -10.865337  -10.643576  -10.327287  -9.970668  -9.487273  -8.899334  -8.299811  -7.728213  -7.203068  -6.713387  -6.216038  -5.6859  -5.153069  -4.653947  -4.243963  -3.979656  -3.890898  0  0  0  0  0  0  0  0  0  0  0  0  0  0  0  0  0  0  0  0  0  0  0  0  0  0  0  0  0  0  0  0  0  0  0  0  0  0  0  0  0  0  0  0  0  0  0  0  0  0  0  0  0  0  0  0  0  0  0  0  0  0  0  0  0  0.0036680000000002266
g  10  6  -0.489419  -0.804203  -0.801203  -0.678495  -0.608577  -0.569655  -0.528916  -0.555406  -0.566283  -0.478694  -0.395868  -0.356168  -0.375489  -0.441998  -0.534699  -0.665986  -0.870934  -1.165452  -1.517824  -1.902475  -2.293932  -2.641286  0  0  0  0  0  0  0  0  0  0  0  0  0  0  0  0  0  0  0  0  0  0  0  0  0  0  0  0  0  0  0  0  0  0  0  0  0  0  0  0  0  0  0  0  0  0  0  0  0  0  0  0  0  0  0  0  0  0  0  0  0  0  0  0  0  -0.06300099999999986
h  10  6  -0.697373  -0.111979  0.446556  1.109257  1.697401  2.237975  2.763746  3.262759  3.886621  4.588648  5.30643  6.003343  6.575805  6.898133  6.916717  6.628153  6.062577  5.31557  4.496201  3.724511  3.075243  2.554514  0  0  0  0  0  0  0  0  0  0  0  0  0  0  0  0  0  0  0  0  0  0  0  0  0  0  0  0  0  0  0  0  0  0  0  0  0  0  0  0  0  0  0  0  0  0  0  0  0  0  0  0  0  0  0  0  0  0  0  0  0  0  0  0  0  -0.09483299999999995
g  10  7  2.274037  1.87304  2.187889  2.319275  2.230348  2.129987  2.008377  1.87615  1.737563  1.494348  1.100637  0.624982  0.127518  -0.364813  -0.763348  -0.984894  -0.995095  -0.792818  -0.416003  0.054872  0.523747  0.903921  0  0  0  0  0  0  0  0  0  0  0  0  0  0  0  0  0  0  0  0  0  0  0  0  0  0  0  0  0  0  0  0  0  0  0  0  0  0  0  0  0  0  0  0  0  0  0  0  0  0  0  0  0  0  0  0  0  0  0  0  0  0  0  0  0  0.06632899999999997
h  10  7  -4.356807  -4.28886  -4.740197  -4.960899  -5.022757  -4.953677  -4.809932  -4.723241  -4.805287  -5.055699  -5.351968  -5.580597  -5.712289  -5.729603  -5.633687  -5.459733  -5.21957  -4.942384  -4.704746  -4.577698  -4.606989  -4.809566  0  0  0  0  0  0  0  0  0  0  0  0  0  0  0  0  0  0  0  0  0  0  0  0  0  0  0  0  0  0  0  0  0  0  0  0  0  0  0  0  0  0  0  0  0  0  0  0  0  0  0  0  0  0  0  0  0  0  0  0  0  0  0  0  0  -0.05366300000000024
g  10  8  2.51918  1.487937  0.392093  -0.632131  -1.463739  -2.182423  -2.813182  -3.242863  -3.451306  -3.4906  -3.422201  -3.323449  -3.302362  -3.424096  -3.679406  -4.022804  -4.401936  -4.785856  -5.166096  -5.527236  -5.827383  -6.010843  0  0  0  0  0  0  0  0  0  0  0  0  0  0  0  0  0  0  0  0  0  0  0  0  0  0  0  0  0  0  0  0  0  0  0  0  0  0  0  0  0  0  0  0  0  0  0  0  0  0  0  0  0  0  0  0  0  0  0  0  0  0  0  0  0  -0.024993000000000265
h  10  8  -2.87142  -3.492775  -4.115759  -4.537746  -4.787662  -4.912035  -4.723629  -4.352773  -3.999424  -3.659141  -3.346312  -3.12086  -2.977553  -2.877214  -2.769144  -2.592652  -2.302268  -1.866496  -1.264362  -0.489409  0.437715  1.465281  0  0  0  0  0  0  0  0  0  0  0  0  0  0  0  0  0  0  0  0  0  0  0  0  0  0  0  0  0  0  0  0  0  0  0  0  0  0  0  0  0  0  0  0  0  0  0  0  0  0  0  0  0  0  0  0  0  0  0  0  0  0  0  0  0  0.20981300000000003
g  10  9  -1.748992  -2.502692  -3.104492  -3.236728  -3.138596  -2.997928  -2.89115  -2.87536  -2.876826  -2.837962  -2.685307  -2.375407  -1.91413  -1.339312  -0.746202  -0.264833  0.018541  0.083885  -0.070298  -0.413964  -0.924955  -1.584797  0  0  0  0  0  0  0  0  0  0  0  0  0  0  0  0  0  0  0  0  0  0  0  0  0  0  0  0  0  0  0  0  0  0  0  0  0  0  0  0  0  0  0  0  0  0  0  0  0  0  0  0  0  0  0  0  0  0  0  0  0  0  0  0  0  -0.1421650000000001
h  10  9  -1.177978  -0.315979  0.02965  0.336531  0.772993  1.162927  1.562877  2.09394  2.797002  3.574908  4.291033  4.831162  5.150629  5.239749  5.085649  4.733722  4.269748  3.753815  3.200558  2.631255  2.08579  1.616995  0  0  0  0  0  0  0  0  0  0  0  0  0  0  0  0  0  0  0  0  0  0  0  0  0  0  0  0  0  0  0  0  0  0  0  0  0  0  0  0  0  0  0  0  0  0  0  0  0  0  0  0  0  0  0  0  0  0  0  0  0  0  0  0  0  -0.08498700000000015
g  10  10  -3.353358  -3.805738  -3.414283  -2.908533  -2.485307  -2.032761  -1.515019  -0.990509  -0.560426  -0.285687  -0.189398  -0.250602  -0.45482  -0.799197  -1.27217  -1.827905  -2.392894  -2.896107  -3.286573  -3.531269  -3.613829  -3.540718  0  0  0  0  0  0  0  0  0  0  0  0  0  0  0  0  0  0  0  0  0  0  0  0  0  0  0  0  0  0  0  0  0  0  0  0  0  0  0  0  0  0  0  0  0  0  0  0  0  0  0  0  0  0  0  0  0  0  0  0  0  0  0  0  0  0.026342999999999783
h  10  10  -8.580249  -8.662397  -8.442753  -8.469632  -8.556024  -8.630188  -8.664282  -8.67386  -8.771892  -9.012274  -9.378814  -9.757174  -10.035004  -10.1494  -10.084021  -9.838051  -9.433395  -8.912782  -8.283392  -7.537946  -6.685121  -5.761045  0  0  0  0  0  0  0  0  0  0  0  0  0  0  0  0  0  0  0  0  0  0  0  0  0  0  0  0  0  0  0  0  0  0  0  0  0  0  0  0  0  0  0  0  0  0  0  0  0  0  0  0  0  0  0  0  0  0  0  0  0  0  0  0  0  0.18777899999999992
g  11  0  2.977843  2.982029  2.973071  2.800529  2.452361  2.03557  1.839806  1.743812  1.626692  1.436183  1.173006  0.832277  0.401514  -0.093064  -0.6152  -1.100961  -1.506323  -1.844666  -2.138119  -2.395874  -2.621609  -2.819208  0  0  0  0  0  0  0  0  0  0  0  0  0  0  0  0  0  0  0  0  0  0  0  0  0  0  0  0  0  0  0  0  0  0  0  0  0  0  0  0  0  0  0  0  0  0  0  0  0  0  0  0  0  0  0  0  0  0  0  0  0  0  0  0  0  -0.03760399999999997
g  11  1  -1.251084  -1.273453  -1.067545  -0.84968  -0.711035  -0.585074  -0.396058  -0.231789  -0.21497  -0.351735  -0.62125  -0.94652  -1.266995  -1.560989  -1.814218  -2.014623  -2.1529  -2.225706  -2.259726  -2.287816  -2.321504  -2.368184  0  0  0  0  0  0  0  0  0  0  0  0  0  0  0  0  0  0  0  0  0  0  0  0  0  0  0  0  0  0  0  0  0  0  0  0  0  0  0  0  0  0  0  0  0  0  0  0  0  0  0  0  0  0  0  0  0  0  0  0  0  0  0  0  0  -0.010771999999999782
h  11  1  0.074802  0.20096  0.516382  0.917497  1.309074  1.621129  1.892802  2.20619  2.515266  2.766227  2.985936  3.214526  3.460945  3.690458  3.88218  4.037723  4.179975  4.317046  4.436308  4.520296  4.564332  4.573919  0  0  0  0  0  0  0  0  0  0  0  0  0  0  0  0  0  0  0  0  0  0  0  0  0  0  0  0  0  0  0  0  0  0  0  0  0  0  0  0  0  0  0  0  0  0  0  0  0  0  0  0  0  0  0  0  0  0  0  0  0  0  0  0  0  -0.0005220000000001335
g  11  2  -2.089101  -2.326608  -2.256791  -2.218027  -2.178906  -1.977783  -1.652107  -1.283495  -0.848226  -0.353083  0.143212  0.63251  1.114783  1.56909  1.965225  2.286905  2.528579  2.705228  2.827525  2.879806  2.850208  2.746043  0  0  0  0  0  0  0  0  0  0  0  0  0  0  0  0  0  0  0  0  0  0  0  0  0  0  0  0  0  0  0  0  0  0  0  0  0  0  0  0  0  0  0  0  0  0  0  0  0  0  0  0  0  0  0  0  0  0  0  0  0  0  0  0  0  -0.02622300000000033
h  11  2  2.101232  2.575044  2.938128  3.184904  3.313329  3.254586  3.043616  2.932559  2.881621  2.805155  2.603805  2.247176  1.771942  1.218957  0.60664  -0.04325  -0.689421  -1.277595  -1.767574  -2.149303  -2.427957  -2.615166  0  0  0  0  0  0  0  0  0  0  0  0  0  0  0  0  0  0  0  0  0  0  0  0  0  0  0  0  0  0  0  0  0  0  0  0  0  0  0  0  0  0  0  0  0  0  0  0  0  0  0  0  0  0  0  0  0  0  0  0  0  0  0  0  0  -0.03063199999999977
g  11  3  1.990954  2.360726  2.2051  1.755118  1.452055  1.322059  1.189245  1.120805  1.160225  1.275036  1.470188  1.717336  1.997436  2.305088  2.622322  2.90467  3.131473  3.28994  3.373992  3.401583  3.382476  3.321166  0  0  0  0  0  0  0  0  0  0  0  0  0  0  0  0  0  0  0  0  0  0  0  0  0  0  0  0  0  0  0  0  0  0  0  0  0  0  0  0  0  0  0  0  0  0  0  0  0  0  0  0  0  0  0  0  0  0  0  0  0  0  0  0  0  -0.015050000000000008
h  11  3  -0.673479  -0.592828  -0.454437  -0.230772  0.064506  0.355526  0.409302  0.325251  0.176985  0.037402  -0.064699  -0.137212  -0.175298  -0.177175  -0.144336  -0.077158  0.006057  0.078353  0.147939  0.236394  0.348111  0.488046  0  0  0  0  0  0  0  0  0  0  0  0  0  0  0  0  0  0  0  0  0  0  0  0  0  0  0  0  0  0  0  0  0  0  0  0  0  0  0  0  0  0  0  0  0  0  0  0  0  0  0  0  0  0  0  0  0  0  0  0  0  0  0  0  0  0.030541999999999958
g  11  4  -0.651455  -0.726524  -0.647943  -0.645613  -0.697482  -0.76516  -0.804289  -0.84222  -0.893195  -0.980215  -1.07608  -1.139685  -1.170139  -1.212794  -1.342867  -1.60498  -1.976375  -2.401335  -2.827385  -3.220928  -3.554184  -3.808337  0  0  0  0  0  0  0  0  0  0  0  0  0  0  0  0  0  0  0  0  0  0  0  0  0  0  0  0  0  0  0  0  0  0  0  0  0  0  0  0  0  0  0  0  0  0  0  0  0  0  0  0  0  0  0  0  0  0  0  0  0  0  0  0  0  -0.04396999999999984
h  11  4  -1.186351  -0.360359  0.237488  0.757945  1.208211  1.529289  1.714601  1.901904  2.137818  2.367888  2.52965  2.571826  2.493972  2.325377  2.096729  1.840382  1.587355  1.353344  1.164238  1.058098  1.055082  1.149755  0  0  0  0  0  0  0  0  0  0  0  0  0  0  0  0  0  0  0  0  0  0  0  0  0  0  0  0  0  0  0  0  0  0  0  0  0  0  0  0  0  0  0  0  0  0  0  0  0  0  0  0  0  0  0  0  0  0  0  0  0  0  0  0  0  0.025892000000000026
g  11  5  0.605067  0.200344  0.159689  0.191394  0.228279  0.304936  0.385655  0.551084  0.772178  0.969785  1.055432  1.026448  0.88649  0.670475  0.450458  0.232168  0.022645  -0.150915  -0.269933  -0.319322  -0.300946  -0.229432  0  0  0  0  0  0  0  0  0  0  0  0  0  0  0  0  0  0  0  0  0  0  0  0  0  0  0  0  0  0  0  0  0  0  0  0  0  0  0  0  0  0  0  0  0  0  0  0  0  0  0  0  0  0  0  0  0  0  0  0  0  0  0  0  0  0.017738000000000004
h  11  5  0.787558  0.674125  0.293885  0.078134  -0.107281  -0.342021  -0.640449  -0.941438  -1.31516  -1.748005  -2.16698  -2.559043  -2.902638  -3.155898  -3.332007  -3.442798  -3.479116  -3.466131  -3.434666  -3.397957  -3.352748  -3.294603  0  0  0  0  0  0  0  0  0  0  0  0  0  0  0  0  0  0  0  0  0  0  0  0  0  0  0  0  0  0  0  0  0  0  0  0  0  0  0  0  0  0  0  0  0  0  0  0  0  0  0  0  0  0  0  0  0  0  0  0  0  0  0  0  0  0.012491999999999948
g  11  6  -0.604493  -0.735325  -1.000944  -1.290363  -1.521667  -1.659539  -1.660795  -1.630109  -1.607387  -1.62303  -1.726876  -1.945706  -2.278812  -2.669655  -3.046128  -3.350669  -3.56188  -3.669457  -3.667813  -3.570782  -3.405396  -3.199634  0  0  0  0  0  0  0  0  0  0  0  0  0  0  0  0  0  0  0  0  0  0  0  0  0  0  0  0  0  0  0  0  0  0  0  0  0  0  0  0  0  0  0  0  0  0  0  0  0  0  0  0  0  0  0  0  0  0  0  0  0  0  0  0  0  0.04309699999999994
h  11  6  0.010297  -0.238495  -0.061597  0.122773  0.302452  0.454297  0.56279  0.525996  0.334397  0.043301  -0.29324  -0.601589  -0.858288  -1.065862  -1.2158  -1.313488  -1.401917  -1.522819  -1.685436  -1.87983  -2.10196  -2.346384  0  0  0  0  0  0  0  0  0  0  0  0  0  0  0  0  0  0  0  0  0  0  0  0  0  0  0  0  0  0  0  0  0  0  0  0  0  0  0  0  0  0  0  0  0  0  0  0  0  0  0  0  0  0  0  0  0  0  0  0  0  0  0  0  0  -0.05015500000000017
g  11  7  0.302193  -0.080545  -0.017053  0.219829  0.539084  0.885228  1.21319  1.453238  1.580141  1.607315  1.55685  1.466871  1.369287  1.265528  1.163828  1.070847  0.990494  0.918862  0.838468  0.732832  0.612493  0.507077  0  0  0  0  0  0  0  0  0  0  0  0  0  0  0  0  0  0  0  0  0  0  0  0  0  0  0  0  0  0  0  0  0  0  0  0  0  0  0  0  0  0  0  0  0  0  0  0  0  0  0  0  0  0  0  0  0  0  0  0  0  0  0  0  0  -0.018627999999999978
h  11  7  -2.068631  -1.909569  -1.547909  -1.231569  -1.034816  -1.029144  -1.123502  -1.22226  -1.268845  -1.269512  -1.224386  -1.153572  -1.106386  -1.100947  -1.132215  -1.165141  -1.156692  -1.089577  -0.966366  -0.790267  -0.56945  -0.319169  0  0  0  0  0  0  0  0  0  0  0  0  0  0  0  0  0  0  0  0  0  0  0  0  0  0  0  0  0  0  0  0  0  0  0  0  0  0  0  0  0  0  0  0  0  0  0  0  0  0  0  0  0  0  0  0  0  0  0  0  0  0  0  0  0  0.05124400000000001
g  11  8  1.910072  1.589063  1.650364  1.633411  1.613435  1.572476  1.575923  1.693647  1.905348  2.133343  2.306593  2.381219  2.354631  2.265221  2.164226  2.072258  1.96968  1.835587  1.652634  1.397397  1.068084  0.687143  0  0  0  0  0  0  0  0  0  0  0  0  0  0  0  0  0  0  0  0  0  0  0  0  0  0  0  0  0  0  0  0  0  0  0  0  0  0  0  0  0  0  0  0  0  0  0  0  0  0  0  0  0  0  0  0  0  0  0  0  0  0  0  0  0  -0.07865900000000003
h  11  8  -1.354182  -1.47089  -1.376468  -1.152651  -0.923017  -0.724721  -0.522577  -0.408369  -0.485713  -0.761672  -1.188473  -1.693702  -2.197353  -2.644124  -3.015129  -3.32885  -3.599643  -3.841755  -4.065164  -4.262762  -4.41573  -4.515885  0  0  0  0  0  0  0  0  0  0  0  0  0  0  0  0  0  0  0  0  0  0  0  0  0  0  0  0  0  0  0  0  0  0  0  0  0  0  0  0  0  0  0  0  0  0  0  0  0  0  0  0  0  0  0  0  0  0  0  0  0  0  0  0  0  -0.01561799999999991
g  11  9  -0.133506  -0.584418  -0.891883  -1.192921  -1.439649  -1.579564  -1.567175  -1.430581  -1.196173  -0.891505  -0.607627  -0.40258  -0.333025  -0.437054  -0.723953  -1.166355  -1.71198  -2.302457  -2.89726  -3.464938  -3.980158  -4.420594  0  0  0  0  0  0  0  0  0  0  0  0  0  0  0  0  0  0  0  0  0  0  0  0  0  0  0  0  0  0  0  0  0  0  0  0  0  0  0  0  0  0  0  0  0  0  0  0  0  0  0  0  0  0  0  0  0  0  0  0  0  0  0  0  0  -0.08093200000000067
h  11  9  -2.408258  -3.000928  -3.226996  -3.278  -3.156644  -2.923709  -2.644426  -2.368444  -2.128191  -1.944028  -1.854429  -1.889701  -2.043145  -2.280316  -2.531184  -2.736103  -2.858244  -2.892884  -2.850042  -2.724757  -2.512881  -2.221648  0  0  0  0  0  0  0  0  0  0  0  0  0  0  0  0  0  0  0  0  0  0  0  0  0  0  0  0  0  0  0  0  0  0  0  0  0  0  0  0  0  0  0  0  0  0  0  0  0  0  0  0  0  0  0  0  0  0  0  0  0  0  0  0  0  0.06362899999999971
g  11  10  0.484704  0.018601  -0.245655  -0.455917  -0.645899  -0.815885  -1.001969  -1.15507  -1.23572  -1.198835  -1.005398  -0.627068  -0.073289  0.592144  1.288342  1.924482  2.431687  2.777966  2.947094  2.918883  2.672861  2.194817  0  0  0  0  0  0  0  0  0  0  0  0  0  0  0  0  0  0  0  0  0  0  0  0  0  0  0  0  0  0  0  0  0  0  0  0  0  0  0  0  0  0  0  0  0  0  0  0  0  0  0  0  0  0  0  0  0  0  0  0  0  0  0  0  0  -0.11379099999999998
h  11  10  -2.037898  -2.09257  -2.082198  -1.944761  -1.571371  -1.03395  -0.415631  0.254579  0.937086  1.561624  2.098609  2.499978  2.744135  2.79248  2.604366  2.183021  1.57343  0.83987  0.052198  -0.71723  -1.401697  -1.931772  0  0  0  0  0  0  0  0  0  0  0  0  0  0  0  0  0  0  0  0  0  0  0  0  0  0  0  0  0  0  0  0  0  0  0  0  0  0  0  0  0  0  0  0  0  0  0  0  0  0  0  0  0  0  0  0  0  0  0  0  0  0  0  0  0  -0.09020700000000015
g  11  11  3.592407  3.359269  3.302766  3.195836  2.981422  2.743352  2.532306  2.339041  2.155457  1.960227  1.714305  1.411438  1.066421  0.703483  0.365657  0.10537  -0.041663  -0.06582  0.009127  0.161674  0.36654  0.585026  0  0  0  0  0  0  0  0  0  0  0  0  0  0  0  0  0  0  0  0  0  0  0  0  0  0  0  0  0  0  0  0  0  0  0  0  0  0  0  0  0  0  0  0  0  0  0  0  0  0  0  0  0  0  0  0  0  0  0  0  0  0  0  0  0  0.04276000000000002
h  11  11  -2.29762  -2.61841  -2.552983  -2.503683  -2.394644  -2.180476  -1.892767  -1.580441  -1.349647  -1.27493  -1.33618  -1.437522  -1.49595  -1.446769  -1.258065  -0.938377  -0.524872  -0.067622  0.38154  0.776068  1.07187  1.23187  0  0  0  0  0  0  0  0  0  0  0  0  0  0  0  0  0  0  0  0  0  0  0  0  0  0  0  0  0  0  0  0  0  0  0  0  0  0  0  0  0  0  0  0  0  0  0  0  0  0  0  0  0  0  0  0  0  0  0  0  0  0  0  0  0  0.02007200000000009
g  12  0  -2.135013  -2.051522  -1.859876  -1.604186  -1.465214  -1.450358  -1.381505  -1.337777  -1.330879  -1.346557  -1.34709  -1.304711  -1.239363  -1.164837  -1.092607  -1.032351  -0.993191  -0.983119  -1.002675  -1.035717  -1.064734  -1.087084  0  0  0  0  0  0  0  0  0  0  0  0  0  0  0  0  0  0  0  0  0  0  0  0  0  0  0  0  0  0  0  0  0  0  0  0  0  0  0  0  0  0  0  0  0  0  0  0  0  0  0  0  0  0  0  0  0  0  0  0  0  0  0  0  0  -0.0040400000000000436
g  12  1  -0.017573  0.023049  -0.073817  -0.137805  -0.197782  -0.233446  -0.166708  -0.043488  0.024192  0.021804  -0.030167  -0.100787  -0.168634  -0.218029  -0.241668  -0.228826  -0.175131  -0.081447  0.044187  0.188746  0.347504  0.51475  0  0  0  0  0  0  0  0  0  0  0  0  0  0  0  0  0  0  0  0  0  0  0  0  0  0  0  0  0  0  0  0  0  0  0  0  0  0  0  0  0  0  0  0  0  0  0  0  0  0  0  0  0  0  0  0  0  0  0  0  0  0  0  0  0  0.03365800000000002
h  12  1  -1.058666  -1.293348  -1.435447  -1.487729  -1.444227  -1.32438  -1.169422  -1.007311  -0.909948  -0.852746  -0.825966  -0.836898  -0.906381  -1.043944  -1.23526  -1.46987  -1.730927  -1.9963  -2.246177  -2.465351  -2.63519  -2.745997  0  0  0  0  0  0  0  0  0  0  0  0  0  0  0  0  0  0  0  0  0  0  0  0  0  0  0  0  0  0  0  0  0  0  0  0  0  0  0  0  0  0  0  0  0  0  0  0  0  0  0  0  0  0  0  0  0  0  0  0  0  0  0  0  0  -0.01741500000000018
g  12  2  0.412427  0.392602  0.316765  0.130807  -0.130625  -0.33083  -0.459664  -0.512791  -0.507228  -0.476951  -0.459136  -0.480902  -0.530013  -0.58665  -0.639379  -0.684736  -0.733375  -0.785066  -0.840169  -0.902086  -0.963597  -1.013233  0  0  0  0  0  0  0  0  0  0  0  0  0  0  0  0  0  0  0  0  0  0  0  0  0  0  0  0  0  0  0  0  0  0  0  0  0  0  0  0  0  0  0  0  0  0  0  0  0  0  0  0  0  0  0  0  0  0  0  0  0  0  0  0  0  -0.00862200000000013
h  12  2  0.282284  0.366405  0.376156  0.336163  0.302509  0.232713  0.094304  0.010142  -0.005577  -0.001193  -0.023971  -0.099249  -0.182838  -0.246462  -0.268271  -0.243662  -0.182179  -0.091482  0.02044  0.129551  0.208987  0.248305  0  0  0  0  0  0  0  0  0  0  0  0  0  0  0  0  0  0  0  0  0  0  0  0  0  0  0  0  0  0  0  0  0  0  0  0  0  0  0  0  0  0  0  0  0  0  0  0  0  0  0  0  0  0  0  0  0  0  0  0  0  0  0  0  0  0.004739999999999994
g  12  3  1.091297  1.3885  1.461356  1.50157  1.590446  1.718582  1.861429  1.974573  2.021306  2.016669  1.951284  1.825251  1.647921  1.425388  1.175076  0.924926  0.706069  0.540975  0.434945  0.394193  0.42212  0.520662  0  0  0  0  0  0  0  0  0  0  0  0  0  0  0  0  0  0  0  0  0  0  0  0  0  0  0  0  0  0  0  0  0  0  0  0  0  0  0  0  0  0  0  0  0  0  0  0  0  0  0  0  0  0  0  0  0  0  0  0  0  0  0  0  0  0.025181999999999982
h  12  3  1.704461  1.601915  1.565219  1.574093  1.504587  1.379707  1.138496  0.796295  0.427697  0.097406  -0.175079  -0.372784  -0.478322  -0.465761  -0.330581  -0.109767  0.162057  0.458911  0.758701  1.043205  1.298454  1.509533  0  0  0  0  0  0  0  0  0  0  0  0  0  0  0  0  0  0  0  0  0  0  0  0  0  0  0  0  0  0  0  0  0  0  0  0  0  0  0  0  0  0  0  0  0  0  0  0  0  0  0  0  0  0  0  0  0  0  0  0  0  0  0  0  0  0.037919999999999954
g  12  4  -0.799067  -1.138833  -1.264223  -1.354168  -1.427658  -1.541296  -1.593386  -1.590097  -1.538725  -1.441611  -1.312459  -1.184557  -1.061222  -0.93653  -0.835145  -0.777375  -0.757444  -0.761405  -0.786107  -0.833908  -0.913921  -1.028873  0  0  0  0  0  0  0  0  0  0  0  0  0  0  0  0  0  0  0  0  0  0  0  0  0  0  0  0  0  0  0  0  0  0  0  0  0  0  0  0  0  0  0  0  0  0  0  0  0  0  0  0  0  0  0  0  0  0  0  0  0  0  0  0  0  -0.025340999999999836
h  12  4  -2.348121  -1.845941  -1.634086  -1.505661  -1.337482  -1.124024  -0.870275  -0.586074  -0.28597  0.020969  0.305089  0.551813  0.768335  0.948957  1.076618  1.156735  1.190382  1.168232  1.100832  1.007367  0.895288  0.770544  0  0  0  0  0  0  0  0  0  0  0  0  0  0  0  0  0  0  0  0  0  0  0  0  0  0  0  0  0  0  0  0  0  0  0  0  0  0  0  0  0  0  0  0  0  0  0  0  0  0  0  0  0  0  0  0  0  0  0  0  0  0  0  0  0  -0.02571000000000001
g  12  5  0.796328  0.767194  0.735795  0.812886  0.961899  1.066545  1.11244  1.147243  1.183488  1.222248  1.273942  1.32922  1.376156  1.408973  1.402023  1.342088  1.249449  1.136551  1.010049  0.881358  0.760811  0.652363  0  0  0  0  0  0  0  0  0  0  0  0  0  0  0  0  0  0  0  0  0  0  0  0  0  0  0  0  0  0  0  0  0  0  0  0  0  0  0  0  0  0  0  0  0  0  0  0  0  0  0  0  0  0  0  0  0  0  0  0  0  0  0  0  0  -0.020711999999999953
h  12  5  0.275211  -0.006939  -0.313125  -0.462288  -0.449181  -0.348275  -0.193179  -0.000991  0.183731  0.360237  0.539263  0.675365  0.753594  0.780629  0.760694  0.709137  0.634515  0.52678  0.381732  0.21382  0.050703  -0.083257  0  0  0  0  0  0  0  0  0  0  0  0  0  0  0  0  0  0  0  0  0  0  0  0  0  0  0  0  0  0  0  0  0  0  0  0  0  0  0  0  0  0  0  0  0  0  0  0  0  0  0  0  0  0  0  0  0  0  0  0  0  0  0  0  0  -0.023732999999999997
g  12  6  0.09262  0.202141  0.36877  0.515165  0.54814  0.549447  0.558619  0.526566  0.485713  0.480982  0.495617  0.533011  0.604135  0.711633  0.848589  0.992479  1.125785  1.247389  1.354618  1.438181  1.483889  1.480638  0  0  0  0  0  0  0  0  0  0  0  0  0  0  0  0  0  0  0  0  0  0  0  0  0  0  0  0  0  0  0  0  0  0  0  0  0  0  0  0  0  0  0  0  0  0  0  0  0  0  0  0  0  0  0  0  0  0  0  0  0  0  0  0  0  -0.004687000000000108
h  12  6  0.640535  0.56424  0.594066  0.522932  0.381751  0.225857  0.102321  0.017302  -0.016332  -0.004543  0.025375  0.057661  0.040629  -0.071626  -0.299113  -0.621131  -0.987535  -1.350444  -1.680282  -1.957785  -2.171627  -2.317431  0  0  0  0  0  0  0  0  0  0  0  0  0  0  0  0  0  0  0  0  0  0  0  0  0  0  0  0  0  0  0  0  0  0  0  0  0  0  0  0  0  0  0  0  0  0  0  0  0  0  0  0  0  0  0  0  0  0  0  0  0  0  0  0  0  -0.023756999999999806
g  12  7  0.401933  0.397635  0.306255  0.187407  0.004361  -0.149119  -0.258425  -0.27547  -0.23969  -0.181227  -0.136916  -0.116318  -0.103005  -0.068556  0.010631  0.132853  0.269132  0.386494  0.477902  0.551588  0.615134  0.664525  0  0  0  0  0  0  0  0  0  0  0  0  0  0  0  0  0  0  0  0  0  0  0  0  0  0  0  0  0  0  0  0  0  0  0  0  0  0  0  0  0  0  0  0  0  0  0  0  0  0  0  0  0  0  0  0  0  0  0  0  0  0  0  0  0  0.008182000000000023
h  12  7  -0.202658  -0.324238  -0.393487  -0.391175  -0.330943  -0.307603  -0.300963  -0.279366  -0.239633  -0.198115  -0.171709  -0.156347  -0.153304  -0.164172  -0.182208  -0.208377  -0.251398  -0.314955  -0.39184  -0.478765  -0.57862  -0.6986  0  0  0  0  0  0  0  0  0  0  0  0  0  0  0  0  0  0  0  0  0  0  0  0  0  0  0  0  0  0  0  0  0  0  0  0  0  0  0  0  0  0  0  0  0  0  0  0  0  0  0  0  0  0  0  0  0  0  0  0  0  0  0  0  0  -0.026007000000000002
g  12  8  -0.447295  -0.362948  -0.264681  -0.177795  -0.069934  -0.032949  -0.038099  -0.044924  -0.057487  -0.079237  -0.080597  -0.051576  -0.009495  0.025748  0.042175  0.039258  0.010344  -0.052466  -0.151775  -0.287141  -0.446997  -0.601836  0  0  0  0  0  0  0  0  0  0  0  0  0  0  0  0  0  0  0  0  0  0  0  0  0  0  0  0  0  0  0  0  0  0  0  0  0  0  0  0  0  0  0  0  0  0  0  0  0  0  0  0  0  0  0  0  0  0  0  0  0  0  0  0  0  -0.029040000000000066
h  12  8  0.278313  0.567572  0.664225  0.762778  0.788986  0.700711  0.619841  0.601169  0.587271  0.566339  0.512822  0.41569  0.292426  0.16679  0.044245  -0.080867  -0.216225  -0.359729  -0.499518  -0.619189  -0.707066  -0.753891  0  0  0  0  0  0  0  0  0  0  0  0  0  0  0  0  0  0  0  0  0  0  0  0  0  0  0  0  0  0  0  0  0  0  0  0  0  0  0  0  0  0  0  0  0  0  0  0  0  0  0  0  0  0  0  0  0  0  0  0  0  0  0  0  0  -0.005986999999999965
g  12  9  -0.401099  -0.380112  -0.302395  -0.224875  -0.113521  0.033316  0.198411  0.364288  0.516621  0.666372  0.805308  0.91489  0.972411  0.974908  0.9377  0.881317  0.828573  0.810572  0.840655  0.908872  0.997765  1.08312  0  0  0  0  0  0  0  0  0  0  0  0  0  0  0  0  0  0  0  0  0  0  0  0  0  0  0  0  0  0  0  0  0  0  0  0  0  0  0  0  0  0  0  0  0  0  0  0  0  0  0  0  0  0  0  0  0  0  0  0  0  0  0  0  0  0.01551300000000011
h  12  9  0.164081  0.286296  0.444817  0.576588  0.625075  0.619189  0.582309  0.497298  0.372156  0.241747  0.131402  0.051501  0.029101  0.079779  0.204301  0.386719  0.599022  0.807145  0.973467  1.074925  1.100862  1.052923  0  0  0  0  0  0  0  0  0  0  0  0  0  0  0  0  0  0  0  0  0  0  0  0  0  0  0  0  0  0  0  0  0  0  0  0  0  0  0  0  0  0  0  0  0  0  0  0  0  0  0  0  0  0  0  0  0  0  0  0  0  0  0  0  0  -0.014739000000000058
g  12  10  0.227757  0.236248  0.172159  0.122019  0.079817  0.031838  -0.032464  -0.104902  -0.130141  -0.097141  -0.029267  0.048171  0.110343  0.152538  0.168014  0.155903  0.132175  0.114442  0.113189  0.127913  0.158129  0.201071  0  0  0  0  0  0  0  0  0  0  0  0  0  0  0  0  0  0  0  0  0  0  0  0  0  0  0  0  0  0  0  0  0  0  0  0  0  0  0  0  0  0  0  0  0  0  0  0  0  0  0  0  0  0  0  0  0  0  0  0  0  0  0  0  0  0.009599999999999997
h  12  10  -0.808329  -1.04894  -1.048037  -0.963  -0.804548  -0.603911  -0.391394  -0.165433  0.065081  0.268595  0.404666  0.455975  0.423181  0.313332  0.146242  -0.049378  -0.241888  -0.405211  -0.521092  -0.584915  -0.606842  -0.605586  0  0  0  0  0  0  0  0  0  0  0  0  0  0  0  0  0  0  0  0  0  0  0  0  0  0  0  0  0  0  0  0  0  0  0  0  0  0  0  0  0  0  0  0  0  0  0  0  0  0  0  0  0  0  0  0  0  0  0  0  0  0  0  0  0  0.0011700000000000044
g  12  11  -0.952988  -1.253825  -1.330623  -1.360289  -1.339044  -1.263352  -1.142628  -0.984604  -0.799299  -0.598156  -0.399386  -0.213468  -0.052771  0.074338  0.161164  0.193804  0.161358  0.059972  -0.112865  -0.351365  -0.64627  -0.980804  0  0  0  0  0  0  0  0  0  0  0  0  0  0  0  0  0  0  0  0  0  0  0  0  0  0  0  0  0  0  0  0  0  0  0  0  0  0  0  0  0  0  0  0  0  0  0  0  0  0  0  0  0  0  0  0  0  0  0  0  0  0  0  0  0  -0.06881899999999996
h  12  11  -0.10128  0.042417  0.296208  0.619869  1.004468  1.361047  1.622076  1.767982  1.803601  1.729925  1.556789  1.303982  0.996579  0.654399  0.29226  -0.066826  -0.396413  -0.680784  -0.911433  -1.080398  -1.178642  -1.202736  0  0  0  0  0  0  0  0  0  0  0  0  0  0  0  0  0  0  0  0  0  0  0  0  0  0  0  0  0  0  0  0  0  0  0  0  0  0  0  0  0  0  0  0  0  0  0  0  0  0  0  0  0  0  0  0  0  0  0  0  0  0  0  0  0  0.0009040000000000159
g  12  12  -0.035206  -0.132182  -0.198938  -0.221546  -0.213954  -0.185776  -0.126641  -0.037393  0.068914  0.181029  0.272241  0.323987  0.325115  0.276257  0.205541  0.149531  0.135703  0.180866  0.290214  0.461531  0.69123  0.973017  0  0  0  0  0  0  0  0  0  0  0  0  0  0  0  0  0  0  0  0  0  0  0  0  0  0  0  0  0  0  0  0  0  0  0  0  0  0  0  0  0  0  0  0  0  0  0  0  0  0  0  0  0  0  0  0  0  0  0  0  0  0  0  0  0  0.060145000000000004
h  12  12  0.71703  0.626938  0.801523  0.923018  1.003121  1.085891  1.160118  1.190072  1.141397  1.0188  0.851462  0.70015  0.611043  0.608014  0.698989  0.87316  1.102535  1.350427  1.583077  1.781635  1.929998  2.009563  0  0  0  0  0  0  0  0  0  0  0  0  0  0  0  0  0  0  0  0  0  0  0  0  0  0  0  0  0  0  0  0  0  0  0  0  0  0  0  0  0  0  0  0  0  0  0  0  0  0  0  0  0  0  0  0  0  0  0  0  0  0  0  0  0  0.009472999999999843
g  13  0  0.022988  0.127513  0.295374  0.467899  0.590565  0.692514  0.810396  0.881698  0.888828  0.839722  0.7518  0.644651  0.53545  0.440865  0.366622  0.311209  0.271259  0.240114  0.212264  0.191442  0.183488  0.191115  0  0  0  0  0  0  0  0  0  0  0  0  0  0  0  0  0  0  0  0  0  0  0  0  0  0  0  0  0  0  0  0  0  0  0  0  0  0  0  0  0  0  0  0  0  0  0  0  0  0  0  0  0  0  0  0  0  0  0  0  0  0  0  0  0  0.0027830000000000077
g  13  1  -0.853276  -0.876824  -0.92984  -0.957412  -1.027437  -1.109249  -1.108719  -1.054266  -1.006978  -0.968747  -0.923499  -0.869707  -0.811798  -0.755131  -0.702732  -0.656061  -0.613846  -0.574236  -0.536336  -0.493709  -0.438828  -0.371904  0  0  0  0  0  0  0  0  0  0  0  0  0  0  0  0  0  0  0  0  0  0  0  0  0  0  0  0  0  0  0  0  0  0  0  0  0  0  0  0  0  0  0  0  0  0  0  0  0  0  0  0  0  0  0  0  0  0  0  0  0  0  0  0  0  0.014243000000000006
h  13  1  -0.630485  -0.741265  -0.730305  -0.708062  -0.671897  -0.636419  -0.575984  -0.493095  -0.421916  -0.378015  -0.360062  -0.358631  -0.371478  -0.39455  -0.422606  -0.438748  -0.433331  -0.411015  -0.380927  -0.34649  -0.305429  -0.254045  0  0  0  0  0  0  0  0  0  0  0  0  0  0  0  0  0  0  0  0  0  0  0  0  0  0  0  0  0  0  0  0  0  0  0  0  0  0  0  0  0  0  0  0  0  0  0  0  0  0  0  0  0  0  0  0  0  0  0  0  0  0  0  0  0  0.01126499999999997
g  13  2  0.461168  0.64225  0.6187  0.513269  0.393915  0.335769  0.325948  0.34674  0.402248  0.494282  0.61436  0.749731  0.884459  1.00573  1.099538  1.15273  1.164604  1.144919  1.104756  1.046449  0.971682  0.884084  0  0  0  0  0  0  0  0  0  0  0  0  0  0  0  0  0  0  0  0  0  0  0  0  0  0  0  0  0  0  0  0  0  0  0  0  0  0  0  0  0  0  0  0  0  0  0  0  0  0  0  0  0  0  0  0  0  0  0  0  0  0  0  0  0  -0.018365999999999993
h  13  2  0.407944  0.529633  0.497915  0.4547  0.381991  0.272701  0.154237  0.081691  0.058181  0.060244  0.047924  0.003857  -0.066334  -0.163647  -0.281624  -0.401509  -0.501272  -0.564718  -0.58953  -0.584481  -0.561504  -0.529365  0  0  0  0  0  0  0  0  0  0  0  0  0  0  0  0  0  0  0  0  0  0  0  0  0  0  0  0  0  0  0  0  0  0  0  0  0  0  0  0  0  0  0  0  0  0  0  0  0  0  0  0  0  0  0  0  0  0  0  0  0  0  0  0  0  0.006817999999999991
g  13  3  0.535441  0.754843  0.74876  0.628826  0.49709  0.434849  0.38166  0.303592  0.215262  0.12887  0.04895  -0.021075  -0.083985  -0.132001  -0.15702  -0.165865  -0.173409  -0.188357  -0.217032  -0.259809  -0.314312  -0.376996  0  0  0  0  0  0  0  0  0  0  0  0  0  0  0  0  0  0  0  0  0  0  0  0  0  0  0  0  0  0  0  0  0  0  0  0  0  0  0  0  0  0  0  0  0  0  0  0  0  0  0  0  0  0  0  0  0  0  0  0  0  0  0  0  0  -0.012865999999999989
h  13  3  1.504294  1.41972  1.363462  1.291859  1.260141  1.24124  1.170127  1.095084  1.060137  1.06555  1.094253  1.138975  1.199437  1.275638  1.355858  1.418958  1.455506  1.467068  1.451246  1.402366  1.319851  1.211323  0  0  0  0  0  0  0  0  0  0  0  0  0  0  0  0  0  0  0  0  0  0  0  0  0  0  0  0  0  0  0  0  0  0  0  0  0  0  0  0  0  0  0  0  0  0  0  0  0  0  0  0  0  0  0  0  0  0  0  0  0  0  0  0  0  -0.02324000000000015
g  13  4  -0.477463  -0.218071  -0.181782  -0.157666  -0.170318  -0.178763  -0.169966  -0.166448  -0.165996  -0.174772  -0.203692  -0.25375  -0.319921  -0.401621  -0.492338  -0.585066  -0.666427  -0.715105  -0.72036  -0.684649  -0.615064  -0.520774  0  0  0  0  0  0  0  0  0  0  0  0  0  0  0  0  0  0  0  0  0  0  0  0  0  0  0  0  0  0  0  0  0  0  0  0  0  0  0  0  0  0  0  0  0  0  0  0  0  0  0  0  0  0  0  0  0  0  0  0  0  0  0  0  0  0.020379000000000036
h  13  4  -0.511266  -0.456448  -0.517337  -0.551283  -0.532845  -0.476136  -0.436735  -0.419352  -0.401506  -0.3834  -0.374705  -0.376017  -0.376805  -0.367384  -0.337343  -0.288049  -0.22393  -0.151135  -0.075789  -0.001337  0.064558  0.112959  0  0  0  0  0  0  0  0  0  0  0  0  0  0  0  0  0  0  0  0  0  0  0  0  0  0  0  0  0  0  0  0  0  0  0  0  0  0  0  0  0  0  0  0  0  0  0  0  0  0  0  0  0  0  0  0  0  0  0  0  0  0  0  0  0  0.007935999999999999
g  13  5  0.869811  0.782877  0.605211  0.479507  0.37431  0.302625  0.244191  0.2359  0.255488  0.282242  0.285268  0.262678  0.232408  0.200021  0.173258  0.152141  0.130264  0.10838  0.086494  0.065013  0.047814  0.040002  0  0  0  0  0  0  0  0  0  0  0  0  0  0  0  0  0  0  0  0  0  0  0  0  0  0  0  0  0  0  0  0  0  0  0  0  0  0  0  0  0  0  0  0  0  0  0  0  0  0  0  0  0  0  0  0  0  0  0  0  0  0  0  0  0  -0.0006040000000000004
h  13  5  -1.15526  -1.378442  -1.517686  -1.520183  -1.437257  -1.32497  -1.229676  -1.141027  -1.056947  -0.984866  -0.903702  -0.816454  -0.728538  -0.63933  -0.552805  -0.477355  -0.410193  -0.345209  -0.282786  -0.217043  -0.140067  -0.048405  0  0  0  0  0  0  0  0  0  0  0  0  0  0  0  0  0  0  0  0  0  0  0  0  0  0  0  0  0  0  0  0  0  0  0  0  0  0  0  0  0  0  0  0  0  0  0  0  0  0  0  0  0  0  0  0  0  0  0  0  0  0  0  0  0  0.019421
g  13  6  -0.262398  -0.044941  -0.120224  -0.203695  -0.243431  -0.26759  -0.28965  -0.313849  -0.34454  -0.377703  -0.402149  -0.420882  -0.440666  -0.451588  -0.438188  -0.389069  -0.301938  -0.187668  -0.062716  0.051986  0.136311  0.178403  0  0  0  0  0  0  0  0  0  0  0  0  0  0  0  0  0  0  0  0  0  0  0  0  0  0  0  0  0  0  0  0  0  0  0  0  0  0  0  0  0  0  0  0  0  0  0  0  0  0  0  0  0  0  0  0  0  0  0  0  0  0  0  0  0  0.004796999999999996
h  13  6  -0.242208  -0.146819  -0.146546  -0.139978  -0.167373  -0.176742  -0.151548  -0.114012  -0.085901  -0.064293  -0.058075  -0.084804  -0.142514  -0.218596  -0.29853  -0.367721  -0.42717  -0.486842  -0.546686  -0.596546  -0.623314  -0.619277  0  0  0  0  0  0  0  0  0  0  0  0  0  0  0  0  0  0  0  0  0  0  0  0  0  0  0  0  0  0  0  0  0  0  0  0  0  0  0  0  0  0  0  0  0  0  0  0  0  0  0  0  0  0  0  0  0  0  0  0  0  0  0  0  0  0.003371000000000013
g  13  7  0.860552  0.754769  0.794914  0.802788  0.788323  0.798627  0.827709  0.833668  0.817465  0.797953  0.773779  0.746942  0.725636  0.702854  0.664106  0.607392  0.537668  0.462174  0.389037  0.321818  0.259435  0.197163  0  0  0  0  0  0  0  0  0  0  0  0  0  0  0  0  0  0  0  0  0  0  0  0  0  0  0  0  0  0  0  0  0  0  0  0  0  0  0  0  0  0  0  0  0  0  0  0  0  0  0  0  0  0  0  0  0  0  0  0  0  0  0  0  0  -0.012744000000000005
h  13  7  0.450187  0.36843  0.329025  0.238479  0.123406  0.001732  -0.102764  -0.179668  -0.220277  -0.232759  -0.23215  -0.220988  -0.212634  -0.212536  -0.214128  -0.202886  -0.171631  -0.130954  -0.091837  -0.058646  -0.031833  -0.008906  0  0  0  0  0  0  0  0  0  0  0  0  0  0  0  0  0  0  0  0  0  0  0  0  0  0  0  0  0  0  0  0  0  0  0  0  0  0  0  0  0  0  0  0  0  0  0  0  0  0  0  0  0  0  0  0  0  0  0  0  0  0  0  0  0  0.0044389999999999985
g  13  8  -0.122098  -0.125748  -0.157394  -0.19235  -0.220208  -0.236818  -0.24994  -0.259871  -0.28248  -0.328389  -0.383341  -0.43552  -0.478235  -0.505981  -0.509484  -0.481383  -0.422334  -0.338142  -0.235013  -0.122745  -0.011651  0.088349  0  0  0  0  0  0  0  0  0  0  0  0  0  0  0  0  0  0  0  0  0  0  0  0  0  0  0  0  0  0  0  0  0  0  0  0  0  0  0  0  0  0  0  0  0  0  0  0  0  0  0  0  0  0  0  0  0  0  0  0  0  0  0  0  0  0.018603999999999996
h  13  8  -0.01414  -0.055971  -0.127599  -0.176598  -0.241115  -0.333968  -0.423161  -0.485307  -0.520969  -0.537687  -0.553477  -0.555777  -0.533828  -0.488358  -0.426916  -0.36505  -0.314052  -0.277993  -0.254972  -0.247453  -0.260513  -0.297037  0  0  0  0  0  0  0  0  0  0  0  0  0  0  0  0  0  0  0  0  0  0  0  0  0  0  0  0  0  0  0  0  0  0  0  0  0  0  0  0  0  0  0  0  0  0  0  0  0  0  0  0  0  0  0  0  0  0  0  0  0  0  0  0  0  -0.009089999999999987
g  13  9  0.42706  0.487365  0.545859  0.555743  0.513359  0.455928  0.382592  0.30361  0.249186  0.220069  0.213523  0.220546  0.226649  0.222991  0.208781  0.184762  0.151205  0.111652  0.071813  0.038009  0.022009  0.035118  0  0  0  0  0  0  0  0  0  0  0  0  0  0  0  0  0  0  0  0  0  0  0  0  0  0  0  0  0  0  0  0  0  0  0  0  0  0  0  0  0  0  0  0  0  0  0  0  0  0  0  0  0  0  0  0  0  0  0  0  0  0  0  0  0  0.005312000000000004
h  13  9  0.373473  0.424966  0.281912  0.142954  0.034842  -0.045728  -0.100679  -0.115618  -0.105105  -0.091556  -0.084305  -0.099675  -0.136354  -0.184954  -0.236594  -0.283078  -0.318865  -0.335485  -0.322742  -0.27364  -0.189474  -0.083397  0  0  0  0  0  0  0  0  0  0  0  0  0  0  0  0  0  0  0  0  0  0  0  0  0  0  0  0  0  0  0  0  0  0  0  0  0  0  0  0  0  0  0  0  0  0  0  0  0  0  0  0  0  0  0  0  0  0  0  0  0  0  0  0  0  0.022025000000000003
g  13  10  0.046612  0.053397  0.098692  0.129628  0.159387  0.178618  0.18076  0.166068  0.1351  0.075512  -0.006618  -0.098438  -0.193786  -0.288751  -0.373456  -0.431102  -0.445892  -0.412293  -0.343859  -0.269244  -0.217727  -0.207516  0  0  0  0  0  0  0  0  0  0  0  0  0  0  0  0  0  0  0  0  0  0  0  0  0  0  0  0  0  0  0  0  0  0  0  0  0  0  0  0  0  0  0  0  0  0  0  0  0  0  0  0  0  0  0  0  0  0  0  0  0  0  0  0  0  -0.0014180000000000026
h  13  10  0.492271  0.582068  0.669603  0.710466  0.722139  0.69083  0.606974  0.484576  0.354053  0.252801  0.201652  0.204741  0.253289  0.330074  0.419266  0.509719  0.588678  0.641113  0.650665  0.608808  0.521134  0.405288  0  0  0  0  0  0  0  0  0  0  0  0  0  0  0  0  0  0  0  0  0  0  0  0  0  0  0  0  0  0  0  0  0  0  0  0  0  0  0  0  0  0  0  0  0  0  0  0  0  0  0  0  0  0  0  0  0  0  0  0  0  0  0  0  0  -0.02432300000000004
g  13  11  0.43313  0.249469  0.192488  0.124369  0.03166  -0.084434  -0.196212  -0.27703  -0.293379  -0.239999  -0.140148  -0.023583  0.088574  0.183278  0.254704  0.30464  0.337113  0.356362  0.36792  0.380553  0.393993  0.404205  0  0  0  0  0  0  0  0  0  0  0  0  0  0  0  0  0  0  0  0  0  0  0  0  0  0  0  0  0  0  0  0  0  0  0  0  0  0  0  0  0  0  0  0  0  0  0  0  0  0  0  0  0  0  0  0  0  0  0  0  0  0  0  0  0  0.0016939999999999733
h  13  11  -0.330855  -0.209725  -0.159686  -0.12098  -0.090085  -0.044188  0.023586  0.116524  0.22643  0.338129  0.420536  0.461694  0.465328  0.444537  0.417317  0.396294  0.388929  0.395601  0.409436  0.417597  0.408792  0.379727  0  0  0  0  0  0  0  0  0  0  0  0  0  0  0  0  0  0  0  0  0  0  0  0  0  0  0  0  0  0  0  0  0  0  0  0  0  0  0  0  0  0  0  0  0  0  0  0  0  0  0  0  0  0  0  0  0  0  0  0  0  0  0  0  0  -0.007294000000000023
g  13  12  -0.234075  -0.448606  -0.419843  -0.377315  -0.315526  -0.217149  -0.117528  -0.053841  -0.031105  -0.0338  -0.031159  -0.005224  0.038173  0.081171  0.103579  0.086557  0.026406  -0.064573  -0.171582  -0.282983  -0.385003  -0.463229  0  0  0  0  0  0  0  0  0  0  0  0  0  0  0  0  0  0  0  0  0  0  0  0  0  0  0  0  0  0  0  0  0  0  0  0  0  0  0  0  0  0  0  0  0  0  0  0  0  0  0  0  0  0  0  0  0  0  0  0  0  0  0  0  0  -0.012963000000000002
h  13  12  -0.486156  -0.343903  -0.242337  -0.126879  0.001  0.076748  0.070093  0.007285  -0.081826  -0.170074  -0.244298  -0.315688  -0.395105  -0.482823  -0.574558  -0.656615  -0.709918  -0.723164  -0.693016  -0.616607  -0.495619  -0.337613  0  0  0  0  0  0  0  0  0  0  0  0  0  0  0  0  0  0  0  0  0  0  0  0  0  0  0  0  0  0  0  0  0  0  0  0  0  0  0  0  0  0  0  0  0  0  0  0  0  0  0  0  0  0  0  0  0  0  0  0  0  0  0  0  0  0.03409200000000001
g  13  13  -0.456486  -0.42465  -0.556288  -0.587949  -0.55109  -0.498981  -0.457372  -0.418452  -0.38156  -0.3517  -0.344203  -0.37731  -0.451383  -0.548194  -0.6424  -0.714459  -0.754601  -0.760438  -0.739728  -0.704201  -0.664447  -0.63254  0  0  0  0  0  0  0  0  0  0  0  0  0  0  0  0  0  0  0  0  0  0  0  0  0  0  0  0  0  0  0  0  0  0  0  0  0  0  0  0  0  0  0  0  0  0  0  0  0  0  0  0  0  0  0  0  0  0  0  0  0  0  0  0  0  0.005162
h  13  13  -0.61404  -0.58095  -0.36119  -0.152151  0.01088  0.119463  0.185061  0.211677  0.187302  0.1265  0.045201  -0.032616  -0.084552  -0.095917  -0.060403  0.013755  0.10632  0.198033  0.274161  0.325726  0.348138  0.338817  0  0  0  0  0  0  0  0  0  0  0  0  0  0  0  0  0  0  0  0  0  0  0  0  0  0  0  0  0  0  0  0  0  0  0  0  0  0  0  0  0  0  0  0  0  0  0  0  0  0  0  0  0  0  0  0  0  0  0  0  0  0  0  0  0  -0.0043480000000000185
