# 2019 MPG data assimilation forecast
# units of nT 
c/s d o  GUFM1  GUFM1  GUFM1  GUFM1  GUFM1  GUFM1  GUFM1  GUFM1  GUFM1  GUFM1  GUFM1  GUFM1  GUFM1  GUFM1  GUFM1  GUFM1  GUFM1  GUFM1  GUFM1  GUFM1  GUFM1  GUFM1  GUFM1  GUFM1  GUFM1  GUFM1  GUFM1  GUFM1  GUFM1  GUFM1  GUFM1  GUFM1  GUFM1  GUFM1  GUFM1  GUFM1  GUFM1  GUFM1  GUFM1  GUFM1  GUFM1  GUFM1  GUFM1  GUFM1  GUFM1  GUFM1  GUFM1  GUFM1  GUFM1  GUFM1  GUFM1  GUFM1  GUFM1  GUFM1  GUFM1  GUFM1  GUFM1  GUFM1  GUFM1  GUFM1  GUFM1  GUFM1   IGRF   IGRF   IGRF   IGRF   IGRF   IGRF   IGRF   IGRF   IGRF   DGRF   DGRF   DGRF   DGRF   DGRF   DGRF   DGRF   DGRF   DGRF   DGRF   DGRF   DGRF      DGRF      DGRF     DGRF     IGRF      SV
g/h n m 1590.0 1595.0 1600.0 1605.0 1610.0 1615.0 1620.0 1625.0 1630.0 1635.0 1640.0 1645.0 1650.0 1655.0 1660.0 1665.0 1670.0 1675.0 1680.0 1685.0 1690.0 1695.0 1700.0 1705.0 1710.0 1715.0 1720.0 1725.0 1730.0 1735.0 1740.0 1745.0 1750.0 1755.0 1760.0 1765.0 1770.0 1775.0 1780.0 1785.0 1790.0 1795.0 1800.0 1805.0 1810.0 1815.0 1820.0 1825.0 1830.0 1835.0 1840.0 1845.0 1850.0 1855.0 1860.0 1865.0 1870.0 1875.0 1880.0 1885.0 1890.0 1895.0 1900.0 1905.0 1910.0 1915.0 1920.0 1925.0 1930.0 1935.0 1940.0 1945.0 1950.0 1955.0 1960.0 1965.0 1970.0 1975.0 1980.0 1985.0 1990.0 1995.0 2000.0    2005.0    2010.0   2015.0   2020.0 2020-25
g  1  0  -29441.26878  -29405.210824  -29369.803136  -29329.857108  -29282.078687  -29222.523689  -29162.534545  -29095.725644  -29017.932219  -28943.152716  -28870.45985  -28800.276237  -28733.55092  -28670.293428  -28610.62263  -28554.029953  -28499.580627  -28446.748879  -28394.345559  -28339.69908  -28280.169836  -28214.76044  0  0  0  0  0  0  0  0  0  0  0  0  0  0  0  0  0  0  0  0  0  0  0  0  0  0  0  0  0  0  0  0  0  0  0  0  0  0  0  0  0  0  0  0  0  0  0  0  0  0  0  0  0  0  0  0  0  0  0  0  0  0  0  0  0  13.558813000003283
g  1  1  -1501.744923  -1451.82375  -1456.620461  -1459.068524  -1454.589424  -1440.482422  -1423.070379  -1408.976561  -1403.013037  -1406.358498  -1417.134269  -1429.417638  -1438.951985  -1447.646089  -1456.055922  -1463.743494  -1471.376889  -1480.536147  -1492.950113  -1507.699084  -1522.942091  -1537.447151  0  0  0  0  0  0  0  0  0  0  0  0  0  0  0  0  0  0  0  0  0  0  0  0  0  0  0  0  0  0  0  0  0  0  0  0  0  0  0  0  0  0  0  0  0  0  0  0  0  0  0  0  0  0  0  0  0  0  0  0  0  0  0  0  0  -2.8064200000001165
h  1  1  4796.853738  4653.250566  4550.748961  4479.789826  4421.206937  4383.420787  4356.923662  4325.592218  4290.094153  4258.663732  4240.101961  4233.926223  4231.773025  4229.760565  4229.502076  4228.949461  4225.101419  4217.248138  4205.189327  4189.791614  4172.071736  4152.715007  0  0  0  0  0  0  0  0  0  0  0  0  0  0  0  0  0  0  0  0  0  0  0  0  0  0  0  0  0  0  0  0  0  0  0  0  0  0  0  0  0  0  0  0  0  0  0  0  0  0  0  0  0  0  0  0  0  0  0  0  0  0  0  0  0  -3.9700760000005175
g  2  0  -2446.414959  -2498.970389  -2533.291263  -2553.766474  -2565.680057  -2577.508662  -2586.436162  -2589.378236  -2593.040774  -2597.633095  -2603.29589  -2610.601395  -2621.021438  -2635.243327  -2651.747156  -2669.714953  -2688.137914  -2705.494458  -2719.565714  -2728.740197  -2733.238236  -2733.511652  0  0  0  0  0  0  0  0  0  0  0  0  0  0  0  0  0  0  0  0  0  0  0  0  0  0  0  0  0  0  0  0  0  0  0  0  0  0  0  0  0  0  0  0  0  0  0  0  0  0  0  0  0  0  0  0  0  0  0  0  0  0  0  0  0  0.23495599999978367
g  2  1  3012.140342  2982.030933  2961.515206  2957.254953  2957.808757  2962.511504  2972.129019  2980.318445  2989.477657  2997.94356  3001.786907  2997.769533  2983.820955  2959.572352  2924.203674  2879.699971  2828.44856  2771.933474  2712.180752  2651.218287  2591.239881  2533.091368  0  0  0  0  0  0  0  0  0  0  0  0  0  0  0  0  0  0  0  0  0  0  0  0  0  0  0  0  0  0  0  0  0  0  0  0  0  0  0  0  0  0  0  0  0  0  0  0  0  0  0  0  0  0  0  0  0  0  0  0  0  0  0  0  0  -11.479495000000043
h  2  1  -2844.993016  -2991.821877  -3107.509106  -3205.964011  -3302.054212  -3398.291284  -3496.759813  -3590.504979  -3680.061397  -3770.816411  -3867.713204  -3970.655662  -4075.043569  -4180.170921  -4287.06588  -4393.781094  -4498.663472  -4601.061213  -4700.163581  -4795.758929  -4888.86113  -4981.170645  0  0  0  0  0  0  0  0  0  0  0  0  0  0  0  0  0  0  0  0  0  0  0  0  0  0  0  0  0  0  0  0  0  0  0  0  0  0  0  0  0  0  0  0  0  0  0  0  0  0  0  0  0  0  0  0  0  0  0  0  0  0  0  0  0  -18.474954000000253
g  2  2  1676.508533  1677.138991  1655.098078  1613.207008  1572.97044  1539.203568  1505.19746  1457.178931  1394.92049  1320.446095  1232.062247  1133.055027  1029.810644  926.267483  823.144924  721.002275  620.523242  521.678554  424.349537  327.894361  230.66617  131.868238  0  0  0  0  0  0  0  0  0  0  0  0  0  0  0  0  0  0  0  0  0  0  0  0  0  0  0  0  0  0  0  0  0  0  0  0  0  0  0  0  0  0  0  0  0  0  0  0  0  0  0  0  0  0  0  0  0  0  0  0  0  0  0  0  0  -19.887586
h  2  2  -641.804724  -734.2885  -801.660041  -830.905494  -854.877181  -887.000648  -930.793707  -991.608566  -1066.57826  -1152.944157  -1250.690362  -1357.867818  -1473.717242  -1596.959401  -1725.008102  -1855.781464  -1987.09206  -2114.938259  -2235.133571  -2344.011211  -2438.99088  -2517.913074  0  0  0  0  0  0  0  0  0  0  0  0  0  0  0  0  0  0  0  0  0  0  0  0  0  0  0  0  0  0  0  0  0  0  0  0  0  0  0  0  0  0  0  0  0  0  0  0  0  0  0  0  0  0  0  0  0  0  0  0  0  0  0  0  0  -14.423341000000164
g  3  0  1350.046181  1363.470177  1370.188644  1377.270714  1393.181888  1417.056082  1442.718889  1472.958344  1506.402583  1534.172056  1555.054911  1569.569879  1578.553711  1582.592564  1582.500225  1579.696592  1574.306271  1565.968706  1555.077297  1542.006864  1526.869582  1509.801753  0  0  0  0  0  0  0  0  0  0  0  0  0  0  0  0  0  0  0  0  0  0  0  0  0  0  0  0  0  0  0  0  0  0  0  0  0  0  0  0  0  0  0  0  0  0  0  0  0  0  0  0  0  0  0  0  0  0  0  0  0  0  0  0  0  -3.5579130000000987
g  3  1  -2352.254866  -2381.609758  -2421.78439  -2463.434909  -2504.584666  -2549.284241  -2598.834773  -2646.958784  -2694.174495  -2736.831518  -2773.039552  -2799.057802  -2813.068884  -2816.513002  -2809.695611  -2792.28508  -2765.886719  -2732.706598  -2695.411678  -2655.686799  -2614.124584  -2570.872074  0  0  0  0  0  0  0  0  0  0  0  0  0  0  0  0  0  0  0  0  0  0  0  0  0  0  0  0  0  0  0  0  0  0  0  0  0  0  0  0  0  0  0  0  0  0  0  0  0  0  0  0  0  0  0  0  0  0  0  0  0  0  0  0  0  8.814916000000267
h  3  1  -115.626247  -81.541564  -50.978634  -32.029858  -13.911209  -4.485438  3.723642  9.354664  14.750401  20.995744  28.991605  41.022008  54.592012  67.421036  79.150043  89.906285  100.050122  109.465105  118.492509  128.880029  141.383357  156.091546  0  0  0  0  0  0  0  0  0  0  0  0  0  0  0  0  0  0  0  0  0  0  0  0  0  0  0  0  0  0  0  0  0  0  0  0  0  0  0  0  0  0  0  0  0  0  0  0  0  0  0  0  0  0  0  0  0  0  0  0  0  0  0  0  0  3.116512
g  3  2  1226.045041  1236.215149  1258.029448  1277.290235  1288.561665  1296.358503  1292.562644  1278.434576  1261.785349  1245.540842  1233.733834  1230.358956  1237.159507  1253.266323  1277.108074  1309.034229  1348.772596  1394.82777  1445.400728  1499.176023  1554.536505  1609.861759  0  0  0  0  0  0  0  0  0  0  0  0  0  0  0  0  0  0  0  0  0  0  0  0  0  0  0  0  0  0  0  0  0  0  0  0  0  0  0  0  0  0  0  0  0  0  0  0  0  0  0  0  0  0  0  0  0  0  0  0  0  0  0  0  0  11.006840999999895
h  3  2  244.496134  242.351999  252.942694  258.898809  263.078561  272.032288  287.471265  312.146188  342.458831  377.718  416.183896  455.626913  494.387951  530.586925  563.478686  592.80797  618.05471  638.759539  654.912605  666.516469  674.06791  678.03932  0  0  0  0  0  0  0  0  0  0  0  0  0  0  0  0  0  0  0  0  0  0  0  0  0  0  0  0  0  0  0  0  0  0  0  0  0  0  0  0  0  0  0  0  0  0  0  0  0  0  0  0  0  0  0  0  0  0  0  0  0  0  0  0  0  0.5059069999999792
g  3  3  581.603516  525.129883  472.01613  404.792397  343.300586  291.281869  244.678796  198.576349  151.963138  101.982814  43.594593  -20.042541  -85.378823  -151.15802  -218.353579  -287.224075  -358.94403  -435.052109  -516.253229  -602.931361  -694.760145  -790.841603  0  0  0  0  0  0  0  0  0  0  0  0  0  0  0  0  0  0  0  0  0  0  0  0  0  0  0  0  0  0  0  0  0  0  0  0  0  0  0  0  0  0  0  0  0  0  0  0  0  0  0  0  0  0  0  0  0  0  0  0  0  0  0  0  0  -19.484900999999923
h  3  3  -538.553727  -542.567944  -541.138728  -540.698285  -543.842018  -557.994727  -579.592578  -614.801464  -664.900399  -727.797254  -800.279905  -879.097954  -961.323001  -1043.816461  -1123.380977  -1197.475089  -1264.143092  -1321.413892  -1368.230172  -1404.150811  -1429.495105  -1444.545962  0  0  0  0  0  0  0  0  0  0  0  0  0  0  0  0  0  0  0  0  0  0  0  0  0  0  0  0  0  0  0  0  0  0  0  0  0  0  0  0  0  0  0  0  0  0  0  0  0  0  0  0  0  0  0  0  0  0  0  0  0  0  0  0  0  -2.197355000000016
g  4  0  907.587952  902.978028  898.456823  903.358902  914.334615  928.338104  942.780476  956.282568  964.521821  967.290334  968.329025  967.285089  962.829419  955.240387  945.31618  933.096451  919.032312  903.616095  887.764843  872.234495  857.360927  843.386096  0  0  0  0  0  0  0  0  0  0  0  0  0  0  0  0  0  0  0  0  0  0  0  0  0  0  0  0  0  0  0  0  0  0  0  0  0  0  0  0  0  0  0  0  0  0  0  0  0  0  0  0  0  0  0  0  0  0  0  0  0  0  0  0  0  -2.7201610000000755
g  4  1  813.599015  809.642934  791.733962  768.948316  747.474484  727.520937  708.781772  689.784249  668.515509  645.179404  620.96946  594.457602  564.581017  530.700617  493.559859  454.224139  413.524713  372.404542  331.637135  291.874189  253.028922  214.82894  0  0  0  0  0  0  0  0  0  0  0  0  0  0  0  0  0  0  0  0  0  0  0  0  0  0  0  0  0  0  0  0  0  0  0  0  0  0  0  0  0  0  0  0  0  0  0  0  0  0  0  0  0  0  0  0  0  0  0  0  0  0  0  0  0  -7.604964000000024
h  4  1  283.514915  281.172874  261.974419  234.261415  204.26254  173.849744  140.720524  104.404207  64.507051  21.20546  -23.991602  -69.938939  -116.260677  -162.426207  -207.278864  -249.702135  -288.295822  -321.56477  -348.81255  -369.780039  -384.32463  -393.091091  0  0  0  0  0  0  0  0  0  0  0  0  0  0  0  0  0  0  0  0  0  0  0  0  0  0  0  0  0  0  0  0  0  0  0  0  0  0  0  0  0  0  0  0  0  0  0  0  0  0  0  0  0  0  0  0  0  0  0  0  0  0  0  0  0  -1.3313969999999813
g  4  2  120.435737  86.195894  67.702096  53.359985  41.192582  28.611002  13.387378  -5.640994  -24.794447  -39.142163  -46.585666  -48.491207  -46.705451  -41.188749  -32.991154  -23.568921  -14.286122  -5.903223  1.478519  7.765517  13.09349  17.38294  0  0  0  0  0  0  0  0  0  0  0  0  0  0  0  0  0  0  0  0  0  0  0  0  0  0  0  0  0  0  0  0  0  0  0  0  0  0  0  0  0  0  0  0  0  0  0  0  0  0  0  0  0  0  0  0  0  0  0  0  0  0  0  0  0  0.7496520000000011
h  4  2  -188.487608  -158.86075  -120.31692  -86.923268  -54.953903  -22.629149  11.034557  48.396656  89.88009  133.183591  175.289623  216.658164  256.843609  294.572784  330.068847  363.882328  395.658949  425.192321  452.256098  476.875134  499.129599  518.757343  0  0  0  0  0  0  0  0  0  0  0  0  0  0  0  0  0  0  0  0  0  0  0  0  0  0  0  0  0  0  0  0  0  0  0  0  0  0  0  0  0  0  0  0  0  0  0  0  0  0  0  0  0  0  0  0  0  0  0  0  0  0  0  0  0  3.717202000000043
g  4  3  -335.039191  -309.74402  -294.011592  -286.377121  -277.826019  -273.141762  -273.402809  -277.054146  -280.662209  -279.747451  -272.320976  -258.089894  -237.100324  -210.438295  -178.980308  -143.833931  -106.110399  -67.125891  -28.140132  9.233285  43.339882  73.416864  0  0  0  0  0  0  0  0  0  0  0  0  0  0  0  0  0  0  0  0  0  0  0  0  0  0  0  0  0  0  0  0  0  0  0  0  0  0  0  0  0  0  0  0  0  0  0  0  0  0  0  0  0  0  0  0  0  0  0  0  0  0  0  0  0  5.681649000000007
h  4  3  180.786749  200.051194  222.406504  243.312974  259.734018  281.926565  309.427199  337.665392  371.765981  410.775916  450.21702  489.485333  528.20151  565.342664  600.156149  631.926255  660.180554  684.098088  702.798126  715.45835  721.226481  720.103837  0  0  0  0  0  0  0  0  0  0  0  0  0  0  0  0  0  0  0  0  0  0  0  0  0  0  0  0  0  0  0  0  0  0  0  0  0  0  0  0  0  0  0  0  0  0  0  0  0  0  0  0  0  0  0  0  0  0  0  0  0  0  0  0  0  -0.7386079999999993
g  4  4  70.167477  47.844844  27.051705  1.165546  -22.899842  -39.111727  -52.922293  -63.653255  -73.194794  -86.4871  -104.021842  -126.139826  -150.734582  -177.478838  -206.764626  -238.592146  -272.909066  -309.965304  -349.535406  -391.245794  -434.159431  -477.214001  0  0  0  0  0  0  0  0  0  0  0  0  0  0  0  0  0  0  0  0  0  0  0  0  0  0  0  0  0  0  0  0  0  0  0  0  0  0  0  0  0  0  0  0  0  0  0  0  0  0  0  0  0  0  0  0  0  0  0  0  0  0  0  0  0  -8.561700999999971
h  4  4  -329.065163  -350.193442  -370.365121  -389.784758  -410.892216  -434.728027  -459.158237  -484.70586  -515.571632  -548.755862  -584.312098  -621.030563  -656.643979  -689.545731  -718.790654  -743.636102  -763.583588  -777.871722  -785.703525  -786.449997  -779.662056  -765.057123  0  0  0  0  0  0  0  0  0  0  0  0  0  0  0  0  0  0  0  0  0  0  0  0  0  0  0  0  0  0  0  0  0  0  0  0  0  0  0  0  0  0  0  0  0  0  0  0  0  0  0  0  0  0  0  0  0  0  0  0  0  0  0  0  0  3.568469999999934
g  5  0  -232.925432  -234.41968  -236.136859  -234.766246  -231.706633  -227.624991  -224.397307  -220.46238  -214.750465  -209.102243  -202.969028  -196.140094  -188.407186  -179.044419  -168.025414  -155.688603  -142.512704  -128.946969  -115.013785  -100.593219  -85.824963  -71.233625  0  0  0  0  0  0  0  0  0  0  0  0  0  0  0  0  0  0  0  0  0  0  0  0  0  0  0  0  0  0  0  0  0  0  0  0  0  0  0  0  0  0  0  0  0  0  0  0  0  0  0  0  0  0  0  0  0  0  0  0  0  0  0  0  0  2.877055999999996
g  5  1  359.797878  363.581708  365.971285  364.412613  359.297274  351.143428  340.44986  328.344783  314.473307  297.862476  279.428378  260.282601  241.512102  223.400997  205.973434  189.580757  174.131085  159.499366  145.544869  132.277447  119.876937  108.246647  0  0  0  0  0  0  0  0  0  0  0  0  0  0  0  0  0  0  0  0  0  0  0  0  0  0  0  0  0  0  0  0  0  0  0  0  0  0  0  0  0  0  0  0  0  0  0  0  0  0  0  0  0  0  0  0  0  0  0  0  0  0  0  0  0  -2.2735880000000037
h  5  1  46.956056  47.503503  35.411484  17.614193  -0.916879  -19.470957  -38.525506  -58.14059  -78.032609  -97.30481  -114.262328  -129.04053  -141.412988  -151.670544  -160.883011  -169.446122  -177.850002  -186.696575  -195.650225  -204.306207  -212.630988  -220.711415  0  0  0  0  0  0  0  0  0  0  0  0  0  0  0  0  0  0  0  0  0  0  0  0  0  0  0  0  0  0  0  0  0  0  0  0  0  0  0  0  0  0  0  0  0  0  0  0  0  0  0  0  0  0  0  0  0  0  0  0  0  0  0  0  0  -1.6072499999999934
g  5  2  192.210727  187.79981  186.712394  188.158319  190.827786  194.216205  198.28185  203.350578  207.869805  210.830486  212.255856  212.544938  212.235601  211.06419  209.19986  207.215284  205.213825  202.935211  200.203498  196.714956  191.865028  185.4353  0  0  0  0  0  0  0  0  0  0  0  0  0  0  0  0  0  0  0  0  0  0  0  0  0  0  0  0  0  0  0  0  0  0  0  0  0  0  0  0  0  0  0  0  0  0  0  0  0  0  0  0  0  0  0  0  0  0  0  0  0  0  0  0  0  -1.4064109999999914
h  5  2  196.766756  208.653694  223.373032  238.731877  254.705482  269.546144  282.74094  294.114766  300.857582  302.921095  300.807153  295.977439  289.708201  282.647097  275.192368  267.600159  260.033907  252.547886  245.397884  238.863354  233.076955  228.265365  0  0  0  0  0  0  0  0  0  0  0  0  0  0  0  0  0  0  0  0  0  0  0  0  0  0  0  0  0  0  0  0  0  0  0  0  0  0  0  0  0  0  0  0  0  0  0  0  0  0  0  0  0  0  0  0  0  0  0  0  0  0  0  0  0  -0.8720250000000078
g  5  3  -140.843553  -141.15125  -142.071472  -141.015628  -140.299317  -137.614249  -134.829726  -131.665731  -126.956846  -120.919731  -114.520869  -108.795731  -103.563432  -98.715758  -93.721732  -88.277514  -81.976892  -74.457822  -65.406398  -54.687691  -42.454257  -28.680709  0  0  0  0  0  0  0  0  0  0  0  0  0  0  0  0  0  0  0  0  0  0  0  0  0  0  0  0  0  0  0  0  0  0  0  0  0  0  0  0  0  0  0  0  0  0  0  0  0  0  0  0  0  0  0  0  0  0  0  0  0  0  0  0  0  2.8785649999999983
h  5  3  -119.3611  -121.036578  -118.565645  -117.442922  -112.031817  -102.413903  -89.948009  -72.891491  -52.630234  -29.10663  -4.551069  19.743158  43.156251  64.859749  84.8808  103.836011  121.928238  139.328248  156.482489  173.055767  188.826068  203.709528  0  0  0  0  0  0  0  0  0  0  0  0  0  0  0  0  0  0  0  0  0  0  0  0  0  0  0  0  0  0  0  0  0  0  0  0  0  0  0  0  0  0  0  0  0  0  0  0  0  0  0  0  0  0  0  0  0  0  0  0  0  0  0  0  0  2.8899430000000166
g  5  4  -157.512219  -150.763873  -146.681507  -140.376632  -133.366185  -130.196296  -131.397863  -135.0837  -139.702517  -143.975192  -146.311163  -146.396302  -143.753537  -138.188088  -130.379136  -121.333334  -112.024646  -103.338544  -95.569372  -88.680145  -82.314442  -76.282029  0  0  0  0  0  0  0  0  0  0  0  0  0  0  0  0  0  0  0  0  0  0  0  0  0  0  0  0  0  0  0  0  0  0  0  0  0  0  0  0  0  0  0  0  0  0  0  0  0  0  0  0  0  0  0  0  0  0  0  0  0  0  0  0  0  1.1784300000000059
h  5  4  15.732344  32.522693  49.399286  65.654126  77.087718  85.406179  90.318118  94.010622  99.300581  106.894207  116.053162  126.279042  136.599141  146.115611  154.083406  160.314375  165.114147  168.810338  171.809517  174.334593  176.391085  178.004427  0  0  0  0  0  0  0  0  0  0  0  0  0  0  0  0  0  0  0  0  0  0  0  0  0  0  0  0  0  0  0  0  0  0  0  0  0  0  0  0  0  0  0  0  0  0  0  0  0  0  0  0  0  0  0  0  0  0  0  0  0  0  0  0  0  0.28305599999998776
g  5  5  3.895756  14.048884  24.909166  32.845184  38.23731  43.652596  49.494091  56.300128  63.014336  67.552882  68.860767  67.120296  62.295677  53.730119  40.506978  22.317566  -0.587311  -27.776119  -58.595832  -92.073597  -126.77718  -160.882015  0  0  0  0  0  0  0  0  0  0  0  0  0  0  0  0  0  0  0  0  0  0  0  0  0  0  0  0  0  0  0  0  0  0  0  0  0  0  0  0  0  0  0  0  0  0  0  0  0  0  0  0  0  0  0  0  0  0  0  0  0  0  0  0  0  -6.6880219999999895
h  5  5  100.511446  99.005721  101.486746  99.40782  94.236551  88.855988  82.802229  74.336577  61.232635  43.341995  21.197594  -4.72259  -33.247532  -62.964419  -92.880532  -121.651248  -147.800157  -170.269391  -187.921773  -199.468346  -203.74573  -200.13665  0  0  0  0  0  0  0  0  0  0  0  0  0  0  0  0  0  0  0  0  0  0  0  0  0  0  0  0  0  0  0  0  0  0  0  0  0  0  0  0  0  0  0  0  0  0  0  0  0  0  0  0  0  0  0  0  0  0  0  0  0  0  0  0  0  1.3608739999999955
g  6  0  69.504524  65.863955  60.210336  55.689482  52.623457  48.839986  46.210129  44.080578  40.837581  36.812749  32.809244  28.600039  23.771923  18.156958  11.808156  4.931159  -2.182422  -9.358809  -16.385636  -22.824415  -28.365548  -32.968535  0  0  0  0  0  0  0  0  0  0  0  0  0  0  0  0  0  0  0  0  0  0  0  0  0  0  0  0  0  0  0  0  0  0  0  0  0  0  0  0  0  0  0  0  0  0  0  0  0  0  0  0  0  0  0  0  0  0  0  0  0  0  0  0  0  -0.8471450000000047
g  6  1  67.612224  65.488809  64.407153  60.621406  55.54691  50.113129  43.846115  35.973421  26.25151  15.581724  4.983013  -5.328879  -15.103035  -24.267861  -32.729023  -40.196886  -46.434657  -51.493809  -55.566707  -58.803016  -61.229694  -62.846989  0  0  0  0  0  0  0  0  0  0  0  0  0  0  0  0  0  0  0  0  0  0  0  0  0  0  0  0  0  0  0  0  0  0  0  0  0  0  0  0  0  0  0  0  0  0  0  0  0  0  0  0  0  0  0  0  0  0  0  0  0  0  0  0  0  -0.2584749999999971
h  6  1  -20.940394  -19.202875  -26.379285  -40.319074  -55.79534  -70.232942  -82.727033  -92.126053  -99.968318  -106.686526  -112.405471  -117.274062  -122.091909  -127.072655  -131.661163  -135.500222  -138.431264  -140.357857  -141.304397  -141.344853  -140.476889  -138.76908  0  0  0  0  0  0  0  0  0  0  0  0  0  0  0  0  0  0  0  0  0  0  0  0  0  0  0  0  0  0  0  0  0  0  0  0  0  0  0  0  0  0  0  0  0  0  0  0  0  0  0  0  0  0  0  0  0  0  0  0  0  0  0  0  0  0.40405699999999456
g  6  2  72.896999  73.036296  75.098339  74.632947  72.799526  70.187975  66.519467  59.336661  50.163142  41.415465  34.033993  28.406076  24.763075  23.176043  23.232871  24.653166  27.362484  31.2135  36.11276  41.866288  48.133663  54.560193  0  0  0  0  0  0  0  0  0  0  0  0  0  0  0  0  0  0  0  0  0  0  0  0  0  0  0  0  0  0  0  0  0  0  0  0  0  0  0  0  0  0  0  0  0  0  0  0  0  0  0  0  0  0  0  0  0  0  0  0  0  0  0  0  0  1.2867449999999963
h  6  2  33.351435  24.934137  16.73682  7.285338  -3.009681  -12.031007  -20.101994  -26.481629  -30.921368  -34.693339  -37.636899  -39.315343  -40.322508  -41.179715  -41.991654  -42.737105  -43.475977  -44.301787  -45.528063  -47.451303  -50.069151  -53.333065  0  0  0  0  0  0  0  0  0  0  0  0  0  0  0  0  0  0  0  0  0  0  0  0  0  0  0  0  0  0  0  0  0  0  0  0  0  0  0  0  0  0  0  0  0  0  0  0  0  0  0  0  0  0  0  0  0  0  0  0  0  0  0  0  0  -0.6973020000000005
g  6  3  -129.51033  -121.241641  -111.129087  -102.940959  -94.335605  -84.269435  -71.14934  -56.713455  -41.766657  -26.648243  -12.669802  -0.695542  8.762765  15.905635  21.314114  25.391473  28.834731  32.182707  35.645582  39.365129  43.305303  47.308459  0  0  0  0  0  0  0  0  0  0  0  0  0  0  0  0  0  0  0  0  0  0  0  0  0  0  0  0  0  0  0  0  0  0  0  0  0  0  0  0  0  0  0  0  0  0  0  0  0  0  0  0  0  0  0  0  0  0  0  0  0  0  0  0  0  0.8032699999999977
h  6  3  58.772083  52.898872  47.60468  46.004811  47.074908  49.266087  50.962024  49.094243  44.97595  39.578957  32.815287  25.349952  17.918802  11.060532  5.351554  1.096117  -1.564896  -2.88181  -3.186406  -2.809933  -2.100992  -1.28681  0  0  0  0  0  0  0  0  0  0  0  0  0  0  0  0  0  0  0  0  0  0  0  0  0  0  0  0  0  0  0  0  0  0  0  0  0  0  0  0  0  0  0  0  0  0  0  0  0  0  0  0  0  0  0  0  0  0  0  0  0  0  0  0  0  0.16734800000000005
g  6  4  -29.142695  -35.761804  -42.178764  -47.513279  -53.150322  -60.180584  -65.469221  -70.389397  -73.776384  -75.269114  -75.346861  -73.834517  -71.278575  -68.241085  -64.325011  -59.967186  -55.616735  -51.436675  -47.806808  -44.652053  -41.818147  -39.384612  0  0  0  0  0  0  0  0  0  0  0  0  0  0  0  0  0  0  0  0  0  0  0  0  0  0  0  0  0  0  0  0  0  0  0  0  0  0  0  0  0  0  0  0  0  0  0  0  0  0  0  0  0  0  0  0  0  0  0  0  0  0  0  0  0  0.4435490000000044
h  6  4  -66.635933  -64.826281  -63.925849  -59.825553  -54.45555  -45.777464  -36.073894  -26.770907  -16.521916  -5.879389  4.916652  15.573071  25.219378  33.937917  42.05635  49.475574  56.316368  62.26924  67.221944  71.126473  73.674524  74.565219  0  0  0  0  0  0  0  0  0  0  0  0  0  0  0  0  0  0  0  0  0  0  0  0  0  0  0  0  0  0  0  0  0  0  0  0  0  0  0  0  0  0  0  0  0  0  0  0  0  0  0  0  0  0  0  0  0  0  0  0  0  0  0  0  0  0.041719000000000506
g  6  5  13.075186  13.524033  10.703597  8.899597  8.209604  9.058634  9.140072  7.60837  4.799078  1.540528  -1.036231  -2.213494  -1.323139  1.834857  7.214713  14.238051  22.033069  29.563242  35.78776  39.958472  41.599162  40.422599  0  0  0  0  0  0  0  0  0  0  0  0  0  0  0  0  0  0  0  0  0  0  0  0  0  0  0  0  0  0  0  0  0  0  0  0  0  0  0  0  0  0  0  0  0  0  0  0  0  0  0  0  0  0  0  0  0  0  0  0  0  0  0  0  0  -0.46650100000000094
h  6  5  7.369494  9.211596  10.140141  10.493102  9.26564  4.221796  -3.759284  -12.30038  -20.847496  -28.217353  -34.049119  -38.565666  -42.391984  -46.178668  -50.571205  -56.194438  -63.426098  -72.326515  -82.825974  -94.581921  -106.992042  -119.479808  0  0  0  0  0  0  0  0  0  0  0  0  0  0  0  0  0  0  0  0  0  0  0  0  0  0  0  0  0  0  0  0  0  0  0  0  0  0  0  0  0  0  0  0  0  0  0  0  0  0  0  0  0  0  0  0  0  0  0  0  0  0  0  0  0  -2.4756890000000027
g  6  6  -70.948954  -64.914622  -57.138541  -50.815445  -47.168938  -44.38071  -40.565252  -35.645224  -30.537986  -26.281905  -22.720979  -19.629169  -17.195768  -16.179658  -17.569693  -21.547252  -28.121874  -37.167456  -48.221321  -60.630908  -73.635931  -86.359694  0  0  0  0  0  0  0  0  0  0  0  0  0  0  0  0  0  0  0  0  0  0  0  0  0  0  0  0  0  0  0  0  0  0  0  0  0  0  0  0  0  0  0  0  0  0  0  0  0  0  0  0  0  0  0  0  0  0  0  0  0  0  0  0  0  -2.476962999999998
h  6  6  62.573447  67.926211  73.302078  76.101228  77.520563  79.528735  81.629873  82.249631  80.127847  75.155834  67.742346  58.549113  48.895021  39.602349  31.470668  25.293285  21.594303  20.825593  23.272804  29.022389  38.041872  50.116779  0  0  0  0  0  0  0  0  0  0  0  0  0  0  0  0  0  0  0  0  0  0  0  0  0  0  0  0  0  0  0  0  0  0  0  0  0  0  0  0  0  0  0  0  0  0  0  0  0  0  0  0  0  0  0  0  0  0  0  0  0  0  0  0  0  2.636063
g  7  0  80.909828  80.442744  76.168238  70.856992  65.356311  59.893062  54.640913  50.213641  46.684691  43.999383  41.914205  40.006146  37.965081  35.777607  33.796812  32.067012  30.576115  29.350898  28.446457  27.886617  27.5266  27.243371  0  0  0  0  0  0  0  0  0  0  0  0  0  0  0  0  0  0  0  0  0  0  0  0  0  0  0  0  0  0  0  0  0  0  0  0  0  0  0  0  0  0  0  0  0  0  0  0  0  0  0  0  0  0  0  0  0  0  0  0  0  0  0  0  0  -0.05770800000000165
g  7  1  -76.153908  -76.767191  -79.376837  -82.985339  -86.119053  -89.338682  -92.070355  -93.425623  -93.938588  -94.10278  -93.569717  -92.177777  -90.148128  -87.65946  -84.77458  -81.504705  -78.039136  -74.739473  -71.822867  -69.315055  -67.100923  -64.942838  0  0  0  0  0  0  0  0  0  0  0  0  0  0  0  0  0  0  0  0  0  0  0  0  0  0  0  0  0  0  0  0  0  0  0  0  0  0  0  0  0  0  0  0  0  0  0  0  0  0  0  0  0  0  0  0  0  0  0  0  0  0  0  0  0  0.43863199999999836
h  7  1  -54.31935  -51.199611  -52.685793  -55.27921  -56.050336  -56.413233  -55.853284  -54.870739  -53.62842  -52.07642  -49.867046  -47.143819  -44.268923  -41.338921  -38.645361  -36.351093  -34.444328  -32.900609  -31.56567  -30.38348  -29.365736  -28.558015  0  0  0  0  0  0  0  0  0  0  0  0  0  0  0  0  0  0  0  0  0  0  0  0  0  0  0  0  0  0  0  0  0  0  0  0  0  0  0  0  0  0  0  0  0  0  0  0  0  0  0  0  0  0  0  0  0  0  0  0  0  0  0  0  0  0.14207399999999737
g  7  2  -7.167606  -7.985342  -7.656867  -7.304017  -7.231141  -8.349021  -9.924339  -11.53532  -13.234501  -14.755287  -15.951354  -16.388782  -16.021784  -15.217264  -14.329875  -13.603704  -13.228673  -13.362526  -13.986272  -14.984237  -16.306478  -17.946315  0  0  0  0  0  0  0  0  0  0  0  0  0  0  0  0  0  0  0  0  0  0  0  0  0  0  0  0  0  0  0  0  0  0  0  0  0  0  0  0  0  0  0  0  0  0  0  0  0  0  0  0  0  0  0  0  0  0  0  0  0  0  0  0  0  -0.3520789999999998
h  7  2  -19.468724  -16.946919  -15.275522  -13.142607  -10.186593  -6.93276  -3.591963  -0.00136  3.279397  5.173259  5.244866  3.813596  1.218567  -2.30528  -6.675413  -11.616216  -16.854704  -22.13537  -27.038401  -31.152668  -34.348073  -36.527652  0  0  0  0  0  0  0  0  0  0  0  0  0  0  0  0  0  0  0  0  0  0  0  0  0  0  0  0  0  0  0  0  0  0  0  0  0  0  0  0  0  0  0  0  0  0  0  0  0  0  0  0  0  0  0  0  0  0  0  0  0  0  0  0  0  -0.35060800000000114
g  7  3  51.751959  56.227406  60.20551  64.013018  66.472092  68.389114  69.372729  69.012956  68.064131  66.672065  65.134744  63.438271  61.893617  60.667194  59.396019  57.686476  55.393041  52.390988  48.479228  43.597526  37.759999  31.228545  0  0  0  0  0  0  0  0  0  0  0  0  0  0  0  0  0  0  0  0  0  0  0  0  0  0  0  0  0  0  0  0  0  0  0  0  0  0  0  0  0  0  0  0  0  0  0  0  0  0  0  0  0  0  0  0  0  0  0  0  0  0  0  0  0  -1.3447160000000018
h  7  3  5.504431  2.404469  1.604681  -0.749692  -4.566935  -8.499513  -12.497281  -15.169274  -16.558381  -16.989569  -16.555091  -15.269999  -13.365222  -11.225672  -9.149029  -7.167329  -5.237551  -3.404735  -1.541607  0.46801  2.748485  5.496839  0  0  0  0  0  0  0  0  0  0  0  0  0  0  0  0  0  0  0  0  0  0  0  0  0  0  0  0  0  0  0  0  0  0  0  0  0  0  0  0  0  0  0  0  0  0  0  0  0  0  0  0  0  0  0  0  0  0  0  0  0  0  0  0  0  0.5901549999999993
g  7  4  15.148201  15.646414  17.47169  18.697205  20.062365  21.044337  21.93668  22.142374  21.708259  20.710421  19.074594  16.599437  13.335935  9.587456  5.645302  1.792439  -1.803081  -5.073689  -7.888452  -10.242993  -12.228883  -13.913249  0  0  0  0  0  0  0  0  0  0  0  0  0  0  0  0  0  0  0  0  0  0  0  0  0  0  0  0  0  0  0  0  0  0  0  0  0  0  0  0  0  0  0  0  0  0  0  0  0  0  0  0  0  0  0  0  0  0  0  0  0  0  0  0  0  -0.3157160000000001
h  7  4  24.70636  23.27519  23.280234  25.390361  27.138055  27.563075  27.028058  25.809217  24.330816  23.162509  22.302349  21.890965  22.021633  22.413081  22.917369  23.546867  24.254363  24.989719  25.802681  26.71945  27.780324  29.007081  0  0  0  0  0  0  0  0  0  0  0  0  0  0  0  0  0  0  0  0  0  0  0  0  0  0  0  0  0  0  0  0  0  0  0  0  0  0  0  0  0  0  0  0  0  0  0  0  0  0  0  0  0  0  0  0  0  0  0  0  0  0  0  0  0  0.2593999999999994
g  7  5  9.259858  6.13914  2.749483  -0.335405  -3.303651  -6.692068  -10.109635  -12.817428  -15.640616  -18.184081  -20.176229  -22.145451  -24.410314  -26.849966  -29.163182  -31.175537  -32.605978  -33.139924  -32.57999  -30.978969  -28.533948  -25.469879  0  0  0  0  0  0  0  0  0  0  0  0  0  0  0  0  0  0  0  0  0  0  0  0  0  0  0  0  0  0  0  0  0  0  0  0  0  0  0  0  0  0  0  0  0  0  0  0  0  0  0  0  0  0  0  0  0  0  0  0  0  0  0  0  0  0.650030000000001
h  7  5  3.378227  -2.360767  -8.333548  -14.269386  -19.588511  -23.443852  -25.940011  -28.660014  -31.470758  -34.060668  -36.575906  -39.052748  -41.228928  -43.065172  -44.607575  -45.778282  -46.516407  -46.857938  -46.95606  -46.990287  -47.145835  -47.597674  0  0  0  0  0  0  0  0  0  0  0  0  0  0  0  0  0  0  0  0  0  0  0  0  0  0  0  0  0  0  0  0  0  0  0  0  0  0  0  0  0  0  0  0  0  0  0  0  0  0  0  0  0  0  0  0  0  0  0  0  0  0  0  0  0  -0.12270300000000134
g  7  6  -2.911414  -7.388534  -12.121678  -16.169758  -18.846747  -19.990749  -20.909065  -21.656588  -22.520065  -23.276729  -23.712905  -23.826356  -23.505237  -22.800407  -21.730269  -20.43025  -19.054631  -17.744999  -16.533909  -15.517168  -14.850075  -14.656869  0  0  0  0  0  0  0  0  0  0  0  0  0  0  0  0  0  0  0  0  0  0  0  0  0  0  0  0  0  0  0  0  0  0  0  0  0  0  0  0  0  0  0  0  0  0  0  0  0  0  0  0  0  0  0  0  0  0  0  0  0  0  0  0  0  -0.0050600000000002865
h  7  6  -27.349373  -27.208  -25.775165  -24.325738  -23.328955  -23.308907  -24.52209  -26.089388  -27.328686  -28.193353  -28.598131  -28.567338  -28.081976  -27.386844  -26.775749  -26.397505  -26.200459  -26.113981  -26.156486  -26.27658  -26.441052  -26.691468  0  0  0  0  0  0  0  0  0  0  0  0  0  0  0  0  0  0  0  0  0  0  0  0  0  0  0  0  0  0  0  0  0  0  0  0  0  0  0  0  0  0  0  0  0  0  0  0  0  0  0  0  0  0  0  0  0  0  0  0  0  0  0  0  0  -0.06008999999999887
g  7  7  6.361406  9.407146  12.780422  15.527853  17.018805  18.311307  20.612225  23.873741  27.277631  29.762733  30.891223  30.980485  29.869932  27.244573  22.973978  17.270128  10.536047  3.272047  -4.020418  -10.848065  -16.69175  -21.065996  0  0  0  0  0  0  0  0  0  0  0  0  0  0  0  0  0  0  0  0  0  0  0  0  0  0  0  0  0  0  0  0  0  0  0  0  0  0  0  0  0  0  0  0  0  0  0  0  0  0  0  0  0  0  0  0  0  0  0  0  0  0  0  0  0  -0.737600999999998
h  7  7  -2.136512  -1.732786  -1.620523  -3.558786  -6.266875  -8.122138  -9.440586  -10.888537  -13.001514  -15.968383  -19.490407  -23.004576  -25.916597  -27.806755  -28.522445  -27.994344  -26.128491  -22.831959  -18.039565  -11.678183  -3.773991  5.430618  0  0  0  0  0  0  0  0  0  0  0  0  0  0  0  0  0  0  0  0  0  0  0  0  0  0  0  0  0  0  0  0  0  0  0  0  0  0  0  0  0  0  0  0  0  0  0  0  0  0  0  0  0  0  0  0  0  0  0  0  0  0  0  0  0  1.9260069999999998
g  8  0  23.933406  23.932791  25.195321  26.764436  27.637668  27.664453  27.249483  26.78377  26.08815  25.27252  24.418624  23.602271  23.047839  22.876164  22.949148  23.23082  23.69443  24.327656  25.08971  25.999228  27.059762  28.203145  0  0  0  0  0  0  0  0  0  0  0  0  0  0  0  0  0  0  0  0  0  0  0  0  0  0  0  0  0  0  0  0  0  0  0  0  0  0  0  0  0  0  0  0  0  0  0  0  0  0  0  0  0  0  0  0  0  0  0  0  0  0  0  0  0  0.23288499999999956
g  8  1  9.174816  9.722478  12.260008  14.583671  16.592187  18.218396  19.574082  20.561108  20.858152  20.685716  20.289021  19.582477  18.483946  17.125376  15.7049  14.336288  13.173271  12.344949  11.93595  11.976229  12.397112  13.075542  0  0  0  0  0  0  0  0  0  0  0  0  0  0  0  0  0  0  0  0  0  0  0  0  0  0  0  0  0  0  0  0  0  0  0  0  0  0  0  0  0  0  0  0  0  0  0  0  0  0  0  0  0  0  0  0  0  0  0  0  0  0  0  0  0  0.149146
h  8  1  10.130953  8.462005  5.540845  2.016153  -1.466908  -4.221275  -6.183453  -7.555615  -8.582508  -9.20377  -9.454227  -9.498328  -9.543503  -9.647767  -9.777507  -9.84824  -9.838179  -9.866323  -9.981665  -10.141173  -10.336319  -10.533498  0  0  0  0  0  0  0  0  0  0  0  0  0  0  0  0  0  0  0  0  0  0  0  0  0  0  0  0  0  0  0  0  0  0  0  0  0  0  0  0  0  0  0  0  0  0  0  0  0  0  0  0  0  0  0  0  0  0  0  0  0  0  0  0  0  -0.03761599999999987
g  8  2  -16.835463  -17.772111  -19.323317  -20.497579  -20.44044  -19.931078  -19.232384  -18.579266  -17.821843  -16.668312  -14.830425  -12.436375  -9.749188  -7.10836  -4.653574  -2.470852  -0.599713  0.929303  2.135957  3.113275  3.884268  4.430622  0  0  0  0  0  0  0  0  0  0  0  0  0  0  0  0  0  0  0  0  0  0  0  0  0  0  0  0  0  0  0  0  0  0  0  0  0  0  0  0  0  0  0  0  0  0  0  0  0  0  0  0  0  0  0  0  0  0  0  0  0  0  0  0  0  0.09102299999999985
h  8  2  -18.429974  -15.61949  -17.015693  -18.627444  -19.234045  -18.762789  -17.266799  -15.406724  -13.61058  -11.884485  -10.09882  -8.228407  -6.526905  -5.077059  -3.781962  -2.535378  -1.183329  0.325548  1.914744  3.44623  4.817623  5.959373  0  0  0  0  0  0  0  0  0  0  0  0  0  0  0  0  0  0  0  0  0  0  0  0  0  0  0  0  0  0  0  0  0  0  0  0  0  0  0  0  0  0  0  0  0  0  0  0  0  0  0  0  0  0  0  0  0  0  0  0  0  0  0  0  0  0.20848600000000062
g  8  3  -3.401308  -0.452687  1.91961  3.849827  5.243358  6.030006  6.68191  7.320277  7.751024  8.356273  9.2416  10.037852  10.792415  11.829685  13.053  14.340099  15.630345  16.892922  18.137018  19.397503  20.744914  22.143837  0  0  0  0  0  0  0  0  0  0  0  0  0  0  0  0  0  0  0  0  0  0  0  0  0  0  0  0  0  0  0  0  0  0  0  0  0  0  0  0  0  0  0  0  0  0  0  0  0  0  0  0  0  0  0  0  0  0  0  0  0  0  0  0  0  0.28096800000000144
h  8  3  13.177806  12.772433  12.624706  12.492467  13.244728  14.425575  15.588483  15.873853  15.426605  14.791111  13.889035  12.647512  11.192828  9.617591  8.125265  6.905169  5.964413  5.227834  4.635304  4.081371  3.42695  2.544047  0  0  0  0  0  0  0  0  0  0  0  0  0  0  0  0  0  0  0  0  0  0  0  0  0  0  0  0  0  0  0  0  0  0  0  0  0  0  0  0  0  0  0  0  0  0  0  0  0  0  0  0  0  0  0  0  0  0  0  0  0  0  0  0  0  -0.20121400000000023
g  8  4  -20.544901  -21.032399  -23.334405  -24.91695  -25.280551  -25.989816  -26.506452  -26.681111  -27.099111  -27.097085  -26.856555  -26.503285  -25.977417  -25.460084  -25.00775  -24.700615  -24.683614  -24.970691  -25.670896  -26.794076  -28.215908  -29.799374  0  0  0  0  0  0  0  0  0  0  0  0  0  0  0  0  0  0  0  0  0  0  0  0  0  0  0  0  0  0  0  0  0  0  0  0  0  0  0  0  0  0  0  0  0  0  0  0  0  0  0  0  0  0  0  0  0  0  0  0  0  0  0  0  0  -0.321669
h  8  4  -14.730272  -11.937835  -10.394433  -8.207441  -6.377077  -4.94394  -3.248723  -2.184115  -1.303778  -0.264265  0.379401  0.628847  0.42073  -0.204856  -1.044118  -2.040144  -3.078873  -4.084074  -5.069325  -5.987104  -6.875806  -7.768238  0  0  0  0  0  0  0  0  0  0  0  0  0  0  0  0  0  0  0  0  0  0  0  0  0  0  0  0  0  0  0  0  0  0  0  0  0  0  0  0  0  0  0  0  0  0  0  0  0  0  0  0  0  0  0  0  0  0  0  0  0  0  0  0  0  -0.1793250000000004
g  8  5  13.226941  15.498856  16.837233  17.902909  18.452972  18.162588  17.446059  16.296953  14.930062  13.181797  11.446228  10.050024  8.954096  8.199262  7.917766  8.078736  8.630225  9.460553  10.353112  11.210353  11.981481  12.639897  0  0  0  0  0  0  0  0  0  0  0  0  0  0  0  0  0  0  0  0  0  0  0  0  0  0  0  0  0  0  0  0  0  0  0  0  0  0  0  0  0  0  0  0  0  0  0  0  0  0  0  0  0  0  0  0  0  0  0  0  0  0  0  0  0  0.1237680000000001
h  8  5  16.184496  14.380681  11.600505  8.835198  5.683473  2.588884  -0.346617  -3.030327  -5.321398  -7.252789  -8.541134  -9.318017  -9.79748  -10.012543  -10.103801  -10.255458  -10.599395  -11.226884  -12.125674  -13.220643  -14.374906  -15.452472  0  0  0  0  0  0  0  0  0  0  0  0  0  0  0  0  0  0  0  0  0  0  0  0  0  0  0  0  0  0  0  0  0  0  0  0  0  0  0  0  0  0  0  0  0  0  0  0  0  0  0  0  0  0  0  0  0  0  0  0  0  0  0  0  0  -0.20519600000000082
g  8  6  11.67011  13.615012  13.668163  12.684142  11.536773  10.305039  8.841502  7.788901  7.137484  6.660301  6.624567  6.995436  7.568736  8.412841  9.611568  11.269513  13.418107  15.981425  18.805396  21.679179  24.326979  26.450913  0  0  0  0  0  0  0  0  0  0  0  0  0  0  0  0  0  0  0  0  0  0  0  0  0  0  0  0  0  0  0  0  0  0  0  0  0  0  0  0  0  0  0  0  0  0  0  0  0  0  0  0  0  0  0  0  0  0  0  0  0  0  0  0  0  0.3705040000000004
h  8  6  5.685273  3.781598  2.684471  2.022859  2.550511  3.948319  5.810294  7.75115  9.544997  11.38918  13.471956  15.581116  17.639138  19.513117  21.075926  22.3292  23.19318  23.529296  23.25577  22.274841  20.560138  18.223152  0  0  0  0  0  0  0  0  0  0  0  0  0  0  0  0  0  0  0  0  0  0  0  0  0  0  0  0  0  0  0  0  0  0  0  0  0  0  0  0  0  0  0  0  0  0  0  0  0  0  0  0  0  0  0  0  0  0  0  0  0  0  0  0  0  -0.5081720000000018
g  8  7  -15.813161  -16.987234  -17.912071  -18.292996  -17.703635  -16.366519  -14.934192  -13.534516  -12.307159  -11.286806  -10.473915  -9.826417  -9.196443  -8.522188  -7.836869  -7.214638  -6.748238  -6.46136  -6.27973  -6.128991  -5.94265  -5.657401  0  0  0  0  0  0  0  0  0  0  0  0  0  0  0  0  0  0  0  0  0  0  0  0  0  0  0  0  0  0  0  0  0  0  0  0  0  0  0  0  0  0  0  0  0  0  0  0  0  0  0  0  0  0  0  0  0  0  0  0  0  0  0  0  0  0.06684299999999954
h  8  7  -9.074457  -7.118659  -4.996332  -3.079533  -1.95042  -1.246089  -0.910365  -0.737167  -0.635982  -0.554946  -0.517917  -0.431166  -0.215279  -0.083473  -0.150363  -0.365886  -0.69737  -1.058442  -1.354182  -1.558405  -1.727145  -1.951794  0  0  0  0  0  0  0  0  0  0  0  0  0  0  0  0  0  0  0  0  0  0  0  0  0  0  0  0  0  0  0  0  0  0  0  0  0  0  0  0  0  0  0  0  0  0  0  0  0  0  0  0  0  0  0  0  0  0  0  0  0  0  0  0  0  -0.051223999999999936
g  8  8  -2.199155  -0.195199  2.049812  4.244568  5.813814  7.03824  8.398764  10.171173  12.088539  13.835734  15.216203  16.138251  16.383611  15.677868  13.911986  11.184901  7.704021  3.734661  -0.340481  -4.090248  -7.082603  -8.956558  0  0  0  0  0  0  0  0  0  0  0  0  0  0  0  0  0  0  0  0  0  0  0  0  0  0  0  0  0  0  0  0  0  0  0  0  0  0  0  0  0  0  0  0  0  0  0  0  0  0  0  0  0  0  0  0  0  0  0  0  0  0  0  0  0  -0.27233399999999897
h  8  8  2.41779  2.853018  2.169563  0.307851  -2.007256  -3.964309  -5.084511  -5.945028  -7.099567  -8.708162  -10.769212  -13.022697  -15.201339  -17.21293  -18.959671  -20.226452  -20.763317  -20.38089  -19.000505  -16.672963  -13.589615  -10.082906  0  0  0  0  0  0  0  0  0  0  0  0  0  0  0  0  0  0  0  0  0  0  0  0  0  0  0  0  0  0  0  0  0  0  0  0  0  0  0  0  0  0  0  0  0  0  0  0  0  0  0  0  0  0  0  0  0  0  0  0  0  0  0  0  0  0.7144960000000005
g  9  0  5.300356  5.130229  4.796251  3.777036  2.264001  0.527118  -0.891584  -1.963982  -2.665085  -2.856047  -2.718052  -2.440936  -2.193275  -2.101102  -2.205338  -2.458802  -2.783472  -3.088755  -3.295748  -3.351951  -3.228696  -2.913961  0  0  0  0  0  0  0  0  0  0  0  0  0  0  0  0  0  0  0  0  0  0  0  0  0  0  0  0  0  0  0  0  0  0  0  0  0  0  0  0  0  0  0  0  0  0  0  0  0  0  0  0  0  0  0  0  0  0  0  0  0  0  0  0  0  0.07821500000000015
g  9  1  8.639802  8.529468  9.331514  10.176742  10.800579  11.321287  11.561475  11.784118  12.118171  12.326152  12.528001  12.776218  13.008452  13.202972  13.38092  13.494547  13.462515  13.198253  12.649983  11.841792  10.834494  9.71604  0  0  0  0  0  0  0  0  0  0  0  0  0  0  0  0  0  0  0  0  0  0  0  0  0  0  0  0  0  0  0  0  0  0  0  0  0  0  0  0  0  0  0  0  0  0  0  0  0  0  0  0  0  0  0  0  0  0  0  0  0  0  0  0  0  -0.22813800000000128
h  9  1  -21.316714  -23.459045  -23.939133  -24.069032  -23.802689  -23.202857  -22.568067  -21.547683  -20.170919  -18.683595  -16.995336  -15.208506  -13.527021  -11.979381  -10.49861  -9.117476  -7.81166  -6.530352  -5.244489  -3.930481  -2.574132  -1.185252  0  0  0  0  0  0  0  0  0  0  0  0  0  0  0  0  0  0  0  0  0  0  0  0  0  0  0  0  0  0  0  0  0  0  0  0  0  0  0  0  0  0  0  0  0  0  0  0  0  0  0  0  0  0  0  0  0  0  0  0  0  0  0  0  0  0.27913199999999994
g  9  2  2.970256  2.83914  2.591599  1.998936  1.699582  1.719744  1.872852  2.355726  2.918216  3.46587  3.984012  4.447255  4.891428  5.310192  5.714499  6.09704  6.422746  6.649506  6.789481  6.865875  6.891214  6.888187  0  0  0  0  0  0  0  0  0  0  0  0  0  0  0  0  0  0  0  0  0  0  0  0  0  0  0  0  0  0  0  0  0  0  0  0  0  0  0  0  0  0  0  0  0  0  0  0  0  0  0  0  0  0  0  0  0  0  0  0  0  0  0  0  0  -0.0017519999999997538
h  9  2  10.736108  10.803196  9.967611  9.053046  8.208007  6.987158  5.582923  4.350589  3.057364  1.495689  -0.215371  -1.946689  -3.515412  -4.95822  -6.397621  -7.866245  -9.357894  -10.804434  -12.064159  -13.026498  -13.62611  -13.851062  0  0  0  0  0  0  0  0  0  0  0  0  0  0  0  0  0  0  0  0  0  0  0  0  0  0  0  0  0  0  0  0  0  0  0  0  0  0  0  0  0  0  0  0  0  0  0  0  0  0  0  0  0  0  0  0  0  0  0  0  0  0  0  0  0  -0.015601000000000198
g  9  3  -3.214445  -1.471091  -0.030047  1.12897  1.93768  2.420588  2.921686  3.37049  3.55521  3.613292  3.53839  3.445842  3.355119  3.280815  3.254437  3.176786  2.963395  2.621688  2.176103  1.669835  1.168021  0.736495  0  0  0  0  0  0  0  0  0  0  0  0  0  0  0  0  0  0  0  0  0  0  0  0  0  0  0  0  0  0  0  0  0  0  0  0  0  0  0  0  0  0  0  0  0  0  0  0  0  0  0  0  0  0  0  0  0  0  0  0  0  0  0  0  0  -0.07765599999999995
h  9  3  11.876019  10.093214  8.860639  8.001766  7.402192  7.049338  6.808004  6.989698  7.476636  8.020612  8.579958  9.194999  9.815637  10.380218  10.860759  11.296679  11.750116  12.203466  12.615242  12.960039  13.202136  13.335432  0  0  0  0  0  0  0  0  0  0  0  0  0  0  0  0  0  0  0  0  0  0  0  0  0  0  0  0  0  0  0  0  0  0  0  0  0  0  0  0  0  0  0  0  0  0  0  0  0  0  0  0  0  0  0  0  0  0  0  0  0  0  0  0  0  0.019104000000000454
g  9  4  0.635674  -1.063591  -1.215096  -0.843927  -0.04395  0.844097  1.618721  2.188941  2.65504  3.284996  4.185993  5.257032  6.43555  7.66238  8.91313  10.15492  11.354553  12.531279  13.740012  15.010861  16.334943  17.680005  0  0  0  0  0  0  0  0  0  0  0  0  0  0  0  0  0  0  0  0  0  0  0  0  0  0  0  0  0  0  0  0  0  0  0  0  0  0  0  0  0  0  0  0  0  0  0  0  0  0  0  0  0  0  0  0  0  0  0  0  0  0  0  0  0  0.2685120000000012
h  9  4  -6.585475  -5.455789  -4.677918  -3.882357  -3.10603  -2.506674  -2.306951  -2.224734  -2.271109  -2.314622  -2.381364  -2.490781  -2.565382  -2.59081  -2.575565  -2.537277  -2.462854  -2.31489  -2.098495  -1.849081  -1.575835  -1.295699  0  0  0  0  0  0  0  0  0  0  0  0  0  0  0  0  0  0  0  0  0  0  0  0  0  0  0  0  0  0  0  0  0  0  0  0  0  0  0  0  0  0  0  0  0  0  0  0  0  0  0  0  0  0  0  0  0  0  0  0  0  0  0  0  0  0.05523200000000017
g  9  5  -13.261553  -13.452914  -13.995959  -14.216403  -13.728552  -12.947288  -12.337223  -11.6283  -10.676695  -9.601948  -8.236773  -6.78586  -5.461472  -4.204613  -3.065559  -2.159149  -1.529819  -1.168304  -0.989176  -0.921848  -0.871016  -0.736347  0  0  0  0  0  0  0  0  0  0  0  0  0  0  0  0  0  0  0  0  0  0  0  0  0  0  0  0  0  0  0  0  0  0  0  0  0  0  0  0  0  0  0  0  0  0  0  0  0  0  0  0  0  0  0  0  0  0  0  0  0  0  0  0  0  0.03659200000000007
h  9  5  -6.939053  -6.350831  -6.917679  -7.591038  -8.16805  -9.111654  -9.930149  -10.772431  -11.837833  -12.895219  -13.96458  -15.13098  -16.305764  -17.443987  -18.577985  -19.655651  -20.596663  -21.328657  -21.818944  -22.071738  -22.06362  -21.808843  0  0  0  0  0  0  0  0  0  0  0  0  0  0  0  0  0  0  0  0  0  0  0  0  0  0  0  0  0  0  0  0  0  0  0  0  0  0  0  0  0  0  0  0  0  0  0  0  0  0  0  0  0  0  0  0  0  0  0  0  0  0  0  0  0  0.06770099999999957
g  9  6  -0.134156  1.101719  1.69543  1.74391  1.521473  1.032942  0.363019  -0.475734  -1.380736  -2.195628  -2.906865  -3.55264  -4.158269  -4.748929  -5.344723  -5.94437  -6.537952  -7.125766  -7.693698  -8.221459  -8.665676  -8.952033  0  0  0  0  0  0  0  0  0  0  0  0  0  0  0  0  0  0  0  0  0  0  0  0  0  0  0  0  0  0  0  0  0  0  0  0  0  0  0  0  0  0  0  0  0  0  0  0  0  0  0  0  0  0  0  0  0  0  0  0  0  0  0  0  0  -0.0403450000000003
h  9  6  7.760593  7.666038  7.109708  6.416055  5.567389  4.921014  4.373192  3.754938  3.367248  3.290105  3.394769  3.609535  3.857322  4.098488  4.323623  4.528912  4.735716  4.955457  5.187801  5.464116  5.815127  6.256092  0  0  0  0  0  0  0  0  0  0  0  0  0  0  0  0  0  0  0  0  0  0  0  0  0  0  0  0  0  0  0  0  0  0  0  0  0  0  0  0  0  0  0  0  0  0  0  0  0  0  0  0  0  0  0  0  0  0  0  0  0  0  0  0  0  0.09516200000000019
g  9  7  8.452035  8.72456  8.111318  6.984701  5.530543  3.975194  2.379094  0.791802  -0.717603  -2.2389  -3.924791  -5.643279  -7.385396  -9.17748  -10.875215  -12.369468  -13.603587  -14.538149  -15.169066  -15.518355  -15.65062  -15.638144  0  0  0  0  0  0  0  0  0  0  0  0  0  0  0  0  0  0  0  0  0  0  0  0  0  0  0  0  0  0  0  0  0  0  0  0  0  0  0  0  0  0  0  0  0  0  0  0  0  0  0  0  0  0  0  0  0  0  0  0  0  0  0  0  0  0.01281299999999952
h  9  7  1.226613  0.219984  -0.29004  -0.859894  -1.19898  -1.266547  -1.532679  -1.836027  -2.138703  -2.467461  -2.717016  -2.833005  -2.859538  -2.705215  -2.256599  -1.514099  -0.514094  0.677379  1.917426  3.055292  3.986648  4.690523  0  0  0  0  0  0  0  0  0  0  0  0  0  0  0  0  0  0  0  0  0  0  0  0  0  0  0  0  0  0  0  0  0  0  0  0  0  0  0  0  0  0  0  0  0  0  0  0  0  0  0  0  0  0  0  0  0  0  0  0  0  0  0  0  0  0.1245339999999997
g  9  8  -8.895317  -9.413208  -9.613117  -9.307979  -8.325501  -6.921078  -5.410267  -3.818524  -2.241111  -0.827505  0.310935  1.149303  1.716665  2.062246  2.232824  2.202674  1.936158  1.427891  0.688665  -0.238836  -1.279958  -2.36011  0  0  0  0  0  0  0  0  0  0  0  0  0  0  0  0  0  0  0  0  0  0  0  0  0  0  0  0  0  0  0  0  0  0  0  0  0  0  0  0  0  0  0  0  0  0  0  0  0  0  0  0  0  0  0  0  0  0  0  0  0  0  0  0  0  -0.21545800000000037
h  9  8  -4.054688  -1.489404  0.839222  2.915864  4.550221  5.861852  6.613201  7.108074  7.363653  7.325534  7.108812  6.821271  6.552051  6.244098  5.863252  5.395605  4.906131  4.507024  4.305754  4.407521  4.898394  5.818084  0  0  0  0  0  0  0  0  0  0  0  0  0  0  0  0  0  0  0  0  0  0  0  0  0  0  0  0  0  0  0  0  0  0  0  0  0  0  0  0  0  0  0  0  0  0  0  0  0  0  0  0  0  0  0  0  0  0  0  0  0  0  0  0  0  0.21896799999999939
g  9  9  -10.4191  -11.605642  -11.217404  -10.508575  -9.910879  -9.463017  -9.055165  -8.530252  -7.809884  -6.953024  -6.110549  -5.329521  -4.656974  -4.149311  -3.823325  -3.614249  -3.427869  -3.146869  -2.652218  -1.854366  -0.678106  0.91132  0  0  0  0  0  0  0  0  0  0  0  0  0  0  0  0  0  0  0  0  0  0  0  0  0  0  0  0  0  0  0  0  0  0  0  0  0  0  0  0  0  0  0  0  0  0  0  0  0  0  0  0  0  0  0  0  0  0  0  0  0  0  0  0  0  0.34972000000000003
h  9  9  8.260535  9.613348  10.3129  10.421804  10.165813  9.972951  9.951467  9.8784  9.520105  8.740235  7.640698  6.531808  5.575902  4.795529  4.222559  3.930947  3.969635  4.340243  5.001172  5.867494  6.811639  7.652015  0  0  0  0  0  0  0  0  0  0  0  0  0  0  0  0  0  0  0  0  0  0  0  0  0  0  0  0  0  0  0  0  0  0  0  0  0  0  0  0  0  0  0  0  0  0  0  0  0  0  0  0  0  0  0  0  0  0  0  0  0  0  0  0  0  0.14973599999999987
g  10  0  -1.898926  -1.807207  -1.581779  -1.024103  -0.895998  -1.060657  -1.327458  -1.605298  -1.619297  -1.420098  -1.049293  -0.55097  0.065629  0.761248  1.424141  1.972744  2.385447  2.674865  2.88565  3.056306  3.199834  3.317034  0  0  0  0  0  0  0  0  0  0  0  0  0  0  0  0  0  0  0  0  0  0  0  0  0  0  0  0  0  0  0  0  0  0  0  0  0  0  0  0  0  0  0  0  0  0  0  0  0  0  0  0  0  0  0  0  0  0  0  0  0  0  0  0  0  0.020961999999999925
g  10  1  -6.096041  -6.338332  -5.512808  -4.504971  -3.393613  -2.276565  -1.15156  -0.128699  0.712106  1.369829  1.913435  2.315014  2.558505  2.695702  2.734149  2.68591  2.574881  2.425786  2.292023  2.238333  2.296792  2.446458  0  0  0  0  0  0  0  0  0  0  0  0  0  0  0  0  0  0  0  0  0  0  0  0  0  0  0  0  0  0  0  0  0  0  0  0  0  0  0  0  0  0  0  0  0  0  0  0  0  0  0  0  0  0  0  0  0  0  0  0  0  0  0  0  0  0.035358
h  10  1  3.267806  3.807572  4.768032  5.639295  6.295997  7.040492  7.890165  8.469332  8.79523  8.95171  8.865299  8.487489  7.894619  7.163688  6.343606  5.541126  4.846165  4.282895  3.851039  3.543679  3.335396  3.212298  0  0  0  0  0  0  0  0  0  0  0  0  0  0  0  0  0  0  0  0  0  0  0  0  0  0  0  0  0  0  0  0  0  0  0  0  0  0  0  0  0  0  0  0  0  0  0  0  0  0  0  0  0  0  0  0  0  0  0  0  0  0  0  0  0  -0.01861899999999972
g  10  2  0.276205  -0.367208  -1.309982  -2.093689  -2.627591  -2.880678  -3.023103  -3.062925  -2.899904  -2.564866  -2.008944  -1.218704  -0.327181  0.531222  1.278458  1.897985  2.364761  2.66595  2.820082  2.865662  2.834203  2.751632  0  0  0  0  0  0  0  0  0  0  0  0  0  0  0  0  0  0  0  0  0  0  0  0  0  0  0  0  0  0  0  0  0  0  0  0  0  0  0  0  0  0  0  0  0  0  0  0  0  0  0  0  0  0  0  0  0  0  0  0  0  0  0  0  0  -0.01925900000000036
h  10  2  -0.220845  -0.157341  -0.063008  0.113034  0.438535  1.174426  2.24189  3.299735  4.092091  4.662555  5.110712  5.38691  5.438941  5.293629  5.016129  4.655509  4.243396  3.805786  3.366431  2.928607  2.480646  2.013333  0  0  0  0  0  0  0  0  0  0  0  0  0  0  0  0  0  0  0  0  0  0  0  0  0  0  0  0  0  0  0  0  0  0  0  0  0  0  0  0  0  0  0  0  0  0  0  0  0  0  0  0  0  0  0  0  0  0  0  0  0  0  0  0  0  -0.09523800000000016
g  10  3  0.543009  1.677119  1.840628  1.399585  0.74463  0.092359  -0.613493  -1.351674  -1.922798  -2.391064  -2.833805  -3.298999  -3.766193  -4.108982  -4.257332  -4.215569  -4.035984  -3.762171  -3.447302  -3.143077  -2.891745  -2.694295  0  0  0  0  0  0  0  0  0  0  0  0  0  0  0  0  0  0  0  0  0  0  0  0  0  0  0  0  0  0  0  0  0  0  0  0  0  0  0  0  0  0  0  0  0  0  0  0  0  0  0  0  0  0  0  0  0  0  0  0  0  0  0  0  0  0.036271000000000164
h  10  3  4.731527  3.627476  3.390536  3.310966  3.381959  3.447174  3.51482  3.369387  3.177242  3.014196  3.020655  3.220776  3.566423  4.011788  4.517291  5.039183  5.531351  5.961862  6.325762  6.639587  6.931997  7.226104  0  0  0  0  0  0  0  0  0  0  0  0  0  0  0  0  0  0  0  0  0  0  0  0  0  0  0  0  0  0  0  0  0  0  0  0  0  0  0  0  0  0  0  0  0  0  0  0  0  0  0  0  0  0  0  0  0  0  0  0  0  0  0  0  0  0.05970300000000073
g  10  4  -0.457096  -0.740499  -0.584874  -0.395849  -0.445751  -0.943813  -1.847197  -2.883893  -3.990514  -5.075016  -5.919741  -6.553847  -7.019883  -7.238707  -7.216371  -6.974945  -6.538786  -5.947022  -5.256128  -4.514773  -3.740601  -2.950382  0  0  0  0  0  0  0  0  0  0  0  0  0  0  0  0  0  0  0  0  0  0  0  0  0  0  0  0  0  0  0  0  0  0  0  0  0  0  0  0  0  0  0  0  0  0  0  0  0  0  0  0  0  0  0  0  0  0  0  0  0  0  0  0  0  0.15832700000000033
h  10  4  4.499781  4.739239  4.847134  4.972168  5.260296  5.405469  5.417157  5.178268  4.750229  4.467229  4.274359  4.079916  3.966523  3.961538  4.004897  4.059631  4.044836  3.890585  3.57842  3.10947  2.477216  1.687313  0  0  0  0  0  0  0  0  0  0  0  0  0  0  0  0  0  0  0  0  0  0  0  0  0  0  0  0  0  0  0  0  0  0  0  0  0  0  0  0  0  0  0  0  0  0  0  0  0  0  0  0  0  0  0  0  0  0  0  0  0  0  0  0  0  -0.16951499999999986
g  10  5  1.771091  0.666005  -0.343322  -1.342143  -2.112214  -2.749047  -3.286254  -3.522825  -3.690024  -3.884977  -4.047018  -4.123646  -4.103488  -4.063094  -4.02139  -3.977216  -3.942341  -3.902334  -3.847962  -3.790993  -3.751793  -3.732251  0  0  0  0  0  0  0  0  0  0  0  0  0  0  0  0  0  0  0  0  0  0  0  0  0  0  0  0  0  0  0  0  0  0  0  0  0  0  0  0  0  0  0  0  0  0  0  0  0  0  0  0  0  0  0  0  0  0  0  0  0  0  0  0  0  0.0026359999999998607
h  10  5  -7.894623  -8.735229  -9.467902  -10.024851  -10.301202  -10.294377  -10.110089  -9.975241  -9.981993  -10.05519  -10.146226  -10.204459  -10.18096  -10.008249  -9.673086  -9.206675  -8.646923  -8.039127  -7.41065  -6.773647  -6.147387  -5.554254  0  0  0  0  0  0  0  0  0  0  0  0  0  0  0  0  0  0  0  0  0  0  0  0  0  0  0  0  0  0  0  0  0  0  0  0  0  0  0  0  0  0  0  0  0  0  0  0  0  0  0  0  0  0  0  0  0  0  0  0  0  0  0  0  0  0.11475299999999944
g  10  6  -0.681053  -1.059251  -1.298859  -1.627523  -1.91662  -2.115499  -2.352528  -2.481891  -2.390071  -2.166732  -1.85922  -1.412793  -0.897022  -0.406319  0.056253  0.506183  0.933796  1.342396  1.718172  2.045781  2.327122  2.588535  0  0  0  0  0  0  0  0  0  0  0  0  0  0  0  0  0  0  0  0  0  0  0  0  0  0  0  0  0  0  0  0  0  0  0  0  0  0  0  0  0  0  0  0  0  0  0  0  0  0  0  0  0  0  0  0  0  0  0  0  0  0  0  0  0  0.05257999999999985
h  10  6  -0.77067  -0.192404  0.2588  0.745634  1.446636  2.023082  2.56551  3.17361  3.690248  4.105073  4.415334  4.523656  4.388408  4.052942  3.582812  3.047177  2.510741  2.037018  1.692993  1.493266  1.431933  1.490995  0  0  0  0  0  0  0  0  0  0  0  0  0  0  0  0  0  0  0  0  0  0  0  0  0  0  0  0  0  0  0  0  0  0  0  0  0  0  0  0  0  0  0  0  0  0  0  0  0  0  0  0  0  0  0  0  0  0  0  0  0  0  0  0  0  0.02007900000000018
g  10  7  2.197477  2.101465  2.813426  3.288679  3.597274  3.768746  3.802762  3.570107  3.078737  2.391406  1.572883  0.750191  0.027275  -0.554557  -1.032896  -1.420462  -1.729667  -1.994241  -2.207236  -2.333155  -2.347783  -2.257225  0  0  0  0  0  0  0  0  0  0  0  0  0  0  0  0  0  0  0  0  0  0  0  0  0  0  0  0  0  0  0  0  0  0  0  0  0  0  0  0  0  0  0  0  0  0  0  0  0  0  0  0  0  0  0  0  0  0  0  0  0  0  0  0  0  0.0251929999999998
h  10  7  -4.301194  -4.395146  -4.956564  -5.47316  -5.970983  -6.489333  -6.935034  -7.276077  -7.45676  -7.522536  -7.473129  -7.322385  -7.093447  -6.827208  -6.554922  -6.283649  -6.048777  -5.851764  -5.655203  -5.444696  -5.224794  -5.000183  0  0  0  0  0  0  0  0  0  0  0  0  0  0  0  0  0  0  0  0  0  0  0  0  0  0  0  0  0  0  0  0  0  0  0  0  0  0  0  0  0  0  0  0  0  0  0  0  0  0  0  0  0  0  0  0  0  0  0  0  0  0  0  0  0  0.04544800000000038
g  10  8  2.258715  1.421659  0.860406  0.493146  0.1839  -0.013787  -0.009471  0.104998  0.23474  0.353922  0.44301  0.462684  0.412295  0.339491  0.299758  0.331646  0.452561  0.647924  0.903845  1.180012  1.415783  1.552067  0  0  0  0  0  0  0  0  0  0  0  0  0  0  0  0  0  0  0  0  0  0  0  0  0  0  0  0  0  0  0  0  0  0  0  0  0  0  0  0  0  0  0  0  0  0  0  0  0  0  0  0  0  0  0  0  0  0  0  0  0  0  0  0  0  0.016315999999999997
h  10  8  -2.850956  -3.494271  -3.846172  -4.156042  -4.411949  -4.60309  -4.694749  -4.758705  -4.80908  -4.772183  -4.670123  -4.52337  -4.314717  -4.049458  -3.739685  -3.418422  -3.146254  -2.989366  -2.995428  -3.177836  -3.520302  -3.976606  0  0  0  0  0  0  0  0  0  0  0  0  0  0  0  0  0  0  0  0  0  0  0  0  0  0  0  0  0  0  0  0  0  0  0  0  0  0  0  0  0  0  0  0  0  0  0  0  0  0  0  0  0  0  0  0  0  0  0  0  0  0  0  0  0  -0.09704699999999988
g  10  9  -1.920787  -2.329432  -2.727487  -2.777258  -2.405175  -1.832038  -1.065033  -0.228981  0.656067  1.529981  2.311931  2.926235  3.323373  3.524392  3.542489  3.376418  3.038681  2.558701  1.960131  1.250136  0.430409  -0.498364  0  0  0  0  0  0  0  0  0  0  0  0  0  0  0  0  0  0  0  0  0  0  0  0  0  0  0  0  0  0  0  0  0  0  0  0  0  0  0  0  0  0  0  0  0  0  0  0  0  0  0  0  0  0  0  0  0  0  0  0  0  0  0  0  0  -0.19440999999999997
h  10  9  -1.505951  -0.10053  0.883526  1.999313  3.309993  4.522685  5.430992  6.04935  6.41086  6.532658  6.382725  5.997427  5.453077  4.78947  4.044912  3.2816  2.568715  1.937083  1.374946  0.869829  0.418971  0.015078  0  0  0  0  0  0  0  0  0  0  0  0  0  0  0  0  0  0  0  0  0  0  0  0  0  0  0  0  0  0  0  0  0  0  0  0  0  0  0  0  0  0  0  0  0  0  0  0  0  0  0  0  0  0  0  0  0  0  0  0  0  0  0  0  0  -0.076799
g  10  10  -3.622202  -3.79254  -3.468635  -3.063471  -2.844676  -2.660534  -2.374868  -2.002589  -1.536373  -1.000627  -0.486193  -0.060793  0.198895  0.225987  -0.013662  -0.477037  -1.058435  -1.630721  -2.05286  -2.213275  -2.053281  -1.584836  0  0  0  0  0  0  0  0  0  0  0  0  0  0  0  0  0  0  0  0  0  0  0  0  0  0  0  0  0  0  0  0  0  0  0  0  0  0  0  0  0  0  0  0  0  0  0  0  0  0  0  0  0  0  0  0  0  0  0  0  0  0  0  0  0  0.11519000000000013
h  10  10  -8.824302  -9.008586  -9.261271  -9.540523  -9.748529  -9.719507  -9.55997  -9.329974  -9.15184  -9.131388  -9.220232  -9.298959  -9.313288  -9.260162  -9.112815  -8.799379  -8.25992  -7.476447  -6.476701  -5.337119  -4.168565  -3.110634  0  0  0  0  0  0  0  0  0  0  0  0  0  0  0  0  0  0  0  0  0  0  0  0  0  0  0  0  0  0  0  0  0  0  0  0  0  0  0  0  0  0  0  0  0  0  0  0  0  0  0  0  0  0  0  0  0  0  0  0  0  0  0  0  0  0.19591699999999967
g  11  0  3.021541  2.888289  2.689042  2.347224  1.927922  1.457942  1.054466  0.710392  0.379685  0.107777  -0.089711  -0.213847  -0.288568  -0.333521  -0.35233  -0.338841  -0.299593  -0.247449  -0.179963  -0.089442  0.023711  0.147834  0  0  0  0  0  0  0  0  0  0  0  0  0  0  0  0  0  0  0  0  0  0  0  0  0  0  0  0  0  0  0  0  0  0  0  0  0  0  0  0  0  0  0  0  0  0  0  0  0  0  0  0  0  0  0  0  0  0  0  0  0  0  0  0  0  0.024956999999999993
g  11  1  -1.318371  -1.381708  -1.251144  -1.097453  -1.044854  -1.169336  -1.407375  -1.727635  -2.043327  -2.292019  -2.475972  -2.614715  -2.708999  -2.751279  -2.739499  -2.711742  -2.688871  -2.679714  -2.694926  -2.735275  -2.795413  -2.862651  0  0  0  0  0  0  0  0  0  0  0  0  0  0  0  0  0  0  0  0  0  0  0  0  0  0  0  0  0  0  0  0  0  0  0  0  0  0  0  0  0  0  0  0  0  0  0  0  0  0  0  0  0  0  0  0  0  0  0  0  0  0  0  0  0  -0.013187999999999978
h  11  1  0.251191  -0.110557  -0.123336  0.113251  0.246695  0.293867  0.320726  0.445336  0.755144  1.202114  1.754062  2.332048  2.850883  3.267615  3.578843  3.766231  3.826338  3.780228  3.652984  3.471278  3.262385  3.045834  0  0  0  0  0  0  0  0  0  0  0  0  0  0  0  0  0  0  0  0  0  0  0  0  0  0  0  0  0  0  0  0  0  0  0  0  0  0  0  0  0  0  0  0  0  0  0  0  0  0  0  0  0  0  0  0  0  0  0  0  0  0  0  0  0  -0.043170999999999626
g  11  2  -2.076742  -2.292666  -2.363974  -2.26917  -2.019831  -1.702041  -1.325139  -0.867191  -0.428024  -0.111603  0.087918  0.135418  0.046103  -0.110567  -0.277718  -0.429378  -0.573915  -0.721594  -0.882552  -1.053764  -1.218879  -1.36091  0  0  0  0  0  0  0  0  0  0  0  0  0  0  0  0  0  0  0  0  0  0  0  0  0  0  0  0  0  0  0  0  0  0  0  0  0  0  0  0  0  0  0  0  0  0  0  0  0  0  0  0  0  0  0  0  0  0  0  0  0  0  0  0  0  -0.025446999999999997
h  11  2  2.130388  2.361221  2.462898  2.26898  1.920665  1.476372  0.974889  0.561247  0.198937  -0.099505  -0.280382  -0.359851  -0.357332  -0.281978  -0.156257  -0.007953  0.143542  0.28832  0.417506  0.510026  0.550058  0.534347  0  0  0  0  0  0  0  0  0  0  0  0  0  0  0  0  0  0  0  0  0  0  0  0  0  0  0  0  0  0  0  0  0  0  0  0  0  0  0  0  0  0  0  0  0  0  0  0  0  0  0  0  0  0  0  0  0  0  0  0  0  0  0  0  0  -0.007441999999999949
g  11  3  2.07495  2.15731  2.171399  1.953414  1.576528  1.174953  0.870392  0.697315  0.605852  0.591048  0.66118  0.778777  0.881969  0.933077  0.913569  0.832027  0.721808  0.613892  0.535325  0.503081  0.528307  0.608737  0  0  0  0  0  0  0  0  0  0  0  0  0  0  0  0  0  0  0  0  0  0  0  0  0  0  0  0  0  0  0  0  0  0  0  0  0  0  0  0  0  0  0  0  0  0  0  0  0  0  0  0  0  0  0  0  0  0  0  0  0  0  0  0  0  0.01961400000000002
h  11  3  -0.584507  -0.658052  -0.347365  0.083898  0.50452  1.042622  1.570877  2.137586  2.648571  3.011458  3.242715  3.354117  3.37495  3.32818  3.235217  3.121418  3.021468  2.951478  2.903632  2.860178  2.803503  2.733731  0  0  0  0  0  0  0  0  0  0  0  0  0  0  0  0  0  0  0  0  0  0  0  0  0  0  0  0  0  0  0  0  0  0  0  0  0  0  0  0  0  0  0  0  0  0  0  0  0  0  0  0  0  0  0  0  0  0  0  0  0  0  0  0  0  -0.014408999999999672
g  11  4  -0.937894  -0.89436  -0.915527  -0.822193  -0.602478  -0.41954  -0.326785  -0.326311  -0.2962  -0.155247  0.101622  0.429438  0.741572  1.002247  1.204848  1.311908  1.303095  1.189249  0.99821  0.768903  0.546566  0.364984  0  0  0  0  0  0  0  0  0  0  0  0  0  0  0  0  0  0  0  0  0  0  0  0  0  0  0  0  0  0  0  0  0  0  0  0  0  0  0  0  0  0  0  0  0  0  0  0  0  0  0  0  0  0  0  0  0  0  0  0  0  0  0  0  0  -0.032403000000000015
h  11  4  -1.319083  -0.353309  0.113012  0.522832  0.889448  1.144462  1.293167  1.440237  1.56791  1.710947  1.856257  1.99247  2.088436  2.118097  2.071285  1.927264  1.707132  1.456634  1.205769  0.985546  0.82875  0.751515  0  0  0  0  0  0  0  0  0  0  0  0  0  0  0  0  0  0  0  0  0  0  0  0  0  0  0  0  0  0  0  0  0  0  0  0  0  0  0  0  0  0  0  0  0  0  0  0  0  0  0  0  0  0  0  0  0  0  0  0  0  0  0  0  0  -0.009118999999999988
g  11  5  0.673631  0.481846  0.618355  0.840664  1.115956  1.383108  1.506843  1.46252  1.357466  1.23941  1.148229  1.091582  1.039558  1.008518  1.012985  1.040474  1.071537  1.092656  1.090258  1.042159  0.939061  0.773889  0  0  0  0  0  0  0  0  0  0  0  0  0  0  0  0  0  0  0  0  0  0  0  0  0  0  0  0  0  0  0  0  0  0  0  0  0  0  0  0  0  0  0  0  0  0  0  0  0  0  0  0  0  0  0  0  0  0  0  0  0  0  0  0  0  -0.0382579999999999
h  11  5  0.701899  0.486512  0.088311  -0.346379  -0.627706  -0.904393  -1.268033  -1.62795  -1.997659  -2.316543  -2.515722  -2.614785  -2.617739  -2.528316  -2.373565  -2.178277  -1.947734  -1.680203  -1.388615  -1.096023  -0.80378  -0.505886  0  0  0  0  0  0  0  0  0  0  0  0  0  0  0  0  0  0  0  0  0  0  0  0  0  0  0  0  0  0  0  0  0  0  0  0  0  0  0  0  0  0  0  0  0  0  0  0  0  0  0  0  0  0  0  0  0  0  0  0  0  0  0  0  0  0.060377000000000014
g  11  6  -0.810701  -0.776573  -0.982503  -1.283576  -1.519806  -1.670414  -1.67113  -1.580559  -1.440726  -1.275556  -1.0757  -0.901181  -0.84249  -0.913333  -1.102947  -1.390992  -1.731835  -2.07736  -2.409445  -2.735743  -3.066108  -3.408583  0  0  0  0  0  0  0  0  0  0  0  0  0  0  0  0  0  0  0  0  0  0  0  0  0  0  0  0  0  0  0  0  0  0  0  0  0  0  0  0  0  0  0  0  0  0  0  0  0  0  0  0  0  0  0  0  0  0  0  0  0  0  0  0  0  -0.06959000000000026
h  11  6  -0.063541  0.006476  0.220746  0.39544  0.54897  0.678756  0.639596  0.353589  -0.135216  -0.716054  -1.332872  -1.961314  -2.544808  -3.052749  -3.49015  -3.855875  -4.121281  -4.276482  -4.342514  -4.337836  -4.266119  -4.115605  0  0  0  0  0  0  0  0  0  0  0  0  0  0  0  0  0  0  0  0  0  0  0  0  0  0  0  0  0  0  0  0  0  0  0  0  0  0  0  0  0  0  0  0  0  0  0  0  0  0  0  0  0  0  0  0  0  0  0  0  0  0  0  0  0  0.03746099999999952
g  11  7  0.12872  -0.130119  -0.378593  -0.527173  -0.629561  -0.679152  -0.650414  -0.622016  -0.569688  -0.480398  -0.379005  -0.254389  -0.114929  -0.034019  -0.057738  -0.206002  -0.46197  -0.789865  -1.152125  -1.490946  -1.758963  -1.928168  0  0  0  0  0  0  0  0  0  0  0  0  0  0  0  0  0  0  0  0  0  0  0  0  0  0  0  0  0  0  0  0  0  0  0  0  0  0  0  0  0  0  0  0  0  0  0  0  0  0  0  0  0  0  0  0  0  0  0  0  0  0  0  0  0  -0.02532600000000018
h  11  7  -2.072778  -1.769878  -1.166417  -0.594311  -0.055886  0.478661  0.945638  1.397997  1.882522  2.303486  2.623955  2.844295  2.926616  2.891697  2.799584  2.713137  2.687749  2.760334  2.936793  3.196052  3.501601  3.819909  0  0  0  0  0  0  0  0  0  0  0  0  0  0  0  0  0  0  0  0  0  0  0  0  0  0  0  0  0  0  0  0  0  0  0  0  0  0  0  0  0  0  0  0  0  0  0  0  0  0  0  0  0  0  0  0  0  0  0  0  0  0  0  0  0  0.063666
g  11  8  1.854746  1.644912  1.86912  2.108184  2.342969  2.545113  2.679746  2.726532  2.689595  2.574263  2.400963  2.241275  2.163683  2.168822  2.248059  2.369368  2.48124  2.549161  2.547444  2.487022  2.397004  2.308908  0  0  0  0  0  0  0  0  0  0  0  0  0  0  0  0  0  0  0  0  0  0  0  0  0  0  0  0  0  0  0  0  0  0  0  0  0  0  0  0  0  0  0  0  0  0  0  0  0  0  0  0  0  0  0  0  0  0  0  0  0  0  0  0  0  -0.015932999999999975
h  11  8  -1.263047  -1.683249  -1.693057  -1.665333  -1.767875  -1.926431  -2.089837  -2.185182  -2.19628  -2.128275  -1.981418  -1.752222  -1.480834  -1.202706  -0.938082  -0.721383  -0.570046  -0.479385  -0.415411  -0.343762  -0.243476  -0.10494  0  0  0  0  0  0  0  0  0  0  0  0  0  0  0  0  0  0  0  0  0  0  0  0  0  0  0  0  0  0  0  0  0  0  0  0  0  0  0  0  0  0  0  0  0  0  0  0  0  0  0  0  0  0  0  0  0  0  0  0  0  0  0  0  0  0.030430999999999986
g  11  9  -0.104021  -0.753778  -0.913109  -0.953807  -0.970024  -0.933309  -0.794079  -0.573061  -0.351738  -0.173614  -0.058638  -0.009027  0.004615  0.026534  0.090354  0.20867  0.367362  0.531118  0.651439  0.67838  0.581846  0.367264  0  0  0  0  0  0  0  0  0  0  0  0  0  0  0  0  0  0  0  0  0  0  0  0  0  0  0  0  0  0  0  0  0  0  0  0  0  0  0  0  0  0  0  0  0  0  0  0  0  0  0  0  0  0  0  0  0  0  0  0  0  0  0  0  0  -0.05080300000000004
h  11  9  -2.493543  -2.817985  -2.831234  -2.851268  -2.905569  -2.902921  -2.810686  -2.665451  -2.490744  -2.307822  -2.156742  -2.060987  -2.002382  -1.960132  -1.913261  -1.876806  -1.889816  -1.984295  -2.169981  -2.425042  -2.690316  -2.89661  0  0  0  0  0  0  0  0  0  0  0  0  0  0  0  0  0  0  0  0  0  0  0  0  0  0  0  0  0  0  0  0  0  0  0  0  0  0  0  0  0  0  0  0  0  0  0  0  0  0  0  0  0  0  0  0  0  0  0  0  0  0  0  0  0  -0.03390699999999969
g  11  10  0.560628  0.282784  -0.040715  -0.294587  -0.408113  -0.352109  -0.211341  -0.042131  0.134166  0.274412  0.348193  0.308871  0.140741  -0.116294  -0.428357  -0.764126  -1.098367  -1.401185  -1.63708  -1.776979  -1.803686  -1.710371  0  0  0  0  0  0  0  0  0  0  0  0  0  0  0  0  0  0  0  0  0  0  0  0  0  0  0  0  0  0  0  0  0  0  0  0  0  0  0  0  0  0  0  0  0  0  0  0  0  0  0  0  0  0  0  0  0  0  0  0  0  0  0  0  0  0.02859899999999982
h  11  10  -2.004793  -2.018766  -1.930349  -1.713448  -1.384769  -1.083824  -0.850347  -0.717939  -0.667705  -0.696501  -0.801684  -0.93324  -1.036353  -1.090275  -1.089012  -1.030088  -0.914088  -0.744491  -0.528234  -0.274762  0.000306  0.281266  0  0  0  0  0  0  0  0  0  0  0  0  0  0  0  0  0  0  0  0  0  0  0  0  0  0  0  0  0  0  0  0  0  0  0  0  0  0  0  0  0  0  0  0  0  0  0  0  0  0  0  0  0  0  0  0  0  0  0  0  0  0  0  0  0  0.05583400000000002
g  11  11  3.70741  3.15997  3.167611  3.190668  3.068987  2.80958  2.534552  2.298738  2.127595  2.036233  1.979158  1.911802  1.826868  1.714014  1.559625  1.376461  1.199613  1.081866  1.069848  1.18288  1.411622  1.714383  0  0  0  0  0  0  0  0  0  0  0  0  0  0  0  0  0  0  0  0  0  0  0  0  0  0  0  0  0  0  0  0  0  0  0  0  0  0  0  0  0  0  0  0  0  0  0  0  0  0  0  0  0  0  0  0  0  0  0  0  0  0  0  0  0  0.06325500000000006
h  11  11  -2.134496  -2.367873  -2.429071  -2.554276  -2.667058  -2.657845  -2.484341  -2.169047  -1.740724  -1.252754  -0.737784  -0.19559  0.327306  0.779478  1.152887  1.491354  1.837947  2.202173  2.557976  2.85058  3.010434  2.972351  0  0  0  0  0  0  0  0  0  0  0  0  0  0  0  0  0  0  0  0  0  0  0  0  0  0  0  0  0  0  0  0  0  0  0  0  0  0  0  0  0  0  0  0  0  0  0  0  0  0  0  0  0  0  0  0  0  0  0  0  0  0  0  0  0  -0.025638999999999967
g  12  0  -2.140434  -1.957921  -1.737548  -1.374028  -1.075599  -0.85834  -0.626157  -0.373114  -0.093189  0.169528  0.37628  0.541335  0.665562  0.718985  0.693165  0.584728  0.402153  0.172801  -0.070061  -0.301248  -0.506412  -0.677188  0  0  0  0  0  0  0  0  0  0  0  0  0  0  0  0  0  0  0  0  0  0  0  0  0  0  0  0  0  0  0  0  0  0  0  0  0  0  0  0  0  0  0  0  0  0  0  0  0  0  0  0  0  0  0  0  0  0  0  0  0  0  0  0  0  -0.031138
g  12  1  -0.287272  0.019016  -0.042016  -0.039022  -0.003194  0.035917  0.083351  0.130461  0.200594  0.290896  0.387377  0.49715  0.621581  0.746455  0.857422  0.946525  1.00572  1.029404  1.01614  0.971469  0.90814  0.847603  0  0  0  0  0  0  0  0  0  0  0  0  0  0  0  0  0  0  0  0  0  0  0  0  0  0  0  0  0  0  0  0  0  0  0  0  0  0  0  0  0  0  0  0  0  0  0  0  0  0  0  0  0  0  0  0  0  0  0  0  0  0  0  0  0  -0.010723999999999956
h  12  1  -1.058284  -1.103163  -1.053853  -0.911014  -0.809523  -0.761385  -0.721857  -0.742597  -0.814414  -0.932873  -1.103078  -1.325974  -1.551808  -1.749578  -1.916819  -2.040849  -2.104988  -2.096787  -2.018762  -1.886674  -1.713612  -1.509438  0  0  0  0  0  0  0  0  0  0  0  0  0  0  0  0  0  0  0  0  0  0  0  0  0  0  0  0  0  0  0  0  0  0  0  0  0  0  0  0  0  0  0  0  0  0  0  0  0  0  0  0  0  0  0  0  0  0  0  0  0  0  0  0  0  0.042981999999999854
g  12  2  0.633872  0.477655  0.555418  0.730623  0.959658  1.106855  1.129877  1.040447  0.888441  0.719636  0.574422  0.454286  0.342566  0.226901  0.098897  -0.048527  -0.208358  -0.365282  -0.502643  -0.606505  -0.670182  -0.700325  0  0  0  0  0  0  0  0  0  0  0  0  0  0  0  0  0  0  0  0  0  0  0  0  0  0  0  0  0  0  0  0  0  0  0  0  0  0  0  0  0  0  0  0  0  0  0  0  0  0  0  0  0  0  0  0  0  0  0  0  0  0  0  0  0  -0.004186000000000023
h  12  2  0.277401  0.211454  0.149477  0.139784  0.129896  0.077942  -0.008034  -0.128863  -0.266627  -0.352064  -0.359117  -0.336411  -0.327731  -0.333671  -0.356583  -0.388352  -0.42046  -0.452708  -0.471019  -0.465538  -0.442072  -0.409224  0  0  0  0  0  0  0  0  0  0  0  0  0  0  0  0  0  0  0  0  0  0  0  0  0  0  0  0  0  0  0  0  0  0  0  0  0  0  0  0  0  0  0  0  0  0  0  0  0  0  0  0  0  0  0  0  0  0  0  0  0  0  0  0  0  0.006973000000000007
g  12  3  1.128909  1.343348  1.403644  1.46298  1.465952  1.452852  1.417838  1.355707  1.323949  1.315264  1.297595  1.266105  1.231244  1.194996  1.162019  1.123298  1.062921  0.982842  0.89266  0.799649  0.702083  0.597231  0  0  0  0  0  0  0  0  0  0  0  0  0  0  0  0  0  0  0  0  0  0  0  0  0  0  0  0  0  0  0  0  0  0  0  0  0  0  0  0  0  0  0  0  0  0  0  0  0  0  0  0  0  0  0  0  0  0  0  0  0  0  0  0  0  -0.021805000000000074
h  12  3  1.709811  1.38713  1.247848  1.190442  1.171501  1.168243  1.143195  1.105333  1.029855  0.942245  0.870256  0.787776  0.684308  0.556311  0.405529  0.235386  0.050613  -0.136141  -0.307391  -0.449294  -0.549656  -0.603004  0  0  0  0  0  0  0  0  0  0  0  0  0  0  0  0  0  0  0  0  0  0  0  0  0  0  0  0  0  0  0  0  0  0  0  0  0  0  0  0  0  0  0  0  0  0  0  0  0  0  0  0  0  0  0  0  0  0  0  0  0  0  0  0  0  -0.006933999999999996
g  12  4  -0.846141  -1.043385  -1.139092  -1.164042  -1.209586  -1.379287  -1.638059  -1.903074  -2.074104  -2.12788  -2.05944  -1.884766  -1.668531  -1.421467  -1.162937  -0.914688  -0.68967  -0.505821  -0.368433  -0.277785  -0.235358  -0.239572  0  0  0  0  0  0  0  0  0  0  0  0  0  0  0  0  0  0  0  0  0  0  0  0  0  0  0  0  0  0  0  0  0  0  0  0  0  0  0  0  0  0  0  0  0  0  0  0  0  0  0  0  0  0  0  0  0  0  0  0  0  0  0  0  0  -0.004378999999999994
h  12  4  -2.283921  -1.877641  -1.729127  -1.613918  -1.479456  -1.330598  -1.158085  -1.015339  -0.867844  -0.698697  -0.534705  -0.395502  -0.276637  -0.161772  -0.060827  0.01316  0.058527  0.076731  0.082091  0.08238  0.081542  0.080692  0  0  0  0  0  0  0  0  0  0  0  0  0  0  0  0  0  0  0  0  0  0  0  0  0  0  0  0  0  0  0  0  0  0  0  0  0  0  0  0  0  0  0  0  0  0  0  0  0  0  0  0  0  0  0  0  0  0  0  0  0  0  0  0  0  -0.00033099999999999796
g  12  5  0.601731  0.629439  0.501331  0.429738  0.408684  0.39954  0.391025  0.431129  0.49426  0.524843  0.510183  0.45468  0.364914  0.245922  0.108988  -0.039546  -0.199614  -0.364241  -0.512831  -0.632943  -0.720254  -0.771107  0  0  0  0  0  0  0  0  0  0  0  0  0  0  0  0  0  0  0  0  0  0  0  0  0  0  0  0  0  0  0  0  0  0  0  0  0  0  0  0  0  0  0  0  0  0  0  0  0  0  0  0  0  0  0  0  0  0  0  0  0  0  0  0  0  -0.007032000000000038
h  12  5  0.100926  0.197076  -0.033995  -0.287177  -0.486658  -0.597964  -0.613197  -0.571061  -0.538724  -0.493403  -0.446683  -0.408465  -0.384816  -0.370745  -0.362844  -0.371294  -0.39711  -0.434681  -0.47294  -0.499901  -0.508324  -0.49503  0  0  0  0  0  0  0  0  0  0  0  0  0  0  0  0  0  0  0  0  0  0  0  0  0  0  0  0  0  0  0  0  0  0  0  0  0  0  0  0  0  0  0  0  0  0  0  0  0  0  0  0  0  0  0  0  0  0  0  0  0  0  0  0  0  0.004443999999999948
g  12  6  0.145981  0.332366  0.506222  0.713807  0.817048  0.863275  0.934924  1.026712  1.139005  1.214744  1.258495  1.311124  1.38091  1.444478  1.505371  1.565183  1.605728  1.611544  1.575085  1.493158  1.365204  1.202796  0  0  0  0  0  0  0  0  0  0  0  0  0  0  0  0  0  0  0  0  0  0  0  0  0  0  0  0  0  0  0  0  0  0  0  0  0  0  0  0  0  0  0  0  0  0  0  0  0  0  0  0  0  0  0  0  0  0  0  0  0  0  0  0  0  -0.03454400000000013
h  12  6  0.659195  0.68828  0.611152  0.629344  0.653273  0.653679  0.614838  0.538534  0.423183  0.280658  0.161889  0.082765  0.029476  -0.010252  -0.045866  -0.093357  -0.162122  -0.252164  -0.357465  -0.471893  -0.586471  -0.695565  0  0  0  0  0  0  0  0  0  0  0  0  0  0  0  0  0  0  0  0  0  0  0  0  0  0  0  0  0  0  0  0  0  0  0  0  0  0  0  0  0  0  0  0  0  0  0  0  0  0  0  0  0  0  0  0  0  0  0  0  0  0  0  0  0  -0.02132400000000001
g  12  7  0.573605  0.502985  0.520323  0.556573  0.495234  0.366819  0.266691  0.195017  0.116676  0.014691  -0.108318  -0.258858  -0.414775  -0.551158  -0.665665  -0.741435  -0.766754  -0.752092  -0.718079  -0.693743  -0.699528  -0.751035  0  0  0  0  0  0  0  0  0  0  0  0  0  0  0  0  0  0  0  0  0  0  0  0  0  0  0  0  0  0  0  0  0  0  0  0  0  0  0  0  0  0  0  0  0  0  0  0  0  0  0  0  0  0  0  0  0  0  0  0  0  0  0  0  0  -0.014838000000000018
h  12  7  0.017224  -0.078559  -0.126834  -0.204887  -0.268358  -0.356156  -0.477975  -0.616755  -0.764779  -0.907294  -1.032026  -1.116842  -1.133946  -1.094893  -1.026154  -0.945447  -0.879171  -0.846188  -0.862066  -0.936916  -1.067835  -1.247057  0  0  0  0  0  0  0  0  0  0  0  0  0  0  0  0  0  0  0  0  0  0  0  0  0  0  0  0  0  0  0  0  0  0  0  0  0  0  0  0  0  0  0  0  0  0  0  0  0  0  0  0  0  0  0  0  0  0  0  0  0  0  0  0  0  -0.039265000000000105
g  12  8  -0.407956  -0.065733  -0.032147  0.016963  0.078046  0.158163  0.302938  0.474489  0.621448  0.743985  0.841026  0.907066  0.942975  0.966784  0.972393  0.965427  0.959832  0.960531  0.982312  1.037036  1.127871  1.24621  0  0  0  0  0  0  0  0  0  0  0  0  0  0  0  0  0  0  0  0  0  0  0  0  0  0  0  0  0  0  0  0  0  0  0  0  0  0  0  0  0  0  0  0  0  0  0  0  0  0  0  0  0  0  0  0  0  0  0  0  0  0  0  0  0  0.025065000000000115
h  12  8  0.010647  0.46676  0.477674  0.479747  0.472181  0.4474  0.415833  0.413353  0.45386  0.523785  0.592132  0.654984  0.721072  0.774882  0.807403  0.830065  0.845298  0.849371  0.842108  0.819511  0.767468  0.670267  0  0  0  0  0  0  0  0  0  0  0  0  0  0  0  0  0  0  0  0  0  0  0  0  0  0  0  0  0  0  0  0  0  0  0  0  0  0  0  0  0  0  0  0  0  0  0  0  0  0  0  0  0  0  0  0  0  0  0  0  0  0  0  0  0  -0.023593000000000086
g  12  9  -0.322702  -0.474821  -0.337452  -0.159463  0.03845  0.184309  0.254568  0.236681  0.154866  0.066713  -0.013773  -0.079109  -0.120568  -0.155974  -0.215081  -0.319126  -0.466222  -0.639914  -0.813497  -0.956998  -1.049845  -1.088375  0  0  0  0  0  0  0  0  0  0  0  0  0  0  0  0  0  0  0  0  0  0  0  0  0  0  0  0  0  0  0  0  0  0  0  0  0  0  0  0  0  0  0  0  0  0  0  0  0  0  0  0  0  0  0  0  0  0  0  0  0  0  0  0  0  -0.0038480000000000736
h  12  9  0.195158  0.283625  0.425723  0.484506  0.45995  0.393324  0.285399  0.161003  0.057358  -0.011295  -0.055915  -0.089832  -0.129346  -0.182823  -0.245031  -0.296107  -0.317321  -0.298395  -0.243516  -0.16688  -0.092922  -0.0506  0  0  0  0  0  0  0  0  0  0  0  0  0  0  0  0  0  0  0  0  0  0  0  0  0  0  0  0  0  0  0  0  0  0  0  0  0  0  0  0  0  0  0  0  0  0  0  0  0  0  0  0  0  0  0  0  0  0  0  0  0  0  0  0  0  0.004848999999999999
g  12  10  0.25887  0.095543  0.097337  0.123174  0.107375  0.068787  0.046967  0.047927  0.042366  0.018521  -0.018099  -0.065738  -0.132972  -0.205629  -0.255509  -0.26806  -0.237191  -0.163533  -0.060598  0.051278  0.154516  0.24229  0  0  0  0  0  0  0  0  0  0  0  0  0  0  0  0  0  0  0  0  0  0  0  0  0  0  0  0  0  0  0  0  0  0  0  0  0  0  0  0  0  0  0  0  0  0  0  0  0  0  0  0  0  0  0  0  0  0  0  0  0  0  0  0  0  0.016204999999999997
h  12  10  -0.890545  -0.881742  -0.809685  -0.736431  -0.668726  -0.548933  -0.4105  -0.276704  -0.148373  -0.042778  0.035926  0.08157  0.106813  0.140385  0.20271  0.288215  0.384294  0.47197  0.533877  0.570353  0.592955  0.613664  0  0  0  0  0  0  0  0  0  0  0  0  0  0  0  0  0  0  0  0  0  0  0  0  0  0  0  0  0  0  0  0  0  0  0  0  0  0  0  0  0  0  0  0  0  0  0  0  0  0  0  0  0  0  0  0  0  0  0  0  0  0  0  0  0  0.004491000000000023
g  12  11  -0.766629  -1.090177  -1.127885  -1.14331  -1.065701  -0.881032  -0.640693  -0.380172  -0.106842  0.146227  0.344445  0.444375  0.433225  0.338948  0.194585  0.028579  -0.13686  -0.282447  -0.398026  -0.482327  -0.529975  -0.533138  0  0  0  0  0  0  0  0  0  0  0  0  0  0  0  0  0  0  0  0  0  0  0  0  0  0  0  0  0  0  0  0  0  0  0  0  0  0  0  0  0  0  0  0  0  0  0  0  0  0  0  0  0  0  0  0  0  0  0  0  0  0  0  0  0  0.0033760000000000456
h  12  11  -0.090499  -0.093356  0.18244  0.458131  0.697082  0.937921  1.117146  1.191968  1.168149  1.043441  0.825617  0.54913  0.269816  0.028166  -0.161869  -0.2906  -0.356883  -0.361181  -0.305925  -0.196874  -0.040255  0.151534  0  0  0  0  0  0  0  0  0  0  0  0  0  0  0  0  0  0  0  0  0  0  0  0  0  0  0  0  0  0  0  0  0  0  0  0  0  0  0  0  0  0  0  0  0  0  0  0  0  0  0  0  0  0  0  0  0  0  0  0  0  0  0  0  0  0.040378
g  12  12  0.003175  -0.182842  -0.10518  -0.015275  0.017754  -0.079583  -0.29349  -0.557708  -0.826432  -1.061116  -1.265988  -1.451393  -1.605932  -1.727113  -1.820948  -1.885391  -1.906731  -1.866776  -1.755143  -1.575465  -1.350876  -1.123829  0  0  0  0  0  0  0  0  0  0  0  0  0  0  0  0  0  0  0  0  0  0  0  0  0  0  0  0  0  0  0  0  0  0  0  0  0  0  0  0  0  0  0  0  0  0  0  0  0  0  0  0  0  0  0  0  0  0  0  0  0  0  0  0  0  0.04323100000000002
h  12  12  0.886351  0.638947  0.576307  0.443163  0.254872  0.095286  0.005692  0.002406  0.086956  0.228796  0.390845  0.560273  0.70866  0.807398  0.856564  0.888869  0.935448  1.002484  1.074111  1.12152  1.11554  1.038395  0  0  0  0  0  0  0  0  0  0  0  0  0  0  0  0  0  0  0  0  0  0  0  0  0  0  0  0  0  0  0  0  0  0  0  0  0  0  0  0  0  0  0  0  0  0  0  0  0  0  0  0  0  0  0  0  0  0  0  0  0  0  0  0  0  -0.021271999999999958
g  13  0  0.019152  0.028877  0.035201  0.03553  0.043685  0.084022  0.13602  0.158118  0.154989  0.142123  0.136662  0.149431  0.17837  0.223343  0.28148  0.346681  0.410571  0.46544  0.509266  0.542322  0.563235  0.57245  0  0  0  0  0  0  0  0  0  0  0  0  0  0  0  0  0  0  0  0  0  0  0  0  0  0  0  0  0  0  0  0  0  0  0  0  0  0  0  0  0  0  0  0  0  0  0  0  0  0  0  0  0  0  0  0  0  0  0  0  0  0  0  0  0  0.0010660000000000114
g  13  1  -0.826643  -0.868462  -0.888028  -0.936397  -1.002846  -1.095628  -1.148652  -1.161892  -1.149961  -1.103293  -1.031543  -0.942376  -0.840344  -0.7309  -0.611918  -0.489116  -0.367469  -0.24767  -0.12975  -0.012796  0.101111  0.204433  0  0  0  0  0  0  0  0  0  0  0  0  0  0  0  0  0  0  0  0  0  0  0  0  0  0  0  0  0  0  0  0  0  0  0  0  0  0  0  0  0  0  0  0  0  0  0  0  0  0  0  0  0  0  0  0  0  0  0  0  0  0  0  0  0  0.019264000000000003
h  13  1  -0.793456  -0.733608  -0.658844  -0.601844  -0.627732  -0.684701  -0.700157  -0.6528  -0.546166  -0.399765  -0.241642  -0.099962  0.01181  0.090211  0.134877  0.145873  0.127915  0.090622  0.046971  0.004138  -0.037585  -0.079174  0  0  0  0  0  0  0  0  0  0  0  0  0  0  0  0  0  0  0  0  0  0  0  0  0  0  0  0  0  0  0  0  0  0  0  0  0  0  0  0  0  0  0  0  0  0  0  0  0  0  0  0  0  0  0  0  0  0  0  0  0  0  0  0  0  -0.008304999999999993
g  13  2  0.353796  0.611315  0.626975  0.655014  0.693  0.721679  0.748895  0.778981  0.811626  0.833564  0.844107  0.837399  0.812946  0.782112  0.757039  0.744771  0.739841  0.731714  0.71232  0.678723  0.628958  0.560878  0  0  0  0  0  0  0  0  0  0  0  0  0  0  0  0  0  0  0  0  0  0  0  0  0  0  0  0  0  0  0  0  0  0  0  0  0  0  0  0  0  0  0  0  0  0  0  0  0  0  0  0  0  0  0  0  0  0  0  0  0  0  0  0  0  -0.015272999999999981
h  13  2  0.378587  0.545125  0.568954  0.550377  0.456076  0.295646  0.124088  -0.020597  -0.118458  -0.165942  -0.16676  -0.145612  -0.125765  -0.115438  -0.115381  -0.136979  -0.184196  -0.250622  -0.32744  -0.405626  -0.477669  -0.53843  0  0  0  0  0  0  0  0  0  0  0  0  0  0  0  0  0  0  0  0  0  0  0  0  0  0  0  0  0  0  0  0  0  0  0  0  0  0  0  0  0  0  0  0  0  0  0  0  0  0  0  0  0  0  0  0  0  0  0  0  0  0  0  0  0  -0.011085000000000012
g  13  3  0.637065  0.768397  0.77161  0.681343  0.527056  0.364936  0.25741  0.180931  0.119535  0.091194  0.09009  0.099895  0.117115  0.14494  0.183694  0.234512  0.301219  0.386629  0.484414  0.582827  0.670237  0.739466  0  0  0  0  0  0  0  0  0  0  0  0  0  0  0  0  0  0  0  0  0  0  0  0  0  0  0  0  0  0  0  0  0  0  0  0  0  0  0  0  0  0  0  0  0  0  0  0  0  0  0  0  0  0  0  0  0  0  0  0  0  0  0  0  0  0.01234499999999994
h  13  3  1.374356  1.319908  1.26946  1.245686  1.278112  1.310874  1.29566  1.256232  1.188949  1.095283  0.99053  0.869227  0.734891  0.611287  0.506185  0.417085  0.341507  0.276023  0.215472  0.156491  0.099801  0.048615  0  0  0  0  0  0  0  0  0  0  0  0  0  0  0  0  0  0  0  0  0  0  0  0  0  0  0  0  0  0  0  0  0  0  0  0  0  0  0  0  0  0  0  0  0  0  0  0  0  0  0  0  0  0  0  0  0  0  0  0  0  0  0  0  0  -0.009661000000000003
g  13  4  -0.456624  -0.343715  -0.308525  -0.250162  -0.201896  -0.174439  -0.153654  -0.179111  -0.223668  -0.260694  -0.283995  -0.296553  -0.302676  -0.305461  -0.304743  -0.309038  -0.321509  -0.337887  -0.354087  -0.362584  -0.355002  -0.327551  0  0  0  0  0  0  0  0  0  0  0  0  0  0  0  0  0  0  0  0  0  0  0  0  0  0  0  0  0  0  0  0  0  0  0  0  0  0  0  0  0  0  0  0  0  0  0  0  0  0  0  0  0  0  0  0  0  0  0  0  0  0  0  0  0  0.007010000000000016
h  13  4  -0.525429  -0.489932  -0.525986  -0.540656  -0.54595  -0.541796  -0.517595  -0.447996  -0.350027  -0.232656  -0.110696  0.002089  0.090884  0.154665  0.200088  0.232155  0.255959  0.274274  0.288468  0.299476  0.307197  0.314187  0  0  0  0  0  0  0  0  0  0  0  0  0  0  0  0  0  0  0  0  0  0  0  0  0  0  0  0  0  0  0  0  0  0  0  0  0  0  0  0  0  0  0  0  0  0  0  0  0  0  0  0  0  0  0  0  0  0  0  0  0  0  0  0  0  0.0014929999999999666
g  13  5  0.932997  0.760477  0.666313  0.62521  0.634102  0.640304  0.579814  0.445474  0.297259  0.179416  0.096325  0.043766  0.018474  0.013783  0.023477  0.040775  0.062087  0.089448  0.121423  0.155647  0.189613  0.220425  0  0  0  0  0  0  0  0  0  0  0  0  0  0  0  0  0  0  0  0  0  0  0  0  0  0  0  0  0  0  0  0  0  0  0  0  0  0  0  0  0  0  0  0  0  0  0  0  0  0  0  0  0  0  0  0  0  0  0  0  0  0  0  0  0  0.005703000000000014
h  13  5  -1.032668  -1.190835  -1.203708  -1.2051  -1.224289  -1.283451  -1.394775  -1.509595  -1.575962  -1.596372  -1.558851  -1.469404  -1.352115  -1.219581  -1.075953  -0.935757  -0.802504  -0.673796  -0.5539  -0.447768  -0.355456  -0.274197  0  0  0  0  0  0  0  0  0  0  0  0  0  0  0  0  0  0  0  0  0  0  0  0  0  0  0  0  0  0  0  0  0  0  0  0  0  0  0  0  0  0  0  0  0  0  0  0  0  0  0  0  0  0  0  0  0  0  0  0  0  0  0  0  0  0.015453999999999968
g  13  6  -0.376101  -0.149326  -0.256424  -0.370027  -0.430761  -0.436926  -0.399253  -0.331684  -0.261401  -0.202593  -0.159165  -0.145875  -0.172316  -0.228102  -0.298115  -0.371662  -0.445822  -0.515833  -0.577212  -0.627327  -0.663474  -0.69143  0  0  0  0  0  0  0  0  0  0  0  0  0  0  0  0  0  0  0  0  0  0  0  0  0  0  0  0  0  0  0  0  0  0  0  0  0  0  0  0  0  0  0  0  0  0  0  0  0  0  0  0  0  0  0  0  0  0  0  0  0  0  0  0  0  -0.005522999999999945
h  13  6  -0.130317  -0.081008  -0.054836  -0.000395  0.064203  0.113385  0.121871  0.076934  -0.008619  -0.098698  -0.180988  -0.257437  -0.326782  -0.378441  -0.403621  -0.408085  -0.396273  -0.367533  -0.328486  -0.28742  -0.24982  -0.221789  0  0  0  0  0  0  0  0  0  0  0  0  0  0  0  0  0  0  0  0  0  0  0  0  0  0  0  0  0  0  0  0  0  0  0  0  0  0  0  0  0  0  0  0  0  0  0  0  0  0  0  0  0  0  0  0  0  0  0  0  0  0  0  0  0  0.00451600000000002
g  13  7  0.772112  0.736217  0.737318  0.744504  0.706614  0.657118  0.637469  0.615844  0.55929  0.483151  0.398193  0.311744  0.233218  0.158727  0.082277  0.0051  -0.066969  -0.129779  -0.183046  -0.227478  -0.263035  -0.292986  0  0  0  0  0  0  0  0  0  0  0  0  0  0  0  0  0  0  0  0  0  0  0  0  0  0  0  0  0  0  0  0  0  0  0  0  0  0  0  0  0  0  0  0  0  0  0  0  0  0  0  0  0  0  0  0  0  0  0  0  0  0  0  0  0  -0.005754000000000037
h  13  7  0.477922  0.327911  0.32969  0.338836  0.340059  0.390135  0.44164  0.448547  0.420268  0.365184  0.281885  0.186435  0.085962  -0.014221  -0.107359  -0.18927  -0.257231  -0.31118  -0.353132  -0.38614  -0.417645  -0.451941  0  0  0  0  0  0  0  0  0  0  0  0  0  0  0  0  0  0  0  0  0  0  0  0  0  0  0  0  0  0  0  0  0  0  0  0  0  0  0  0  0  0  0  0  0  0  0  0  0  0  0  0  0  0  0  0  0  0  0  0  0  0  0  0  0  -0.0071350000000000025
g  13  8  -0.205005  -0.191272  -0.137128  -0.060684  -0.001818  0.045908  0.081793  0.096866  0.095432  0.067158  0.029389  -0.003689  -0.028401  -0.04419  -0.053973  -0.060931  -0.063947  -0.063996  -0.068526  -0.076795  -0.087471  -0.093677  0  0  0  0  0  0  0  0  0  0  0  0  0  0  0  0  0  0  0  0  0  0  0  0  0  0  0  0  0  0  0  0  0  0  0  0  0  0  0  0  0  0  0  0  0  0  0  0  0  0  0  0  0  0  0  0  0  0  0  0  0  0  0  0  0  -0.00019099999999999673
h  13  8  0.085312  -0.100963  -0.139577  -0.152868  -0.149998  -0.181449  -0.221885  -0.247818  -0.246185  -0.224201  -0.184218  -0.123481  -0.046062  0.045148  0.144325  0.245099  0.34412  0.434701  0.516448  0.592697  0.670138  0.75963  0  0  0  0  0  0  0  0  0  0  0  0  0  0  0  0  0  0  0  0  0  0  0  0  0  0  0  0  0  0  0  0  0  0  0  0  0  0  0  0  0  0  0  0  0  0  0  0  0  0  0  0  0  0  0  0  0  0  0  0  0  0  0  0  0  0.01925600000000005
g  13  9  0.325859  0.395289  0.391653  0.370551  0.34555  0.338651  0.338077  0.344232  0.350315  0.337037  0.311204  0.272423  0.221539  0.160644  0.092098  0.023052  -0.034021  -0.069471  -0.082533  -0.075756  -0.053228  -0.019744  0  0  0  0  0  0  0  0  0  0  0  0  0  0  0  0  0  0  0  0  0  0  0  0  0  0  0  0  0  0  0  0  0  0  0  0  0  0  0  0  0  0  0  0  0  0  0  0  0  0  0  0  0  0  0  0  0  0  0  0  0  0  0  0  0  0.007396
h  13  9  0.449433  0.511172  0.497574  0.491884  0.530697  0.572314  0.596573  0.609369  0.604167  0.585805  0.555503  0.509904  0.456389  0.399985  0.346656  0.312288  0.300338  0.303623  0.315608  0.326418  0.329115  0.320828  0  0  0  0  0  0  0  0  0  0  0  0  0  0  0  0  0  0  0  0  0  0  0  0  0  0  0  0  0  0  0  0  0  0  0  0  0  0  0  0  0  0  0  0  0  0  0  0  0  0  0  0  0  0  0  0  0  0  0  0  0  0  0  0  0  -0.002585999999999977
g  13  10  -0.008485  0.22614  0.236949  0.249494  0.233504  0.153515  0.016178  -0.16461  -0.357434  -0.538965  -0.697083  -0.817416  -0.887805  -0.914628  -0.917484  -0.910486  -0.899155  -0.881845  -0.848135  -0.787269  -0.695335  -0.574389  0  0  0  0  0  0  0  0  0  0  0  0  0  0  0  0  0  0  0  0  0  0  0  0  0  0  0  0  0  0  0  0  0  0  0  0  0  0  0  0  0  0  0  0  0  0  0  0  0  0  0  0  0  0  0  0  0  0  0  0  0  0  0  0  0  0.026173000000000002
h  13  10  0.493223  0.457823  0.50359  0.47609  0.416196  0.310844  0.175551  0.04658  -0.04992  -0.110319  -0.143323  -0.150076  -0.140285  -0.129422  -0.119057  -0.099767  -0.06497  -0.010349  0.065287  0.152996  0.237891  0.307452  0  0  0  0  0  0  0  0  0  0  0  0  0  0  0  0  0  0  0  0  0  0  0  0  0  0  0  0  0  0  0  0  0  0  0  0  0  0  0  0  0  0  0  0  0  0  0  0  0  0  0  0  0  0  0  0  0  0  0  0  0  0  0  0  0  0.012193999999999983
g  13  11  0.390213  0.355623  0.269282  0.177051  0.061917  -0.077253  -0.197134  -0.289541  -0.378291  -0.46863  -0.555879  -0.63312  -0.700198  -0.752264  -0.782953  -0.793656  -0.796756  -0.806429  -0.830429  -0.870935  -0.923823  -0.977829  0  0  0  0  0  0  0  0  0  0  0  0  0  0  0  0  0  0  0  0  0  0  0  0  0  0  0  0  0  0  0  0  0  0  0  0  0  0  0  0  0  0  0  0  0  0  0  0  0  0  0  0  0  0  0  0  0  0  0  0  0  0  0  0  0  -0.0101969999999999
h  13  11  -0.240448  -0.355398  -0.311104  -0.255666  -0.199782  -0.12267  -0.023608  0.073482  0.143038  0.191655  0.222575  0.240531  0.251371  0.256592  0.258627  0.253494  0.237237  0.213308  0.191064  0.181894  0.197662  0.244639  0  0  0  0  0  0  0  0  0  0  0  0  0  0  0  0  0  0  0  0  0  0  0  0  0  0  0  0  0  0  0  0  0  0  0  0  0  0  0  0  0  0  0  0  0  0  0  0  0  0  0  0  0  0  0  0  0  0  0  0  0  0  0  0  0  0.011831000000000008
g  13  12  -0.340762  -0.521626  -0.543232  -0.531884  -0.462178  -0.332065  -0.162732  0.017218  0.197307  0.366306  0.5048  0.59458  0.629  0.61729  0.572196  0.506398  0.427197  0.337565  0.239582  0.135146  0.029493  -0.067069  0  0  0  0  0  0  0  0  0  0  0  0  0  0  0  0  0  0  0  0  0  0  0  0  0  0  0  0  0  0  0  0  0  0  0  0  0  0  0  0  0  0  0  0  0  0  0  0  0  0  0  0  0  0  0  0  0  0  0  0  0  0  0  0  0  -0.017970000000000007
h  13  12  -0.480863  -0.322816  -0.178211  -0.035003  0.088906  0.177727  0.212766  0.200247  0.152507  0.066266  -0.057845  -0.214855  -0.381279  -0.535609  -0.665702  -0.766739  -0.840346  -0.889246  -0.915325  -0.916571  -0.886445  -0.820246  0  0  0  0  0  0  0  0  0  0  0  0  0  0  0  0  0  0  0  0  0  0  0  0  0  0  0  0  0  0  0  0  0  0  0  0  0  0  0  0  0  0  0  0  0  0  0  0  0  0  0  0  0  0  0  0  0  0  0  0  0  0  0  0  0  0.016137999999999986
g  13  13  -0.418335  -0.435961  -0.483157  -0.483547  -0.482511  -0.542229  -0.666001  -0.814925  -0.956622  -1.0626  -1.12662  -1.153498  -1.146205  -1.116662  -1.083084  -1.054395  -1.023312  -0.973137  -0.892707  -0.782904  -0.657036  -0.537631  0  0  0  0  0  0  0  0  0  0  0  0  0  0  0  0  0  0  0  0  0  0  0  0  0  0  0  0  0  0  0  0  0  0  0  0  0  0  0  0  0  0  0  0  0  0  0  0  0  0  0  0  0  0  0  0  0  0  0  0  0  0  0  0  0  0.022083999999999993
h  13  13  -0.602176  -0.566981  -0.468126  -0.378596  -0.3242  -0.293665  -0.246063  -0.151787  -0.005347  0.169101  0.341128  0.484836  0.575728  0.604094  0.579637  0.533853  0.495839  0.475014  0.461687  0.436639  0.38339  0.294366  0  0  0  0  0  0  0  0  0  0  0  0  0  0  0  0  0  0  0  0  0  0  0  0  0  0  0  0  0  0  0  0  0  0  0  0  0  0  0  0  0  0  0  0  0  0  0  0  0  0  0  0  0  0  0  0  0  0  0  0  0  0  0  0  0  -0.020542999999999978
