# 2019 MPG data assimilation forecast
# units of nT 
c/s d o  GUFM1  GUFM1  GUFM1  GUFM1  GUFM1  GUFM1  GUFM1  GUFM1  GUFM1  GUFM1  GUFM1  GUFM1  GUFM1  GUFM1  GUFM1  GUFM1  GUFM1  GUFM1  GUFM1  GUFM1  GUFM1  GUFM1  GUFM1  GUFM1  GUFM1  GUFM1  GUFM1  GUFM1  GUFM1  GUFM1  GUFM1  GUFM1  GUFM1  GUFM1  GUFM1  GUFM1  GUFM1  GUFM1  GUFM1  GUFM1  GUFM1  GUFM1  GUFM1  GUFM1  GUFM1  GUFM1  GUFM1  GUFM1  GUFM1  GUFM1  GUFM1  GUFM1  GUFM1  GUFM1  GUFM1  GUFM1  GUFM1  GUFM1  GUFM1  GUFM1  GUFM1  GUFM1   IGRF   IGRF   IGRF   IGRF   IGRF   IGRF   IGRF   IGRF   IGRF   DGRF   DGRF   DGRF   DGRF   DGRF   DGRF   DGRF   DGRF   DGRF   DGRF   DGRF   DGRF      DGRF      DGRF     DGRF     IGRF      SV
g/h n m 1590.0 1595.0 1600.0 1605.0 1610.0 1615.0 1620.0 1625.0 1630.0 1635.0 1640.0 1645.0 1650.0 1655.0 1660.0 1665.0 1670.0 1675.0 1680.0 1685.0 1690.0 1695.0 1700.0 1705.0 1710.0 1715.0 1720.0 1725.0 1730.0 1735.0 1740.0 1745.0 1750.0 1755.0 1760.0 1765.0 1770.0 1775.0 1780.0 1785.0 1790.0 1795.0 1800.0 1805.0 1810.0 1815.0 1820.0 1825.0 1830.0 1835.0 1840.0 1845.0 1850.0 1855.0 1860.0 1865.0 1870.0 1875.0 1880.0 1885.0 1890.0 1895.0 1900.0 1905.0 1910.0 1915.0 1920.0 1925.0 1930.0 1935.0 1940.0 1945.0 1950.0 1955.0 1960.0 1965.0 1970.0 1975.0 1980.0 1985.0 1990.0 1995.0 2000.0    2005.0    2010.0   2015.0   2020.0 2020-25
g  1  0  -29441.640912  -29404.571018  -29377.639714  -29349.609632  -29328.565408  -29312.458431  -29301.82633  -29292.625484  -29274.10009  -29247.502055  -29209.217536  -29157.11341  -29092.141972  -29014.955115  -28927.518796  -28831.663411  -28727.106549  -28613.758953  -28495.035408  -28375.5828  -28257.435746  -28141.014074  0  0  0  0  0  0  0  0  0  0  0  0  0  0  0  0  0  0  0  0  0  0  0  0  0  0  0  0  0  0  0  0  0  0  0  0  0  0  0  0  0  0  0  0  0  0  0  0  0  0  0  0  0  0  0  0  0  0  0  0  0  0  0  0  0  23.163029999999708
g  1  1  -1501.565091  -1451.83335  -1428.933481  -1406.199139  -1368.775215  -1327.128044  -1288.821643  -1250.209974  -1209.830841  -1171.214843  -1136.520863  -1111.910464  -1104.288017  -1113.48268  -1135.164884  -1167.618406  -1210.406551  -1264.060444  -1329.074865  -1403.256334  -1485.120513  -1574.907777  0  0  0  0  0  0  0  0  0  0  0  0  0  0  0  0  0  0  0  0  0  0  0  0  0  0  0  0  0  0  0  0  0  0  0  0  0  0  0  0  0  0  0  0  0  0  0  0  0  0  0  0  0  0  0  0  0  0  0  0  0  0  0  0  0  -18.614119999999957
h  1  1  4797.240885  4652.665336  4539.079469  4458.732706  4379.062634  4302.91878  4233.647972  4165.243281  4096.722874  4024.134906  3942.443284  3850.484897  3750.028578  3647.539957  3548.183694  3452.668564  3360.330188  3271.161091  3184.363174  3098.129304  3011.408097  2923.55221  0  0  0  0  0  0  0  0  0  0  0  0  0  0  0  0  0  0  0  0  0  0  0  0  0  0  0  0  0  0  0  0  0  0  0  0  0  0  0  0  0  0  0  0  0  0  0  0  0  0  0  0  0  0  0  0  0  0  0  0  0  0  0  0  0  -17.68493699999999
g  2  0  -2446.527907  -2499.196199  -2542.910249  -2575.956655  -2600.483611  -2619.365827  -2626.68833  -2623.729495  -2611.661346  -2591.747963  -2566.496747  -2537.048018  -2505.665087  -2475.800016  -2450.300707  -2429.911223  -2414.906391  -2404.550507  -2399.010592  -2399.308288  -2405.351341  -2417.619411  0  0  0  0  0  0  0  0  0  0  0  0  0  0  0  0  0  0  0  0  0  0  0  0  0  0  0  0  0  0  0  0  0  0  0  0  0  0  0  0  0  0  0  0  0  0  0  0  0  0  0  0  0  0  0  0  0  0  0  0  0  0  0  0  0  -3.0071969999999055
g  2  1  3012.55654  2982.371364  2954.805848  2917.46932  2872.361848  2831.985493  2800.75489  2782.545546  2768.544259  2758.663282  2750.846812  2743.038897  2736.70321  2733.10879  2732.646075  2734.739281  2736.642059  2736.236865  2733.890308  2731.013174  2728.435897  2725.508366  0  0  0  0  0  0  0  0  0  0  0  0  0  0  0  0  0  0  0  0  0  0  0  0  0  0  0  0  0  0  0  0  0  0  0  0  0  0  0  0  0  0  0  0  0  0  0  0  0  0  0  0  0  0  0  0  0  0  0  0  0  0  0  0  0  -0.6546849999999722
h  2  1  -2845.563347  -2990.96213  -3102.583235  -3189.115537  -3261.8685  -3329.296125  -3399.084528  -3470.232016  -3541.522849  -3614.062123  -3692.348377  -3775.185843  -3859.174233  -3945.014754  -4035.359578  -4130.079389  -4228.105221  -4329.933616  -4434.86672  -4541.355501  -4648.628019  -4756.451367  0  0  0  0  0  0  0  0  0  0  0  0  0  0  0  0  0  0  0  0  0  0  0  0  0  0  0  0  0  0  0  0  0  0  0  0  0  0  0  0  0  0  0  0  0  0  0  0  0  0  0  0  0  0  0  0  0  0  0  0  0  0  0  0  0  -21.59729100000004
g  2  2  1676.190097  1677.001738  1652.563555  1620.384656  1584.418623  1543.866403  1495.326561  1435.8903  1371.390481  1307.648026  1248.849859  1194.536907  1141.822827  1089.858317  1038.427666  987.776373  937.218003  885.335116  828.756679  763.180601  685.010282  593.476281  0  0  0  0  0  0  0  0  0  0  0  0  0  0  0  0  0  0  0  0  0  0  0  0  0  0  0  0  0  0  0  0  0  0  0  0  0  0  0  0  0  0  0  0  0  0  0  0  0  0  0  0  0  0  0  0  0  0  0  0  0  0  0  0  0  -19.251366000000075
h  2  2  -642.153042  -733.915431  -810.52792  -866.595281  -926.895091  -997.779897  -1078.127204  -1158.908259  -1240.265921  -1324.397827  -1415.667856  -1515.071734  -1618.450921  -1718.492762  -1811.735906  -1897.233481  -1975.029307  -2045.585119  -2109.41699  -2166.920798  -2219.81285  -2269.98596  0  0  0  0  0  0  0  0  0  0  0  0  0  0  0  0  0  0  0  0  0  0  0  0  0  0  0  0  0  0  0  0  0  0  0  0  0  0  0  0  0  0  0  0  0  0  0  0  0  0  0  0  0  0  0  0  0  0  0  0  0  0  0  0  0  -9.86819400000013
g  3  0  1350.174246  1363.934054  1362.089892  1359.864631  1365.543533  1384.567369  1412.609857  1448.685976  1492.485256  1540.964232  1592.021088  1645.562612  1698.535751  1748.89756  1796.437806  1840.943804  1881.783615  1918.83475  1951.811377  1980.93214  2007.081108  2030.174901  0  0  0  0  0  0  0  0  0  0  0  0  0  0  0  0  0  0  0  0  0  0  0  0  0  0  0  0  0  0  0  0  0  0  0  0  0  0  0  0  0  0  0  0  0  0  0  0  0  0  0  0  0  0  0  0  0  0  0  0  0  0  0  0  0  4.3319470000001274
g  3  1  -2352.042652  -2380.886907  -2400.767032  -2420.034409  -2430.546128  -2432.250038  -2425.356083  -2412.225168  -2397.854385  -2383.126847  -2366.658398  -2348.412076  -2329.074292  -2308.889168  -2286.544333  -2259.723686  -2226.962218  -2187.826011  -2141.013701  -2085.211752  -2020.182786  -1946.988853  0  0  0  0  0  0  0  0  0  0  0  0  0  0  0  0  0  0  0  0  0  0  0  0  0  0  0  0  0  0  0  0  0  0  0  0  0  0  0  0  0  0  0  0  0  0  0  0  0  0  0  0  0  0  0  0  0  0  0  0  0  0  0  0  0  15.212194999999838
h  3  1  -114.984076  -81.251725  -44.261647  -8.880907  22.775959  49.121681  79.779681  112.671529  147.349521  181.66881  212.054937  237.253886  259.215449  284.846815  319.116058  361.941375  411.373565  466.148889  525.143758  587.661597  653.120939  720.440627  0  0  0  0  0  0  0  0  0  0  0  0  0  0  0  0  0  0  0  0  0  0  0  0  0  0  0  0  0  0  0  0  0  0  0  0  0  0  0  0  0  0  0  0  0  0  0  0  0  0  0  0  0  0  0  0  0  0  0  0  0  0  0  0  0  13.550033999999982
g  3  2  1225.704532  1235.822042  1245.792167  1248.851452  1252.605466  1264.485914  1281.091021  1296.743451  1314.657996  1335.854328  1359.268635  1384.442344  1410.198567  1434.84311  1458.665254  1483.081004  1507.528681  1531.260768  1554.586069  1577.586395  1599.707415  1620.892777  0  0  0  0  0  0  0  0  0  0  0  0  0  0  0  0  0  0  0  0  0  0  0  0  0  0  0  0  0  0  0  0  0  0  0  0  0  0  0  0  0  0  0  0  0  0  0  0  0  0  0  0  0  0  0  0  0  0  0  0  0  0  0  0  0  4.1914959999999155
h  3  2  244.866992  241.760295  242.351329  245.08334  243.188435  238.577937  228.422082  215.516103  203.743499  189.321858  172.747421  156.227487  141.161932  126.934039  113.127173  99.753886  87.128706  75.653134  65.426764  55.475864  45.04881  33.821894  0  0  0  0  0  0  0  0  0  0  0  0  0  0  0  0  0  0  0  0  0  0  0  0  0  0  0  0  0  0  0  0  0  0  0  0  0  0  0  0  0  0  0  0  0  0  0  0  0  0  0  0  0  0  0  0  0  0  0  0  0  0  0  0  0  -2.324111000000002
g  3  3  581.685901  525.804188  470.202429  414.239427  360.62293  310.796837  266.596528  225.026323  185.904934  152.355246  122.359496  93.06555  60.720841  21.595104  -25.656003  -81.502319  -144.96496  -214.145054  -287.400446  -363.01333  -439.148169  -514.353929  0  0  0  0  0  0  0  0  0  0  0  0  0  0  0  0  0  0  0  0  0  0  0  0  0  0  0  0  0  0  0  0  0  0  0  0  0  0  0  0  0  0  0  0  0  0  0  0  0  0  0  0  0  0  0  0  0  0  0  0  0  0  0  0  0  -14.910130999999978
h  3  3  -538.710196  -542.553581  -541.269096  -540.725052  -546.870614  -563.329659  -582.783419  -608.870384  -641.485199  -681.173639  -728.370062  -779.202593  -830.343483  -875.469495  -910.699459  -934.702203  -947.225209  -949.269557  -943.003876  -929.991006  -911.118763  -886.534313  0  0  0  0  0  0  0  0  0  0  0  0  0  0  0  0  0  0  0  0  0  0  0  0  0  0  0  0  0  0  0  0  0  0  0  0  0  0  0  0  0  0  0  0  0  0  0  0  0  0  0  0  0  0  0  0  0  0  0  0  0  0  0  0  0  5.4018330000000105
g  4  0  907.085616  902.608756  896.168813  896.446784  899.773685  903.224515  907.251798  914.145709  924.876737  940.083123  961.249508  987.582344  1016.065488  1043.995888  1069.16554  1089.271686  1103.446317  1112.443502  1117.453518  1119.235159  1118.014036  1113.180665  0  0  0  0  0  0  0  0  0  0  0  0  0  0  0  0  0  0  0  0  0  0  0  0  0  0  0  0  0  0  0  0  0  0  0  0  0  0  0  0  0  0  0  0  0  0  0  0  0  0  0  0  0  0  0  0  0  0  0  0  0  0  0  0  0  -1.3138899999999012
g  4  1  813.613262  809.55516  798.94368  779.117108  753.149986  726.878005  700.812614  676.054745  652.738211  632.170112  615.978004  604.780015  598.476461  595.990927  594.969995  593.122438  590.137926  587.325152  585.856941  586.289745  588.97917  593.880506  0  0  0  0  0  0  0  0  0  0  0  0  0  0  0  0  0  0  0  0  0  0  0  0  0  0  0  0  0  0  0  0  0  0  0  0  0  0  0  0  0  0  0  0  0  0  0  0  0  0  0  0  0  0  0  0  0  0  0  0  0  0  0  0  0  1.134588000000008
h  4  1  283.766387  281.760477  276.636258  265.886558  250.405539  231.14058  208.276482  181.34799  152.169864  122.916465  94.633184  68.128176  43.456707  19.774633  -5.053679  -30.891835  -55.753832  -78.360158  -98.193175  -115.520015  -131.414547  -146.693369  0  0  0  0  0  0  0  0  0  0  0  0  0  0  0  0  0  0  0  0  0  0  0  0  0  0  0  0  0  0  0  0  0  0  0  0  0  0  0  0  0  0  0  0  0  0  0  0  0  0  0  0  0  0  0  0  0  0  0  0  0  0  0  0  0  -3.02705499999999
g  4  2  120.855812  86.16636  69.980794  60.489816  52.964809  43.388954  30.580351  16.701754  2.180079  -11.820288  -23.577104  -33.397811  -42.872802  -51.880015  -59.543505  -64.555586  -66.186547  -64.183495  -58.25863  -48.720877  -36.136761  -21.356949  0  0  0  0  0  0  0  0  0  0  0  0  0  0  0  0  0  0  0  0  0  0  0  0  0  0  0  0  0  0  0  0  0  0  0  0  0  0  0  0  0  0  0  0  0  0  0  0  0  0  0  0  0  0  0  0  0  0  0  0  0  0  0  0  0  3.085317
h  4  2  -188.73709  -158.678514  -124.381454  -92.87998  -61.232017  -31.531506  -2.48185  27.907162  60.036299  92.120064  122.490815  150.62176  176.902043  202.490186  227.207351  250.537483  272.223557  292.226737  311.101528  329.570442  348.481759  368.157582  0  0  0  0  0  0  0  0  0  0  0  0  0  0  0  0  0  0  0  0  0  0  0  0  0  0  0  0  0  0  0  0  0  0  0  0  0  0  0  0  0  0  0  0  0  0  0  0  0  0  0  0  0  0  0  0  0  0  0  0  0  0  0  0  0  3.977758999999992
g  4  3  -334.872222  -309.737468  -293.570053  -278.521196  -255.410597  -229.894753  -204.718559  -179.601751  -153.414748  -124.617354  -91.877984  -55.91523  -18.210788  20.085834  58.136048  95.083399  130.640047  165.355797  198.822587  230.036586  258.276911  283.276897  0  0  0  0  0  0  0  0  0  0  0  0  0  0  0  0  0  0  0  0  0  0  0  0  0  0  0  0  0  0  0  0  0  0  0  0  0  0  0  0  0  0  0  0  0  0  0  0  0  0  0  0  0  0  0  0  0  0  0  0  0  0  0  0  0  4.744538000000034
h  4  3  180.815862  199.902592  221.950932  241.228172  258.707534  278.688204  298.338708  314.646327  329.186853  342.072905  353.603019  364.430257  373.874388  381.664523  388.07346  393.627917  399.079901  404.349419  408.585297  410.875678  411.02319  409.555647  0  0  0  0  0  0  0  0  0  0  0  0  0  0  0  0  0  0  0  0  0  0  0  0  0  0  0  0  0  0  0  0  0  0  0  0  0  0  0  0  0  0  0  0  0  0  0  0  0  0  0  0  0  0  0  0  0  0  0  0  0  0  0  0  0  -0.3744989999999575
g  4  4  70.304517  47.630666  24.744365  2.967714  -11.306919  -16.978548  -19.358861  -17.300937  -10.725402  -2.03166  7.819121  14.757423  16.524932  12.009519  0.172457  -19.696828  -47.095482  -82.014951  -124.586138  -173.955485  -228.355833  -285.776435  0  0  0  0  0  0  0  0  0  0  0  0  0  0  0  0  0  0  0  0  0  0  0  0  0  0  0  0  0  0  0  0  0  0  0  0  0  0  0  0  0  0  0  0  0  0  0  0  0  0  0  0  0  0  0  0  0  0  0  0  0  0  0  0  0  -11.646030999999994
h  4  4  -329.29025  -349.748233  -368.673386  -386.993425  -410.761599  -435.816711  -457.334566  -472.995781  -486.662776  -498.777752  -509.596376  -519.26146  -528.341658  -537.7962  -547.335444  -555.899181  -562.502781  -566.513565  -567.682869  -566.394865  -562.663228  -555.963884  0  0  0  0  0  0  0  0  0  0  0  0  0  0  0  0  0  0  0  0  0  0  0  0  0  0  0  0  0  0  0  0  0  0  0  0  0  0  0  0  0  0  0  0  0  0  0  0  0  0  0  0  0  0  0  0  0  0  0  0  0  0  0  0  0  1.6144259999999804
g  5  0  -232.871892  -234.316468  -239.538487  -242.430497  -242.072998  -238.006972  -231.022119  -221.741896  -210.827717  -198.779755  -186.221505  -174.733323  -165.471051  -158.529886  -153.900241  -150.439566  -146.617461  -141.888975  -136.366402  -130.455221  -124.546476  -118.73347  0  0  0  0  0  0  0  0  0  0  0  0  0  0  0  0  0  0  0  0  0  0  0  0  0  0  0  0  0  0  0  0  0  0  0  0  0  0  0  0  0  0  0  0  0  0  0  0  0  0  0  0  0  0  0  0  0  0  0  0  0  0  0  0  0  1.1540370000000024
g  5  1  360.196122  363.161297  362.850812  359.923011  355.407891  349.873232  343.057704  334.868386  325.007965  314.324823  303.958379  295.053997  287.080074  279.627394  273.092976  267.937735  264.31264  261.88632  260.050075  258.328313  256.70075  255.16749  0  0  0  0  0  0  0  0  0  0  0  0  0  0  0  0  0  0  0  0  0  0  0  0  0  0  0  0  0  0  0  0  0  0  0  0  0  0  0  0  0  0  0  0  0  0  0  0  0  0  0  0  0  0  0  0  0  0  0  0  0  0  0  0  0  -0.3179810000000032
h  5  1  46.997638  47.543678  47.742666  48.161634  45.934546  40.114153  32.912846  24.376313  13.78952  1.670292  -10.651601  -23.636074  -36.287579  -46.664967  -53.780754  -57.746602  -59.834646  -61.110935  -62.044224  -63.436051  -66.238206  -71.128672  0  0  0  0  0  0  0  0  0  0  0  0  0  0  0  0  0  0  0  0  0  0  0  0  0  0  0  0  0  0  0  0  0  0  0  0  0  0  0  0  0  0  0  0  0  0  0  0  0  0  0  0  0  0  0  0  0  0  0  0  0  0  0  0  0  -1.1711799999999926
g  5  2  192.616116  187.473465  182.514164  177.235721  175.149535  175.757379  179.051313  184.240768  190.271044  196.253615  201.61651  205.883675  208.844653  210.233619  209.706216  207.559474  205.020858  203.305917  203.208872  205.171515  209.383932  215.652714  0  0  0  0  0  0  0  0  0  0  0  0  0  0  0  0  0  0  0  0  0  0  0  0  0  0  0  0  0  0  0  0  0  0  0  0  0  0  0  0  0  0  0  0  0  0  0  0  0  0  0  0  0  0  0  0  0  0  0  0  0  0  0  0  0  1.3908729999999991
h  5  2  196.605868  208.020066  228.078797  251.686473  273.34665  290.947238  304.666826  316.518656  326.674341  334.316979  339.481482  342.430696  344.08403  344.68073  343.822631  341.842429  339.273739  335.899271  331.82998  327.835139  324.583691  322.563444  0  0  0  0  0  0  0  0  0  0  0  0  0  0  0  0  0  0  0  0  0  0  0  0  0  0  0  0  0  0  0  0  0  0  0  0  0  0  0  0  0  0  0  0  0  0  0  0  0  0  0  0  0  0  0  0  0  0  0  0  0  0  0  0  0  -0.2896989999999846
g  5  3  -140.957373  -140.551273  -135.549059  -129.235599  -125.689608  -121.663535  -117.266588  -113.355848  -109.300223  -105.418199  -101.146796  -97.005893  -93.329078  -89.290655  -83.97033  -76.459391  -66.405254  -53.961807  -39.609406  -23.803324  -7.132581  10.124008  0  0  0  0  0  0  0  0  0  0  0  0  0  0  0  0  0  0  0  0  0  0  0  0  0  0  0  0  0  0  0  0  0  0  0  0  0  0  0  0  0  0  0  0  0  0  0  0  0  0  0  0  0  0  0  0  0  0  0  0  0  0  0  0  0  3.5020819999999997
h  5  3  -119.299588  -121.354047  -122.308796  -117.923977  -109.501762  -99.229516  -88.013912  -74.749051  -61.26649  -46.075154  -28.868574  -11.074833  7.469564  26.816688  46.297676  65.56395  84.562472  103.111221  120.961339  137.498966  152.269518  165.163213  0  0  0  0  0  0  0  0  0  0  0  0  0  0  0  0  0  0  0  0  0  0  0  0  0  0  0  0  0  0  0  0  0  0  0  0  0  0  0  0  0  0  0  0  0  0  0  0  0  0  0  0  0  0  0  0  0  0  0  0  0  0  0  0  0  2.4407290000000046
g  5  4  -157.198977  -150.900855  -138.975623  -123.095014  -106.394319  -89.806087  -73.496843  -58.751178  -45.631163  -34.10517  -24.724413  -17.724678  -12.804992  -9.948479  -8.521856  -8.390908  -10.085024  -13.970519  -19.758455  -26.915318  -35.173708  -44.63068  0  0  0  0  0  0  0  0  0  0  0  0  0  0  0  0  0  0  0  0  0  0  0  0  0  0  0  0  0  0  0  0  0  0  0  0  0  0  0  0  0  0  0  0  0  0  0  0  0  0  0  0  0  0  0  0  0  0  0  0  0  0  0  0  0  -1.9958219999999969
h  5  4  15.894446  32.294228  45.608807  58.357851  71.652368  82.924185  90.897821  95.45282  97.572721  98.893516  100.375945  101.332362  101.021385  99.674371  98.067016  96.796049  95.99089  95.642353  95.758585  96.303031  97.314572  99.037471  0  0  0  0  0  0  0  0  0  0  0  0  0  0  0  0  0  0  0  0  0  0  0  0  0  0  0  0  0  0  0  0  0  0  0  0  0  0  0  0  0  0  0  0  0  0  0  0  0  0  0  0  0  0  0  0  0  0  0  0  0  0  0  0  0  0.4179049999999904
g  5  5  4.180301  14.028371  28.236953  45.152558  62.547541  79.971516  95.581535  110.468604  124.565059  137.64616  148.689792  156.258291  159.914366  159.513986  154.77631  145.89715  133.685371  119.113686  103.043252  85.871562  67.758174  49.099135  0  0  0  0  0  0  0  0  0  0  0  0  0  0  0  0  0  0  0  0  0  0  0  0  0  0  0  0  0  0  0  0  0  0  0  0  0  0  0  0  0  0  0  0  0  0  0  0  0  0  0  0  0  0  0  0  0  0  0  0  0  0  0  0  0  -3.741736000000003
h  5  5  99.864103  99.213084  100.711481  97.303142  91.197985  83.841845  76.433382  70.075268  62.84394  54.656413  46.347661  38.428515  31.285559  24.870007  18.914639  13.170206  7.484346  1.997829  -2.761703  -5.958382  -6.473718  -3.095626  0  0  0  0  0  0  0  0  0  0  0  0  0  0  0  0  0  0  0  0  0  0  0  0  0  0  0  0  0  0  0  0  0  0  0  0  0  0  0  0  0  0  0  0  0  0  0  0  0  0  0  0  0  0  0  0  0  0  0  0  0  0  0  0  0  1.024674
g  6  0  69.711258  66.395946  63.820932  64.113536  65.255346  65.913344  67.906164  70.617454  72.86178  74.185656  75.329512  76.419752  77.330994  77.708783  76.770865  73.917129  68.969105  62.197355  53.948954  44.501995  34.192131  23.375459  0  0  0  0  0  0  0  0  0  0  0  0  0  0  0  0  0  0  0  0  0  0  0  0  0  0  0  0  0  0  0  0  0  0  0  0  0  0  0  0  0  0  0  0  0  0  0  0  0  0  0  0  0  0  0  0  0  0  0  0  0  0  0  0  0  -2.188499
g  6  1  67.598172  65.569851  65.876649  61.990684  56.495197  52.099204  48.164212  43.86881  39.160388  34.768331  31.012722  27.734788  25.200488  23.538025  22.532958  22.026403  21.627094  21.23612  20.998735  20.93135  21.029783  21.189026  0  0  0  0  0  0  0  0  0  0  0  0  0  0  0  0  0  0  0  0  0  0  0  0  0  0  0  0  0  0  0  0  0  0  0  0  0  0  0  0  0  0  0  0  0  0  0  0  0  0  0  0  0  0  0  0  0  0  0  0  0  0  0  0  0  0.02396399999999943
h  6  1  -20.727356  -19.233462  -25.220495  -37.899628  -53.872379  -70.227791  -87.019779  -104.182801  -121.224583  -136.718774  -149.484521  -158.683644  -164.167528  -166.698691  -167.184702  -166.004932  -163.765909  -161.230045  -158.859531  -156.783111  -154.904497  -153.03999  0  0  0  0  0  0  0  0  0  0  0  0  0  0  0  0  0  0  0  0  0  0  0  0  0  0  0  0  0  0  0  0  0  0  0  0  0  0  0  0  0  0  0  0  0  0  0  0  0  0  0  0  0  0  0  0  0  0  0  0  0  0  0  0  0  0.3820960000000184
g  6  2  72.718505  72.948843  74.722948  79.04615  82.453106  85.501227  88.147814  90.297035  92.051848  93.148524  93.954546  94.842547  95.213464  94.932581  94.364247  93.885525  93.776326  94.427107  96.12488  98.865357  102.718619  107.74154  0  0  0  0  0  0  0  0  0  0  0  0  0  0  0  0  0  0  0  0  0  0  0  0  0  0  0  0  0  0  0  0  0  0  0  0  0  0  0  0  0  0  0  0  0  0  0  0  0  0  0  0  0  0  0  0  0  0  0  0  0  0  0  0  0  1.0862889999999936
h  6  2  33.213268  25.041316  18.648634  11.809532  4.391023  -1.029152  -5.919768  -9.318691  -11.867687  -14.479671  -18.179976  -23.551917  -30.035208  -36.657215  -43.090521  -49.066282  -54.347951  -58.794757  -62.342272  -64.889715  -66.503539  -67.436848  0  0  0  0  0  0  0  0  0  0  0  0  0  0  0  0  0  0  0  0  0  0  0  0  0  0  0  0  0  0  0  0  0  0  0  0  0  0  0  0  0  0  0  0  0  0  0  0  0  0  0  0  0  0  0  0  0  0  0  0  0  0  0  0  0  -0.15167900000000145
g  6  3  -129.89174  -121.340271  -114.803402  -109.074268  -103.113181  -97.420601  -91.259984  -84.911596  -78.813877  -73.426307  -68.73354  -64.57492  -60.974622  -57.914242  -55.208425  -52.78918  -51.083837  -50.207072  -49.949948  -50.08823  -50.393297  -50.584252  0  0  0  0  0  0  0  0  0  0  0  0  0  0  0  0  0  0  0  0  0  0  0  0  0  0  0  0  0  0  0  0  0  0  0  0  0  0  0  0  0  0  0  0  0  0  0  0  0  0  0  0  0  0  0  0  0  0  0  0  0  0  0  0  0  -0.015406999999996174
h  6  3  58.710405  52.534748  52.685831  55.157783  56.964111  57.394859  56.948172  54.919064  52.589178  50.258836  48.348319  47.120492  46.838995  47.814699  50.087674  53.435102  57.84851  63.247113  69.555546  76.819335  85.06497  94.290429  0  0  0  0  0  0  0  0  0  0  0  0  0  0  0  0  0  0  0  0  0  0  0  0  0  0  0  0  0  0  0  0  0  0  0  0  0  0  0  0  0  0  0  0  0  0  0  0  0  0  0  0  0  0  0  0  0  0  0  0  0  0  0  0  0  1.9173570000000097
g  6  4  -28.884022  -35.771054  -41.814992  -49.551279  -57.55029  -66.551878  -74.173155  -81.9355  -89.062361  -95.041511  -99.760084  -102.770902  -104.172685  -104.285356  -103.153353  -100.664992  -96.737875  -91.463044  -85.010826  -77.439703  -69.059469  -60.398673  0  0  0  0  0  0  0  0  0  0  0  0  0  0  0  0  0  0  0  0  0  0  0  0  0  0  0  0  0  0  0  0  0  0  0  0  0  0  0  0  0  0  0  0  0  0  0  0  0  0  0  0  0  0  0  0  0  0  0  0  0  0  0  0  0  1.726073999999997
h  6  4  -66.494695  -64.861989  -64.014699  -61.271463  -58.585862  -54.096096  -48.465121  -42.383044  -34.769066  -26.372482  -17.669335  -8.658194  0.480801  9.805558  19.437765  29.313718  39.270604  48.936937  58.012522  66.293033  73.697095  80.260369  0  0  0  0  0  0  0  0  0  0  0  0  0  0  0  0  0  0  0  0  0  0  0  0  0  0  0  0  0  0  0  0  0  0  0  0  0  0  0  0  0  0  0  0  0  0  0  0  0  0  0  0  0  0  0  0  0  0  0  0  0  0  0  0  0  1.246261000000004
g  6  5  13.02581  13.783355  13.795396  14.274124  14.398012  14.300274  13.732465  12.192364  9.569203  5.973683  1.316334  -4.382075  -10.738669  -17.469754  -24.432478  -31.417302  -38.304963  -45.013507  -51.149767  -56.43668  -60.958914  -65.09197  0  0  0  0  0  0  0  0  0  0  0  0  0  0  0  0  0  0  0  0  0  0  0  0  0  0  0  0  0  0  0  0  0  0  0  0  0  0  0  0  0  0  0  0  0  0  0  0  0  0  0  0  0  0  0  0  0  0  0  0  0  0  0  0  0  -0.8174199999999985
h  6  5  7.318224  9.019557  8.482933  7.223944  6.193164  5.27896  4.046593  1.783011  -1.617708  -5.432131  -9.521941  -13.928773  -18.245166  -22.001722  -24.877077  -26.940727  -28.337842  -28.970744  -28.655908  -27.420969  -25.574525  -23.560653  0  0  0  0  0  0  0  0  0  0  0  0  0  0  0  0  0  0  0  0  0  0  0  0  0  0  0  0  0  0  0  0  0  0  0  0  0  0  0  0  0  0  0  0  0  0  0  0  0  0  0  0  0  0  0  0  0  0  0  0  0  0  0  0  0  0.4010120000000015
g  6  6  -70.752986  -64.825253  -56.180308  -43.88676  -31.308735  -19.27136  -7.673559  3.179867  13.055093  21.113426  26.193035  27.292129  23.845229  15.86291  3.595224  -12.217246  -30.276398  -49.126015  -67.531827  -84.462155  -99.241251  -111.391867  0  0  0  0  0  0  0  0  0  0  0  0  0  0  0  0  0  0  0  0  0  0  0  0  0  0  0  0  0  0  0  0  0  0  0  0  0  0  0  0  0  0  0  0  0  0  0  0  0  0  0  0  0  0  0  0  0  0  0  0  0  0  0  0  0  -2.196187000000009
h  6  6  62.671581  68.136208  72.573455  74.135268  73.279587  71.507127  68.602976  64.565243  59.058259  52.006691  43.916407  35.234176  26.265134  17.678828  10.460044  5.433227  3.258555  4.215154  8.294943  15.498563  25.771544  38.934387  0  0  0  0  0  0  0  0  0  0  0  0  0  0  0  0  0  0  0  0  0  0  0  0  0  0  0  0  0  0  0  0  0  0  0  0  0  0  0  0  0  0  0  0  0  0  0  0  0  0  0  0  0  0  0  0  0  0  0  0  0  0  0  0  0  2.843491
g  7  0  81.098935  80.565295  76.975581  73.347002  69.963614  66.66092  63.115857  59.421144  55.293582  50.839165  46.544709  42.38437  38.501986  35.216047  32.632307  30.859428  29.764239  28.883495  27.93264  26.836872  25.562241  24.230723  0  0  0  0  0  0  0  0  0  0  0  0  0  0  0  0  0  0  0  0  0  0  0  0  0  0  0  0  0  0  0  0  0  0  0  0  0  0  0  0  0  0  0  0  0  0  0  0  0  0  0  0  0  0  0  0  0  0  0  0  0  0  0  0  0  -0.2596880000000006
g  7  1  -75.958627  -76.29781  -77.686656  -80.885013  -84.295988  -87.47197  -90.373543  -92.748321  -94.867525  -96.653692  -98.002142  -98.634464  -98.572513  -97.84268  -96.235864  -93.627827  -89.948015  -85.286815  -79.821579  -73.668917  -67.00194  -60.064573  0  0  0  0  0  0  0  0  0  0  0  0  0  0  0  0  0  0  0  0  0  0  0  0  0  0  0  0  0  0  0  0  0  0  0  0  0  0  0  0  0  0  0  0  0  0  0  0  0  0  0  0  0  0  0  0  0  0  0  0  0  0  0  0  0  1.396799999999999
h  7  1  -54.798043  -51.379784  -50.823237  -49.570848  -48.502915  -48.605297  -48.260101  -47.177115  -45.945374  -44.499216  -42.658768  -40.529363  -37.626375  -33.183932  -26.932987  -19.146149  -10.470482  -1.57162  6.907036  14.373029  20.341634  24.542264  0  0  0  0  0  0  0  0  0  0  0  0  0  0  0  0  0  0  0  0  0  0  0  0  0  0  0  0  0  0  0  0  0  0  0  0  0  0  0  0  0  0  0  0  0  0  0  0  0  0  0  0  0  0  0  0  0  0  0  0  0  0  0  0  0  0.6903760000000005
g  7  2  -6.793487  -8.391891  -6.7924  -4.316368  -1.033951  0.833258  1.906784  2.476872  2.838149  3.107152  3.246273  3.303154  3.561768  4.165481  5.041845  5.953489  6.652241  7.174501  7.677756  8.256362  9.022433  10.03597  0  0  0  0  0  0  0  0  0  0  0  0  0  0  0  0  0  0  0  0  0  0  0  0  0  0  0  0  0  0  0  0  0  0  0  0  0  0  0  0  0  0  0  0  0  0  0  0  0  0  0  0  0  0  0  0  0  0  0  0  0  0  0  0  0  0.21589300000000122
h  7  2  -19.64192  -16.78493  -13.25941  -9.131117  -5.256015  -2.424953  -0.342105  1.624191  3.601703  5.613892  7.364895  8.964573  10.249516  10.743342  10.303839  9.176556  7.896914  6.917129  6.507196  6.812323  7.809948  9.340753  0  0  0  0  0  0  0  0  0  0  0  0  0  0  0  0  0  0  0  0  0  0  0  0  0  0  0  0  0  0  0  0  0  0  0  0  0  0  0  0  0  0  0  0  0  0  0  0  0  0  0  0  0  0  0  0  0  0  0  0  0  0  0  0  0  0.33813599999999866
g  7  3  51.867283  56.434779  59.465433  63.121402  66.230494  67.919931  69.190678  70.303328  71.765796  73.50638  75.121875  76.265977  76.806778  76.824581  76.433948  75.694645  74.430012  72.647848  70.437469  67.824019  64.819812  61.538299  0  0  0  0  0  0  0  0  0  0  0  0  0  0  0  0  0  0  0  0  0  0  0  0  0  0  0  0  0  0  0  0  0  0  0  0  0  0  0  0  0  0  0  0  0  0  0  0  0  0  0  0  0  0  0  0  0  0  0  0  0  0  0  0  0  -0.6722399999999951
h  7  3  5.460038  2.231645  0.009487  -0.18236  0.094256  1.054052  2.677556  4.411085  6.470879  8.524448  10.459853  12.066558  13.234571  14.493589  16.274227  18.576788  21.351396  24.544523  28.044978  31.844943  36.074089  40.930965  0  0  0  0  0  0  0  0  0  0  0  0  0  0  0  0  0  0  0  0  0  0  0  0  0  0  0  0  0  0  0  0  0  0  0  0  0  0  0  0  0  0  0  0  0  0  0  0  0  0  0  0  0  0  0  0  0  0  0  0  0  0  0  0  0  1.0259629999999973
g  7  4  14.858546  16.068521  18.259324  19.193316  20.328749  21.635524  23.504821  25.476351  27.161723  28.491913  29.742683  30.910155  31.811001  32.218418  31.950604  31.160733  30.21436  29.348775  28.695676  28.394899  28.493772  28.921343  0  0  0  0  0  0  0  0  0  0  0  0  0  0  0  0  0  0  0  0  0  0  0  0  0  0  0  0  0  0  0  0  0  0  0  0  0  0  0  0  0  0  0  0  0  0  0  0  0  0  0  0  0  0  0  0  0  0  0  0  0  0  0  0  0  0.10814799999999991
h  7  4  24.411856  23.888738  23.726165  23.904084  24.612457  24.720815  24.240014  23.458082  22.13492  20.468651  18.516456  16.057641  13.252379  10.350865  7.583692  5.188418  3.59671  3.145332  3.894363  5.685291  8.263997  11.390637  0  0  0  0  0  0  0  0  0  0  0  0  0  0  0  0  0  0  0  0  0  0  0  0  0  0  0  0  0  0  0  0  0  0  0  0  0  0  0  0  0  0  0  0  0  0  0  0  0  0  0  0  0  0  0  0  0  0  0  0  0  0  0  0  0  0.6610960000000006
g  7  5  9.468062  6.395092  2.32526  -1.867861  -5.21753  -8.43498  -12.224295  -15.77447  -19.189662  -22.232422  -24.485707  -26.16447  -27.311441  -27.682888  -27.08982  -25.454934  -22.871011  -19.538168  -15.667159  -11.485586  -7.234018  -3.215778  0  0  0  0  0  0  0  0  0  0  0  0  0  0  0  0  0  0  0  0  0  0  0  0  0  0  0  0  0  0  0  0  0  0  0  0  0  0  0  0  0  0  0  0  0  0  0  0  0  0  0  0  0  0  0  0  0  0  0  0  0  0  0  0  0  0.7700080000000002
h  7  5  3.062254  -1.981576  -7.418442  -12.584327  -16.953447  -20.505923  -22.709333  -23.380827  -23.216071  -22.19023  -20.650754  -19.043524  -17.395174  -15.886139  -14.503453  -13.097579  -11.716218  -10.463266  -9.361684  -8.41025  -7.719538  -7.471385  0  0  0  0  0  0  0  0  0  0  0  0  0  0  0  0  0  0  0  0  0  0  0  0  0  0  0  0  0  0  0  0  0  0  0  0  0  0  0  0  0  0  0  0  0  0  0  0  0  0  0  0  0  0  0  0  0  0  0  0  0  0  0  0  0  0.007439999999999891
g  7  6  -2.892397  -7.248678  -10.498113  -12.746609  -15.051663  -17.583453  -20.234095  -22.591808  -24.697061  -26.522826  -28.286325  -30.162881  -32.0546  -34.224468  -36.830017  -39.850457  -43.16471  -46.690378  -50.508988  -54.679699  -59.129372  -63.715396  0  0  0  0  0  0  0  0  0  0  0  0  0  0  0  0  0  0  0  0  0  0  0  0  0  0  0  0  0  0  0  0  0  0  0  0  0  0  0  0  0  0  0  0  0  0  0  0  0  0  0  0  0  0  0  0  0  0  0  0  0  0  0  0  0  -0.9213540000000009
h  7  6  -27.061834  -27.377763  -26.999438  -26.492106  -25.362378  -23.725202  -21.802594  -19.586799  -16.927749  -14.059128  -11.060695  -8.169169  -5.673142  -3.694558  -2.244761  -1.28814  -0.691872  -0.283759  0.110017  0.607877  1.274006  2.130694  0  0  0  0  0  0  0  0  0  0  0  0  0  0  0  0  0  0  0  0  0  0  0  0  0  0  0  0  0  0  0  0  0  0  0  0  0  0  0  0  0  0  0  0  0  0  0  0  0  0  0  0  0  0  0  0  0  0  0  0  0  0  0  0  0  0.18736700000000006
g  7  7  6.581547  9.69434  12.381985  14.701055  15.669341  14.775621  12.797503  10.008758  6.525628  2.096095  -3.730669  -11.141043  -19.949398  -29.679673  -39.804615  -49.913777  -59.482682  -68.086839  -75.506879  -81.483435  -85.850904  -88.597531  0  0  0  0  0  0  0  0  0  0  0  0  0  0  0  0  0  0  0  0  0  0  0  0  0  0  0  0  0  0  0  0  0  0  0  0  0  0  0  0  0  0  0  0  0  0  0  0  0  0  0  0  0  0  0  0  0  0  0  0  0  0  0  0  0  -0.41944999999999766
h  7  7  -2.118346  -1.871821  -1.267561  -1.349243  -1.918297  -2.736817  -3.885197  -5.448482  -7.614341  -10.577282  -14.027078  -17.644997  -21.145175  -24.08276  -26.090539  -26.834332  -26.024491  -23.520553  -19.322318  -13.69325  -7.068642  0.17957  0  0  0  0  0  0  0  0  0  0  0  0  0  0  0  0  0  0  0  0  0  0  0  0  0  0  0  0  0  0  0  0  0  0  0  0  0  0  0  0  0  0  0  0  0  0  0  0  0  0  0  0  0  0  0  0  0  0  0  0  0  0  0  0  0  1.483674
g  8  0  24.101179  23.81659  24.621947  26.001552  26.964671  27.173926  27.10298  27.100458  26.583505  25.777367  24.840433  23.874628  23.320046  23.348328  23.903013  24.715127  25.44689  25.953988  26.317936  26.636617  26.98489  27.479161  0  0  0  0  0  0  0  0  0  0  0  0  0  0  0  0  0  0  0  0  0  0  0  0  0  0  0  0  0  0  0  0  0  0  0  0  0  0  0  0  0  0  0  0  0  0  0  0  0  0  0  0  0  0  0  0  0  0  0  0  0  0  0  0  0  0.11819500000000005
g  8  1  8.794031  9.968151  13.264268  15.636493  17.156788  18.237067  19.349795  20.76939  22.269867  23.539344  24.250857  24.364174  24.082113  23.540517  22.705822  21.654286  20.554296  19.503804  18.603777  17.879724  17.278602  16.789062  0  0  0  0  0  0  0  0  0  0  0  0  0  0  0  0  0  0  0  0  0  0  0  0  0  0  0  0  0  0  0  0  0  0  0  0  0  0  0  0  0  0  0  0  0  0  0  0  0  0  0  0  0  0  0  0  0  0  0  0  0  0  0  0  0  -0.08794499999999772
h  8  1  9.993083  8.2335  5.413188  1.963327  -1.843703  -5.861738  -9.357692  -12.43568  -14.698606  -16.20152  -17.131211  -17.484519  -17.348052  -17.053468  -16.915163  -16.903507  -16.71014  -16.047544  -14.807674  -13.067549  -10.966304  -8.633637  0  0  0  0  0  0  0  0  0  0  0  0  0  0  0  0  0  0  0  0  0  0  0  0  0  0  0  0  0  0  0  0  0  0  0  0  0  0  0  0  0  0  0  0  0  0  0  0  0  0  0  0  0  0  0  0  0  0  0  0  0  0  0  0  0  0.4795859999999994
g  8  2  -16.904033  -17.558611  -18.674453  -18.526865  -18.286667  -18.49242  -18.28398  -17.650351  -16.776678  -15.955579  -15.06569  -14.203866  -13.709188  -13.501117  -13.413214  -13.424561  -13.567544  -13.77654  -13.941363  -13.995661  -13.867038  -13.534559  0  0  0  0  0  0  0  0  0  0  0  0  0  0  0  0  0  0  0  0  0  0  0  0  0  0  0  0  0  0  0  0  0  0  0  0  0  0  0  0  0  0  0  0  0  0  0  0  0  0  0  0  0  0  0  0  0  0  0  0  0  0  0  0  0  0.08015400000000028
h  8  2  -18.514658  -15.643324  -14.958696  -15.126464  -15.783937  -15.930875  -15.809709  -15.3606  -14.435685  -13.400856  -12.637681  -12.302064  -12.169412  -11.854429  -11.418767  -11.046332  -10.860321  -10.826777  -10.861065  -10.848116  -10.682403  -10.336267  0  0  0  0  0  0  0  0  0  0  0  0  0  0  0  0  0  0  0  0  0  0  0  0  0  0  0  0  0  0  0  0  0  0  0  0  0  0  0  0  0  0  0  0  0  0  0  0  0  0  0  0  0  0  0  0  0  0  0  0  0  0  0  0  0  0.08306400000000025
g  8  3  -3.506106  -0.380972  1.898916  4.321352  6.37016  7.859243  8.828989  9.297332  9.453125  9.383154  8.958559  7.92645  6.452618  4.6128  2.458926  0.239581  -1.681875  -2.999453  -3.685493  -3.900514  -3.785017  -3.474116  0  0  0  0  0  0  0  0  0  0  0  0  0  0  0  0  0  0  0  0  0  0  0  0  0  0  0  0  0  0  0  0  0  0  0  0  0  0  0  0  0  0  0  0  0  0  0  0  0  0  0  0  0  0  0  0  0  0  0  0  0  0  0  0  0  0.07052399999999981
h  8  3  13.139976  12.896125  14.458246  16.641751  19.352055  21.628914  22.943129  23.736187  24.111059  24.312456  24.223151  23.906317  23.551465  23.135562  22.769096  22.590549  22.645287  22.848463  23.114238  23.441548  23.865538  24.359393  0  0  0  0  0  0  0  0  0  0  0  0  0  0  0  0  0  0  0  0  0  0  0  0  0  0  0  0  0  0  0  0  0  0  0  0  0  0  0  0  0  0  0  0  0  0  0  0  0  0  0  0  0  0  0  0  0  0  0  0  0  0  0  0  0  0.10003599999999935
g  8  4  -20.761214  -21.143238  -23.311945  -24.86263  -25.207486  -25.125834  -24.603712  -23.829929  -22.933537  -21.622975  -20.377231  -19.441581  -18.620103  -18.000914  -17.613401  -17.447823  -17.579206  -17.99458  -18.74167  -19.850993  -21.252743  -22.851374  0  0  0  0  0  0  0  0  0  0  0  0  0  0  0  0  0  0  0  0  0  0  0  0  0  0  0  0  0  0  0  0  0  0  0  0  0  0  0  0  0  0  0  0  0  0  0  0  0  0  0  0  0  0  0  0  0  0  0  0  0  0  0  0  0  -0.33046500000000023
h  8  4  -14.552234  -11.699797  -10.860648  -9.975249  -9.154458  -8.48105  -7.714155  -7.023174  -6.162636  -5.071876  -3.941572  -2.75235  -1.49536  -0.171136  1.226639  2.617683  4.034368  5.555678  7.129482  8.743119  10.397764  12.12633  0  0  0  0  0  0  0  0  0  0  0  0  0  0  0  0  0  0  0  0  0  0  0  0  0  0  0  0  0  0  0  0  0  0  0  0  0  0  0  0  0  0  0  0  0  0  0  0  0  0  0  0  0  0  0  0  0  0  0  0  0  0  0  0  0  0.35511299999999935
g  8  5  13.337749  15.408905  17.090027  18.280864  19.100824  19.876687  20.949677  22.160162  23.37312  24.659877  25.949572  26.98328  27.54976  27.706199  27.492238  27.014469  26.518149  26.120606  25.797281  25.485246  25.055077  24.340653  0  0  0  0  0  0  0  0  0  0  0  0  0  0  0  0  0  0  0  0  0  0  0  0  0  0  0  0  0  0  0  0  0  0  0  0  0  0  0  0  0  0  0  0  0  0  0  0  0  0  0  0  0  0  0  0  0  0  0  0  0  0  0  0  0  -0.17104499999999945
h  8  5  15.803074  15.028989  13.123618  10.871063  8.373684  6.121628  4.190129  2.144481  0.195536  -1.550703  -3.145421  -4.665456  -6.062597  -7.268837  -8.182547  -8.704839  -8.866262  -8.816076  -8.664631  -8.460489  -8.216327  -7.916293  0  0  0  0  0  0  0  0  0  0  0  0  0  0  0  0  0  0  0  0  0  0  0  0  0  0  0  0  0  0  0  0  0  0  0  0  0  0  0  0  0  0  0  0  0  0  0  0  0  0  0  0  0  0  0  0  0  0  0  0  0  0  0  0  0  0.06396600000000063
g  8  6  11.650991  13.616852  12.80111  11.434225  9.663224  7.533071  5.375803  3.087791  0.601139  -1.524874  -3.007872  -3.745264  -3.561561  -2.393592  -0.296816  2.634242  6.194038  10.044208  13.896538  17.522999  20.707022  23.322414  0  0  0  0  0  0  0  0  0  0  0  0  0  0  0  0  0  0  0  0  0  0  0  0  0  0  0  0  0  0  0  0  0  0  0  0  0  0  0  0  0  0  0  0  0  0  0  0  0  0  0  0  0  0  0  0  0  0  0  0  0  0  0  0  0  0.4760119999999972
h  8  6  5.880729  3.933397  2.924968  2.185001  1.494025  1.595987  2.435337  3.900339  6.353755  9.749976  13.8087  18.444472  23.322533  28.011985  32.206991  35.757448  38.565697  40.596491  41.869193  42.350759  41.967499  40.698114  0  0  0  0  0  0  0  0  0  0  0  0  0  0  0  0  0  0  0  0  0  0  0  0  0  0  0  0  0  0  0  0  0  0  0  0  0  0  0  0  0  0  0  0  0  0  0  0  0  0  0  0  0  0  0  0  0  0  0  0  0  0  0  0  0  -0.3223640000000003
g  8  7  -16.01591  -16.610949  -16.902614  -17.68769  -18.690729  -19.540906  -20.444175  -21.261949  -21.847853  -22.047599  -22.032441  -21.726961  -21.064704  -20.068321  -18.666629  -16.895488  -14.92209  -12.955857  -11.132298  -9.48197  -7.98137  -6.631351  0  0  0  0  0  0  0  0  0  0  0  0  0  0  0  0  0  0  0  0  0  0  0  0  0  0  0  0  0  0  0  0  0  0  0  0  0  0  0  0  0  0  0  0  0  0  0  0  0  0  0  0  0  0  0  0  0  0  0  0  0  0  0  0  0  0.25366799999999934
h  8  7  -8.961883  -6.727996  -4.041499  -1.844188  -0.35575  0.872036  1.853664  2.578133  3.158806  3.658737  4.044435  4.284706  4.256673  3.879781  3.156365  2.049093  0.46712  -1.633607  -4.195224  -7.096623  -10.190059  -13.38133  0  0  0  0  0  0  0  0  0  0  0  0  0  0  0  0  0  0  0  0  0  0  0  0  0  0  0  0  0  0  0  0  0  0  0  0  0  0  0  0  0  0  0  0  0  0  0  0  0  0  0  0  0  0  0  0  0  0  0  0  0  0  0  0  0  -0.6443290000000008
g  8  8  -2.143571  -0.511769  1.341047  3.632076  5.706813  7.279719  7.971771  7.922449  7.441362  6.486139  4.928092  2.743675  -0.094537  -3.501503  -7.278315  -11.158659  -14.831676  -18.012229  -20.556843  -22.407623  -23.548665  -23.985252  0  0  0  0  0  0  0  0  0  0  0  0  0  0  0  0  0  0  0  0  0  0  0  0  0  0  0  0  0  0  0  0  0  0  0  0  0  0  0  0  0  0  0  0  0  0  0  0  0  0  0  0  0  0  0  0  0  0  0  0  0  0  0  0  0  -0.029685999999998103
h  8  8  2.073121  2.695204  0.963896  -1.688183  -5.032779  -8.606266  -11.899705  -14.946086  -17.832379  -20.749259  -23.667743  -26.419642  -28.933212  -31.187349  -33.158629  -34.712489  -35.669851  -35.852768  -35.148679  -33.522208  -31.051937  -27.931149  0  0  0  0  0  0  0  0  0  0  0  0  0  0  0  0  0  0  0  0  0  0  0  0  0  0  0  0  0  0  0  0  0  0  0  0  0  0  0  0  0  0  0  0  0  0  0  0  0  0  0  0  0  0  0  0  0  0  0  0  0  0  0  0  0  0.6623679999999972
g  9  0  5.391618  4.979734  4.148611  3.395709  2.796041  2.219879  1.814598  1.511074  1.240278  1.118296  1.111523  1.049551  0.812487  0.480124  0.297509  0.455887  1.026306  1.928791  2.976871  4.001646  4.881902  5.561761  0  0  0  0  0  0  0  0  0  0  0  0  0  0  0  0  0  0  0  0  0  0  0  0  0  0  0  0  0  0  0  0  0  0  0  0  0  0  0  0  0  0  0  0  0  0  0  0  0  0  0  0  0  0  0  0  0  0  0  0  0  0  0  0  0  0.11909999999999954
g  9  1  9.236565  8.56254  9.576767  10.590857  11.287532  11.431486  11.111038  10.603274  10.212326  9.926301  9.762112  9.799758  10.08507  10.526693  11.062361  11.682771  12.383615  13.117221  13.784382  14.312545  14.694058  14.99195  0  0  0  0  0  0  0  0  0  0  0  0  0  0  0  0  0  0  0  0  0  0  0  0  0  0  0  0  0  0  0  0  0  0  0  0  0  0  0  0  0  0  0  0  0  0  0  0  0  0  0  0  0  0  0  0  0  0  0  0  0  0  0  0  0  0.05769999999999875
h  9  1  -21.447958  -22.797892  -23.588502  -24.018658  -24.316831  -24.657229  -24.979653  -24.91365  -24.513444  -23.764968  -22.684256  -21.375973  -19.83336  -18.016206  -15.955152  -13.747638  -11.493132  -9.257965  -7.110065  -5.150223  -3.463107  -2.070643  0  0  0  0  0  0  0  0  0  0  0  0  0  0  0  0  0  0  0  0  0  0  0  0  0  0  0  0  0  0  0  0  0  0  0  0  0  0  0  0  0  0  0  0  0  0  0  0  0  0  0  0  0  0  0  0  0  0  0  0  0  0  0  0  0  0.2556829999999999
g  9  2  3.011807  2.804525  3.503113  4.424144  5.697467  6.925612  7.926406  9.067482  10.437363  11.886937  13.262434  14.399804  15.321487  16.062521  16.679972  17.223616  17.713938  18.140904  18.517317  18.886439  19.270855  19.639645  0  0  0  0  0  0  0  0  0  0  0  0  0  0  0  0  0  0  0  0  0  0  0  0  0  0  0  0  0  0  0  0  0  0  0  0  0  0  0  0  0  0  0  0  0  0  0  0  0  0  0  0  0  0  0  0  0  0  0  0  0  0  0  0  0  0.06989900000000304
h  9  2  10.626735  11.008489  11.339197  11.554882  11.279206  10.401234  9.222234  8.255038  7.399817  6.484944  5.554936  4.748533  4.216554  3.829555  3.375958  2.781376  1.988149  0.933613  -0.391035  -1.943076  -3.622868  -5.334949  0  0  0  0  0  0  0  0  0  0  0  0  0  0  0  0  0  0  0  0  0  0  0  0  0  0  0  0  0  0  0  0  0  0  0  0  0  0  0  0  0  0  0  0  0  0  0  0  0  0  0  0  0  0  0  0  0  0  0  0  0  0  0  0  0  -0.3411799999999996
g  9  3  -3.286682  -1.589003  -1.023387  -1.124621  -0.908329  -1.052904  -1.315148  -1.205091  -1.009653  -0.610774  0.015264  0.699913  1.359604  1.86254  2.154351  2.368479  2.632019  2.958084  3.296322  3.614411  3.909281  4.161649  0  0  0  0  0  0  0  0  0  0  0  0  0  0  0  0  0  0  0  0  0  0  0  0  0  0  0  0  0  0  0  0  0  0  0  0  0  0  0  0  0  0  0  0  0  0  0  0  0  0  0  0  0  0  0  0  0  0  0  0  0  0  0  0  0  0.045088999999999935
h  9  3  11.55187  10.007922  8.712811  8.244975  8.027011  7.810396  7.859604  8.086738  8.557196  9.35499  10.167806  10.798946  11.214069  11.421171  11.464358  11.431798  11.384834  11.40776  11.571437  11.908853  12.395361  12.962787  0  0  0  0  0  0  0  0  0  0  0  0  0  0  0  0  0  0  0  0  0  0  0  0  0  0  0  0  0  0  0  0  0  0  0  0  0  0  0  0  0  0  0  0  0  0  0  0  0  0  0  0  0  0  0  0  0  0  0  0  0  0  0  0  0  0.11629000000000111
g  9  4  0.964341  -1.077767  -2.189512  -3.19561  -3.903018  -4.491113  -5.085816  -5.743031  -6.328056  -6.799129  -7.170245  -7.392801  -7.401336  -7.179911  -6.663383  -5.877218  -4.932464  -3.890888  -2.803206  -1.710197  -0.597486  0.569755  0  0  0  0  0  0  0  0  0  0  0  0  0  0  0  0  0  0  0  0  0  0  0  0  0  0  0  0  0  0  0  0  0  0  0  0  0  0  0  0  0  0  0  0  0  0  0  0  0  0  0  0  0  0  0  0  0  0  0  0  0  0  0  0  0  0.238481
h  9  4  -6.658877  -5.239184  -4.545789  -3.740853  -3.043823  -2.438894  -1.958623  -1.497288  -0.883601  -0.029877  1.19958  2.96551  5.212173  7.679084  10.098608  12.218854  13.89484  15.082823  15.777135  16.018374  15.872991  15.463354  0  0  0  0  0  0  0  0  0  0  0  0  0  0  0  0  0  0  0  0  0  0  0  0  0  0  0  0  0  0  0  0  0  0  0  0  0  0  0  0  0  0  0  0  0  0  0  0  0  0  0  0  0  0  0  0  0  0  0  0  0  0  0  0  0  -0.09686400000000006
g  9  5  -13.467749  -13.305025  -13.617327  -13.89806  -13.61597  -13.011423  -12.598813  -12.185281  -11.850583  -11.615231  -11.258056  -10.781378  -10.274605  -9.777178  -9.388116  -9.177726  -9.073298  -9.021549  -9.02546  -9.09162  -9.212433  -9.411563  0  0  0  0  0  0  0  0  0  0  0  0  0  0  0  0  0  0  0  0  0  0  0  0  0  0  0  0  0  0  0  0  0  0  0  0  0  0  0  0  0  0  0  0  0  0  0  0  0  0  0  0  0  0  0  0  0  0  0  0  0  0  0  0  0  -0.04633299999999885
h  9  5  -7.03345  -6.683504  -7.032956  -7.135097  -7.057212  -7.212951  -7.184741  -7.063746  -7.054605  -7.014473  -6.945312  -6.979672  -7.183579  -7.495239  -7.860606  -8.179557  -8.341726  -8.335632  -8.233742  -8.085058  -7.934622  -7.794395  0  0  0  0  0  0  0  0  0  0  0  0  0  0  0  0  0  0  0  0  0  0  0  0  0  0  0  0  0  0  0  0  0  0  0  0  0  0  0  0  0  0  0  0  0  0  0  0  0  0  0  0  0  0  0  0  0  0  0  0  0  0  0  0  0  0.027592000000000283
g  9  6  -0.125923  0.94659  1.471402  1.682147  1.731037  1.802879  1.942411  1.972308  1.699275  1.191279  0.446524  -0.558877  -1.686354  -2.797926  -3.872736  -4.920485  -6.006029  -7.178516  -8.405437  -9.638333  -10.862472  -12.031056  0  0  0  0  0  0  0  0  0  0  0  0  0  0  0  0  0  0  0  0  0  0  0  0  0  0  0  0  0  0  0  0  0  0  0  0  0  0  0  0  0  0  0  0  0  0  0  0  0  0  0  0  0  0  0  0  0  0  0  0  0  0  0  0  0  -0.22533599999999865
h  9  6  7.95869  8.112388  8.505266  8.86772  8.906934  8.877216  8.50364  7.698035  6.632862  5.550238  4.566516  3.800949  3.307504  3.025299  2.936598  3.045584  3.325038  3.752844  4.287745  4.881621  5.456514  5.919471  0  0  0  0  0  0  0  0  0  0  0  0  0  0  0  0  0  0  0  0  0  0  0  0  0  0  0  0  0  0  0  0  0  0  0  0  0  0  0  0  0  0  0  0  0  0  0  0  0  0  0  0  0  0  0  0  0  0  0  0  0  0  0  0  0  0.08014600000000005
g  9  7  8.600942  8.788831  7.905877  6.944967  6.104114  5.117316  4.330233  3.556473  2.694687  1.850047  1.095811  0.502897  0.084455  -0.269217  -0.646943  -1.080528  -1.587518  -2.179832  -2.848183  -3.556887  -4.250131  -4.898768  0  0  0  0  0  0  0  0  0  0  0  0  0  0  0  0  0  0  0  0  0  0  0  0  0  0  0  0  0  0  0  0  0  0  0  0  0  0  0  0  0  0  0  0  0  0  0  0  0  0  0  0  0  0  0  0  0  0  0  0  0  0  0  0  0  -0.12774199999999958
h  9  7  1.041742  0.419894  -0.306171  -0.796387  -1.374023  -1.988525  -2.745114  -3.700921  -4.779915  -5.784636  -6.680255  -7.509184  -8.334222  -9.148987  -9.91157  -10.6018  -11.232743  -11.83092  -12.42284  -13.010682  -13.577961  -14.115778  0  0  0  0  0  0  0  0  0  0  0  0  0  0  0  0  0  0  0  0  0  0  0  0  0  0  0  0  0  0  0  0  0  0  0  0  0  0  0  0  0  0  0  0  0  0  0  0  0  0  0  0  0  0  0  0  0  0  0  0  0  0  0  0  0  -0.10407499999999992
g  9  8  -9.067661  -9.374913  -8.623026  -7.383672  -5.736105  -3.803496  -1.696678  0.565996  2.76362  4.764641  6.514456  8.030136  9.326084  10.405665  11.316027  12.068708  12.616107  12.887925  12.832186  12.446027  11.729091  10.672932  0  0  0  0  0  0  0  0  0  0  0  0  0  0  0  0  0  0  0  0  0  0  0  0  0  0  0  0  0  0  0  0  0  0  0  0  0  0  0  0  0  0  0  0  0  0  0  0  0  0  0  0  0  0  0  0  0  0  0  0  0  0  0  0  0  -0.23746900000000082
h  9  8  -4.290143  -1.507562  0.408121  1.555819  2.342828  2.928511  3.098968  2.941146  2.450432  1.630099  0.601474  -0.605262  -1.939024  -3.329337  -4.747833  -6.192812  -7.638857  -9.028836  -10.289866  -11.348235  -12.131078  -12.57107  0  0  0  0  0  0  0  0  0  0  0  0  0  0  0  0  0  0  0  0  0  0  0  0  0  0  0  0  0  0  0  0  0  0  0  0  0  0  0  0  0  0  0  0  0  0  0  0  0  0  0  0  0  0  0  0  0  0  0  0  0  0  0  0  0  -0.05835599999999985
g  9  9  -10.676996  -11.521606  -11.676717  -11.874637  -12.198756  -12.70422  -13.460507  -14.183754  -14.804118  -15.290372  -15.715776  -16.22817  -16.853888  -17.52477  -18.171331  -18.685496  -18.874399  -18.553925  -17.624579  -16.036289  -13.783631  -10.906206  0  0  0  0  0  0  0  0  0  0  0  0  0  0  0  0  0  0  0  0  0  0  0  0  0  0  0  0  0  0  0  0  0  0  0  0  0  0  0  0  0  0  0  0  0  0  0  0  0  0  0  0  0  0  0  0  0  0  0  0  0  0  0  0  0  0.6221180000000004
h  9  9  8.14302  9.752156  10.020538  10.194438  10.185963  10.029753  9.906013  9.801325  9.454568  8.686625  7.376711  5.618097  3.690861  1.968279  0.877649  0.770694  1.816315  3.942527  6.897312  10.367815  13.990917  17.390242  0  0  0  0  0  0  0  0  0  0  0  0  0  0  0  0  0  0  0  0  0  0  0  0  0  0  0  0  0  0  0  0  0  0  0  0  0  0  0  0  0  0  0  0  0  0  0  0  0  0  0  0  0  0  0  0  0  0  0  0  0  0  0  0  0  0.6449479999999994
g  10  0  -1.923509  -1.876054  -1.648596  -1.335509  -1.517361  -1.764048  -1.838052  -1.768047  -1.445512  -0.892165  -0.106402  0.879779  2.066046  3.335804  4.543142  5.594937  6.459433  7.127806  7.600397  7.909505  8.118364  8.295099  0  0  0  0  0  0  0  0  0  0  0  0  0  0  0  0  0  0  0  0  0  0  0  0  0  0  0  0  0  0  0  0  0  0  0  0  0  0  0  0  0  0  0  0  0  0  0  0  0  0  0  0  0  0  0  0  0  0  0  0  0  0  0  0  0  0.0359360000000013
g  10  1  -6.05554  -5.988741  -5.337776  -4.678443  -4.097994  -3.513206  -2.886371  -2.181666  -1.46519  -0.835151  -0.297036  0.111265  0.400089  0.631414  0.807171  0.890684  0.862632  0.734561  0.559242  0.404379  0.306071  0.290889  0  0  0  0  0  0  0  0  0  0  0  0  0  0  0  0  0  0  0  0  0  0  0  0  0  0  0  0  0  0  0  0  0  0  0  0  0  0  0  0  0  0  0  0  0  0  0  0  0  0  0  0  0  0  0  0  0  0  0  0  0  0  0  0  0  0.005628999999999995
h  10  1  3.269918  3.747072  4.339039  4.927498  5.473122  6.034775  6.754342  7.626116  8.670916  9.863854  11.168104  12.52308  13.7621  14.645522  14.985673  14.779718  14.149543  13.262136  12.259563  11.25724  10.343005  9.559574  0  0  0  0  0  0  0  0  0  0  0  0  0  0  0  0  0  0  0  0  0  0  0  0  0  0  0  0  0  0  0  0  0  0  0  0  0  0  0  0  0  0  0  0  0  0  0  0  0  0  0  0  0  0  0  0  0  0  0  0  0  0  0  0  0  -0.14558400000000127
g  10  2  0.214899  -0.25853  -1.30467  -2.119472  -2.823556  -3.336029  -3.566384  -3.424794  -2.970902  -2.220059  -1.228998  -0.131635  0.966068  2.03816  3.088777  4.099698  5.050169  5.888744  6.564543  7.054337  7.358424  7.509751  0  0  0  0  0  0  0  0  0  0  0  0  0  0  0  0  0  0  0  0  0  0  0  0  0  0  0  0  0  0  0  0  0  0  0  0  0  0  0  0  0  0  0  0  0  0  0  0  0  0  0  0  0  0  0  0  0  0  0  0  0  0  0  0  0  0.021094999999999864
h  10  2  -0.353168  -0.025835  0.310514  0.211312  -9.2e-05  0.053623  0.172856  0.24048  0.221055  0.12358  -0.080394  -0.332969  -0.487412  -0.391948  -0.040377  0.442838  0.916687  1.294535  1.527557  1.599236  1.540951  1.392498  0  0  0  0  0  0  0  0  0  0  0  0  0  0  0  0  0  0  0  0  0  0  0  0  0  0  0  0  0  0  0  0  0  0  0  0  0  0  0  0  0  0  0  0  0  0  0  0  0  0  0  0  0  0  0  0  0  0  0  0  0  0  0  0  0  -0.035063000000000066
g  10  3  0.491933  1.393064  1.691087  1.62258  1.72836  2.023241  2.261329  2.299267  2.186647  1.952092  1.621079  1.213969  0.761356  0.219768  -0.429894  -1.138601  -1.86051  -2.549098  -3.146783  -3.604269  -3.898554  -4.053225  0  0  0  0  0  0  0  0  0  0  0  0  0  0  0  0  0  0  0  0  0  0  0  0  0  0  0  0  0  0  0  0  0  0  0  0  0  0  0  0  0  0  0  0  0  0  0  0  0  0  0  0  0  0  0  0  0  0  0  0  0  0  0  0  0  -0.022410000000000707
h  10  3  4.802434  3.972674  4.505286  5.003778  5.435524  5.656218  5.692926  5.646914  5.668907  5.777367  6.027758  6.420085  6.850263  7.149437  7.239448  7.163427  6.987917  6.757032  6.519714  6.320739  6.18298  6.105803  0  0  0  0  0  0  0  0  0  0  0  0  0  0  0  0  0  0  0  0  0  0  0  0  0  0  0  0  0  0  0  0  0  0  0  0  0  0  0  0  0  0  0  0  0  0  0  0  0  0  0  0  0  0  0  0  0  0  0  0  0  0  0  0  0  -0.01116100000000042
g  10  4  -0.63642  -0.8553  -0.985817  -1.273458  -1.632616  -1.939055  -2.303956  -2.688556  -2.909518  -3.010869  -3.034977  -3.024612  -3.052595  -3.176915  -3.381807  -3.584688  -3.733791  -3.802618  -3.780101  -3.698555  -3.583738  -3.452513  0  0  0  0  0  0  0  0  0  0  0  0  0  0  0  0  0  0  0  0  0  0  0  0  0  0  0  0  0  0  0  0  0  0  0  0  0  0  0  0  0  0  0  0  0  0  0  0  0  0  0  0  0  0  0  0  0  0  0  0  0  0  0  0  0  0.025329999999999853
h  10  4  4.387298  4.747612  4.978135  5.110816  5.417989  5.746898  5.97973  6.195207  6.339005  6.394579  6.412373  6.352983  6.235657  6.156137  6.183781  6.287582  6.383057  6.430419  6.396784  6.276  6.10451  5.906014  0  0  0  0  0  0  0  0  0  0  0  0  0  0  0  0  0  0  0  0  0  0  0  0  0  0  0  0  0  0  0  0  0  0  0  0  0  0  0  0  0  0  0  0  0  0  0  0  0  0  0  0  0  0  0  0  0  0  0  0  0  0  0  0  0  -0.041868000000000016
g  10  5  1.78557  0.805201  -0.142884  -1.436552  -2.766766  -3.950286  -4.99625  -5.843333  -6.545078  -6.948804  -6.930486  -6.46398  -5.630036  -4.567454  -3.447532  -2.4477  -1.655366  -1.079394  -0.679452  -0.389728  -0.134792  0.120276  0  0  0  0  0  0  0  0  0  0  0  0  0  0  0  0  0  0  0  0  0  0  0  0  0  0  0  0  0  0  0  0  0  0  0  0  0  0  0  0  0  0  0  0  0  0  0  0  0  0  0  0  0  0  0  0  0  0  0  0  0  0  0  0  0  0.051118
h  10  5  -8.01504  -8.641399  -9.384751  -9.966997  -10.18446  -10.106653  -9.774764  -9.191819  -8.40427  -7.369453  -6.145167  -4.844055  -3.613751  -2.558582  -1.724978  -1.114701  -0.652373  -0.248064  0.13174  0.50173  0.869427  1.2454  0  0  0  0  0  0  0  0  0  0  0  0  0  0  0  0  0  0  0  0  0  0  0  0  0  0  0  0  0  0  0  0  0  0  0  0  0  0  0  0  0  0  0  0  0  0  0  0  0  0  0  0  0  0  0  0  0  0  0  0  0  0  0  0  0  0.07641200000000015
g  10  6  -0.765988  -0.965078  -0.627016  -0.478841  -0.648892  -0.932519  -1.216183  -1.478437  -1.689831  -1.807571  -1.873697  -1.942475  -2.036213  -2.183009  -2.375929  -2.559609  -2.709928  -2.83207  -2.915247  -2.959058  -2.977907  -2.985443  0  0  0  0  0  0  0  0  0  0  0  0  0  0  0  0  0  0  0  0  0  0  0  0  0  0  0  0  0  0  0  0  0  0  0  0  0  0  0  0  0  0  0  0  0  0  0  0  0  0  0  0  0  0  0  0  0  0  0  0  0  0  0  0  0  -0.0007719999999999949
h  10  6  -0.669224  0.12139  0.743322  1.269009  1.941284  2.780787  3.648277  4.524553  5.332668  5.979438  6.452557  6.764686  6.945596  7.014978  7.014817  6.958583  6.832655  6.633319  6.357566  6.032503  5.701047  5.391661  0  0  0  0  0  0  0  0  0  0  0  0  0  0  0  0  0  0  0  0  0  0  0  0  0  0  0  0  0  0  0  0  0  0  0  0  0  0  0  0  0  0  0  0  0  0  0  0  0  0  0  0  0  0  0  0  0  0  0  0  0  0  0  0  0  -0.05904899999999991
g  10  7  2.080909  1.856259  1.718907  1.569635  1.354257  1.190034  1.197827  1.281972  1.486801  1.771772  2.051208  2.323493  2.556479  2.620666  2.408901  1.936236  1.269529  0.506196  -0.242743  -0.893088  -1.398016  -1.727589  0  0  0  0  0  0  0  0  0  0  0  0  0  0  0  0  0  0  0  0  0  0  0  0  0  0  0  0  0  0  0  0  0  0  0  0  0  0  0  0  0  0  0  0  0  0  0  0  0  0  0  0  0  0  0  0  0  0  0  0  0  0  0  0  0  -0.05107100000000009
h  10  7  -4.227667  -4.341079  -4.736948  -4.868353  -5.074565  -5.375672  -5.638429  -5.930557  -6.190626  -6.474987  -6.783247  -7.090246  -7.431302  -7.828396  -8.237641  -8.571468  -8.744948  -8.711075  -8.504512  -8.212589  -7.914526  -7.646757  0  0  0  0  0  0  0  0  0  0  0  0  0  0  0  0  0  0  0  0  0  0  0  0  0  0  0  0  0  0  0  0  0  0  0  0  0  0  0  0  0  0  0  0  0  0  0  0  0  0  0  0  0  0  0  0  0  0  0  0  0  0  0  0  0  0.05114899999999967
g  10  8  2.296986  1.248621  0.400796  -0.278268  -0.9081  -1.453196  -1.994515  -2.685849  -3.400409  -4.061668  -4.633865  -4.99688  -5.08946  -4.925495  -4.526808  -3.945535  -3.266051  -2.566332  -1.891798  -1.249912  -0.651476  -0.13647  0  0  0  0  0  0  0  0  0  0  0  0  0  0  0  0  0  0  0  0  0  0  0  0  0  0  0  0  0  0  0  0  0  0  0  0  0  0  0  0  0  0  0  0  0  0  0  0  0  0  0  0  0  0  0  0  0  0  0  0  0  0  0  0  0  0.09328499999999998
h  10  8  -2.906751  -3.371186  -3.606453  -3.554783  -3.457365  -3.476612  -3.44076  -3.297201  -2.984097  -2.521973  -1.932156  -1.239759  -0.484751  0.336335  1.232393  2.141641  2.975434  3.667256  4.1716  4.451683  4.480501  4.257021  0  0  0  0  0  0  0  0  0  0  0  0  0  0  0  0  0  0  0  0  0  0  0  0  0  0  0  0  0  0  0  0  0  0  0  0  0  0  0  0  0  0  0  0  0  0  0  0  0  0  0  0  0  0  0  0  0  0  0  0  0  0  0  0  0  -0.06333199999999994
g  10  9  -1.737499  -2.55576  -2.950213  -3.011033  -3.039884  -3.096805  -3.00266  -2.741663  -2.396769  -1.994451  -1.527917  -0.938405  -0.228173  0.549121  1.323131  2.015507  2.589884  3.042892  3.354276  3.515023  3.528535  3.41178  0  0  0  0  0  0  0  0  0  0  0  0  0  0  0  0  0  0  0  0  0  0  0  0  0  0  0  0  0  0  0  0  0  0  0  0  0  0  0  0  0  0  0  0  0  0  0  0  0  0  0  0  0  0  0  0  0  0  0  0  0  0  0  0  0  -0.032029000000000085
h  10  9  -1.1643  -0.08609  0.654803  1.37531  2.217453  3.006921  3.728313  4.316216  4.717437  4.940721  4.971686  4.785116  4.375344  3.783468  3.085656  2.361887  1.685411  1.105887  0.646319  0.316941  0.120405  0.042658  0  0  0  0  0  0  0  0  0  0  0  0  0  0  0  0  0  0  0  0  0  0  0  0  0  0  0  0  0  0  0  0  0  0  0  0  0  0  0  0  0  0  0  0  0  0  0  0  0  0  0  0  0  0  0  0  0  0  0  0  0  0  0  0  0  -0.007559999999999997
g  10  10  -3.350329  -3.844598  -3.875559  -3.98374  -4.218493  -4.484991  -4.661371  -4.737031  -4.725422  -4.64345  -4.525365  -4.458272  -4.493718  -4.568721  -4.590527  -4.505255  -4.266015  -3.858867  -3.316199  -2.656943  -1.88433  -0.987084  0  0  0  0  0  0  0  0  0  0  0  0  0  0  0  0  0  0  0  0  0  0  0  0  0  0  0  0  0  0  0  0  0  0  0  0  0  0  0  0  0  0  0  0  0  0  0  0  0  0  0  0  0  0  0  0  0  0  0  0  0  0  0  0  0  0.19011199999999995
h  10  10  -8.657623  -8.852614  -9.25444  -9.483818  -9.53724  -9.44512  -9.193828  -8.788115  -8.331844  -7.864589  -7.379911  -6.818335  -6.062764  -5.027335  -3.68405  -2.074807  -0.307034  1.477831  3.129401  4.501241  5.473749  5.967644  0  0  0  0  0  0  0  0  0  0  0  0  0  0  0  0  0  0  0  0  0  0  0  0  0  0  0  0  0  0  0  0  0  0  0  0  0  0  0  0  0  0  0  0  0  0  0  0  0  0  0  0  0  0  0  0  0  0  0  0  0  0  0  0  0  0.058097000000000065
g  11  0  3.127998  3.028085  2.967239  2.792132  2.696286  2.676009  2.661023  2.639906  2.61647  2.603117  2.551278  2.41426  2.108651  1.601789  0.976567  0.331599  -0.277296  -0.820646  -1.278466  -1.652747  -1.954288  -2.205543  0  0  0  0  0  0  0  0  0  0  0  0  0  0  0  0  0  0  0  0  0  0  0  0  0  0  0  0  0  0  0  0  0  0  0  0  0  0  0  0  0  0  0  0  0  0  0  0  0  0  0  0  0  0  0  0  0  0  0  0  0  0  0  0  0  -0.04747900000000005
g  11  1  -1.349736  -1.3155  -1.11434  -0.943483  -0.865212  -0.98391  -1.145759  -1.219818  -1.268289  -1.318102  -1.372892  -1.417458  -1.431034  -1.422849  -1.409914  -1.435354  -1.5502  -1.771374  -2.089204  -2.471986  -2.873369  -3.241168  0  0  0  0  0  0  0  0  0  0  0  0  0  0  0  0  0  0  0  0  0  0  0  0  0  0  0  0  0  0  0  0  0  0  0  0  0  0  0  0  0  0  0  0  0  0  0  0  0  0  0  0  0  0  0  0  0  0  0  0  0  0  0  0  0  -0.06832500000000019
h  11  1  0.144004  0.083151  0.139786  0.310872  0.487057  0.653589  0.781429  0.898422  1.033852  1.183416  1.331539  1.449261  1.534792  1.639472  1.80195  1.966706  2.061786  2.060451  1.966311  1.799975  1.602858  1.429649  0  0  0  0  0  0  0  0  0  0  0  0  0  0  0  0  0  0  0  0  0  0  0  0  0  0  0  0  0  0  0  0  0  0  0  0  0  0  0  0  0  0  0  0  0  0  0  0  0  0  0  0  0  0  0  0  0  0  0  0  0  0  0  0  0  -0.030050000000000132
g  11  2  -2.339958  -2.581131  -2.420224  -2.121973  -1.859129  -1.577399  -1.324859  -1.060891  -0.74141  -0.341802  0.087267  0.481678  0.836132  1.105225  1.25668  1.281646  1.187176  0.995586  0.747251  0.489255  0.25239  0.069121  0  0  0  0  0  0  0  0  0  0  0  0  0  0  0  0  0  0  0  0  0  0  0  0  0  0  0  0  0  0  0  0  0  0  0  0  0  0  0  0  0  0  0  0  0  0  0  0  0  0  0  0  0  0  0  0  0  0  0  0  0  0  0  0  0  -0.030145999999999992
h  11  2  1.999929  2.545031  2.844602  2.832754  2.567589  2.124475  1.636854  1.277217  1.045565  0.882226  0.777367  0.79583  0.9378  1.146217  1.364362  1.527465  1.6025  1.581495  1.46518  1.265621  1.011584  0.734103  0  0  0  0  0  0  0  0  0  0  0  0  0  0  0  0  0  0  0  0  0  0  0  0  0  0  0  0  0  0  0  0  0  0  0  0  0  0  0  0  0  0  0  0  0  0  0  0  0  0  0  0  0  0  0  0  0  0  0  0  0  0  0  0  0  -0.056221000000000076
g  11  3  2.025851  2.223978  2.131216  1.846051  1.733333  1.671457  1.611443  1.604211  1.57634  1.519347  1.495542  1.476446  1.433907  1.410895  1.421594  1.432096  1.393096  1.269055  1.056426  0.765009  0.403578  -0.015254  0  0  0  0  0  0  0  0  0  0  0  0  0  0  0  0  0  0  0  0  0  0  0  0  0  0  0  0  0  0  0  0  0  0  0  0  0  0  0  0  0  0  0  0  0  0  0  0  0  0  0  0  0  0  0  0  0  0  0  0  0  0  0  0  0  -0.08784600000000001
h  11  3  -0.553717  -0.534035  -0.429753  -0.288837  -0.184985  -0.153199  -0.198364  -0.288924  -0.414152  -0.518126  -0.595263  -0.703568  -0.819831  -0.891149  -0.941416  -0.977767  -0.992968  -0.978716  -0.92891  -0.862877  -0.807532  -0.784158  0  0  0  0  0  0  0  0  0  0  0  0  0  0  0  0  0  0  0  0  0  0  0  0  0  0  0  0  0  0  0  0  0  0  0  0  0  0  0  0  0  0  0  0  0  0  0  0  0  0  0  0  0  0  0  0  0  0  0  0  0  0  0  0  0  0.001499000000000028
g  11  4  -0.597588  -0.903353  -1.056732  -1.145871  -1.179913  -1.141955  -1.116322  -1.06985  -0.995551  -0.859297  -0.711612  -0.608156  -0.540049  -0.521497  -0.538446  -0.549936  -0.506317  -0.361189  -0.098307  0.25953  0.667452  1.071597  0  0  0  0  0  0  0  0  0  0  0  0  0  0  0  0  0  0  0  0  0  0  0  0  0  0  0  0  0  0  0  0  0  0  0  0  0  0  0  0  0  0  0  0  0  0  0  0  0  0  0  0  0  0  0  0  0  0  0  0  0  0  0  0  0  0.0775849999999999
h  11  4  -1.117644  -0.327627  0.195425  0.781716  1.280788  1.840639  2.433677  2.96985  3.42638  3.76077  3.990102  4.176158  4.336172  4.450871  4.536429  4.621196  4.714521  4.809585  4.876967  4.887822  4.831781  4.707447  0  0  0  0  0  0  0  0  0  0  0  0  0  0  0  0  0  0  0  0  0  0  0  0  0  0  0  0  0  0  0  0  0  0  0  0  0  0  0  0  0  0  0  0  0  0  0  0  0  0  0  0  0  0  0  0  0  0  0  0  0  0  0  0  0  -0.030219999999999914
g  11  5  0.798046  0.291467  0.324277  0.32486  0.347334  0.383677  0.347755  0.295087  0.242664  0.206511  0.245145  0.373415  0.536078  0.719547  0.89161  0.997565  1.029631  1.014752  0.977792  0.935773  0.905871  0.887797  0  0  0  0  0  0  0  0  0  0  0  0  0  0  0  0  0  0  0  0  0  0  0  0  0  0  0  0  0  0  0  0  0  0  0  0  0  0  0  0  0  0  0  0  0  0  0  0  0  0  0  0  0  0  0  0  0  0  0  0  0  0  0  0  0  -0.003563000000000094
h  11  5  0.70581  0.703567  0.411938  0.196066  -0.000473  -0.222106  -0.399781  -0.553154  -0.771118  -0.97188  -1.107273  -1.218497  -1.331475  -1.469811  -1.642647  -1.807719  -1.914373  -1.938793  -1.894752  -1.797189  -1.660947  -1.511104  0  0  0  0  0  0  0  0  0  0  0  0  0  0  0  0  0  0  0  0  0  0  0  0  0  0  0  0  0  0  0  0  0  0  0  0  0  0  0  0  0  0  0  0  0  0  0  0  0  0  0  0  0  0  0  0  0  0  0  0  0  0  0  0  0  0.030011999999999928
g  11  6  -0.784683  -0.812924  -1.04251  -1.383192  -1.640539  -1.820471  -1.966697  -2.156806  -2.383804  -2.57894  -2.734235  -2.892687  -3.095534  -3.325758  -3.538713  -3.701956  -3.792102  -3.807423  -3.771827  -3.716955  -3.670593  -3.656633  0  0  0  0  0  0  0  0  0  0  0  0  0  0  0  0  0  0  0  0  0  0  0  0  0  0  0  0  0  0  0  0  0  0  0  0  0  0  0  0  0  0  0  0  0  0  0  0  0  0  0  0  0  0  0  0  0  0  0  0  0  0  0  0  0  -0.00013299999999993872
h  11  6  -0.124977  -0.144183  0.194708  0.520347  0.716225  0.848376  0.974868  1.093941  1.219997  1.339157  1.434629  1.515362  1.588511  1.65851  1.73858  1.842759  1.970638  2.101506  2.212594  2.299685  2.374132  2.456961  0  0  0  0  0  0  0  0  0  0  0  0  0  0  0  0  0  0  0  0  0  0  0  0  0  0  0  0  0  0  0  0  0  0  0  0  0  0  0  0  0  0  0  0  0  0  0  0  0  0  0  0  0  0  0  0  0  0  0  0  0  0  0  0  0  0.01802400000000004
g  11  7  0.023328  -0.094597  -0.094893  0.103214  0.278208  0.408799  0.588886  0.794691  0.971366  1.09371  1.158874  1.167975  1.154384  1.148464  1.159058  1.165665  1.13772  1.05814  0.919118  0.731325  0.518057  0.303039  0  0  0  0  0  0  0  0  0  0  0  0  0  0  0  0  0  0  0  0  0  0  0  0  0  0  0  0  0  0  0  0  0  0  0  0  0  0  0  0  0  0  0  0  0  0  0  0  0  0  0  0  0  0  0  0  0  0  0  0  0  0  0  0  0  -0.04211799999999999
h  11  7  -2.045163  -1.663404  -1.309952  -1.014543  -0.753346  -0.534944  -0.371558  -0.308759  -0.287454  -0.260411  -0.200287  -0.082028  0.087679  0.256096  0.359573  0.365867  0.287875  0.151458  -0.018652  -0.19109  -0.336519  -0.425918  0  0  0  0  0  0  0  0  0  0  0  0  0  0  0  0  0  0  0  0  0  0  0  0  0  0  0  0  0  0  0  0  0  0  0  0  0  0  0  0  0  0  0  0  0  0  0  0  0  0  0  0  0  0  0  0  0  0  0  0  0  0  0  0  0  -0.012058000000000013
g  11  8  1.781756  1.39218  1.406268  1.4061  1.47861  1.650139  1.904766  2.188144  2.482031  2.724813  2.840501  2.770244  2.498973  2.053681  1.502497  0.921371  0.364497  -0.128433  -0.530989  -0.829701  -1.02845  -1.14827  0  0  0  0  0  0  0  0  0  0  0  0  0  0  0  0  0  0  0  0  0  0  0  0  0  0  0  0  0  0  0  0  0  0  0  0  0  0  0  0  0  0  0  0  0  0  0  0  0  0  0  0  0  0  0  0  0  0  0  0  0  0  0  0  0  -0.019212000000000007
h  11  8  -1.305539  -1.624712  -1.698942  -1.6884  -1.632528  -1.581073  -1.51193  -1.443569  -1.431978  -1.549249  -1.820833  -2.205103  -2.615611  -2.948427  -3.136797  -3.17009  -3.079624  -2.914512  -2.726573  -2.55703  -2.425123  -2.329562  0  0  0  0  0  0  0  0  0  0  0  0  0  0  0  0  0  0  0  0  0  0  0  0  0  0  0  0  0  0  0  0  0  0  0  0  0  0  0  0  0  0  0  0  0  0  0  0  0  0  0  0  0  0  0  0  0  0  0  0  0  0  0  0  0  0.016737000000000002
g  11  9  -0.147968  -0.689363  -1.130766  -1.555376  -1.895248  -2.112934  -2.257934  -2.335563  -2.368271  -2.339205  -2.243868  -2.089943  -1.882294  -1.629122  -1.354748  -1.09087  -0.858632  -0.671514  -0.530855  -0.419165  -0.312256  -0.18448  0  0  0  0  0  0  0  0  0  0  0  0  0  0  0  0  0  0  0  0  0  0  0  0  0  0  0  0  0  0  0  0  0  0  0  0  0  0  0  0  0  0  0  0  0  0  0  0  0  0  0  0  0  0  0  0  0  0  0  0  0  0  0  0  0  0.028072999999999987
h  11  9  -2.492208  -3.068398  -3.381773  -3.534422  -3.617214  -3.653471  -3.655727  -3.590649  -3.436895  -3.199252  -2.898953  -2.541178  -2.131247  -1.727748  -1.41519  -1.225475  -1.151803  -1.169315  -1.246878  -1.363077  -1.496412  -1.632284  0  0  0  0  0  0  0  0  0  0  0  0  0  0  0  0  0  0  0  0  0  0  0  0  0  0  0  0  0  0  0  0  0  0  0  0  0  0  0  0  0  0  0  0  0  0  0  0  0  0  0  0  0  0  0  0  0  0  0  0  0  0  0  0  0  -0.027136999999999967
g  11  10  0.477693  0.252397  0.104656  -0.00758  -0.107332  -0.174434  -0.205492  -0.197099  -0.157843  -0.077903  0.059115  0.260798  0.514129  0.781098  1.048735  1.291566  1.465805  1.527829  1.449179  1.23398  0.906668  0.491371  0  0  0  0  0  0  0  0  0  0  0  0  0  0  0  0  0  0  0  0  0  0  0  0  0  0  0  0  0  0  0  0  0  0  0  0  0  0  0  0  0  0  0  0  0  0  0  0  0  0  0  0  0  0  0  0  0  0  0  0  0  0  0  0  0  -0.08887900000000004
h  11  10  -2.048534  -1.942672  -1.868968  -1.668156  -1.474141  -1.308744  -1.144931  -1.0373  -0.978122  -0.943048  -0.890482  -0.805043  -0.687344  -0.541845  -0.385796  -0.263834  -0.212398  -0.238212  -0.328305  -0.455434  -0.605946  -0.773602  0  0  0  0  0  0  0  0  0  0  0  0  0  0  0  0  0  0  0  0  0  0  0  0  0  0  0  0  0  0  0  0  0  0  0  0  0  0  0  0  0  0  0  0  0  0  0  0  0  0  0  0  0  0  0  0  0  0  0  0  0  0  0  0  0  -0.034228000000000036
g  11  11  3.683363  3.112169  3.089649  2.947466  2.582583  2.086244  1.59896  1.161779  0.788885  0.515703  0.335957  0.186755  0.014526  -0.189161  -0.418987  -0.664848  -0.894542  -1.067641  -1.151855  -1.128753  -0.991356  -0.746601  0  0  0  0  0  0  0  0  0  0  0  0  0  0  0  0  0  0  0  0  0  0  0  0  0  0  0  0  0  0  0  0  0  0  0  0  0  0  0  0  0  0  0  0  0  0  0  0  0  0  0  0  0  0  0  0  0  0  0  0  0  0  0  0  0  0.056400000000000006
h  11  11  -2.258548  -2.671616  -2.8208  -3.113085  -3.409843  -3.56886  -3.588387  -3.524973  -3.435944  -3.352729  -3.297609  -3.259655  -3.207897  -3.105537  -2.925252  -2.642613  -2.252862  -1.785887  -1.29199  -0.824519  -0.434147  -0.161263  0  0  0  0  0  0  0  0  0  0  0  0  0  0  0  0  0  0  0  0  0  0  0  0  0  0  0  0  0  0  0  0  0  0  0  0  0  0  0  0  0  0  0  0  0  0  0  0  0  0  0  0  0  0  0  0  0  0  0  0  0  0  0  0  0  0.043522000000000005
g  12  0  -1.94103  -1.884768  -1.737523  -1.601733  -1.549774  -1.512614  -1.39664  -1.234193  -1.023977  -0.760999  -0.462604  -0.145172  0.175758  0.482628  0.742886  0.914726  0.981569  0.973588  0.941049  0.925204  0.95051  1.010516  0  0  0  0  0  0  0  0  0  0  0  0  0  0  0  0  0  0  0  0  0  0  0  0  0  0  0  0  0  0  0  0  0  0  0  0  0  0  0  0  0  0  0  0  0  0  0  0  0  0  0  0  0  0  0  0  0  0  0  0  0  0  0  0  0  0.013649000000000022
g  12  1  0.037084  -0.129617  -0.1971  -0.246727  -0.295943  -0.333746  -0.344448  -0.329554  -0.312105  -0.315188  -0.354921  -0.430536  -0.54337  -0.661091  -0.742813  -0.775435  -0.757278  -0.691703  -0.588425  -0.458872  -0.319668  -0.192634  0  0  0  0  0  0  0  0  0  0  0  0  0  0  0  0  0  0  0  0  0  0  0  0  0  0  0  0  0  0  0  0  0  0  0  0  0  0  0  0  0  0  0  0  0  0  0  0  0  0  0  0  0  0  0  0  0  0  0  0  0  0  0  0  0  0.023511000000000004
h  12  1  -0.866795  -0.972422  -0.951444  -0.880656  -0.807077  -0.726107  -0.594906  -0.436715  -0.296801  -0.193235  -0.097656  -0.017843  0.044204  0.084718  0.078307  0.021782  -0.06689  -0.172074  -0.281474  -0.383967  -0.474642  -0.553321  0  0  0  0  0  0  0  0  0  0  0  0  0  0  0  0  0  0  0  0  0  0  0  0  0  0  0  0  0  0  0  0  0  0  0  0  0  0  0  0  0  0  0  0  0  0  0  0  0  0  0  0  0  0  0  0  0  0  0  0  0  0  0  0  0  -0.014681999999999973
g  12  2  0.533078  0.366153  0.301199  0.204923  0.06156  -0.118123  -0.299116  -0.476003  -0.644897  -0.782045  -0.858134  -0.867568  -0.834955  -0.779164  -0.727938  -0.723414  -0.78909  -0.921222  -1.102173  -1.304585  -1.502002  -1.665826  0  0  0  0  0  0  0  0  0  0  0  0  0  0  0  0  0  0  0  0  0  0  0  0  0  0  0  0  0  0  0  0  0  0  0  0  0  0  0  0  0  0  0  0  0  0  0  0  0  0  0  0  0  0  0  0  0  0  0  0  0  0  0  0  0  -0.02843400000000007
h  12  2  0.245697  0.71736  0.887428  0.908374  0.830631  0.700116  0.515717  0.326444  0.150685  0.00064  -0.103545  -0.188303  -0.257144  -0.268689  -0.204303  -0.067483  0.123188  0.339534  0.553573  0.739004  0.873693  0.952788  0  0  0  0  0  0  0  0  0  0  0  0  0  0  0  0  0  0  0  0  0  0  0  0  0  0  0  0  0  0  0  0  0  0  0  0  0  0  0  0  0  0  0  0  0  0  0  0  0  0  0  0  0  0  0  0  0  0  0  0  0  0  0  0  0  0.011746999999999952
g  12  3  1.164752  1.433583  1.360207  1.259131  1.178504  1.127527  1.024283  0.852581  0.600366  0.285275  -0.055818  -0.352609  -0.55541  -0.653424  -0.651988  -0.576453  -0.45066  -0.304461  -0.168307  -0.058303  0.01766  0.059471  0  0  0  0  0  0  0  0  0  0  0  0  0  0  0  0  0  0  0  0  0  0  0  0  0  0  0  0  0  0  0  0  0  0  0  0  0  0  0  0  0  0  0  0  0  0  0  0  0  0  0  0  0  0  0  0  0  0  0  0  0  0  0  0  0  0.005923000000000005
h  12  3  1.785106  1.479939  1.50035  1.547102  1.53356  1.464324  1.317851  1.128695  0.917558  0.686637  0.480118  0.331186  0.246126  0.185813  0.110083  0.005417  -0.12908  -0.293035  -0.477366  -0.668293  -0.846623  -0.990941  0  0  0  0  0  0  0  0  0  0  0  0  0  0  0  0  0  0  0  0  0  0  0  0  0  0  0  0  0  0  0  0  0  0  0  0  0  0  0  0  0  0  0  0  0  0  0  0  0  0  0  0  0  0  0  0  0  0  0  0  0  0  0  0  0  -0.02499499999999999
g  12  4  -0.857629  -1.057521  -1.140169  -1.223866  -1.288779  -1.362475  -1.530123  -1.761486  -1.966517  -2.129596  -2.250861  -2.317593  -2.345727  -2.341544  -2.29976  -2.219126  -2.105612  -1.974466  -1.846728  -1.73868  -1.661631  -1.619853  0  0  0  0  0  0  0  0  0  0  0  0  0  0  0  0  0  0  0  0  0  0  0  0  0  0  0  0  0  0  0  0  0  0  0  0  0  0  0  0  0  0  0  0  0  0  0  0  0  0  0  0  0  0  0  0  0  0  0  0  0  0  0  0  0  0.005373000000000072
h  12  4  -2.342661  -1.860016  -1.717062  -1.587988  -1.363552  -1.061293  -0.738614  -0.378794  0.002096  0.365376  0.714866  1.028684  1.2689  1.437409  1.552777  1.645203  1.739514  1.841681  1.943967  2.027729  2.075661  2.077206  0  0  0  0  0  0  0  0  0  0  0  0  0  0  0  0  0  0  0  0  0  0  0  0  0  0  0  0  0  0  0  0  0  0  0  0  0  0  0  0  0  0  0  0  0  0  0  0  0  0  0  0  0  0  0  0  0  0  0  0  0  0  0  0  0  -0.0038770000000001303
g  12  5  0.844564  0.663654  0.55357  0.424616  0.306536  0.21843  0.17327  0.167565  0.177217  0.181804  0.175256  0.168709  0.167313  0.176508  0.195288  0.207724  0.197473  0.158318  0.102666  0.050546  0.021899  0.023665  0  0  0  0  0  0  0  0  0  0  0  0  0  0  0  0  0  0  0  0  0  0  0  0  0  0  0  0  0  0  0  0  0  0  0  0  0  0  0  0  0  0  0  0  0  0  0  0  0  0  0  0  0  0  0  0  0  0  0  0  0  0  0  0  0  0.0025369999999999976
h  12  5  0.214383  0.104389  -0.107571  -0.271438  -0.356795  -0.440674  -0.52291  -0.59777  -0.672396  -0.705552  -0.691892  -0.650605  -0.608032  -0.581259  -0.579557  -0.609371  -0.660677  -0.712392  -0.743789  -0.736644  -0.6831  -0.591596  0  0  0  0  0  0  0  0  0  0  0  0  0  0  0  0  0  0  0  0  0  0  0  0  0  0  0  0  0  0  0  0  0  0  0  0  0  0  0  0  0  0  0  0  0  0  0  0  0  0  0  0  0  0  0  0  0  0  0  0  0  0  0  0  0  0.020669999999999966
g  12  6  0.060554  0.288269  0.665703  0.970333  1.119328  1.155395  1.172055  1.154569  1.118251  1.043868  0.936555  0.827235  0.71743  0.605128  0.485492  0.365294  0.268593  0.200475  0.155748  0.129396  0.114982  0.104632  0  0  0  0  0  0  0  0  0  0  0  0  0  0  0  0  0  0  0  0  0  0  0  0  0  0  0  0  0  0  0  0  0  0  0  0  0  0  0  0  0  0  0  0  0  0  0  0  0  0  0  0  0  0  0  0  0  0  0  0  0  0  0  0  0  -0.0019259999999999972
h  12  6  0.537786  0.76418  0.813852  0.852094  0.885114  0.907365  0.88027  0.853113  0.807459  0.699685  0.535131  0.326883  0.081652  -0.19057  -0.467749  -0.704151  -0.866155  -0.944374  -0.943209  -0.878059  -0.772828  -0.648088  0  0  0  0  0  0  0  0  0  0  0  0  0  0  0  0  0  0  0  0  0  0  0  0  0  0  0  0  0  0  0  0  0  0  0  0  0  0  0  0  0  0  0  0  0  0  0  0  0  0  0  0  0  0  0  0  0  0  0  0  0  0  0  0  0  0.02564299999999997
g  12  7  0.568726  0.557603  0.445951  0.400583  0.310295  0.165764  0.021249  -0.130205  -0.284136  -0.458539  -0.654678  -0.83441  -0.952933  -0.988025  -0.939128  -0.831817  -0.709449  -0.611017  -0.552804  -0.52893  -0.527233  -0.539477  0  0  0  0  0  0  0  0  0  0  0  0  0  0  0  0  0  0  0  0  0  0  0  0  0  0  0  0  0  0  0  0  0  0  0  0  0  0  0  0  0  0  0  0  0  0  0  0  0  0  0  0  0  0  0  0  0  0  0  0  0  0  0  0  0  -0.003269999999999995
h  12  7  -0.056215  -0.119118  -0.222882  -0.292338  -0.263352  -0.257125  -0.287619  -0.293312  -0.220235  -0.078704  0.130814  0.400009  0.687994  0.939521  1.110348  1.173432  1.12121  0.973817  0.759981  0.512666  0.264734  0.044641  0  0  0  0  0  0  0  0  0  0  0  0  0  0  0  0  0  0  0  0  0  0  0  0  0  0  0  0  0  0  0  0  0  0  0  0  0  0  0  0  0  0  0  0  0  0  0  0  0  0  0  0  0  0  0  0  0  0  0  0  0  0  0  0  0  -0.040567000000000006
g  12  8  -0.428042  -0.219314  -0.124258  -0.025818  0.103931  0.210505  0.315936  0.408386  0.518291  0.62902  0.713298  0.777718  0.822461  0.830024  0.799509  0.755641  0.714865  0.683701  0.664602  0.656792  0.657042  0.663402  0  0  0  0  0  0  0  0  0  0  0  0  0  0  0  0  0  0  0  0  0  0  0  0  0  0  0  0  0  0  0  0  0  0  0  0  0  0  0  0  0  0  0  0  0  0  0  0  0  0  0  0  0  0  0  0  0  0  0  0  0  0  0  0  0  0.0016730000000000356
h  12  8  0.216796  0.533055  0.575784  0.623576  0.708424  0.774876  0.783635  0.787861  0.791934  0.789243  0.779305  0.761375  0.710981  0.624574  0.523932  0.418776  0.310921  0.203943  0.093464  -0.019842  -0.125845  -0.21631  0  0  0  0  0  0  0  0  0  0  0  0  0  0  0  0  0  0  0  0  0  0  0  0  0  0  0  0  0  0  0  0  0  0  0  0  0  0  0  0  0  0  0  0  0  0  0  0  0  0  0  0  0  0  0  0  0  0  0  0  0  0  0  0  0  -0.016858000000000012
g  12  9  -0.268238  -0.240884  -0.097771  0.07611  0.257108  0.434793  0.598272  0.744399  0.843041  0.898099  0.907655  0.868787  0.801134  0.723  0.649407  0.594115  0.554292  0.53262  0.53749  0.576571  0.655441  0.776962  0  0  0  0  0  0  0  0  0  0  0  0  0  0  0  0  0  0  0  0  0  0  0  0  0  0  0  0  0  0  0  0  0  0  0  0  0  0  0  0  0  0  0  0  0  0  0  0  0  0  0  0  0  0  0  0  0  0  0  0  0  0  0  0  0  0.027649000000000035
h  12  9  0.137503  0.177793  0.322234  0.411685  0.450224  0.4612  0.446082  0.401203  0.338334  0.263336  0.190205  0.135452  0.11739  0.133005  0.171752  0.219657  0.266803  0.312955  0.356495  0.394144  0.421392  0.430523  0  0  0  0  0  0  0  0  0  0  0  0  0  0  0  0  0  0  0  0  0  0  0  0  0  0  0  0  0  0  0  0  0  0  0  0  0  0  0  0  0  0  0  0  0  0  0  0  0  0  0  0  0  0  0  0  0  0  0  0  0  0  0  0  0  -0.00010500000000002174
g  12  10  0.188033  0.137217  0.059332  -0.070097  -0.159792  -0.206169  -0.219836  -0.198442  -0.166038  -0.123872  -0.070066  -0.004376  0.062993  0.114947  0.133033  0.114822  0.078515  0.043272  0.024467  0.035096  0.083987  0.167135  0  0  0  0  0  0  0  0  0  0  0  0  0  0  0  0  0  0  0  0  0  0  0  0  0  0  0  0  0  0  0  0  0  0  0  0  0  0  0  0  0  0  0  0  0  0  0  0  0  0  0  0  0  0  0  0  0  0  0  0  0  0  0  0  0  0.018456
h  12  10  -0.900971  -0.851826  -0.929633  -0.935259  -0.90069  -0.86275  -0.800596  -0.704785  -0.608094  -0.525327  -0.452383  -0.385935  -0.334187  -0.31248  -0.313155  -0.313972  -0.299387  -0.261771  -0.202526  -0.127702  -0.046146  0.02713  0  0  0  0  0  0  0  0  0  0  0  0  0  0  0  0  0  0  0  0  0  0  0  0  0  0  0  0  0  0  0  0  0  0  0  0  0  0  0  0  0  0  0  0  0  0  0  0  0  0  0  0  0  0  0  0  0  0  0  0  0  0  0  0  0  0.013182000000000001
g  12  11  -0.903316  -1.034244  -1.048714  -1.005864  -0.889195  -0.703349  -0.507339  -0.342399  -0.216632  -0.136989  -0.102736  -0.097209  -0.117475  -0.176836  -0.277348  -0.415317  -0.596409  -0.829617  -1.109644  -1.413651  -1.715296  -1.994301  0  0  0  0  0  0  0  0  0  0  0  0  0  0  0  0  0  0  0  0  0  0  0  0  0  0  0  0  0  0  0  0  0  0  0  0  0  0  0  0  0  0  0  0  0  0  0  0  0  0  0  0  0  0  0  0  0  0  0  0  0  0  0  0  0  -0.05337700000000001
h  12  11  -0.029913  0.013043  0.27784  0.451452  0.498992  0.453515  0.311799  0.087762  -0.177935  -0.436956  -0.657311  -0.822526  -0.943319  -1.03087  -1.09065  -1.127911  -1.145113  -1.134826  -1.08313  -0.976912  -0.81525  -0.60562  0  0  0  0  0  0  0  0  0  0  0  0  0  0  0  0  0  0  0  0  0  0  0  0  0  0  0  0  0  0  0  0  0  0  0  0  0  0  0  0  0  0  0  0  0  0  0  0  0  0  0  0  0  0  0  0  0  0  0  0  0  0  0  0  0  0.045365999999999906
g  12  12  -0.028284  -0.277026  -0.168477  0.011798  0.162303  0.275856  0.366705  0.458118  0.586399  0.767716  0.970531  1.135562  1.210634  1.18563  1.073361  0.913233  0.768955  0.700348  0.73896  0.885442  1.117797  1.403999  0  0  0  0  0  0  0  0  0  0  0  0  0  0  0  0  0  0  0  0  0  0  0  0  0  0  0  0  0  0  0  0  0  0  0  0  0  0  0  0  0  0  0  0  0  0  0  0  0  0  0  0  0  0  0  0  0  0  0  0  0  0  0  0  0  0.05961900000000009
h  12  12  0.766509  0.53225  0.657738  0.704516  0.729838  0.803467  0.921144  1.077538  1.273085  1.469017  1.629246  1.743699  1.834938  1.935199  2.074377  2.260569  2.463571  2.623074  2.672388  2.570504  2.305234  1.888583  0  0  0  0  0  0  0  0  0  0  0  0  0  0  0  0  0  0  0  0  0  0  0  0  0  0  0  0  0  0  0  0  0  0  0  0  0  0  0  0  0  0  0  0  0  0  0  0  0  0  0  0  0  0  0  0  0  0  0  0  0  0  0  0  0  -0.09404100000000004
g  13  0  -0.084264  -0.01844  0.062483  0.125546  0.214115  0.327554  0.430645  0.497314  0.530641  0.519175  0.463528  0.383462  0.284774  0.17113  0.057685  -0.038395  -0.110295  -0.158664  -0.193304  -0.229152  -0.276633  -0.337975  0  0  0  0  0  0  0  0  0  0  0  0  0  0  0  0  0  0  0  0  0  0  0  0  0  0  0  0  0  0  0  0  0  0  0  0  0  0  0  0  0  0  0  0  0  0  0  0  0  0  0  0  0  0  0  0  0  0  0  0  0  0  0  0  0  -0.013266
g  13  1  -0.820082  -0.911455  -0.967066  -1.000296  -1.038441  -1.102349  -1.155206  -1.17046  -1.15431  -1.125051  -1.077591  -1.010028  -0.923041  -0.818949  -0.698213  -0.570363  -0.451365  -0.353151  -0.278978  -0.222573  -0.1728  -0.12471  0  0  0  0  0  0  0  0  0  0  0  0  0  0  0  0  0  0  0  0  0  0  0  0  0  0  0  0  0  0  0  0  0  0  0  0  0  0  0  0  0  0  0  0  0  0  0  0  0  0  0  0  0  0  0  0  0  0  0  0  0  0  0  0  0  0.00934900000000001
h  13  1  -0.781804  -0.907134  -0.939628  -0.930201  -0.900825  -0.863763  -0.819014  -0.779096  -0.742386  -0.720146  -0.715323  -0.734389  -0.774306  -0.810869  -0.816342  -0.786536  -0.737576  -0.687687  -0.640173  -0.590013  -0.530487  -0.453121  0  0  0  0  0  0  0  0  0  0  0  0  0  0  0  0  0  0  0  0  0  0  0  0  0  0  0  0  0  0  0  0  0  0  0  0  0  0  0  0  0  0  0  0  0  0  0  0  0  0  0  0  0  0  0  0  0  0  0  0  0  0  0  0  0  0.01730100000000001
g  13  2  0.439201  0.516612  0.556654  0.57531  0.594642  0.639029  0.681327  0.697374  0.696508  0.684658  0.653978  0.605881  0.536848  0.447423  0.343902  0.23207  0.113856  -0.008346  -0.132229  -0.254972  -0.371348  -0.473441  0  0  0  0  0  0  0  0  0  0  0  0  0  0  0  0  0  0  0  0  0  0  0  0  0  0  0  0  0  0  0  0  0  0  0  0  0  0  0  0  0  0  0  0  0  0  0  0  0  0  0  0  0  0  0  0  0  0  0  0  0  0  0  0  0  -0.018801999999999985
h  13  2  0.346537  0.604494  0.585235  0.530401  0.438528  0.346412  0.281361  0.259876  0.283104  0.329309  0.383424  0.438312  0.471439  0.455992  0.384602  0.265917  0.119072  -0.03101  -0.160859  -0.252149  -0.298257  -0.307298  0  0  0  0  0  0  0  0  0  0  0  0  0  0  0  0  0  0  0  0  0  0  0  0  0  0  0  0  0  0  0  0  0  0  0  0  0  0  0  0  0  0  0  0  0  0  0  0  0  0  0  0  0  0  0  0  0  0  0  0  0  0  0  0  0  0.00039000000000000146
g  13  3  0.503215  0.825912  0.766742  0.618867  0.453858  0.337292  0.286036  0.252903  0.225119  0.195083  0.159536  0.124569  0.068066  -0.007227  -0.08461  -0.16251  -0.243473  -0.334561  -0.439608  -0.554364  -0.671813  -0.781765  0  0  0  0  0  0  0  0  0  0  0  0  0  0  0  0  0  0  0  0  0  0  0  0  0  0  0  0  0  0  0  0  0  0  0  0  0  0  0  0  0  0  0  0  0  0  0  0  0  0  0  0  0  0  0  0  0  0  0  0  0  0  0  0  0  -0.020830000000000015
h  13  3  1.539949  1.354197  1.266686  1.144152  1.034477  0.932135  0.833009  0.725785  0.63278  0.548581  0.469731  0.396212  0.332171  0.304475  0.307677  0.321953  0.335792  0.342225  0.333612  0.301871  0.239652  0.148256  0  0  0  0  0  0  0  0  0  0  0  0  0  0  0  0  0  0  0  0  0  0  0  0  0  0  0  0  0  0  0  0  0  0  0  0  0  0  0  0  0  0  0  0  0  0  0  0  0  0  0  0  0  0  0  0  0  0  0  0  0  0  0  0  0  -0.02002899999999999
g  13  4  -0.38713  -0.297635  -0.274188  -0.213449  -0.152993  -0.098535  -0.048291  -0.000859  0.043236  0.093073  0.146796  0.195041  0.241295  0.284917  0.319462  0.337791  0.338106  0.324103  0.301013  0.270953  0.228481  0.164703  0  0  0  0  0  0  0  0  0  0  0  0  0  0  0  0  0  0  0  0  0  0  0  0  0  0  0  0  0  0  0  0  0  0  0  0  0  0  0  0  0  0  0  0  0  0  0  0  0  0  0  0  0  0  0  0  0  0  0  0  0  0  0  0  0  -0.014940000000000009
h  13  4  -0.580619  -0.620578  -0.644372  -0.637642  -0.6385  -0.590681  -0.517818  -0.447305  -0.390544  -0.352904  -0.334227  -0.330563  -0.350008  -0.414485  -0.52658  -0.669264  -0.824974  -0.979232  -1.116326  -1.225472  -1.301965  -1.345721  0  0  0  0  0  0  0  0  0  0  0  0  0  0  0  0  0  0  0  0  0  0  0  0  0  0  0  0  0  0  0  0  0  0  0  0  0  0  0  0  0  0  0  0  0  0  0  0  0  0  0  0  0  0  0  0  0  0  0  0  0  0  0  0  0  -0.006289999999999907
g  13  5  0.948566  0.716936  0.575526  0.50203  0.427952  0.364231  0.320422  0.29186  0.277479  0.3025  0.358406  0.418911  0.466026  0.495834  0.510885  0.520202  0.525155  0.516983  0.485591  0.427592  0.345084  0.242439  0  0  0  0  0  0  0  0  0  0  0  0  0  0  0  0  0  0  0  0  0  0  0  0  0  0  0  0  0  0  0  0  0  0  0  0  0  0  0  0  0  0  0  0  0  0  0  0  0  0  0  0  0  0  0  0  0  0  0  0  0  0  0  0  0  -0.021846000000000004
h  13  5  -1.162811  -1.230925  -1.283143  -1.307251  -1.336535  -1.350649  -1.345554  -1.330015  -1.280832  -1.189164  -1.058631  -0.910494  -0.757025  -0.604995  -0.467814  -0.35642  -0.281944  -0.249196  -0.257224  -0.294218  -0.342042  -0.387248  0  0  0  0  0  0  0  0  0  0  0  0  0  0  0  0  0  0  0  0  0  0  0  0  0  0  0  0  0  0  0  0  0  0  0  0  0  0  0  0  0  0  0  0  0  0  0  0  0  0  0  0  0  0  0  0  0  0  0  0  0  0  0  0  0  -0.00847199999999998
g  13  6  -0.278131  -0.123252  -0.189589  -0.267631  -0.30704  -0.321147  -0.299508  -0.260395  -0.204458  -0.125171  -0.024293  0.085619  0.186976  0.263049  0.307799  0.323468  0.314778  0.288543  0.25693  0.228954  0.206906  0.187461  0  0  0  0  0  0  0  0  0  0  0  0  0  0  0  0  0  0  0  0  0  0  0  0  0  0  0  0  0  0  0  0  0  0  0  0  0  0  0  0  0  0  0  0  0  0  0  0  0  0  0  0  0  0  0  0  0  0  0  0  0  0  0  0  0  -0.0038660000000000083
h  13  6  0.055619  -0.027667  0.11557  0.220631  0.290365  0.33765  0.3678  0.384873  0.380797  0.354682  0.306971  0.231514  0.129123  -0.00329  -0.160763  -0.322654  -0.467359  -0.581786  -0.6641  -0.715077  -0.736377  -0.733657  0  0  0  0  0  0  0  0  0  0  0  0  0  0  0  0  0  0  0  0  0  0  0  0  0  0  0  0  0  0  0  0  0  0  0  0  0  0  0  0  0  0  0  0  0  0  0  0  0  0  0  0  0  0  0  0  0  0  0  0  0  0  0  0  0  0.002094999999999958
g  13  7  0.810895  0.689186  0.634175  0.62357  0.54607  0.425244  0.317736  0.229474  0.148059  0.063175  -0.020711  -0.09757  -0.171356  -0.24329  -0.311658  -0.378018  -0.444601  -0.51087  -0.573922  -0.62806  -0.666303  -0.684251  0  0  0  0  0  0  0  0  0  0  0  0  0  0  0  0  0  0  0  0  0  0  0  0  0  0  0  0  0  0  0  0  0  0  0  0  0  0  0  0  0  0  0  0  0  0  0  0  0  0  0  0  0  0  0  0  0  0  0  0  0  0  0  0  0  -0.0018840000000001078
h  13  7  0.272522  0.158316  0.047543  -0.036687  -0.119158  -0.177727  -0.20048  -0.23133  -0.248293  -0.250281  -0.246768  -0.244668  -0.238235  -0.223186  -0.203594  -0.185234  -0.171365  -0.156869  -0.136248  -0.103913  -0.055538  0.008918  0  0  0  0  0  0  0  0  0  0  0  0  0  0  0  0  0  0  0  0  0  0  0  0  0  0  0  0  0  0  0  0  0  0  0  0  0  0  0  0  0  0  0  0  0  0  0  0  0  0  0  0  0  0  0  0  0  0  0  0  0  0  0  0  0  0.014045
g  13  8  0.009268  -0.121536  -0.10469  -0.110692  -0.158621  -0.221346  -0.259202  -0.287639  -0.299947  -0.296797  -0.270456  -0.203776  -0.101541  0.014463  0.120255  0.202554  0.255777  0.282418  0.292194  0.296892  0.304984  0.31701  0  0  0  0  0  0  0  0  0  0  0  0  0  0  0  0  0  0  0  0  0  0  0  0  0  0  0  0  0  0  0  0  0  0  0  0  0  0  0  0  0  0  0  0  0  0  0  0  0  0  0  0  0  0  0  0  0  0  0  0  0  0  0  0  0  0.0025040000000000062
h  13  8  -0.003187  -0.186575  -0.264888  -0.316677  -0.339719  -0.368735  -0.365359  -0.338742  -0.290432  -0.225531  -0.140528  -0.042716  0.046543  0.105673  0.125751  0.111842  0.079002  0.042398  0.006572  -0.026169  -0.052816  -0.070207  0  0  0  0  0  0  0  0  0  0  0  0  0  0  0  0  0  0  0  0  0  0  0  0  0  0  0  0  0  0  0  0  0  0  0  0  0  0  0  0  0  0  0  0  0  0  0  0  0  0  0  0  0  0  0  0  0  0  0  0  0  0  0  0  0  -0.0026340000000000113
g  13  9  0.388292  0.297532  0.271975  0.264767  0.246619  0.234661  0.229372  0.219716  0.198353  0.161975  0.116254  0.05941  0.000387  -0.045456  -0.06681  -0.062305  -0.040092  -0.005675  0.036077  0.07914  0.11701  0.144083  0  0  0  0  0  0  0  0  0  0  0  0  0  0  0  0  0  0  0  0  0  0  0  0  0  0  0  0  0  0  0  0  0  0  0  0  0  0  0  0  0  0  0  0  0  0  0  0  0  0  0  0  0  0  0  0  0  0  0  0  0  0  0  0  0  0.004453999999999986
h  13  9  0.4036  0.445095  0.367067  0.289827  0.238691  0.212277  0.196396  0.183581  0.182383  0.197291  0.215609  0.228973  0.238384  0.253032  0.278531  0.308368  0.335473  0.356326  0.366396  0.366522  0.359101  0.344669  0  0  0  0  0  0  0  0  0  0  0  0  0  0  0  0  0  0  0  0  0  0  0  0  0  0  0  0  0  0  0  0  0  0  0  0  0  0  0  0  0  0  0  0  0  0  0  0  0  0  0  0  0  0  0  0  0  0  0  0  0  0  0  0  0  -0.003479999999999983
g  13  10  0.021609  0.167821  0.217298  0.235806  0.20256  0.12202  0.025043  -0.06454  -0.142488  -0.204606  -0.256283  -0.310296  -0.377323  -0.467578  -0.582575  -0.707345  -0.815577  -0.881302  -0.89285  -0.846912  -0.744502  -0.592178  0  0  0  0  0  0  0  0  0  0  0  0  0  0  0  0  0  0  0  0  0  0  0  0  0  0  0  0  0  0  0  0  0  0  0  0  0  0  0  0  0  0  0  0  0  0  0  0  0  0  0  0  0  0  0  0  0  0  0  0  0  0  0  0  0  0.03392200000000001
h  13  10  0.575641  0.540908  0.507604  0.431449  0.340925  0.249136  0.170065  0.125107  0.105467  0.097773  0.082855  0.056063  0.02164  -0.009651  -0.01678  0.023291  0.124542  0.28465  0.485212  0.69965  0.902386  1.073249  0  0  0  0  0  0  0  0  0  0  0  0  0  0  0  0  0  0  0  0  0  0  0  0  0  0  0  0  0  0  0  0  0  0  0  0  0  0  0  0  0  0  0  0  0  0  0  0  0  0  0  0  0  0  0  0  0  0  0  0  0  0  0  0  0  0.03095799999999982
g  13  11  0.40755  0.392598  0.364742  0.303506  0.235901  0.179469  0.130148  0.08662  0.057859  0.04312  0.043878  0.052682  0.062189  0.073667  0.087057  0.096699  0.09893  0.092345  0.07784  0.059527  0.036339  0.004201  0  0  0  0  0  0  0  0  0  0  0  0  0  0  0  0  0  0  0  0  0  0  0  0  0  0  0  0  0  0  0  0  0  0  0  0  0  0  0  0  0  0  0  0  0  0  0  0  0  0  0  0  0  0  0  0  0  0  0  0  0  0  0  0  0  -0.00729
h  13  11  -0.103707  -0.279884  -0.32644  -0.355162  -0.343686  -0.300429  -0.252365  -0.208305  -0.173882  -0.146666  -0.115156  -0.076635  -0.034234  0.00206  0.027167  0.040064  0.037888  0.021448  -0.003345  -0.032019  -0.060825  -0.085484  0  0  0  0  0  0  0  0  0  0  0  0  0  0  0  0  0  0  0  0  0  0  0  0  0  0  0  0  0  0  0  0  0  0  0  0  0  0  0  0  0  0  0  0  0  0  0  0  0  0  0  0  0  0  0  0  0  0  0  0  0  0  0  0  0  -0.004508999999999999
g  13  12  -0.276538  -0.467097  -0.532051  -0.554939  -0.511919  -0.407345  -0.279501  -0.145464  -0.023203  0.085416  0.181935  0.271635  0.356173  0.422009  0.450825  0.430887  0.365657  0.266267  0.142726  0.002945  -0.143357  -0.281724  0  0  0  0  0  0  0  0  0  0  0  0  0  0  0  0  0  0  0  0  0  0  0  0  0  0  0  0  0  0  0  0  0  0  0  0  0  0  0  0  0  0  0  0  0  0  0  0  0  0  0  0  0  0  0  0  0  0  0  0  0  0  0  0  0  -0.02621699999999999
h  13  12  -0.408363  -0.293565  -0.230899  -0.173773  -0.114745  -0.066484  -0.04084  -0.025565  -0.017253  -0.012157  -0.008956  -0.012748  -0.039853  -0.100823  -0.193133  -0.30389  -0.417659  -0.522394  -0.609578  -0.670935  -0.698853  -0.68962  0  0  0  0  0  0  0  0  0  0  0  0  0  0  0  0  0  0  0  0  0  0  0  0  0  0  0  0  0  0  0  0  0  0  0  0  0  0  0  0  0  0  0  0  0  0  0  0  0  0  0  0  0  0  0  0  0  0  0  0  0  0  0  0  0  0.004777000000000031
g  13  13  -0.479598  -0.498138  -0.59722  -0.643543  -0.67336  -0.692307  -0.712917  -0.741316  -0.764143  -0.773644  -0.780686  -0.805664  -0.856203  -0.912363  -0.94024  -0.916006  -0.829376  -0.683656  -0.494188  -0.280855  -0.065916  0.127245  0  0  0  0  0  0  0  0  0  0  0  0  0  0  0  0  0  0  0  0  0  0  0  0  0  0  0  0  0  0  0  0  0  0  0  0  0  0  0  0  0  0  0  0  0  0  0  0  0  0  0  0  0  0  0  0  0  0  0  0  0  0  0  0  0  0.03563999999999999
h  13  13  -0.702455  -0.511923  -0.364446  -0.209079  -0.077629  0.044331  0.161801  0.273737  0.371109  0.442746  0.47331  0.465306  0.443232  0.433028  0.44538  0.470464  0.490531  0.489809  0.461773  0.40442  0.318368  0.207048  0  0  0  0  0  0  0  0  0  0  0  0  0  0  0  0  0  0  0  0  0  0  0  0  0  0  0  0  0  0  0  0  0  0  0  0  0  0  0  0  0  0  0  0  0  0  0  0  0  0  0  0  0  0  0  0  0  0  0  0  0  0  0  0  0  -0.02399599999999999
