# 2019 MPG data assimilation forecast
# units of nT 
c/s d o  GUFM1  GUFM1  GUFM1  GUFM1  GUFM1  GUFM1  GUFM1  GUFM1  GUFM1  GUFM1  GUFM1  GUFM1  GUFM1  GUFM1  GUFM1  GUFM1  GUFM1  GUFM1  GUFM1  GUFM1  GUFM1  GUFM1  GUFM1  GUFM1  GUFM1  GUFM1  GUFM1  GUFM1  GUFM1  GUFM1  GUFM1  GUFM1  GUFM1  GUFM1  GUFM1  GUFM1  GUFM1  GUFM1  GUFM1  GUFM1  GUFM1  GUFM1  GUFM1  GUFM1  GUFM1  GUFM1  GUFM1  GUFM1  GUFM1  GUFM1  GUFM1  GUFM1  GUFM1  GUFM1  GUFM1  GUFM1  GUFM1  GUFM1  GUFM1  GUFM1  GUFM1  GUFM1   IGRF   IGRF   IGRF   IGRF   IGRF   IGRF   IGRF   IGRF   IGRF   DGRF   DGRF   DGRF   DGRF   DGRF   DGRF   DGRF   DGRF   DGRF   DGRF   DGRF   DGRF      DGRF      DGRF     DGRF     IGRF      SV
g/h n m 1590.0 1595.0 1600.0 1605.0 1610.0 1615.0 1620.0 1625.0 1630.0 1635.0 1640.0 1645.0 1650.0 1655.0 1660.0 1665.0 1670.0 1675.0 1680.0 1685.0 1690.0 1695.0 1700.0 1705.0 1710.0 1715.0 1720.0 1725.0 1730.0 1735.0 1740.0 1745.0 1750.0 1755.0 1760.0 1765.0 1770.0 1775.0 1780.0 1785.0 1790.0 1795.0 1800.0 1805.0 1810.0 1815.0 1820.0 1825.0 1830.0 1835.0 1840.0 1845.0 1850.0 1855.0 1860.0 1865.0 1870.0 1875.0 1880.0 1885.0 1890.0 1895.0 1900.0 1905.0 1910.0 1915.0 1920.0 1925.0 1930.0 1935.0 1940.0 1945.0 1950.0 1955.0 1960.0 1965.0 1970.0 1975.0 1980.0 1985.0 1990.0 1995.0 2000.0    2005.0    2010.0   2015.0   2020.0 2020-25
g  1  0  -29441.675685  -29405.088516  -29377.922264  -29345.53482  -29312.4959  -29277.701381  -29244.066027  -29211.571289  -29178.403413  -29147.007593  -29115.625904  -29081.884187  -29045.409239  -29005.121947  -28958.610542  -28903.8557  -28838.800492  -28765.06956  -28687.733805  -28613.090278  -28546.123458  -28488.895762  0  0  0  0  0  0  0  0  0  0  0  0  0  0  0  0  0  0  0  0  0  0  0  0  0  0  0  0  0  0  0  0  0  0  0  0  0  0  0  0  0  0  0  0  0  0  0  0  0  0  0  0  0  0  0  0  0  0  0  0  0  0  0  0  0  10.680774000000383
g  1  1  -1501.479633  -1451.296912  -1403.382343  -1339.79128  -1266.967682  -1186.556604  -1100.125632  -1013.351917  -928.275101  -843.3894  -759.773295  -680.316089  -606.624039  -537.346054  -471.580103  -408.762563  -348.191829  -291.952195  -245.474228  -213.445746  -198.36294  -202.552487  0  0  0  0  0  0  0  0  0  0  0  0  0  0  0  0  0  0  0  0  0  0  0  0  0  0  0  0  0  0  0  0  0  0  0  0  0  0  0  0  0  0  0  0  0  0  0  0  0  0  0  0  0  0  0  0  0  0  0  0  0  0  0  0  0  -2.3858680000000163
h  1  1  4796.859316  4652.749525  4548.4196  4483.595281  4430.785252  4388.205463  4349.47505  4309.671289  4271.234207  4238.72695  4211.233009  4182.302595  4147.714578  4105.617269  4052.14735  3984.367935  3903.139151  3812.452057  3716.864128  3620.997153  3528.166977  3438.868751  0  0  0  0  0  0  0  0  0  0  0  0  0  0  0  0  0  0  0  0  0  0  0  0  0  0  0  0  0  0  0  0  0  0  0  0  0  0  0  0  0  0  0  0  0  0  0  0  0  0  0  0  0  0  0  0  0  0  0  0  0  0  0  0  0  -17.628019000000222
g  2  0  -2446.356007  -2500.364396  -2550.196116  -2600.154375  -2648.077933  -2694.783554  -2743.723632  -2796.918699  -2853.187925  -2909.879139  -2965.457188  -3020.207104  -3075.162424  -3131.79959  -3190.00456  -3246.390514  -3296.480872  -3340.247348  -3379.684638  -3416.613044  -3451.349938  -3481.25827  0  0  0  0  0  0  0  0  0  0  0  0  0  0  0  0  0  0  0  0  0  0  0  0  0  0  0  0  0  0  0  0  0  0  0  0  0  0  0  0  0  0  0  0  0  0  0  0  0  0  0  0  0  0  0  0  0  0  0  0  0  0  0  0  0  -5.388461000000007
g  2  1  3012.046428  2982.775173  2961.620413  2933.865953  2897.346759  2858.480173  2826.631062  2798.596567  2769.349217  2736.190723  2695.220611  2649.282307  2598.944749  2544.288104  2488.127807  2434.155358  2386.497652  2349.109592  2324.087757  2311.696713  2311.482807  2321.165118  0  0  0  0  0  0  0  0  0  0  0  0  0  0  0  0  0  0  0  0  0  0  0  0  0  0  0  0  0  0  0  0  0  0  0  0  0  0  0  0  0  0  0  0  0  0  0  0  0  0  0  0  0  0  0  0  0  0  0  0  0  0  0  0  0  2.582930999999917
h  2  1  -2845.055402  -2991.370318  -3132.252916  -3255.601627  -3365.223414  -3467.255283  -3561.556631  -3649.853328  -3737.016356  -3823.163437  -3908.242103  -3989.895839  -4064.998045  -4132.856594  -4192.524009  -4241.823867  -4277.30932  -4298.564605  -4308.668345  -4312.768058  -4316.102969  -4323.524304  0  0  0  0  0  0  0  0  0  0  0  0  0  0  0  0  0  0  0  0  0  0  0  0  0  0  0  0  0  0  0  0  0  0  0  0  0  0  0  0  0  0  0  0  0  0  0  0  0  0  0  0  0  0  0  0  0  0  0  0  0  0  0  0  0  -2.0482649999994464
g  2  2  1676.342425  1676.213727  1657.733514  1631.35417  1594.924353  1557.472147  1521.160759  1477.888513  1427.822421  1375.222694  1320.380794  1262.480165  1201.090071  1135.124196  1063.414507  986.507014  903.299447  812.037421  712.387564  605.683591  492.917013  375.151884  0  0  0  0  0  0  0  0  0  0  0  0  0  0  0  0  0  0  0  0  0  0  0  0  0  0  0  0  0  0  0  0  0  0  0  0  0  0  0  0  0  0  0  0  0  0  0  0  0  0  0  0  0  0  0  0  0  0  0  0  0  0  0  0  0  -23.91676799999999
h  2  2  -641.977712  -733.544536  -802.700098  -839.803036  -861.709428  -882.277272  -907.457468  -937.673567  -968.443373  -998.900717  -1035.155352  -1083.900091  -1149.492163  -1230.86069  -1325.334877  -1429.984283  -1540.353579  -1653.450017  -1769.431331  -1887.536123  -2005.793407  -2121.254367  0  0  0  0  0  0  0  0  0  0  0  0  0  0  0  0  0  0  0  0  0  0  0  0  0  0  0  0  0  0  0  0  0  0  0  0  0  0  0  0  0  0  0  0  0  0  0  0  0  0  0  0  0  0  0  0  0  0  0  0  0  0  0  0  0  -22.663906000000225
g  3  0  1350.061714  1363.593806  1377.332191  1398.074385  1422.326019  1450.060824  1476.90438  1501.830893  1525.813075  1546.709889  1562.07915  1571.338121  1574.501715  1575.092491  1576.848929  1580.60655  1585.423394  1589.202783  1589.882335  1585.45847  1574.233818  1555.958202  0  0  0  0  0  0  0  0  0  0  0  0  0  0  0  0  0  0  0  0  0  0  0  0  0  0  0  0  0  0  0  0  0  0  0  0  0  0  0  0  0  0  0  0  0  0  0  0  0  0  0  0  0  0  0  0  0  0  0  0  0  0  0  0  0  -4.17580299999986
g  3  1  -2352.45476  -2380.755604  -2406.069679  -2432.723756  -2456.940492  -2478.244748  -2496.424246  -2508.525245  -2515.307733  -2516.762682  -2511.211406  -2498.32991  -2478.849222  -2454.371052  -2426.726896  -2398.290102  -2370.89476  -2345.13282  -2320.983545  -2296.9656  -2270.899915  -2241.300761  0  0  0  0  0  0  0  0  0  0  0  0  0  0  0  0  0  0  0  0  0  0  0  0  0  0  0  0  0  0  0  0  0  0  0  0  0  0  0  0  0  0  0  0  0  0  0  0  0  0  0  0  0  0  0  0  0  0  0  0  0  0  0  0  0  6.250332999999955
h  3  1  -115.307364  -81.510759  -47.269638  -12.868446  21.291377  50.105305  77.290362  100.793753  119.670611  135.616191  150.048944  161.713692  170.699099  176.483999  177.898583  174.572092  169.109291  163.965367  159.590451  155.889324  154.552155  158.08144  0  0  0  0  0  0  0  0  0  0  0  0  0  0  0  0  0  0  0  0  0  0  0  0  0  0  0  0  0  0  0  0  0  0  0  0  0  0  0  0  0  0  0  0  0  0  0  0  0  0  0  0  0  0  0  0  0  0  0  0  0  0  0  0  0  1.1962459999999737
g  3  2  1225.580941  1236.164406  1235.947507  1227.574247  1206.879807  1180.140631  1149.2966  1113.204445  1073.558793  1031.925445  990.798494  953.690191  921.133537  893.128559  870.110845  851.27378  834.166865  817.113479  799.540954  782.461511  767.467496  756.466398  0  0  0  0  0  0  0  0  0  0  0  0  0  0  0  0  0  0  0  0  0  0  0  0  0  0  0  0  0  0  0  0  0  0  0  0  0  0  0  0  0  0  0  0  0  0  0  0  0  0  0  0  0  0  0  0  0  0  0  0  0  0  0  0  0  -1.7756039999999302
h  3  2  245.046002  241.922023  236.822437  226.684459  214.15448  200.092078  188.425573  183.538319  184.750645  190.06098  201.078405  219.615553  243.654951  271.855537  303.678171  339.081833  378.533597  421.071566  464.778607  508.218132  549.90127  587.453334  0  0  0  0  0  0  0  0  0  0  0  0  0  0  0  0  0  0  0  0  0  0  0  0  0  0  0  0  0  0  0  0  0  0  0  0  0  0  0  0  0  0  0  0  0  0  0  0  0  0  0  0  0  0  0  0  0  0  0  0  0  0  0  0  0  7.075209000000086
g  3  3  581.886897  525.506321  477.213014  424.573093  370.624459  321.661676  279.455157  241.248721  207.100466  179.100646  158.2396  143.540633  132.442661  120.91243  104.995324  82.444731  51.370612  11.043916  -38.021513  -95.601332  -161.508136  -236.286251  0  0  0  0  0  0  0  0  0  0  0  0  0  0  0  0  0  0  0  0  0  0  0  0  0  0  0  0  0  0  0  0  0  0  0  0  0  0  0  0  0  0  0  0  0  0  0  0  0  0  0  0  0  0  0  0  0  0  0  0  0  0  0  0  0  -15.71322699999999
h  3  3  -538.610861  -542.695741  -547.755204  -559.331688  -572.398428  -592.721697  -614.224961  -638.079828  -661.013176  -684.324244  -712.296486  -747.492904  -792.161049  -845.307489  -904.734277  -968.43144  -1035.844487  -1106.392172  -1179.259496  -1252.537201  -1324.620211  -1393.476065  0  0  0  0  0  0  0  0  0  0  0  0  0  0  0  0  0  0  0  0  0  0  0  0  0  0  0  0  0  0  0  0  0  0  0  0  0  0  0  0  0  0  0  0  0  0  0  0  0  0  0  0  0  0  0  0  0  0  0  0  0  0  0  0  0  -13.427438000000166
g  4  0  907.454261  903.290968  900.009335  902.424805  906.465118  914.275752  922.757845  930.495712  935.537428  938.264162  937.809208  934.512674  928.472232  920.403499  912.180306  906.278721  904.545305  906.437144  910.448919  914.998457  917.601241  915.971923  0  0  0  0  0  0  0  0  0  0  0  0  0  0  0  0  0  0  0  0  0  0  0  0  0  0  0  0  0  0  0  0  0  0  0  0  0  0  0  0  0  0  0  0  0  0  0  0  0  0  0  0  0  0  0  0  0  0  0  0  0  0  0  0  0  -0.7487020000000939
g  4  1  813.641863  809.602315  806.483538  805.324023  806.271002  809.899979  813.445399  816.53597  819.655659  822.978143  827.974127  834.44546  840.883895  845.775058  847.688725  845.23077  836.920167  822.737539  804.208005  783.387599  761.533083  738.945404  0  0  0  0  0  0  0  0  0  0  0  0  0  0  0  0  0  0  0  0  0  0  0  0  0  0  0  0  0  0  0  0  0  0  0  0  0  0  0  0  0  0  0  0  0  0  0  0  0  0  0  0  0  0  0  0  0  0  0  0  0  0  0  0  0  -4.572050999999988
h  4  1  283.422649  281.648823  271.537411  259.111725  241.830577  220.759556  196.599192  167.328563  133.744892  97.160234  58.098168  17.322026  -24.834052  -67.012075  -106.358082  -140.300724  -167.789579  -189.986921  -209.390681  -228.225835  -247.463755  -266.97933  0  0  0  0  0  0  0  0  0  0  0  0  0  0  0  0  0  0  0  0  0  0  0  0  0  0  0  0  0  0  0  0  0  0  0  0  0  0  0  0  0  0  0  0  0  0  0  0  0  0  0  0  0  0  0  0  0  0  0  0  0  0  0  0  0  -3.8861689999999953
g  4  2  120.749375  85.359514  59.373692  42.561782  30.866939  24.206528  20.203233  20.047121  22.245286  25.982202  32.294473  42.07581  53.726222  66.788646  80.833308  95.250491  108.407223  118.803939  126.759009  133.51129  138.982996  142.183325  0  0  0  0  0  0  0  0  0  0  0  0  0  0  0  0  0  0  0  0  0  0  0  0  0  0  0  0  0  0  0  0  0  0  0  0  0  0  0  0  0  0  0  0  0  0  0  0  0  0  0  0  0  0  0  0  0  0  0  0  0  0  0  0  0  0.4262950000000103
h  4  2  -188.528551  -157.960049  -114.327103  -69.477529  -27.204473  13.407317  51.789404  89.449544  123.76933  154.662297  181.518847  202.42065  216.961575  226.052847  229.881736  228.341657  222.389043  213.586591  203.624214  194.22249  186.834675  182.450983  0  0  0  0  0  0  0  0  0  0  0  0  0  0  0  0  0  0  0  0  0  0  0  0  0  0  0  0  0  0  0  0  0  0  0  0  0  0  0  0  0  0  0  0  0  0  0  0  0  0  0  0  0  0  0  0  0  0  0  0  0  0  0  0  0  -0.6092029999999795
g  4  3  -334.58225  -309.164563  -287.431468  -270.59042  -257.13156  -251.431744  -251.078897  -255.157995  -262.915806  -272.188409  -281.897674  -290.465887  -296.514738  -298.99525  -297.904341  -294.1876  -289.730024  -285.440238  -281.124135  -276.774879  -271.933818  -265.608723  0  0  0  0  0  0  0  0  0  0  0  0  0  0  0  0  0  0  0  0  0  0  0  0  0  0  0  0  0  0  0  0  0  0  0  0  0  0  0  0  0  0  0  0  0  0  0  0  0  0  0  0  0  0  0  0  0  0  0  0  0  0  0  0  0  1.4336260000000038
h  4  3  181.119115  199.673522  214.262832  222.64776  227.015371  233.855152  243.965744  256.322857  270.523632  287.282284  306.759185  330.531391  359.303867  392.465182  429.482664  469.209306  509.587967  548.692578  585.391487  619.478335  651.260959  681.498003  0  0  0  0  0  0  0  0  0  0  0  0  0  0  0  0  0  0  0  0  0  0  0  0  0  0  0  0  0  0  0  0  0  0  0  0  0  0  0  0  0  0  0  0  0  0  0  0  0  0  0  0  0  0  0  0  0  0  0  0  0  0  0  0  0  5.951639
g  4  4  70.729949  47.704598  23.768272  -0.535725  -23.128313  -39.911901  -54.259404  -66.546278  -77.358067  -86.838515  -93.670963  -99.568915  -105.776453  -113.800168  -125.192724  -140.48724  -158.844946  -179.864023  -203.450247  -229.759653  -259.022466  -291.87218  0  0  0  0  0  0  0  0  0  0  0  0  0  0  0  0  0  0  0  0  0  0  0  0  0  0  0  0  0  0  0  0  0  0  0  0  0  0  0  0  0  0  0  0  0  0  0  0  0  0  0  0  0  0  0  0  0  0  0  0  0  0  0  0  0  -6.876824999999997
h  4  4  -329.19777  -349.221044  -362.899654  -376.755947  -390.019508  -399.586636  -404.810082  -403.858701  -399.365263  -393.891913  -390.497148  -391.075157  -396.613606  -406.926842  -421.523782  -439.70101  -461.113399  -485.089017  -510.482606  -536.388416  -562.026211  -586.796282  0  0  0  0  0  0  0  0  0  0  0  0  0  0  0  0  0  0  0  0  0  0  0  0  0  0  0  0  0  0  0  0  0  0  0  0  0  0  0  0  0  0  0  0  0  0  0  0  0  0  0  0  0  0  0  0  0  0  0  0  0  0  0  0  0  -4.838346000000001
g  5  0  -232.783904  -234.278171  -233.434275  -228.661581  -220.928476  -212.454591  -203.077937  -194.692279  -187.794766  -182.692387  -179.013113  -175.96745  -172.895114  -168.538446  -162.484065  -155.454701  -149.16904  -144.553183  -140.805112  -136.763781  -131.836635  -125.673209  0  0  0  0  0  0  0  0  0  0  0  0  0  0  0  0  0  0  0  0  0  0  0  0  0  0  0  0  0  0  0  0  0  0  0  0  0  0  0  0  0  0  0  0  0  0  0  0  0  0  0  0  0  0  0  0  0  0  0  0  0  0  0  0  0  1.3398109999999974
g  5  1  360.125499  363.327087  362.799989  360.423494  355.01464  348.79964  342.405741  334.880062  326.956865  318.364274  308.612744  298.56047  288.436289  277.64554  265.961947  253.781575  241.893281  231.480489  223.597782  219.091858  218.83962  222.643204  0  0  0  0  0  0  0  0  0  0  0  0  0  0  0  0  0  0  0  0  0  0  0  0  0  0  0  0  0  0  0  0  0  0  0  0  0  0  0  0  0  0  0  0  0  0  0  0  0  0  0  0  0  0  0  0  0  0  0  0  0  0  0  0  0  1.0323909999999898
h  5  1  47.08551  47.740697  43.934174  37.859459  30.660558  23.630094  17.376407  12.733447  7.690125  1.066049  -6.704142  -15.452051  -25.360997  -36.430036  -48.758695  -61.914409  -75.253207  -88.215748  -100.355607  -111.017961  -119.699391  -126.374753  0  0  0  0  0  0  0  0  0  0  0  0  0  0  0  0  0  0  0  0  0  0  0  0  0  0  0  0  0  0  0  0  0  0  0  0  0  0  0  0  0  0  0  0  0  0  0  0  0  0  0  0  0  0  0  0  0  0  0  0  0  0  0  0  0  -1.194383000000002
g  5  2  192.595155  187.886267  186.426382  188.053452  193.594931  202.205378  212.218518  223.447623  235.818111  248.894583  262.031012  274.468825  285.529947  294.381453  300.207559  302.087199  299.440722  292.956347  284.491142  276.143167  269.239057  264.609464  0  0  0  0  0  0  0  0  0  0  0  0  0  0  0  0  0  0  0  0  0  0  0  0  0  0  0  0  0  0  0  0  0  0  0  0  0  0  0  0  0  0  0  0  0  0  0  0  0  0  0  0  0  0  0  0  0  0  0  0  0  0  0  0  0  -0.7129429999999957
h  5  2  197.181236  208.348116  223.779789  240.107292  253.415023  263.158589  268.397036  269.42515  266.484137  259.138007  247.410751  232.324603  214.161899  193.379744  171.31197  149.075468  127.087728  105.659175  85.56306  68.238694  54.674919  44.756496  0  0  0  0  0  0  0  0  0  0  0  0  0  0  0  0  0  0  0  0  0  0  0  0  0  0  0  0  0  0  0  0  0  0  0  0  0  0  0  0  0  0  0  0  0  0  0  0  0  0  0  0  0  0  0  0  0  0  0  0  0  0  0  0  0  -1.717648000000004
g  5  3  -140.875652  -140.882672  -136.414737  -129.253867  -121.761942  -113.943387  -106.00054  -98.687233  -90.44081  -81.554289  -72.305442  -63.142911  -53.968978  -45.558385  -38.146444  -31.090503  -23.701796  -15.380401  -5.551092  6.1675  20.030601  36.16499  0  0  0  0  0  0  0  0  0  0  0  0  0  0  0  0  0  0  0  0  0  0  0  0  0  0  0  0  0  0  0  0  0  0  0  0  0  0  0  0  0  0  0  0  0  0  0  0  0  0  0  0  0  0  0  0  0  0  0  0  0  0  0  0  0  3.394600000000004
h  5  3  -119.070185  -121.099297  -117.63309  -109.431901  -98.675604  -85.978611  -72.572221  -57.259857  -41.264074  -25.139545  -9.480451  4.112997  14.972393  23.311107  29.922488  35.281714  38.938632  40.849483  42.087801  43.493813  45.038216  46.116399  0  0  0  0  0  0  0  0  0  0  0  0  0  0  0  0  0  0  0  0  0  0  0  0  0  0  0  0  0  0  0  0  0  0  0  0  0  0  0  0  0  0  0  0  0  0  0  0  0  0  0  0  0  0  0  0  0  0  0  0  0  0  0  0  0  0.14694399999999774
g  5  4  -157.352914  -150.904234  -142.195834  -131.170638  -121.981617  -116.501018  -113.199576  -112.771693  -115.057469  -120.202123  -127.803701  -136.71213  -145.419035  -152.774532  -158.842662  -163.479653  -166.30563  -167.132604  -165.992545  -163.343737  -159.479697  -154.759112  0  0  0  0  0  0  0  0  0  0  0  0  0  0  0  0  0  0  0  0  0  0  0  0  0  0  0  0  0  0  0  0  0  0  0  0  0  0  0  0  0  0  0  0  0  0  0  0  0  0  0  0  0  0  0  0  0  0  0  0  0  0  0  0  0  0.991515000000021
h  5  4  15.899979  32.290372  42.390943  48.39605  51.783732  51.79742  50.138014  47.285695  43.662414  41.274064  40.956031  43.328991  48.430902  56.134591  65.632096  76.017775  86.818993  98.246321  110.637049  123.468737  136.139112  147.934346  0  0  0  0  0  0  0  0  0  0  0  0  0  0  0  0  0  0  0  0  0  0  0  0  0  0  0  0  0  0  0  0  0  0  0  0  0  0  0  0  0  0  0  0  0  0  0  0  0  0  0  0  0  0  0  0  0  0  0  0  0  0  0  0  0  2.2474520000000098
g  5  5  4.345601  13.853729  27.638326  46.606688  67.273067  88.111377  107.543415  125.442261  142.036152  158.508737  174.919219  189.911612  201.468088  207.594815  206.989605  199.247425  184.952212  164.931792  140.088462  111.924606  81.883599  51.272786  0  0  0  0  0  0  0  0  0  0  0  0  0  0  0  0  0  0  0  0  0  0  0  0  0  0  0  0  0  0  0  0  0  0  0  0  0  0  0  0  0  0  0  0  0  0  0  0  0  0  0  0  0  0  0  0  0  0  0  0  0  0  0  0  0  -6.109657999999996
h  5  5  100.228599  99.216259  102.761305  104.296743  102.822248  99.239863  94.881294  90.937241  87.55021  83.253889  77.193482  67.828968  53.998572  36.208876  15.737423  -5.480032  -25.132562  -41.630398  -53.91604  -61.045385  -62.442091  -57.890152  0  0  0  0  0  0  0  0  0  0  0  0  0  0  0  0  0  0  0  0  0  0  0  0  0  0  0  0  0  0  0  0  0  0  0  0  0  0  0  0  0  0  0  0  0  0  0  0  0  0  0  0  0  0  0  0  0  0  0  0  0  0  0  0  0  1.4024530000000013
g  6  0  69.470532  66.110193  62.817296  59.981127  57.933143  56.662237  56.819613  57.278431  57.692542  57.6061  57.27139  56.981381  56.370232  55.540598  54.893657  54.809991  55.315316  56.261886  57.707356  59.869808  62.577922  65.330815  0  0  0  0  0  0  0  0  0  0  0  0  0  0  0  0  0  0  0  0  0  0  0  0  0  0  0  0  0  0  0  0  0  0  0  0  0  0  0  0  0  0  0  0  0  0  0  0  0  0  0  0  0  0  0  0  0  0  0  0  0  0  0  0  0  0.5284790000000044
g  6  1  67.473235  65.704782  65.269255  63.171477  60.661863  58.981344  57.593671  55.883895  53.403613  50.044104  46.266959  42.427122  38.80374  36.059459  34.417445  33.76795  33.572456  33.410525  33.209108  32.831345  32.11952  30.953847  0  0  0  0  0  0  0  0  0  0  0  0  0  0  0  0  0  0  0  0  0  0  0  0  0  0  0  0  0  0  0  0  0  0  0  0  0  0  0  0  0  0  0  0  0  0  0  0  0  0  0  0  0  0  0  0  0  0  0  0  0  0  0  0  0  -0.271961000000001
h  6  1  -20.527531  -19.22379  -21.983026  -28.11336  -35.367473  -43.158416  -52.653822  -63.728437  -75.465809  -86.960913  -97.516177  -106.727547  -114.766689  -121.184718  -125.443243  -127.679191  -128.757193  -129.538009  -130.026218  -129.712088  -128.417636  -126.222346  0  0  0  0  0  0  0  0  0  0  0  0  0  0  0  0  0  0  0  0  0  0  0  0  0  0  0  0  0  0  0  0  0  0  0  0  0  0  0  0  0  0  0  0  0  0  0  0  0  0  0  0  0  0  0  0  0  0  0  0  0  0  0  0  0  0.517555999999999
g  6  2  72.599192  73.248422  71.870521  68.458491  63.673229  58.686636  54.342556  49.293387  43.085861  36.358753  29.476071  23.160593  17.661477  12.931111  9.19037  6.806274  5.917273  6.424034  8.252566  11.527671  16.269107  22.177443  0  0  0  0  0  0  0  0  0  0  0  0  0  0  0  0  0  0  0  0  0  0  0  0  0  0  0  0  0  0  0  0  0  0  0  0  0  0  0  0  0  0  0  0  0  0  0  0  0  0  0  0  0  0  0  0  0  0  0  0  0  0  0  0  0  1.2569020000000002
h  6  2  33.476015  25.27978  20.244698  14.231617  6.673398  -1.131934  -9.076222  -16.856777  -24.053839  -30.40752  -36.264041  -41.646266  -46.803869  -51.987971  -57.805743  -64.792061  -73.206953  -82.434951  -91.448531  -99.407324  -105.754317  -110.611727  0  0  0  0  0  0  0  0  0  0  0  0  0  0  0  0  0  0  0  0  0  0  0  0  0  0  0  0  0  0  0  0  0  0  0  0  0  0  0  0  0  0  0  0  0  0  0  0  0  0  0  0  0  0  0  0  0  0  0  0  0  0  0  0  0  -0.8772770000000065
g  6  3  -129.81779  -121.691481  -111.630646  -101.974196  -92.871456  -83.70467  -73.554951  -62.704151  -51.893399  -42.053514  -33.765744  -26.766694  -20.344891  -14.311484  -8.849213  -4.118136  0.075168  3.982275  7.380759  9.788363  10.986694  11.134618  0  0  0  0  0  0  0  0  0  0  0  0  0  0  0  0  0  0  0  0  0  0  0  0  0  0  0  0  0  0  0  0  0  0  0  0  0  0  0  0  0  0  0  0  0  0  0  0  0  0  0  0  0  0  0  0  0  0  0  0  0  0  0  0  0  -0.04687600000000103
h  6  3  58.927921  52.562935  50.044548  51.974898  55.181202  58.388036  60.312127  60.903365  60.501453  59.166709  57.721942  56.597786  55.88652  55.684377  56.537522  58.682645  61.844464  65.815642  70.833285  77.359478  85.789001  96.292742  0  0  0  0  0  0  0  0  0  0  0  0  0  0  0  0  0  0  0  0  0  0  0  0  0  0  0  0  0  0  0  0  0  0  0  0  0  0  0  0  0  0  0  0  0  0  0  0  0  0  0  0  0  0  0  0  0  0  0  0  0  0  0  0  0  2.2734860000000054
g  6  4  -29.017253  -36.097259  -45.270203  -56.188529  -67.337962  -78.002367  -87.071822  -95.634867  -103.358545  -109.741486  -114.958522  -119.073305  -122.075594  -124.23652  -125.631379  -125.988323  -124.692882  -121.584564  -117.287264  -112.444229  -107.386472  -102.028622  0  0  0  0  0  0  0  0  0  0  0  0  0  0  0  0  0  0  0  0  0  0  0  0  0  0  0  0  0  0  0  0  0  0  0  0  0  0  0  0  0  0  0  0  0  0  0  0  0  0  0  0  0  0  0  0  0  0  0  0  0  0  0  0  0  1.1104190000000074
h  6  4  -66.676301  -64.181062  -62.28893  -59.340872  -57.309015  -54.150655  -49.895533  -45.262318  -39.126372  -31.201045  -21.976034  -11.609878  -0.397369  11.123533  22.625926  33.97332  45.113964  55.956656  66.521358  76.818968  86.909838  96.724298  0  0  0  0  0  0  0  0  0  0  0  0  0  0  0  0  0  0  0  0  0  0  0  0  0  0  0  0  0  0  0  0  0  0  0  0  0  0  0  0  0  0  0  0  0  0  0  0  0  0  0  0  0  0  0  0  0  0  0  0  0  0  0  0  0  1.9247620000000012
g  6  5  13.034847  13.610764  14.806131  16.637143  18.406457  20.48221  21.938878  21.439633  18.593899  13.044437  5.461906  -2.743734  -10.320293  -16.586681  -21.203959  -24.152589  -25.953688  -27.47424  -29.607348  -32.812659  -37.158728  -42.529326  0  0  0  0  0  0  0  0  0  0  0  0  0  0  0  0  0  0  0  0  0  0  0  0  0  0  0  0  0  0  0  0  0  0  0  0  0  0  0  0  0  0  0  0  0  0  0  0  0  0  0  0  0  0  0  0  0  0  0  0  0  0  0  0  0  -1.1471639999999965
h  6  5  7.390298  8.987258  7.734699  6.963205  6.017308  3.150545  -1.829169  -8.124956  -15.59264  -23.237503  -30.078549  -35.712097  -40.07799  -43.491911  -46.497479  -49.743191  -53.779444  -58.992309  -65.743381  -74.134649  -84.016897  -95.061924  0  0  0  0  0  0  0  0  0  0  0  0  0  0  0  0  0  0  0  0  0  0  0  0  0  0  0  0  0  0  0  0  0  0  0  0  0  0  0  0  0  0  0  0  0  0  0  0  0  0  0  0  0  0  0  0  0  0  0  0  0  0  0  0  0  -2.2764430000000004
g  6  6  -70.814994  -64.516905  -53.953201  -41.198787  -28.107198  -15.526434  -3.987874  6.936822  17.50016  27.884921  38.220174  48.134823  56.992905  63.881846  67.915664  68.577398  65.822559  59.786008  50.661462  38.73845  24.550964  8.903426  0  0  0  0  0  0  0  0  0  0  0  0  0  0  0  0  0  0  0  0  0  0  0  0  0  0  0  0  0  0  0  0  0  0  0  0  0  0  0  0  0  0  0  0  0  0  0  0  0  0  0  0  0  0  0  0  0  0  0  0  0  0  0  0  0  -3.2073280000000004
h  6  6  62.858026  68.213905  75.520306  81.155808  84.444034  84.327608  81.365754  76.458973  70.534678  63.679801  55.724857  46.474421  35.496442  22.816657  9.043025  -5.015237  -18.52689  -30.661639  -40.649231  -47.659815  -51.086657  -50.460266  0  0  0  0  0  0  0  0  0  0  0  0  0  0  0  0  0  0  0  0  0  0  0  0  0  0  0  0  0  0  0  0  0  0  0  0  0  0  0  0  0  0  0  0  0  0  0  0  0  0  0  0  0  0  0  0  0  0  0  0  0  0  0  0  0  0.4689560000000057
g  7  0  81.289125  80.270924  79.103533  79.024313  79.116133  78.734468  77.183338  74.392456  70.747526  66.558617  62.16046  57.835129  53.947199  50.490014  47.261802  44.170604  41.1876  38.401308  36.006184  33.956841  32.001754  30.120027  0  0  0  0  0  0  0  0  0  0  0  0  0  0  0  0  0  0  0  0  0  0  0  0  0  0  0  0  0  0  0  0  0  0  0  0  0  0  0  0  0  0  0  0  0  0  0  0  0  0  0  0  0  0  0  0  0  0  0  0  0  0  0  0  0  -0.3629679999999986
g  7  1  -75.683579  -76.807366  -79.371743  -82.770611  -86.084084  -88.604703  -90.436963  -91.49095  -92.15008  -92.683792  -93.132057  -93.299893  -92.902203  -92.204051  -91.415505  -90.543634  -89.423947  -87.903137  -85.924169  -83.472394  -80.479543  -76.991364  0  0  0  0  0  0  0  0  0  0  0  0  0  0  0  0  0  0  0  0  0  0  0  0  0  0  0  0  0  0  0  0  0  0  0  0  0  0  0  0  0  0  0  0  0  0  0  0  0  0  0  0  0  0  0  0  0  0  0  0  0  0  0  0  0  0.7284159999999957
h  7  1  -54.177011  -51.265756  -48.124302  -44.942093  -41.915369  -38.440226  -34.07052  -29.034848  -24.113769  -19.834462  -16.56668  -14.17583  -12.651825  -12.052998  -12.200313  -12.773216  -13.745882  -14.913439  -15.661331  -15.218446  -13.123415  -9.359957  0  0  0  0  0  0  0  0  0  0  0  0  0  0  0  0  0  0  0  0  0  0  0  0  0  0  0  0  0  0  0  0  0  0  0  0  0  0  0  0  0  0  0  0  0  0  0  0  0  0  0  0  0  0  0  0  0  0  0  0  0  0  0  0  0  0.8739369999999997
g  7  2  -6.863459  -8.148438  -7.487191  -7.022114  -5.776944  -5.03481  -4.286188  -3.300941  -2.048502  -0.402619  1.511383  3.576294  5.938025  8.771521  11.808737  14.83767  17.730543  20.385742  22.528156  23.682923  23.556207  22.26895  0  0  0  0  0  0  0  0  0  0  0  0  0  0  0  0  0  0  0  0  0  0  0  0  0  0  0  0  0  0  0  0  0  0  0  0  0  0  0  0  0  0  0  0  0  0  0  0  0  0  0  0  0  0  0  0  0  0  0  0  0  0  0  0  0  -0.3344060000000013
h  7  2  -19.605882  -16.839333  -15.040255  -15.215906  -16.583893  -18.24671  -20.258316  -22.250066  -24.135956  -26.237006  -28.858936  -31.545581  -33.861651  -35.516681  -36.242143  -35.892937  -34.516194  -32.178504  -28.879384  -24.700013  -19.844544  -14.776747  0  0  0  0  0  0  0  0  0  0  0  0  0  0  0  0  0  0  0  0  0  0  0  0  0  0  0  0  0  0  0  0  0  0  0  0  0  0  0  0  0  0  0  0  0  0  0  0  0  0  0  0  0  0  0  0  0  0  0  0  0  0  0  0  0  1.0019480000000005
g  7  3  51.820541  56.610973  60.780523  63.94467  66.295173  67.837005  68.623258  68.357427  67.51377  66.55105  65.514224  64.665681  64.224447  64.055091  64.244226  65.176753  66.986773  69.35187  71.650811  73.312582  73.903787  73.29642  0  0  0  0  0  0  0  0  0  0  0  0  0  0  0  0  0  0  0  0  0  0  0  0  0  0  0  0  0  0  0  0  0  0  0  0  0  0  0  0  0  0  0  0  0  0  0  0  0  0  0  0  0  0  0  0  0  0  0  0  0  0  0  0  0  -0.21272400000000857
h  7  3  5.831087  2.302886  0.045738  -1.43616  -2.871578  -3.568516  -4.146663  -4.269537  -3.22809  -1.243856  1.669596  5.447628  9.891129  14.719135  19.537746  23.984825  27.74899  30.804547  33.313919  35.3359  36.904758  38.210184  0  0  0  0  0  0  0  0  0  0  0  0  0  0  0  0  0  0  0  0  0  0  0  0  0  0  0  0  0  0  0  0  0  0  0  0  0  0  0  0  0  0  0  0  0  0  0  0  0  0  0  0  0  0  0  0  0  0  0  0  0  0  0  0  0  0.2533740000000009
g  7  4  15.307708  15.747714  16.748112  17.4113  17.764176  17.456903  17.559714  18.165614  18.430212  18.11211  17.215774  15.792856  14.032638  12.01743  9.590167  6.641563  3.278866  -0.454228  -4.618975  -9.189594  -14.067743  -19.076916  0  0  0  0  0  0  0  0  0  0  0  0  0  0  0  0  0  0  0  0  0  0  0  0  0  0  0  0  0  0  0  0  0  0  0  0  0  0  0  0  0  0  0  0  0  0  0  0  0  0  0  0  0  0  0  0  0  0  0  0  0  0  0  0  0  -1.0089460000000017
h  7  4  24.606724  23.476923  23.154749  23.432446  24.215113  24.744379  25.187326  25.628483  25.562468  24.843605  23.785133  22.855484  22.246026  21.897845  21.556678  21.201626  21.068059  21.416864  22.296862  23.553817  25.150157  27.186631  0  0  0  0  0  0  0  0  0  0  0  0  0  0  0  0  0  0  0  0  0  0  0  0  0  0  0  0  0  0  0  0  0  0  0  0  0  0  0  0  0  0  0  0  0  0  0  0  0  0  0  0  0  0  0  0  0  0  0  0  0  0  0  0  0  0.44084599999999696
g  7  5  9.396012  6.582863  2.595164  -1.261677  -4.498749  -7.830882  -10.611327  -12.906408  -14.990026  -16.464861  -17.242548  -17.722857  -18.058265  -18.423367  -19.094044  -20.319368  -22.322461  -25.221927  -28.872796  -32.952732  -37.187143  -41.37863  0  0  0  0  0  0  0  0  0  0  0  0  0  0  0  0  0  0  0  0  0  0  0  0  0  0  0  0  0  0  0  0  0  0  0  0  0  0  0  0  0  0  0  0  0  0  0  0  0  0  0  0  0  0  0  0  0  0  0  0  0  0  0  0  0  -0.8208619999999982
h  7  5  3.616331  -2.219708  -7.388679  -11.651498  -15.225665  -18.0317  -19.560075  -20.735726  -21.76773  -22.58947  -23.648361  -25.31957  -27.656082  -30.749246  -34.579684  -38.790309  -42.772087  -46.195144  -49.066915  -51.316341  -52.784731  -53.300175  0  0  0  0  0  0  0  0  0  0  0  0  0  0  0  0  0  0  0  0  0  0  0  0  0  0  0  0  0  0  0  0  0  0  0  0  0  0  0  0  0  0  0  0  0  0  0  0  0  0  0  0  0  0  0  0  0  0  0  0  0  0  0  0  0  -0.021351000000002784
g  7  6  -2.900723  -7.040189  -11.128385  -14.935797  -18.150231  -21.884463  -26.153309  -30.479055  -34.749718  -39.019066  -42.733483  -45.55512  -47.038724  -46.884623  -44.965243  -41.330291  -36.376682  -30.567002  -24.301239  -18.194855  -12.856307  -8.849371  0  0  0  0  0  0  0  0  0  0  0  0  0  0  0  0  0  0  0  0  0  0  0  0  0  0  0  0  0  0  0  0  0  0  0  0  0  0  0  0  0  0  0  0  0  0  0  0  0  0  0  0  0  0  0  0  0  0  0  0  0  0  0  0  0  0.670599000000001
h  7  6  -27.17421  -27.386574  -26.793801  -26.554955  -26.085771  -26.053289  -26.73044  -27.728118  -28.88219  -30.029647  -30.590448  -30.258197  -28.994002  -26.976371  -24.678603  -22.789975  -21.932767  -22.627473  -25.178081  -29.54718  -35.408438  -42.189745  0  0  0  0  0  0  0  0  0  0  0  0  0  0  0  0  0  0  0  0  0  0  0  0  0  0  0  0  0  0  0  0  0  0  0  0  0  0  0  0  0  0  0  0  0  0  0  0  0  0  0  0  0  0  0  0  0  0  0  0  0  0  0  0  0  -1.3937890000000053
g  7  7  6.543529  9.403053  11.720886  13.547294  15.679151  17.957796  19.924536  22.275106  24.942699  27.611415  30.189441  32.556245  34.360009  35.287877  35.044223  33.402152  30.356537  25.904734  20.051567  12.935815  4.793881  -4.074101  0  0  0  0  0  0  0  0  0  0  0  0  0  0  0  0  0  0  0  0  0  0  0  0  0  0  0  0  0  0  0  0  0  0  0  0  0  0  0  0  0  0  0  0  0  0  0  0  0  0  0  0  0  0  0  0  0  0  0  0  0  0  0  0  0  -1.8129359999999997
h  7  7  -2.215158  -1.832907  0.350179  1.797807  3.130298  4.348817  5.356533  6.225142  6.964063  7.146342  6.569036  5.259603  3.192147  0.590783  -2.273684  -5.148241  -7.784729  -9.905492  -11.220116  -11.609959  -10.979479  -9.086887  0  0  0  0  0  0  0  0  0  0  0  0  0  0  0  0  0  0  0  0  0  0  0  0  0  0  0  0  0  0  0  0  0  0  0  0  0  0  0  0  0  0  0  0  0  0  0  0  0  0  0  0  0  0  0  0  0  0  0  0  0  0  0  0  0  0.49457999999999913
g  8  0  23.982909  23.856418  24.971995  26.077099  26.72978  26.913095  26.783415  26.645674  26.290177  25.929469  25.738928  25.948797  26.596108  27.545332  28.706524  30.068689  31.662498  33.53239  35.703688  38.115405  40.702217  43.4257  0  0  0  0  0  0  0  0  0  0  0  0  0  0  0  0  0  0  0  0  0  0  0  0  0  0  0  0  0  0  0  0  0  0  0  0  0  0  0  0  0  0  0  0  0  0  0  0  0  0  0  0  0  0  0  0  0  0  0  0  0  0  0  0  0  0.5526470000000003
g  8  1  9.337135  9.759403  11.767266  13.887843  15.893189  17.787061  19.328758  20.292508  20.859169  21.135961  21.148297  21.045301  20.839394  20.616455  20.252929  19.558872  18.521628  17.168696  15.609621  14.049761  12.684797  11.618982  0  0  0  0  0  0  0  0  0  0  0  0  0  0  0  0  0  0  0  0  0  0  0  0  0  0  0  0  0  0  0  0  0  0  0  0  0  0  0  0  0  0  0  0  0  0  0  0  0  0  0  0  0  0  0  0  0  0  0  0  0  0  0  0  0  -0.1895629999999997
h  8  1  10.207754  8.158295  5.778354  3.951671  2.296962  0.606087  -1.427648  -3.677911  -5.713846  -7.388866  -8.587036  -9.277372  -9.638953  -9.861091  -10.051534  -10.300614  -10.674995  -11.129658  -11.431163  -11.428212  -11.233099  -10.985609  0  0  0  0  0  0  0  0  0  0  0  0  0  0  0  0  0  0  0  0  0  0  0  0  0  0  0  0  0  0  0  0  0  0  0  0  0  0  0  0  0  0  0  0  0  0  0  0  0  0  0  0  0  0  0  0  0  0  0  0  0  0  0  0  0  0.05501199999999962
g  8  2  -17.057344  -17.603728  -18.368987  -18.986908  -19.419168  -19.356605  -18.850488  -18.256672  -17.65779  -17.213535  -16.803889  -16.548279  -16.455138  -16.607002  -17.148275  -18.058199  -19.060961  -19.929008  -20.649681  -21.227106  -21.625217  -21.850433  0  0  0  0  0  0  0  0  0  0  0  0  0  0  0  0  0  0  0  0  0  0  0  0  0  0  0  0  0  0  0  0  0  0  0  0  0  0  0  0  0  0  0  0  0  0  0  0  0  0  0  0  0  0  0  0  0  0  0  0  0  0  0  0  0  -0.032682999999998685
h  8  2  -18.331289  -15.33259  -13.689234  -13.349656  -14.197918  -15.382853  -16.625634  -17.660151  -18.66319  -19.580065  -20.252351  -20.538669  -20.223551  -19.373846  -18.205318  -16.696838  -14.673091  -11.936387  -8.43239  -4.382472  -0.074591  4.154931  0  0  0  0  0  0  0  0  0  0  0  0  0  0  0  0  0  0  0  0  0  0  0  0  0  0  0  0  0  0  0  0  0  0  0  0  0  0  0  0  0  0  0  0  0  0  0  0  0  0  0  0  0  0  0  0  0  0  0  0  0  0  0  0  0  0.8254380000000006
g  8  3  -3.168951  -0.650844  1.622489  3.69874  4.998616  5.202138  4.5796  3.814757  3.163646  2.563768  1.817075  0.674476  -0.76197  -2.241785  -3.775789  -5.436411  -7.157045  -8.903251  -10.761036  -12.723696  -14.650792  -16.374138  0  0  0  0  0  0  0  0  0  0  0  0  0  0  0  0  0  0  0  0  0  0  0  0  0  0  0  0  0  0  0  0  0  0  0  0  0  0  0  0  0  0  0  0  0  0  0  0  0  0  0  0  0  0  0  0  0  0  0  0  0  0  0  0  0  -0.32379999999999853
h  8  3  13.064544  12.724184  13.257359  13.939969  14.742371  15.441545  16.293802  17.518081  18.908776  20.338121  21.709083  22.882474  23.890037  24.805333  25.92713  27.490348  29.504786  31.743235  33.856109  35.532646  36.537171  36.788372  0  0  0  0  0  0  0  0  0  0  0  0  0  0  0  0  0  0  0  0  0  0  0  0  0  0  0  0  0  0  0  0  0  0  0  0  0  0  0  0  0  0  0  0  0  0  0  0  0  0  0  0  0  0  0  0  0  0  0  0  0  0  0  0  0  -0.010447999999996682
g  8  4  -20.691294  -21.12202  -23.023194  -24.50178  -24.974623  -25.709989  -26.698213  -27.81262  -29.021709  -29.949755  -30.630131  -31.317342  -32.155953  -33.242498  -34.562471  -35.9118  -36.987525  -37.653059  -38.027116  -38.251684  -38.511473  -38.997474  0  0  0  0  0  0  0  0  0  0  0  0  0  0  0  0  0  0  0  0  0  0  0  0  0  0  0  0  0  0  0  0  0  0  0  0  0  0  0  0  0  0  0  0  0  0  0  0  0  0  0  0  0  0  0  0  0  0  0  0  0  0  0  0  0  -0.12205299999999397
h  8  4  -14.784089  -11.923791  -10.779799  -9.638493  -8.223522  -7.166575  -5.905034  -4.404134  -2.671597  -0.440344  1.950348  4.23409  6.386787  8.23305  9.732737  11.043755  12.378228  13.766635  14.99121  15.85193  16.255004  16.268089  0  0  0  0  0  0  0  0  0  0  0  0  0  0  0  0  0  0  0  0  0  0  0  0  0  0  0  0  0  0  0  0  0  0  0  0  0  0  0  0  0  0  0  0  0  0  0  0  0  0  0  0  0  0  0  0  0  0  0  0  0  0  0  0  0  -0.02043700000000115
g  8  5  13.317681  15.032472  16.384042  18.020665  19.898376  21.800769  23.792435  25.840176  27.88896  29.837487  31.49976  32.854582  33.860396  34.434516  34.632049  34.357558  33.442856  31.870959  29.847311  27.684876  25.563131  23.476252  0  0  0  0  0  0  0  0  0  0  0  0  0  0  0  0  0  0  0  0  0  0  0  0  0  0  0  0  0  0  0  0  0  0  0  0  0  0  0  0  0  0  0  0  0  0  0  0  0  0  0  0  0  0  0  0  0  0  0  0  0  0  0  0  0  -0.41485700000000136
h  8  5  16.10083  15.085249  12.736376  10.065249  7.953949  6.021882  3.948574  1.722468  -0.672152  -3.465044  -6.356597  -9.175326  -12.076453  -15.069556  -18.134928  -21.27244  -24.376163  -27.397687  -30.377245  -33.305418  -36.145637  -38.836038  0  0  0  0  0  0  0  0  0  0  0  0  0  0  0  0  0  0  0  0  0  0  0  0  0  0  0  0  0  0  0  0  0  0  0  0  0  0  0  0  0  0  0  0  0  0  0  0  0  0  0  0  0  0  0  0  0  0  0  0  0  0  0  0  0  -0.5240989999999996
g  8  6  11.599628  13.554365  13.003478  11.97523  10.970027  10.292022  9.554856  8.999223  8.849447  9.220552  10.240325  11.797259  13.688295  15.799034  17.930888  19.81983  21.186097  21.992475  22.440843  22.681541  22.81678  22.830658  0  0  0  0  0  0  0  0  0  0  0  0  0  0  0  0  0  0  0  0  0  0  0  0  0  0  0  0  0  0  0  0  0  0  0  0  0  0  0  0  0  0  0  0  0  0  0  0  0  0  0  0  0  0  0  0  0  0  0  0  0  0  0  0  0  -0.014177000000000106
h  8  6  5.421771  3.787279  2.936561  2.555235  2.688855  3.116086  3.942337  5.019196  6.311953  7.851983  9.363956  10.566201  11.402527  11.898396  12.023399  11.702669  10.920642  9.786545  8.466882  7.137196  5.867696  4.587603  0  0  0  0  0  0  0  0  0  0  0  0  0  0  0  0  0  0  0  0  0  0  0  0  0  0  0  0  0  0  0  0  0  0  0  0  0  0  0  0  0  0  0  0  0  0  0  0  0  0  0  0  0  0  0  0  0  0  0  0  0  0  0  0  0  -0.25808000000000053
g  8  7  -15.878517  -16.481376  -17.096807  -17.381311  -17.284613  -17.076338  -17.10407  -17.191516  -17.228187  -17.109004  -16.723447  -15.946842  -14.612566  -12.638724  -10.061568  -6.891074  -3.2029  0.898714  5.267084  9.671966  13.856302  17.541668  0  0  0  0  0  0  0  0  0  0  0  0  0  0  0  0  0  0  0  0  0  0  0  0  0  0  0  0  0  0  0  0  0  0  0  0  0  0  0  0  0  0  0  0  0  0  0  0  0  0  0  0  0  0  0  0  0  0  0  0  0  0  0  0  0  0.6839980000000025
h  8  7  -8.919976  -6.86062  -4.498625  -2.169217  -0.444445  1.059205  2.349405  3.559579  4.773122  6.076884  7.473938  8.940774  10.470003  12.012021  13.444214  14.622626  15.468615  16.008796  16.303682  16.280654  15.804162  14.735958  0  0  0  0  0  0  0  0  0  0  0  0  0  0  0  0  0  0  0  0  0  0  0  0  0  0  0  0  0  0  0  0  0  0  0  0  0  0  0  0  0  0  0  0  0  0  0  0  0  0  0  0  0  0  0  0  0  0  0  0  0  0  0  0  0  -0.26627200000000073
g  8  8  -2.155461  -0.277106  1.138647  2.834884  5.042322  7.190435  8.882732  10.272055  11.310543  12.019119  12.377846  12.3098  11.750528  10.503321  8.358695  5.217146  1.188883  -3.455601  -8.319105  -12.880765  -16.683708  -19.462266  0  0  0  0  0  0  0  0  0  0  0  0  0  0  0  0  0  0  0  0  0  0  0  0  0  0  0  0  0  0  0  0  0  0  0  0  0  0  0  0  0  0  0  0  0  0  0  0  0  0  0  0  0  0  0  0  0  0  0  0  0  0  0  0  0  -0.4659089999999999
h  8  8  2.01334  2.906632  2.358343  0.949569  -0.744819  -2.436278  -4.084621  -5.779015  -7.431023  -9.132665  -11.015645  -13.128976  -15.532321  -18.246293  -21.144712  -23.963721  -26.391304  -28.152016  -29.060317  -29.052011  -28.139625  -26.389456  0  0  0  0  0  0  0  0  0  0  0  0  0  0  0  0  0  0  0  0  0  0  0  0  0  0  0  0  0  0  0  0  0  0  0  0  0  0  0  0  0  0  0  0  0  0  0  0  0  0  0  0  0  0  0  0  0  0  0  0  0  0  0  0  0  0.4148340000000026
g  9  0  5.236292  5.123876  4.912508  4.631464  4.330049  3.996789  3.696265  3.476851  3.319537  3.267785  3.33411  3.425291  3.498421  3.474434  3.304237  3.117575  3.171083  3.642422  4.514481  5.650081  6.864411  7.966481  0  0  0  0  0  0  0  0  0  0  0  0  0  0  0  0  0  0  0  0  0  0  0  0  0  0  0  0  0  0  0  0  0  0  0  0  0  0  0  0  0  0  0  0  0  0  0  0  0  0  0  0  0  0  0  0  0  0  0  0  0  0  0  0  0  0.204777
g  9  1  8.934995  8.501185  8.736613  8.905562  8.725368  8.495685  8.102493  7.677469  7.251366  6.844954  6.584907  6.503177  6.631081  6.919546  7.29803  7.751693  8.256923  8.746962  9.113655  9.289432  9.261275  9.065553  0  0  0  0  0  0  0  0  0  0  0  0  0  0  0  0  0  0  0  0  0  0  0  0  0  0  0  0  0  0  0  0  0  0  0  0  0  0  0  0  0  0  0  0  0  0  0  0  0  0  0  0  0  0  0  0  0  0  0  0  0  0  0  0  0  -0.050396000000000996
h  9  1  -21.468095  -23.22176  -23.728719  -24.450652  -25.010527  -25.21813  -25.065301  -24.55664  -23.650838  -22.464778  -21.190825  -19.812735  -18.265556  -16.528674  -14.561854  -12.295155  -9.715381  -6.921611  -4.035979  -1.240952  1.247328  3.371934  0  0  0  0  0  0  0  0  0  0  0  0  0  0  0  0  0  0  0  0  0  0  0  0  0  0  0  0  0  0  0  0  0  0  0  0  0  0  0  0  0  0  0  0  0  0  0  0  0  0  0  0  0  0  0  0  0  0  0  0  0  0  0  0  0  0.40149500000000016
g  9  2  3.104914  2.903206  3.438486  3.832524  4.094277  4.325469  4.447183  4.470083  4.423171  4.401028  4.535283  4.88358  5.496301  6.375275  7.350297  8.290831  9.203693  10.066597  10.814832  11.424774  11.889947  12.165555  0  0  0  0  0  0  0  0  0  0  0  0  0  0  0  0  0  0  0  0  0  0  0  0  0  0  0  0  0  0  0  0  0  0  0  0  0  0  0  0  0  0  0  0  0  0  0  0  0  0  0  0  0  0  0  0  0  0  0  0  0  0  0  0  0  0.038000000000000256
h  9  2  10.512377  10.533434  9.499824  8.371491  7.046676  5.532689  3.76737  2.024622  0.522589  -0.684237  -1.55412  -2.05713  -2.176753  -1.903006  -1.3265  -0.570914  0.327159  1.2977  2.218693  3.001806  3.630913  4.133859  0  0  0  0  0  0  0  0  0  0  0  0  0  0  0  0  0  0  0  0  0  0  0  0  0  0  0  0  0  0  0  0  0  0  0  0  0  0  0  0  0  0  0  0  0  0  0  0  0  0  0  0  0  0  0  0  0  0  0  0  0  0  0  0  0  0.09105200000000035
g  9  3  -3.153883  -1.335361  -0.354065  0.096432  0.545279  1.219489  2.007128  2.795207  3.407378  3.828491  4.02956  4.018464  3.92762  3.8332  3.854208  3.999878  4.090616  3.923318  3.364598  2.368567  0.943523  -0.798869  0  0  0  0  0  0  0  0  0  0  0  0  0  0  0  0  0  0  0  0  0  0  0  0  0  0  0  0  0  0  0  0  0  0  0  0  0  0  0  0  0  0  0  0  0  0  0  0  0  0  0  0  0  0  0  0  0  0  0  0  0  0  0  0  0  -0.36470400000000003
h  9  3  12.070509  9.852127  8.999485  8.969212  9.447876  10.007398  10.614292  10.971131  11.288129  11.647246  11.88867  12.027073  12.027618  11.717065  10.96007  9.758099  8.268273  6.697545  5.085707  3.379816  1.526938  -0.399443  0  0  0  0  0  0  0  0  0  0  0  0  0  0  0  0  0  0  0  0  0  0  0  0  0  0  0  0  0  0  0  0  0  0  0  0  0  0  0  0  0  0  0  0  0  0  0  0  0  0  0  0  0  0  0  0  0  0  0  0  0  0  0  0  0  -0.382611
g  9  4  0.732238  -1.078174  -1.596381  -1.555463  -1.344045  -1.168604  -1.213933  -1.453665  -1.926906  -2.70667  -3.686446  -4.679915  -5.6019  -6.325867  -6.81594  -7.095071  -7.167  -6.981531  -6.441261  -5.440056  -3.919739  -1.954111  0  0  0  0  0  0  0  0  0  0  0  0  0  0  0  0  0  0  0  0  0  0  0  0  0  0  0  0  0  0  0  0  0  0  0  0  0  0  0  0  0  0  0  0  0  0  0  0  0  0  0  0  0  0  0  0  0  0  0  0  0  0  0  0  0  0.4224410000000003
h  9  4  -6.795612  -5.418401  -5.041831  -4.91925  -4.919436  -4.926296  -4.898868  -4.722129  -4.403795  -3.914301  -3.185717  -2.164951  -0.809259  0.904816  2.861369  4.891987  6.840502  8.527519  9.817619  10.69489  11.21477  11.461957  0  0  0  0  0  0  0  0  0  0  0  0  0  0  0  0  0  0  0  0  0  0  0  0  0  0  0  0  0  0  0  0  0  0  0  0  0  0  0  0  0  0  0  0  0  0  0  0  0  0  0  0  0  0  0  0  0  0  0  0  0  0  0  0  0  0.03243999999999936
g  9  5  -13.248706  -13.451042  -14.564597  -15.610622  -16.029414  -15.953199  -15.659623  -15.048687  -14.254585  -13.283777  -11.998128  -10.492044  -8.946878  -7.404284  -5.858332  -4.312255  -2.781782  -1.314056  0.071961  1.336748  2.36824  3.00543  0  0  0  0  0  0  0  0  0  0  0  0  0  0  0  0  0  0  0  0  0  0  0  0  0  0  0  0  0  0  0  0  0  0  0  0  0  0  0  0  0  0  0  0  0  0  0  0  0  0  0  0  0  0  0  0  0  0  0  0  0  0  0  0  0  0.08938800000000002
h  9  5  -6.857053  -6.307937  -7.222227  -8.024119  -8.542916  -9.06874  -9.288068  -9.308135  -9.40076  -9.477005  -9.593216  -9.859666  -10.268067  -10.841836  -11.585348  -12.378852  -13.054591  -13.576542  -14.012449  -14.364714  -14.61661  -14.763327  0  0  0  0  0  0  0  0  0  0  0  0  0  0  0  0  0  0  0  0  0  0  0  0  0  0  0  0  0  0  0  0  0  0  0  0  0  0  0  0  0  0  0  0  0  0  0  0  0  0  0  0  0  0  0  0  0  0  0  0  0  0  0  0  0  -0.020860000000000767
g  9  6  -0.278135  0.809292  0.934581  0.959278  1.119276  1.167376  1.151977  1.158872  1.123247  0.880285  0.383292  -0.261156  -0.993656  -1.805987  -2.66954  -3.586905  -4.59655  -5.63984  -6.618086  -7.533573  -8.457561  -9.472277  0  0  0  0  0  0  0  0  0  0  0  0  0  0  0  0  0  0  0  0  0  0  0  0  0  0  0  0  0  0  0  0  0  0  0  0  0  0  0  0  0  0  0  0  0  0  0  0  0  0  0  0  0  0  0  0  0  0  0  0  0  0  0  0  0  -0.2127630000000007
h  9  6  7.834766  7.874152  7.953088  7.566418  6.895171  6.091671  5.270931  4.396546  3.43664  2.372837  1.331268  0.47969  -0.224518  -0.805738  -1.264422  -1.703407  -2.218126  -2.82979  -3.473117  -4.075448  -4.611658  -5.06172  0  0  0  0  0  0  0  0  0  0  0  0  0  0  0  0  0  0  0  0  0  0  0  0  0  0  0  0  0  0  0  0  0  0  0  0  0  0  0  0  0  0  0  0  0  0  0  0  0  0  0  0  0  0  0  0  0  0  0  0  0  0  0  0  0  -0.07860800000000001
g  9  7  8.598055  8.585138  7.068812  5.331872  3.65795  2.220226  0.995989  -0.02042  -0.779192  -1.211371  -1.436727  -1.552556  -1.640641  -1.746546  -1.871537  -1.989996  -2.040644  -1.981127  -1.840414  -1.665438  -1.488972  -1.335909  0  0  0  0  0  0  0  0  0  0  0  0  0  0  0  0  0  0  0  0  0  0  0  0  0  0  0  0  0  0  0  0  0  0  0  0  0  0  0  0  0  0  0  0  0  0  0  0  0  0  0  0  0  0  0  0  0  0  0  0  0  0  0  0  0  0.024596000000000062
h  9  7  1.101128  0.061966  -0.411125  -0.624925  -0.407556  0.168212  0.694815  1.178079  1.645071  1.995574  2.165632  2.219515  2.172936  2.043347  1.817648  1.456029  0.927686  0.278034  -0.400985  -1.097884  -1.866776  -2.811693  0  0  0  0  0  0  0  0  0  0  0  0  0  0  0  0  0  0  0  0  0  0  0  0  0  0  0  0  0  0  0  0  0  0  0  0  0  0  0  0  0  0  0  0  0  0  0  0  0  0  0  0  0  0  0  0  0  0  0  0  0  0  0  0  0  -0.20936600000000016
g  9  8  -9.093025  -9.169122  -8.955068  -8.186256  -6.859588  -5.122068  -3.183827  -1.427873  -0.081133  0.768638  1.140474  1.157917  0.997292  0.779905  0.589072  0.503723  0.511279  0.46204  0.157555  -0.507979  -1.514593  -2.777906  0  0  0  0  0  0  0  0  0  0  0  0  0  0  0  0  0  0  0  0  0  0  0  0  0  0  0  0  0  0  0  0  0  0  0  0  0  0  0  0  0  0  0  0  0  0  0  0  0  0  0  0  0  0  0  0  0  0  0  0  0  0  0  0  0  -0.26827400000000035
h  9  8  -4.112514  -1.536203  0.15408  1.477189  2.713377  3.579609  3.625883  3.180584  2.431181  1.548325  0.778195  0.204752  -0.110153  -0.137956  0.09169  0.498658  0.980301  1.452845  1.866324  2.2317  2.579402  2.919918  0  0  0  0  0  0  0  0  0  0  0  0  0  0  0  0  0  0  0  0  0  0  0  0  0  0  0  0  0  0  0  0  0  0  0  0  0  0  0  0  0  0  0  0  0  0  0  0  0  0  0  0  0  0  0  0  0  0  0  0  0  0  0  0  0  0.06868600000000002
g  9  9  -10.287376  -11.809568  -12.134487  -12.166161  -11.72443  -11.04643  -10.563761  -10.09587  -9.595765  -8.975451  -8.154989  -7.202253  -6.25108  -5.492715  -5.104034  -5.207562  -5.80832  -6.796496  -7.964746  -9.060532  -9.844787  -10.090312  0  0  0  0  0  0  0  0  0  0  0  0  0  0  0  0  0  0  0  0  0  0  0  0  0  0  0  0  0  0  0  0  0  0  0  0  0  0  0  0  0  0  0  0  0  0  0  0  0  0  0  0  0  0  0  0  0  0  0  0  0  0  0  0  0  0.0027639999999991005
h  9  9  8.24171  9.668396  10.701938  11.332512  11.825905  12.050813  11.793019  10.968216  9.780313  8.461578  7.128908  5.805036  4.440742  3.000723  1.536659  0.176323  -0.871527  -1.381826  -1.161744  -0.095799  1.823411  4.473618  0  0  0  0  0  0  0  0  0  0  0  0  0  0  0  0  0  0  0  0  0  0  0  0  0  0  0  0  0  0  0  0  0  0  0  0  0  0  0  0  0  0  0  0  0  0  0  0  0  0  0  0  0  0  0  0  0  0  0  0  0  0  0  0  0  0.5796420000000002
g  10  0  -1.898277  -1.81521  -1.41897  -0.844999  -0.495953  -0.211793  -0.145015  -0.182517  -0.25271  -0.36079  -0.344703  -0.115756  0.349439  1.030983  1.823107  2.573278  3.169261  3.57581  3.790674  3.833759  3.7596  3.622138  0  0  0  0  0  0  0  0  0  0  0  0  0  0  0  0  0  0  0  0  0  0  0  0  0  0  0  0  0  0  0  0  0  0  0  0  0  0  0  0  0  0  0  0  0  0  0  0  0  0  0  0  0  0  0  0  0  0  0  0  0  0  0  0  0  -0.032524
g  10  1  -6.022522  -6.233464  -5.64387  -5.004501  -4.282087  -3.532691  -2.820559  -2.062102  -1.317911  -0.539519  0.225831  0.854327  1.320759  1.655197  1.837909  1.818453  1.594373  1.209636  0.727761  0.257637  -0.103851  -0.307638  0  0  0  0  0  0  0  0  0  0  0  0  0  0  0  0  0  0  0  0  0  0  0  0  0  0  0  0  0  0  0  0  0  0  0  0  0  0  0  0  0  0  0  0  0  0  0  0  0  0  0  0  0  0  0  0  0  0  0  0  0  0  0  0  0  -0.02797700000000003
h  10  1  3.489058  3.668425  4.515204  5.36223  6.089785  6.766547  7.4845  8.153877  8.798761  9.469878  10.186586  10.932789  11.672053  12.27882  12.621737  12.684208  12.576232  12.42706  12.325342  12.290905  12.282687  12.242568  0  0  0  0  0  0  0  0  0  0  0  0  0  0  0  0  0  0  0  0  0  0  0  0  0  0  0  0  0  0  0  0  0  0  0  0  0  0  0  0  0  0  0  0  0  0  0  0  0  0  0  0  0  0  0  0  0  0  0  0  0  0  0  0  0  -0.013230999999999327
g  10  2  0.196465  -0.282962  -0.345627  -0.390376  -0.484738  -0.569605  -0.756908  -1.005828  -1.279686  -1.522878  -1.683153  -1.757873  -1.759982  -1.715484  -1.686214  -1.726053  -1.830033  -1.963631  -2.135299  -2.344746  -2.540242  -2.705783  0  0  0  0  0  0  0  0  0  0  0  0  0  0  0  0  0  0  0  0  0  0  0  0  0  0  0  0  0  0  0  0  0  0  0  0  0  0  0  0  0  0  0  0  0  0  0  0  0  0  0  0  0  0  0  0  0  0  0  0  0  0  0  0  0  -0.03199599999999991
h  10  2  -0.313385  -0.141365  0.254976  0.2656  -0.100913  -0.430977  -0.727825  -0.892599  -0.965974  -0.966147  -0.890002  -0.757885  -0.529917  -0.243891  0.027978  0.296839  0.605509  0.934962  1.204596  1.344911  1.325865  1.146035  0  0  0  0  0  0  0  0  0  0  0  0  0  0  0  0  0  0  0  0  0  0  0  0  0  0  0  0  0  0  0  0  0  0  0  0  0  0  0  0  0  0  0  0  0  0  0  0  0  0  0  0  0  0  0  0  0  0  0  0  0  0  0  0  0  -0.0493030000000001
g  10  3  0.447864  1.377493  1.567248  1.240941  0.618945  -0.145457  -0.965195  -1.756831  -2.349917  -2.764113  -3.050652  -3.275485  -3.462325  -3.552181  -3.546538  -3.505388  -3.508094  -3.579619  -3.667414  -3.702143  -3.642464  -3.479646  0  0  0  0  0  0  0  0  0  0  0  0  0  0  0  0  0  0  0  0  0  0  0  0  0  0  0  0  0  0  0  0  0  0  0  0  0  0  0  0  0  0  0  0  0  0  0  0  0  0  0  0  0  0  0  0  0  0  0  0  0  0  0  0  0  0.039233000000000295
h  10  3  4.675526  3.899203  4.044576  4.206841  4.420139  4.597004  4.827596  5.15173  5.433999  5.682132  5.902212  6.059836  6.123442  6.106365  6.02858  5.87583  5.637068  5.27432  4.740138  4.04381  3.21389  2.283214  0  0  0  0  0  0  0  0  0  0  0  0  0  0  0  0  0  0  0  0  0  0  0  0  0  0  0  0  0  0  0  0  0  0  0  0  0  0  0  0  0  0  0  0  0  0  0  0  0  0  0  0  0  0  0  0  0  0  0  0  0  0  0  0  0  -0.192199
g  10  4  -0.434484  -0.818168  -0.773152  -0.948112  -1.183431  -1.447844  -1.914183  -2.459234  -3.02612  -3.630189  -4.172549  -4.663587  -5.108488  -5.389885  -5.426503  -5.277651  -5.017479  -4.702454  -4.332102  -3.869239  -3.284765  -2.631654  0  0  0  0  0  0  0  0  0  0  0  0  0  0  0  0  0  0  0  0  0  0  0  0  0  0  0  0  0  0  0  0  0  0  0  0  0  0  0  0  0  0  0  0  0  0  0  0  0  0  0  0  0  0  0  0  0  0  0  0  0  0  0  0  0  0.13214299999999968
h  10  4  4.19376  4.6863  4.702031  4.659654  4.841826  5.126084  5.35804  5.59699  5.760774  5.935887  6.220992  6.570078  6.977815  7.401625  7.705912  7.841986  7.831754  7.703066  7.474274  7.201494  6.946983  6.726861  0  0  0  0  0  0  0  0  0  0  0  0  0  0  0  0  0  0  0  0  0  0  0  0  0  0  0  0  0  0  0  0  0  0  0  0  0  0  0  0  0  0  0  0  0  0  0  0  0  0  0  0  0  0  0  0  0  0  0  0  0  0  0  0  0  -0.042766999999999555
g  10  5  1.947447  0.857526  0.182219  -0.52321  -0.910923  -0.946072  -0.838231  -0.637697  -0.38472  -0.129036  0.097552  0.29338  0.522692  0.883213  1.458715  2.206168  2.983536  3.705459  4.369266  4.970833  5.491146  5.940174  0  0  0  0  0  0  0  0  0  0  0  0  0  0  0  0  0  0  0  0  0  0  0  0  0  0  0  0  0  0  0  0  0  0  0  0  0  0  0  0  0  0  0  0  0  0  0  0  0  0  0  0  0  0  0  0  0  0  0  0  0  0  0  0  0  0.08447599999999955
h  10  5  -7.724699  -8.664771  -9.417382  -10.197704  -10.592302  -10.900752  -11.139772  -11.272037  -11.357581  -11.405557  -11.353318  -11.104739  -10.634181  -9.991015  -9.290792  -8.684969  -8.251325  -7.964763  -7.739367  -7.50332  -7.266176  -7.089579  0  0  0  0  0  0  0  0  0  0  0  0  0  0  0  0  0  0  0  0  0  0  0  0  0  0  0  0  0  0  0  0  0  0  0  0  0  0  0  0  0  0  0  0  0  0  0  0  0  0  0  0  0  0  0  0  0  0  0  0  0  0  0  0  0  0.02724700000000002
g  10  6  -0.695576  -0.694417  -0.577733  -0.656964  -0.830188  -0.950078  -1.176103  -1.405704  -1.514577  -1.511993  -1.426658  -1.264845  -1.15472  -1.163203  -1.258354  -1.376639  -1.496794  -1.609205  -1.698919  -1.76455  -1.79944  -1.810868  0  0  0  0  0  0  0  0  0  0  0  0  0  0  0  0  0  0  0  0  0  0  0  0  0  0  0  0  0  0  0  0  0  0  0  0  0  0  0  0  0  0  0  0  0  0  0  0  0  0  0  0  0  0  0  0  0  0  0  0  0  0  0  0  0  -0.0024180000000000312
h  10  6  -0.493658  -0.218539  0.192109  0.482215  0.739572  0.855758  0.931883  1.141113  1.354803  1.469612  1.469636  1.326225  1.04377  0.719015  0.439203  0.204511  -0.00868  -0.205865  -0.357039  -0.443386  -0.479229  -0.521899  0  0  0  0  0  0  0  0  0  0  0  0  0  0  0  0  0  0  0  0  0  0  0  0  0  0  0  0  0  0  0  0  0  0  0  0  0  0  0  0  0  0  0  0  0  0  0  0  0  0  0  0  0  0  0  0  0  0  0  0  0  0  0  0  0  -0.012699000000000016
g  10  7  2.316203  2.047091  1.99199  1.856127  1.602076  1.248129  0.785469  0.356153  0.011656  -0.316485  -0.559623  -0.637981  -0.500138  -0.180161  0.24449  0.738943  1.296251  1.888809  2.46128  2.963397  3.38636  3.744636  0  0  0  0  0  0  0  0  0  0  0  0  0  0  0  0  0  0  0  0  0  0  0  0  0  0  0  0  0  0  0  0  0  0  0  0  0  0  0  0  0  0  0  0  0  0  0  0  0  0  0  0  0  0  0  0  0  0  0  0  0  0  0  0  0  0.06584499999999993
h  10  7  -4.353864  -4.398388  -5.053392  -5.758176  -6.438551  -7.03413  -7.357918  -7.502287  -7.5316  -7.417187  -7.146004  -6.735471  -6.240485  -5.724258  -5.261974  -4.899197  -4.654429  -4.486495  -4.335356  -4.208145  -4.126069  -4.097188  0  0  0  0  0  0  0  0  0  0  0  0  0  0  0  0  0  0  0  0  0  0  0  0  0  0  0  0  0  0  0  0  0  0  0  0  0  0  0  0  0  0  0  0  0  0  0  0  0  0  0  0  0  0  0  0  0  0  0  0  0  0  0  0  0  0.0011330000000002727
g  10  8  2.330452  1.29296  0.573149  0.093537  -0.296557  -0.559287  -0.611434  -0.538221  -0.326959  0.090078  0.657775  1.303778  1.982547  2.63709  3.190704  3.56638  3.706849  3.593658  3.249712  2.753765  2.210282  1.720174  0  0  0  0  0  0  0  0  0  0  0  0  0  0  0  0  0  0  0  0  0  0  0  0  0  0  0  0  0  0  0  0  0  0  0  0  0  0  0  0  0  0  0  0  0  0  0  0  0  0  0  0  0  0  0  0  0  0  0  0  0  0  0  0  0  -0.08931
h  10  8  -3.100079  -3.22203  -3.101988  -2.663263  -2.152156  -1.675389  -1.272419  -0.977526  -0.767367  -0.66229  -0.687685  -0.857294  -1.183098  -1.674602  -2.32501  -3.047207  -3.703059  -4.18834  -4.472109  -4.549431  -4.4187  -4.118697  0  0  0  0  0  0  0  0  0  0  0  0  0  0  0  0  0  0  0  0  0  0  0  0  0  0  0  0  0  0  0  0  0  0  0  0  0  0  0  0  0  0  0  0  0  0  0  0  0  0  0  0  0  0  0  0  0  0  0  0  0  0  0  0  0  0.06945200000000007
g  10  9  -1.828661  -2.42147  -2.723102  -2.89738  -3.076471  -3.143371  -3.075745  -3.023344  -3.019372  -3.10481  -3.20626  -3.215062  -3.07747  -2.757337  -2.2491  -1.601257  -0.909539  -0.302069  0.08399  0.132741  -0.21262  -0.946878  0  0  0  0  0  0  0  0  0  0  0  0  0  0  0  0  0  0  0  0  0  0  0  0  0  0  0  0  0  0  0  0  0  0  0  0  0  0  0  0  0  0  0  0  0  0  0  0  0  0  0  0  0  0  0  0  0  0  0  0  0  0  0  0  0  -0.17641399999999996
h  10  9  -1.011441  -0.155503  0.292474  0.783973  1.547354  2.298263  2.867933  3.222044  3.43216  3.600497  3.840231  4.175056  4.558716  4.913218  5.134885  5.125849  4.795493  4.072863  2.956537  1.550333  0.030429  -1.418121  0  0  0  0  0  0  0  0  0  0  0  0  0  0  0  0  0  0  0  0  0  0  0  0  0  0  0  0  0  0  0  0  0  0  0  0  0  0  0  0  0  0  0  0  0  0  0  0  0  0  0  0  0  0  0  0  0  0  0  0  0  0  0  0  0  -0.274934
g  10  10  -3.631702  -3.801662  -3.747734  -3.475674  -3.24334  -3.013681  -2.758099  -2.483307  -2.170306  -1.80817  -1.412997  -1.040007  -0.781545  -0.727998  -0.917131  -1.335018  -1.907271  -2.537491  -3.146401  -3.65974  -4.019031  -4.146615  0  0  0  0  0  0  0  0  0  0  0  0  0  0  0  0  0  0  0  0  0  0  0  0  0  0  0  0  0  0  0  0  0  0  0  0  0  0  0  0  0  0  0  0  0  0  0  0  0  0  0  0  0  0  0  0  0  0  0  0  0  0  0  0  0  -0.003019000000000105
h  10  10  -8.265473  -8.7472  -8.347702  -7.816154  -7.160057  -6.45503  -5.899972  -5.579465  -5.436085  -5.40192  -5.477833  -5.699877  -6.070859  -6.516298  -6.918779  -7.152263  -7.094795  -6.675195  -5.868043  -4.715369  -3.2985  -1.702584  0  0  0  0  0  0  0  0  0  0  0  0  0  0  0  0  0  0  0  0  0  0  0  0  0  0  0  0  0  0  0  0  0  0  0  0  0  0  0  0  0  0  0  0  0  0  0  0  0  0  0  0  0  0  0  0  0  0  0  0  0  0  0  0  0  0.3284769999999997
g  11  0  3.058131  3.013573  2.855348  2.729647  2.692177  2.637696  2.56866  2.510462  2.446787  2.362545  2.267884  2.143342  1.980597  1.782683  1.542903  1.260006  0.973088  0.721978  0.508309  0.340684  0.235693  0.172211  0  0  0  0  0  0  0  0  0  0  0  0  0  0  0  0  0  0  0  0  0  0  0  0  0  0  0  0  0  0  0  0  0  0  0  0  0  0  0  0  0  0  0  0  0  0  0  0  0  0  0  0  0  0  0  0  0  0  0  0  0  0  0  0  0  -0.01175000000000001
g  11  1  -1.479033  -1.297701  -1.239623  -1.20061  -1.155371  -1.155486  -1.147226  -1.171866  -1.23206  -1.331716  -1.492951  -1.668629  -1.815479  -1.910958  -1.938784  -1.929546  -1.936544  -1.985463  -2.060714  -2.132009  -2.180567  -2.199935  0  0  0  0  0  0  0  0  0  0  0  0  0  0  0  0  0  0  0  0  0  0  0  0  0  0  0  0  0  0  0  0  0  0  0  0  0  0  0  0  0  0  0  0  0  0  0  0  0  0  0  0  0  0  0  0  0  0  0  0  0  0  0  0  0  -0.001354999999999773
h  11  1  0.005622  0.060474  0.015678  -0.110677  -0.09318  0.0318  0.229501  0.532865  0.895199  1.292407  1.696989  2.100341  2.487421  2.835734  3.132126  3.393821  3.668583  3.962323  4.241246  4.454039  4.516836  4.365588  0  0  0  0  0  0  0  0  0  0  0  0  0  0  0  0  0  0  0  0  0  0  0  0  0  0  0  0  0  0  0  0  0  0  0  0  0  0  0  0  0  0  0  0  0  0  0  0  0  0  0  0  0  0  0  0  0  0  0  0  0  0  0  0  0  -0.04830999999999985
g  11  2  -2.323292  -2.552595  -2.529419  -2.37887  -2.183023  -1.966165  -1.74104  -1.53031  -1.299344  -1.067466  -0.87537  -0.715976  -0.574099  -0.410599  -0.236792  -0.116703  -0.081242  -0.107126  -0.146578  -0.130839  0.001614  0.233231  0  0  0  0  0  0  0  0  0  0  0  0  0  0  0  0  0  0  0  0  0  0  0  0  0  0  0  0  0  0  0  0  0  0  0  0  0  0  0  0  0  0  0  0  0  0  0  0  0  0  0  0  0  0  0  0  0  0  0  0  0  0  0  0  0  0.05124699999999999
h  11  2  2.149825  2.485852  2.580811  2.524239  2.279037  1.998962  1.662921  1.315923  1.003839  0.818541  0.793257  0.897862  1.082655  1.323137  1.550398  1.683398  1.708152  1.646259  1.513628  1.336449  1.136604  0.92976  0  0  0  0  0  0  0  0  0  0  0  0  0  0  0  0  0  0  0  0  0  0  0  0  0  0  0  0  0  0  0  0  0  0  0  0  0  0  0  0  0  0  0  0  0  0  0  0  0  0  0  0  0  0  0  0  0  0  0  0  0  0  0  0  0  -0.042132999999999976
g  11  3  1.884157  2.293313  2.230131  1.888889  1.560293  1.241924  0.966254  0.656854  0.352358  0.062824  -0.212191  -0.470596  -0.735199  -0.992007  -1.190421  -1.32031  -1.425199  -1.538706  -1.649396  -1.731784  -1.784323  -1.826006  0  0  0  0  0  0  0  0  0  0  0  0  0  0  0  0  0  0  0  0  0  0  0  0  0  0  0  0  0  0  0  0  0  0  0  0  0  0  0  0  0  0  0  0  0  0  0  0  0  0  0  0  0  0  0  0  0  0  0  0  0  0  0  0  0  -0.007943000000000033
h  11  3  -0.424842  -0.591782  -0.535524  -0.442883  -0.295783  -0.20656  -0.273603  -0.459785  -0.772009  -1.151109  -1.563939  -1.986121  -2.380476  -2.763204  -3.149743  -3.500572  -3.739763  -3.811872  -3.717706  -3.478546  -3.142594  -2.794597  0  0  0  0  0  0  0  0  0  0  0  0  0  0  0  0  0  0  0  0  0  0  0  0  0  0  0  0  0  0  0  0  0  0  0  0  0  0  0  0  0  0  0  0  0  0  0  0  0  0  0  0  0  0  0  0  0  0  0  0  0  0  0  0  0  0.0670449999999998
g  11  4  -0.81595  -1.08147  -1.208188  -1.147273  -0.998624  -0.908666  -0.946136  -1.031237  -1.038028  -0.95874  -0.786383  -0.551259  -0.296607  -0.079092  0.039396  0.019041  -0.128283  -0.333609  -0.508661  -0.601724  -0.586278  -0.484601  0  0  0  0  0  0  0  0  0  0  0  0  0  0  0  0  0  0  0  0  0  0  0  0  0  0  0  0  0  0  0  0  0  0  0  0  0  0  0  0  0  0  0  0  0  0  0  0  0  0  0  0  0  0  0  0  0  0  0  0  0  0  0  0  0  0.024524000000000046
h  11  4  -0.977107  -0.520927  0.140846  0.767271  1.276694  1.713447  2.167133  2.600719  2.958072  3.249742  3.471413  3.585963  3.557544  3.449217  3.341542  3.24939  3.150526  3.020909  2.867971  2.708539  2.519601  2.27535  0  0  0  0  0  0  0  0  0  0  0  0  0  0  0  0  0  0  0  0  0  0  0  0  0  0  0  0  0  0  0  0  0  0  0  0  0  0  0  0  0  0  0  0  0  0  0  0  0  0  0  0  0  0  0  0  0  0  0  0  0  0  0  0  0  -0.052928000000000086
g  11  5  0.472632  0.370475  0.31373  0.248165  0.268473  0.495849  0.751021  0.955847  1.144601  1.322983  1.498644  1.671237  1.751299  1.700117  1.556665  1.361281  1.150944  0.961105  0.824982  0.764505  0.774428  0.829574  0  0  0  0  0  0  0  0  0  0  0  0  0  0  0  0  0  0  0  0  0  0  0  0  0  0  0  0  0  0  0  0  0  0  0  0  0  0  0  0  0  0  0  0  0  0  0  0  0  0  0  0  0  0  0  0  0  0  0  0  0  0  0  0  0  0.012828000000000062
h  11  5  0.784738  0.564184  0.139646  -0.268211  -0.560754  -0.777738  -0.901193  -0.978659  -1.075935  -1.218868  -1.361389  -1.547217  -1.800486  -2.081543  -2.336505  -2.520503  -2.58829  -2.517626  -2.306311  -1.962474  -1.528706  -1.106999  0  0  0  0  0  0  0  0  0  0  0  0  0  0  0  0  0  0  0  0  0  0  0  0  0  0  0  0  0  0  0  0  0  0  0  0  0  0  0  0  0  0  0  0  0  0  0  0  0  0  0  0  0  0  0  0  0  0  0  0  0  0  0  0  0  0.07806599999999997
g  11  6  -0.638907  -0.703853  -0.827436  -0.966356  -0.972915  -0.86919  -0.705998  -0.571117  -0.491253  -0.479684  -0.58635  -0.789585  -1.059655  -1.376981  -1.726262  -2.108596  -2.536992  -3.004699  -3.4986  -4.00549  -4.490468  -4.906156  0  0  0  0  0  0  0  0  0  0  0  0  0  0  0  0  0  0  0  0  0  0  0  0  0  0  0  0  0  0  0  0  0  0  0  0  0  0  0  0  0  0  0  0  0  0  0  0  0  0  0  0  0  0  0  0  0  0  0  0  0  0  0  0  0  -0.07588500000000042
h  11  6  -0.028783  -0.104327  0.316376  0.627513  0.863041  0.966691  0.95908  0.836533  0.563544  0.146926  -0.338619  -0.800197  -1.187839  -1.480641  -1.672137  -1.792249  -1.850722  -1.815645  -1.65367  -1.380195  -1.055489  -0.733235  0  0  0  0  0  0  0  0  0  0  0  0  0  0  0  0  0  0  0  0  0  0  0  0  0  0  0  0  0  0  0  0  0  0  0  0  0  0  0  0  0  0  0  0  0  0  0  0  0  0  0  0  0  0  0  0  0  0  0  0  0  0  0  0  0  0.06202800000000008
g  11  7  0.315717  0.070232  -0.071133  -0.162154  -0.257434  -0.290299  -0.284707  -0.253883  -0.171854  -0.018683  0.152759  0.257372  0.265496  0.153145  -0.07618  -0.367148  -0.64774  -0.880494  -1.072722  -1.221586  -1.298826  -1.27092  0  0  0  0  0  0  0  0  0  0  0  0  0  0  0  0  0  0  0  0  0  0  0  0  0  0  0  0  0  0  0  0  0  0  0  0  0  0  0  0  0  0  0  0  0  0  0  0  0  0  0  0  0  0  0  0  0  0  0  0  0  0  0  0  0  0.014956999999999887
h  11  7  -2.052554  -1.670656  -1.323471  -1.097243  -0.93234  -0.763088  -0.639676  -0.567589  -0.505322  -0.497826  -0.60438  -0.789929  -1.009941  -1.235302  -1.422554  -1.527407  -1.524817  -1.410197  -1.196679  -0.909543  -0.583626  -0.260427  0  0  0  0  0  0  0  0  0  0  0  0  0  0  0  0  0  0  0  0  0  0  0  0  0  0  0  0  0  0  0  0  0  0  0  0  0  0  0  0  0  0  0  0  0  0  0  0  0  0  0  0  0  0  0  0  0  0  0  0  0  0  0  0  0  0.06229699999999999
g  11  8  1.734812  1.524628  1.507492  1.471565  1.476205  1.482142  1.452042  1.458144  1.516787  1.615681  1.797268  2.086416  2.466945  2.851937  3.149877  3.309389  3.3205  3.190306  2.936635  2.602672  2.226332  1.83315  0  0  0  0  0  0  0  0  0  0  0  0  0  0  0  0  0  0  0  0  0  0  0  0  0  0  0  0  0  0  0  0  0  0  0  0  0  0  0  0  0  0  0  0  0  0  0  0  0  0  0  0  0  0  0  0  0  0  0  0  0  0  0  0  0  -0.0787469999999999
h  11  8  -1.506121  -1.763609  -1.83271  -1.854147  -1.84178  -1.749914  -1.560399  -1.319737  -1.033532  -0.722008  -0.408997  -0.143657  0.006315  0.005317  -0.122606  -0.311363  -0.497732  -0.649912  -0.773191  -0.863637  -0.898039  -0.847835  0  0  0  0  0  0  0  0  0  0  0  0  0  0  0  0  0  0  0  0  0  0  0  0  0  0  0  0  0  0  0  0  0  0  0  0  0  0  0  0  0  0  0  0  0  0  0  0  0  0  0  0  0  0  0  0  0  0  0  0  0  0  0  0  0  0.017137999999999987
g  11  9  -0.04227  -0.546388  -0.664691  -0.758959  -0.765125  -0.685338  -0.543739  -0.363283  -0.151462  0.110819  0.415454  0.744312  1.096295  1.470735  1.822289  2.086307  2.218964  2.216964  2.119162  1.962128  1.759086  1.5229  0  0  0  0  0  0  0  0  0  0  0  0  0  0  0  0  0  0  0  0  0  0  0  0  0  0  0  0  0  0  0  0  0  0  0  0  0  0  0  0  0  0  0  0  0  0  0  0  0  0  0  0  0  0  0  0  0  0  0  0  0  0  0  0  0  -0.04875800000000008
h  11  9  -2.625511  -2.838041  -2.888407  -2.736552  -2.494537  -2.253592  -2.019607  -1.764175  -1.516344  -1.298921  -1.138443  -1.051163  -1.031636  -1.07959  -1.201537  -1.381437  -1.583497  -1.773581  -1.927063  -2.024837  -2.053558  -2.016709  0  0  0  0  0  0  0  0  0  0  0  0  0  0  0  0  0  0  0  0  0  0  0  0  0  0  0  0  0  0  0  0  0  0  0  0  0  0  0  0  0  0  0  0  0  0  0  0  0  0  0  0  0  0  0  0  0  0  0  0  0  0  0  0  0  0.012198999999999849
g  11  10  0.620399  0.334574  -0.035218  -0.559216  -1.07939  -1.518459  -1.884654  -2.123987  -2.257075  -2.310787  -2.295046  -2.20635  -2.014303  -1.677226  -1.171504  -0.507697  0.268758  1.098331  1.915973  2.657507  3.253509  3.644328  0  0  0  0  0  0  0  0  0  0  0  0  0  0  0  0  0  0  0  0  0  0  0  0  0  0  0  0  0  0  0  0  0  0  0  0  0  0  0  0  0  0  0  0  0  0  0  0  0  0  0  0  0  0  0  0  0  0  0  0  0  0  0  0  0  0.05917199999999978
h  11  10  -2.301774  -2.172883  -2.324528  -2.381893  -2.226493  -1.904897  -1.457464  -0.935624  -0.389952  0.161891  0.721466  1.289609  1.870911  2.431257  2.912923  3.248343  3.393809  3.347756  3.133782  2.780949  2.315306  1.760723  0  0  0  0  0  0  0  0  0  0  0  0  0  0  0  0  0  0  0  0  0  0  0  0  0  0  0  0  0  0  0  0  0  0  0  0  0  0  0  0  0  0  0  0  0  0  0  0  0  0  0  0  0  0  0  0  0  0  0  0  0  0  0  0  0  -0.11670599999999998
g  11  11  3.574662  3.033444  3.002382  3.018525  3.022629  3.042475  3.081876  3.1142  3.108001  3.04486  2.921201  2.728874  2.445648  2.057398  1.554734  0.937545  0.236785  -0.488157  -1.165894  -1.716443  -2.083154  -2.244961  0  0  0  0  0  0  0  0  0  0  0  0  0  0  0  0  0  0  0  0  0  0  0  0  0  0  0  0  0  0  0  0  0  0  0  0  0  0  0  0  0  0  0  0  0  0  0  0  0  0  0  0  0  0  0  0  0  0  0  0  0  0  0  0  0  -0.015668999999999933
h  11  11  -2.24454  -2.517346  -2.346276  -2.265529  -2.250484  -2.263369  -2.298033  -2.337941  -2.338476  -2.284809  -2.194501  -2.091727  -2.001972  -1.912368  -1.777871  -1.537569  -1.138638  -0.569054  0.133069  0.885484  1.580877  2.127414  0  0  0  0  0  0  0  0  0  0  0  0  0  0  0  0  0  0  0  0  0  0  0  0  0  0  0  0  0  0  0  0  0  0  0  0  0  0  0  0  0  0  0  0  0  0  0  0  0  0  0  0  0  0  0  0  0  0  0  0  0  0  0  0  0  0.09395299999999995
g  12  0  -2.106084  -1.955588  -1.821869  -1.693728  -1.58137  -1.525509  -1.513598  -1.551817  -1.596363  -1.633132  -1.644358  -1.628896  -1.603745  -1.563243  -1.501812  -1.436398  -1.395527  -1.382508  -1.384078  -1.383266  -1.354408  -1.277628  0  0  0  0  0  0  0  0  0  0  0  0  0  0  0  0  0  0  0  0  0  0  0  0  0  0  0  0  0  0  0  0  0  0  0  0  0  0  0  0  0  0  0  0  0  0  0  0  0  0  0  0  0  0  0  0  0  0  0  0  0  0  0  0  0  0.019679000000000002
g  12  1  -0.129564  -0.333564  -0.336339  -0.26521  -0.217278  -0.207665  -0.215002  -0.173712  -0.092489  0.032766  0.154066  0.215128  0.208551  0.147673  0.059565  -0.019971  -0.064597  -0.059633  -0.005978  0.08573  0.210529  0.36044  0  0  0  0  0  0  0  0  0  0  0  0  0  0  0  0  0  0  0  0  0  0  0  0  0  0  0  0  0  0  0  0  0  0  0  0  0  0  0  0  0  0  0  0  0  0  0  0  0  0  0  0  0  0  0  0  0  0  0  0  0  0  0  0  0  0.031312000000000006
h  12  1  -1.008755  -1.04163  -1.173634  -1.317014  -1.367984  -1.373209  -1.320366  -1.24031  -1.166378  -1.099823  -1.035102  -0.968922  -0.895962  -0.824801  -0.782688  -0.77598  -0.778184  -0.76587  -0.742617  -0.718808  -0.705003  -0.72168  0  0  0  0  0  0  0  0  0  0  0  0  0  0  0  0  0  0  0  0  0  0  0  0  0  0  0  0  0  0  0  0  0  0  0  0  0  0  0  0  0  0  0  0  0  0  0  0  0  0  0  0  0  0  0  0  0  0  0  0  0  0  0  0  0  -0.006858000000000031
g  12  2  0.471259  0.421956  0.535486  0.629889  0.669152  0.641606  0.523988  0.381915  0.258448  0.169759  0.124398  0.102922  0.085396  0.060684  0.026453  -0.030836  -0.141077  -0.305021  -0.500016  -0.70397  -0.88478  -1.01294  0  0  0  0  0  0  0  0  0  0  0  0  0  0  0  0  0  0  0  0  0  0  0  0  0  0  0  0  0  0  0  0  0  0  0  0  0  0  0  0  0  0  0  0  0  0  0  0  0  0  0  0  0  0  0  0  0  0  0  0  0  0  0  0  0  -0.02007099999999995
h  12  2  0.269919  0.325517  0.343076  0.350684  0.321461  0.290269  0.284426  0.291102  0.318211  0.33352  0.319174  0.278634  0.229864  0.168873  0.098111  0.018127  -0.085483  -0.223465  -0.391305  -0.559555  -0.690141  -0.753768  0  0  0  0  0  0  0  0  0  0  0  0  0  0  0  0  0  0  0  0  0  0  0  0  0  0  0  0  0  0  0  0  0  0  0  0  0  0  0  0  0  0  0  0  0  0  0  0  0  0  0  0  0  0  0  0  0  0  0  0  0  0  0  0  0  -0.00695800000000002
g  12  3  1.126572  1.417768  1.354249  1.199984  0.994607  0.744452  0.493428  0.258108  0.064003  -0.095483  -0.250329  -0.404956  -0.54686  -0.653918  -0.706  -0.696552  -0.646527  -0.579422  -0.49928  -0.421764  -0.367275  -0.333375  0  0  0  0  0  0  0  0  0  0  0  0  0  0  0  0  0  0  0  0  0  0  0  0  0  0  0  0  0  0  0  0  0  0  0  0  0  0  0  0  0  0  0  0  0  0  0  0  0  0  0  0  0  0  0  0  0  0  0  0  0  0  0  0  0  0.006084000000000034
h  12  3  1.882024  1.53183  1.381347  1.236953  1.123258  1.014033  0.893496  0.777366  0.678797  0.603124  0.553547  0.534246  0.560063  0.642499  0.751122  0.830732  0.851651  0.823146  0.774371  0.732236  0.715569  0.723778  0  0  0  0  0  0  0  0  0  0  0  0  0  0  0  0  0  0  0  0  0  0  0  0  0  0  0  0  0  0  0  0  0  0  0  0  0  0  0  0  0  0  0  0  0  0  0  0  0  0  0  0  0  0  0  0  0  0  0  0  0  0  0  0  0  0.0031970000000000054
g  12  4  -0.681058  -0.90092  -0.937208  -0.961036  -0.967986  -1.000812  -1.039148  -1.102684  -1.220352  -1.387774  -1.5929  -1.809689  -2.025545  -2.189984  -2.258019  -2.242778  -2.195556  -2.164533  -2.163929  -2.181199  -2.183886  -2.140373  0  0  0  0  0  0  0  0  0  0  0  0  0  0  0  0  0  0  0  0  0  0  0  0  0  0  0  0  0  0  0  0  0  0  0  0  0  0  0  0  0  0  0  0  0  0  0  0  0  0  0  0  0  0  0  0  0  0  0  0  0  0  0  0  0  0.013368999999999964
h  12  4  -2.241506  -1.820918  -1.859812  -1.877224  -1.766241  -1.581934  -1.398961  -1.256324  -1.189158  -1.173814  -1.174499  -1.152847  -1.079494  -0.947198  -0.783491  -0.626695  -0.509298  -0.439337  -0.395786  -0.34195  -0.254545  -0.131369  0  0  0  0  0  0  0  0  0  0  0  0  0  0  0  0  0  0  0  0  0  0  0  0  0  0  0  0  0  0  0  0  0  0  0  0  0  0  0  0  0  0  0  0  0  0  0  0  0  0  0  0  0  0  0  0  0  0  0  0  0  0  0  0  0  0.026448
g  12  5  0.78105  0.631053  0.538416  0.458292  0.414319  0.418367  0.428266  0.447027  0.494434  0.556171  0.632474  0.705439  0.764293  0.800538  0.812196  0.817368  0.836314  0.870269  0.89422  0.873386  0.804745  0.722962  0  0  0  0  0  0  0  0  0  0  0  0  0  0  0  0  0  0  0  0  0  0  0  0  0  0  0  0  0  0  0  0  0  0  0  0  0  0  0  0  0  0  0  0  0  0  0  0  0  0  0  0  0  0  0  0  0  0  0  0  0  0  0  0  0  -0.015203999999999995
h  12  5  0.335011  0.103442  -0.186243  -0.461819  -0.644348  -0.768555  -0.831012  -0.839263  -0.824252  -0.813438  -0.809777  -0.814807  -0.814697  -0.794949  -0.768154  -0.759237  -0.784742  -0.836563  -0.877839  -0.885202  -0.853383  -0.787676  0  0  0  0  0  0  0  0  0  0  0  0  0  0  0  0  0  0  0  0  0  0  0  0  0  0  0  0  0  0  0  0  0  0  0  0  0  0  0  0  0  0  0  0  0  0  0  0  0  0  0  0  0  0  0  0  0  0  0  0  0  0  0  0  0  0.015522999999999954
g  12  6  0.052172  0.293135  0.518258  0.657371  0.723655  0.719949  0.668393  0.568528  0.481644  0.435027  0.430687  0.503114  0.627984  0.760077  0.887522  1.023005  1.169018  1.299011  1.37375  1.371206  1.296201  1.188558  0  0  0  0  0  0  0  0  0  0  0  0  0  0  0  0  0  0  0  0  0  0  0  0  0  0  0  0  0  0  0  0  0  0  0  0  0  0  0  0  0  0  0  0  0  0  0  0  0  0  0  0  0  0  0  0  0  0  0  0  0  0  0  0  0  -0.021509
h  12  6  0.814272  0.726903  0.781106  0.744205  0.667589  0.569306  0.494705  0.463916  0.484514  0.511444  0.550849  0.602384  0.634066  0.643449  0.649696  0.658294  0.653843  0.615867  0.525558  0.373981  0.177831  -0.020205  0  0  0  0  0  0  0  0  0  0  0  0  0  0  0  0  0  0  0  0  0  0  0  0  0  0  0  0  0  0  0  0  0  0  0  0  0  0  0  0  0  0  0  0  0  0  0  0  0  0  0  0  0  0  0  0  0  0  0  0  0  0  0  0  0  -0.037586
g  12  7  0.445219  0.579459  0.659002  0.760402  0.815517  0.809145  0.752619  0.674455  0.567695  0.416178  0.21122  -0.021139  -0.251345  -0.457428  -0.624242  -0.732113  -0.765234  -0.738021  -0.681288  -0.619773  -0.565065  -0.517367  0  0  0  0  0  0  0  0  0  0  0  0  0  0  0  0  0  0  0  0  0  0  0  0  0  0  0  0  0  0  0  0  0  0  0  0  0  0  0  0  0  0  0  0  0  0  0  0  0  0  0  0  0  0  0  0  0  0  0  0  0  0  0  0  0  0.00932999999999995
h  12  7  -0.015062  0.04909  0.04573  0.049082  0.066149  0.05294  -0.009577  -0.119989  -0.280995  -0.460353  -0.623385  -0.742439  -0.802317  -0.80271  -0.754461  -0.681928  -0.620035  -0.597822  -0.635417  -0.732149  -0.861281  -0.990371  0  0  0  0  0  0  0  0  0  0  0  0  0  0  0  0  0  0  0  0  0  0  0  0  0  0  0  0  0  0  0  0  0  0  0  0  0  0  0  0  0  0  0  0  0  0  0  0  0  0  0  0  0  0  0  0  0  0  0  0  0  0  0  0  0  -0.02504200000000001
g  12  8  -0.468339  -0.366622  -0.455464  -0.515341  -0.508855  -0.495593  -0.487753  -0.472241  -0.457099  -0.443432  -0.443416  -0.482614  -0.564745  -0.665384  -0.761467  -0.842419  -0.910346  -0.976449  -1.050664  -1.141287  -1.249002  -1.353117  0  0  0  0  0  0  0  0  0  0  0  0  0  0  0  0  0  0  0  0  0  0  0  0  0  0  0  0  0  0  0  0  0  0  0  0  0  0  0  0  0  0  0  0  0  0  0  0  0  0  0  0  0  0  0  0  0  0  0  0  0  0  0  0  0  -0.018577999999999983
h  12  8  0.091928  0.506949  0.580819  0.606293  0.625749  0.633721  0.622825  0.601545  0.56705  0.534319  0.492911  0.447088  0.425953  0.441667  0.491681  0.570544  0.673731  0.784444  0.884689  0.975622  1.079197  1.222067  0  0  0  0  0  0  0  0  0  0  0  0  0  0  0  0  0  0  0  0  0  0  0  0  0  0  0  0  0  0  0  0  0  0  0  0  0  0  0  0  0  0  0  0  0  0  0  0  0  0  0  0  0  0  0  0  0  0  0  0  0  0  0  0  0  0.03234200000000009
g  12  9  -0.486907  -0.453218  -0.247308  0.010183  0.27652  0.509138  0.681199  0.776093  0.806062  0.796762  0.768235  0.739627  0.722232  0.696852  0.639389  0.534238  0.386233  0.217956  0.05131  -0.117835  -0.311107  -0.544512  0  0  0  0  0  0  0  0  0  0  0  0  0  0  0  0  0  0  0  0  0  0  0  0  0  0  0  0  0  0  0  0  0  0  0  0  0  0  0  0  0  0  0  0  0  0  0  0  0  0  0  0  0  0  0  0  0  0  0  0  0  0  0  0  0  -0.04961700000000002
h  12  9  0.377193  0.256053  0.295531  0.263818  0.180641  0.113314  0.049216  -0.021094  -0.084663  -0.124636  -0.13287  -0.125534  -0.132349  -0.170125  -0.228663  -0.291597  -0.351413  -0.414714  -0.491221  -0.57675  -0.656055  -0.705429  0  0  0  0  0  0  0  0  0  0  0  0  0  0  0  0  0  0  0  0  0  0  0  0  0  0  0  0  0  0  0  0  0  0  0  0  0  0  0  0  0  0  0  0  0  0  0  0  0  0  0  0  0  0  0  0  0  0  0  0  0  0  0  0  0  -0.006004999999999927
g  12  10  0.332601  0.197312  0.05651  -0.127121  -0.317088  -0.471635  -0.580149  -0.644261  -0.651816  -0.61204  -0.5483  -0.472308  -0.395264  -0.321078  -0.252741  -0.196935  -0.152181  -0.110045  -0.071012  -0.046789  -0.05616  -0.109506  0  0  0  0  0  0  0  0  0  0  0  0  0  0  0  0  0  0  0  0  0  0  0  0  0  0  0  0  0  0  0  0  0  0  0  0  0  0  0  0  0  0  0  0  0  0  0  0  0  0  0  0  0  0  0  0  0  0  0  0  0  0  0  0  0  -0.014670000000000002
h  12  10  -0.785495  -0.823504  -0.925226  -0.972294  -0.951262  -0.886358  -0.799442  -0.673264  -0.510385  -0.333275  -0.150807  0.025605  0.180911  0.315791  0.428518  0.516143  0.584614  0.640348  0.680972  0.687077  0.638855  0.534705  0  0  0  0  0  0  0  0  0  0  0  0  0  0  0  0  0  0  0  0  0  0  0  0  0  0  0  0  0  0  0  0  0  0  0  0  0  0  0  0  0  0  0  0  0  0  0  0  0  0  0  0  0  0  0  0  0  0  0  0  0  0  0  0  0  -0.024580000000000046
g  12  11  -0.802023  -1.060262  -1.18395  -1.285011  -1.331614  -1.306517  -1.179829  -0.962257  -0.694693  -0.411754  -0.145679  0.084148  0.271149  0.414875  0.515327  0.579378  0.604395  0.577555  0.491135  0.358673  0.210258  0.073689  0  0  0  0  0  0  0  0  0  0  0  0  0  0  0  0  0  0  0  0  0  0  0  0  0  0  0  0  0  0  0  0  0  0  0  0  0  0  0  0  0  0  0  0  0  0  0  0  0  0  0  0  0  0  0  0  0  0  0  0  0  0  0  0  0  -0.02538499999999999
h  12  11  -0.067758  0.080488  0.261621  0.459531  0.660311  0.89533  1.133169  1.333412  1.458183  1.51152  1.500312  1.439502  1.342336  1.221939  1.085764  0.934399  0.770339  0.606307  0.457464  0.339031  0.249748  0.178895  0  0  0  0  0  0  0  0  0  0  0  0  0  0  0  0  0  0  0  0  0  0  0  0  0  0  0  0  0  0  0  0  0  0  0  0  0  0  0  0  0  0  0  0  0  0  0  0  0  0  0  0  0  0  0  0  0  0  0  0  0  0  0  0  0  -0.013354000000000005
g  12  12  0.083657  -0.125759  -0.109058  -0.084602  -0.039731  0.065372  0.185941  0.271094  0.301562  0.268422  0.181196  0.048574  -0.127039  -0.349201  -0.623764  -0.94348  -1.27924  -1.5873  -1.807226  -1.875522  -1.745494  -1.399712  0  0  0  0  0  0  0  0  0  0  0  0  0  0  0  0  0  0  0  0  0  0  0  0  0  0  0  0  0  0  0  0  0  0  0  0  0  0  0  0  0  0  0  0  0  0  0  0  0  0  0  0  0  0  0  0  0  0  0  0  0  0  0  0  0  0.08594099999999982
h  12  12  0.700695  0.743747  0.91778  1.010688  1.057643  1.065593  1.019812  0.916789  0.782776  0.628932  0.465679  0.293977  0.118877  -0.048159  -0.184936  -0.261287  -0.25162  -0.145085  0.056263  0.330399  0.636102  0.918402  0  0  0  0  0  0  0  0  0  0  0  0  0  0  0  0  0  0  0  0  0  0  0  0  0  0  0  0  0  0  0  0  0  0  0  0  0  0  0  0  0  0  0  0  0  0  0  0  0  0  0  0  0  0  0  0  0  0  0  0  0  0  0  0  0  0.05185300000000004
g  13  0  -0.111925  0.059391  0.129819  0.159004  0.184211  0.222196  0.275182  0.326791  0.361502  0.374057  0.362484  0.334859  0.301564  0.276882  0.275804  0.29094  0.298396  0.286884  0.256552  0.211761  0.1698  0.154088  0  0  0  0  0  0  0  0  0  0  0  0  0  0  0  0  0  0  0  0  0  0  0  0  0  0  0  0  0  0  0  0  0  0  0  0  0  0  0  0  0  0  0  0  0  0  0  0  0  0  0  0  0  0  0  0  0  0  0  0  0  0  0  0  0  -0.00034000000000000696
g  13  1  -0.819789  -0.859817  -0.87783  -0.891168  -0.885377  -0.890673  -0.896849  -0.908689  -0.939092  -0.981059  -1.018308  -1.031518  -1.007912  -0.94551  -0.849215  -0.738163  -0.63588  -0.555078  -0.491993  -0.438907  -0.389578  -0.340546  0  0  0  0  0  0  0  0  0  0  0  0  0  0  0  0  0  0  0  0  0  0  0  0  0  0  0  0  0  0  0  0  0  0  0  0  0  0  0  0  0  0  0  0  0  0  0  0  0  0  0  0  0  0  0  0  0  0  0  0  0  0  0  0  0  0.009967000000000004
h  13  1  -0.74973  -0.763857  -0.773819  -0.781347  -0.733634  -0.670089  -0.610193  -0.548933  -0.49755  -0.461352  -0.406241  -0.326608  -0.240169  -0.164383  -0.126887  -0.148475  -0.227273  -0.339031  -0.452769  -0.530352  -0.54156  -0.488171  0  0  0  0  0  0  0  0  0  0  0  0  0  0  0  0  0  0  0  0  0  0  0  0  0  0  0  0  0  0  0  0  0  0  0  0  0  0  0  0  0  0  0  0  0  0  0  0  0  0  0  0  0  0  0  0  0  0  0  0  0  0  0  0  0  0.014615999999999962
g  13  2  0.434281  0.480645  0.537942  0.619065  0.689694  0.744606  0.810469  0.862519  0.898918  0.917104  0.896937  0.838289  0.749302  0.652037  0.573813  0.523756  0.488229  0.456427  0.419667  0.377878  0.354229  0.37875  0  0  0  0  0  0  0  0  0  0  0  0  0  0  0  0  0  0  0  0  0  0  0  0  0  0  0  0  0  0  0  0  0  0  0  0  0  0  0  0  0  0  0  0  0  0  0  0  0  0  0  0  0  0  0  0  0  0  0  0  0  0  0  0  0  0.00950899999999999
h  13  2  0.318955  0.477384  0.420019  0.371464  0.324508  0.246898  0.159514  0.061152  -0.026028  -0.073615  -0.084588  -0.081515  -0.081501  -0.082314  -0.089587  -0.114856  -0.163228  -0.21968  -0.262469  -0.279702  -0.278628  -0.277101  0  0  0  0  0  0  0  0  0  0  0  0  0  0  0  0  0  0  0  0  0  0  0  0  0  0  0  0  0  0  0  0  0  0  0  0  0  0  0  0  0  0  0  0  0  0  0  0  0  0  0  0  0  0  0  0  0  0  0  0  0  0  0  0  0  -0.0004949999999999677
g  13  3  0.618952  0.774082  0.779818  0.677975  0.557413  0.449543  0.367155  0.313449  0.284869  0.291656  0.330813  0.394676  0.461291  0.508874  0.537035  0.551674  0.558391  0.55668  0.540613  0.505828  0.452635  0.385541  0  0  0  0  0  0  0  0  0  0  0  0  0  0  0  0  0  0  0  0  0  0  0  0  0  0  0  0  0  0  0  0  0  0  0  0  0  0  0  0  0  0  0  0  0  0  0  0  0  0  0  0  0  0  0  0  0  0  0  0  0  0  0  0  0  -0.013946999999999987
h  13  3  1.479518  1.259545  1.144295  1.017658  0.94003  0.907204  0.862641  0.823803  0.796071  0.747026  0.676056  0.59256  0.504545  0.42496  0.363952  0.327355  0.308696  0.295258  0.278026  0.264526  0.271813  0.300886  0  0  0  0  0  0  0  0  0  0  0  0  0  0  0  0  0  0  0  0  0  0  0  0  0  0  0  0  0  0  0  0  0  0  0  0  0  0  0  0  0  0  0  0  0  0  0  0  0  0  0  0  0  0  0  0  0  0  0  0  0  0  0  0  0  0.007011999999999963
g  13  4  -0.34357  -0.254483  -0.235319  -0.1714  -0.093169  -0.066367  -0.066881  -0.077011  -0.077798  -0.060854  -0.028709  0.014485  0.06021  0.088768  0.087832  0.062492  0.02473  -0.012403  -0.043071  -0.068191  -0.080943  -0.063964  0  0  0  0  0  0  0  0  0  0  0  0  0  0  0  0  0  0  0  0  0  0  0  0  0  0  0  0  0  0  0  0  0  0  0  0  0  0  0  0  0  0  0  0  0  0  0  0  0  0  0  0  0  0  0  0  0  0  0  0  0  0  0  0  0  0.006339000000000011
h  13  4  -0.608237  -0.549232  -0.512261  -0.491494  -0.522715  -0.545571  -0.556328  -0.54436  -0.516669  -0.482577  -0.450322  -0.443044  -0.465386  -0.501747  -0.529767  -0.545605  -0.561692  -0.584897  -0.606922  -0.623093  -0.640417  -0.662694  0  0  0  0  0  0  0  0  0  0  0  0  0  0  0  0  0  0  0  0  0  0  0  0  0  0  0  0  0  0  0  0  0  0  0  0  0  0  0  0  0  0  0  0  0  0  0  0  0  0  0  0  0  0  0  0  0  0  0  0  0  0  0  0  0  -0.0047519999999999785
g  13  5  0.861964  0.706937  0.526249  0.386414  0.256779  0.183751  0.138783  0.092345  0.036804  -0.030003  -0.113862  -0.20095  -0.276779  -0.336357  -0.372532  -0.380092  -0.36336  -0.332271  -0.29725  -0.257999  -0.202052  -0.123488  0  0  0  0  0  0  0  0  0  0  0  0  0  0  0  0  0  0  0  0  0  0  0  0  0  0  0  0  0  0  0  0  0  0  0  0  0  0  0  0  0  0  0  0  0  0  0  0  0  0  0  0  0  0  0  0  0  0  0  0  0  0  0  0  0  0.017366000000000006
h  13  5  -1.198834  -1.298329  -1.472632  -1.621188  -1.694213  -1.706741  -1.68156  -1.643914  -1.601523  -1.562484  -1.505445  -1.411016  -1.281538  -1.120962  -0.934457  -0.742258  -0.557149  -0.386498  -0.238555  -0.116369  -0.013453  0.073965  0  0  0  0  0  0  0  0  0  0  0  0  0  0  0  0  0  0  0  0  0  0  0  0  0  0  0  0  0  0  0  0  0  0  0  0  0  0  0  0  0  0  0  0  0  0  0  0  0  0  0  0  0  0  0  0  0  0  0  0  0  0  0  0  0  0.016245000000000002
g  13  6  -0.327441  -0.184743  -0.237646  -0.302122  -0.340711  -0.355332  -0.351171  -0.327427  -0.283632  -0.213252  -0.138575  -0.075331  -0.028035  0.003566  0.019586  0.021304  0.00958  -0.018647  -0.069057  -0.140677  -0.219769  -0.283372  0  0  0  0  0  0  0  0  0  0  0  0  0  0  0  0  0  0  0  0  0  0  0  0  0  0  0  0  0  0  0  0  0  0  0  0  0  0  0  0  0  0  0  0  0  0  0  0  0  0  0  0  0  0  0  0  0  0  0  0  0  0  0  0  0  -0.010499000000000036
h  13  6  0.036691  0.001737  0.092168  0.139777  0.159422  0.16603  0.161893  0.159288  0.149478  0.124203  0.084253  0.044139  0.017584  0.000937  -0.018277  -0.049526  -0.085967  -0.117177  -0.13851  -0.150059  -0.148493  -0.12598  0  0  0  0  0  0  0  0  0  0  0  0  0  0  0  0  0  0  0  0  0  0  0  0  0  0  0  0  0  0  0  0  0  0  0  0  0  0  0  0  0  0  0  0  0  0  0  0  0  0  0  0  0  0  0  0  0  0  0  0  0  0  0  0  0  0.0062439999999999996
g  13  7  0.760091  0.779171  0.769083  0.780253  0.727522  0.641551  0.560865  0.484104  0.41258  0.388315  0.413695  0.473097  0.551931  0.63063  0.686174  0.710729  0.711599  0.696225  0.666082  0.620927  0.561121  0.488397  0  0  0  0  0  0  0  0  0  0  0  0  0  0  0  0  0  0  0  0  0  0  0  0  0  0  0  0  0  0  0  0  0  0  0  0  0  0  0  0  0  0  0  0  0  0  0  0  0  0  0  0  0  0  0  0  0  0  0  0  0  0  0  0  0  -0.01519799999999999
h  13  7  0.221205  0.166197  0.084125  0.007023  -0.043011  -0.058175  -0.043177  -0.014268  0.052897  0.159034  0.25839  0.327716  0.360166  0.344086  0.28819  0.220103  0.160438  0.106344  0.037836  -0.051294  -0.147352  -0.225474  0  0  0  0  0  0  0  0  0  0  0  0  0  0  0  0  0  0  0  0  0  0  0  0  0  0  0  0  0  0  0  0  0  0  0  0  0  0  0  0  0  0  0  0  0  0  0  0  0  0  0  0  0  0  0  0  0  0  0  0  0  0  0  0  0  -0.013085000000000013
g  13  8  -0.136635  0.021698  -0.030412  -0.081635  -0.125319  -0.142531  -0.136337  -0.11208  -0.071595  -0.038408  -0.01854  -0.001888  0.018341  0.044508  0.076008  0.108417  0.141586  0.177966  0.221833  0.270491  0.312236  0.341172  0  0  0  0  0  0  0  0  0  0  0  0  0  0  0  0  0  0  0  0  0  0  0  0  0  0  0  0  0  0  0  0  0  0  0  0  0  0  0  0  0  0  0  0  0  0  0  0  0  0  0  0  0  0  0  0  0  0  0  0  0  0  0  0  0  0.004962999999999995
h  13  8  -0.006144  -0.20589  -0.227781  -0.21162  -0.169309  -0.124615  -0.097479  -0.097655  -0.119007  -0.141022  -0.149966  -0.143522  -0.127149  -0.114468  -0.110243  -0.113684  -0.121159  -0.13317  -0.152248  -0.177362  -0.202412  -0.220836  0  0  0  0  0  0  0  0  0  0  0  0  0  0  0  0  0  0  0  0  0  0  0  0  0  0  0  0  0  0  0  0  0  0  0  0  0  0  0  0  0  0  0  0  0  0  0  0  0  0  0  0  0  0  0  0  0  0  0  0  0  0  0  0  0  -0.002960000000000018
g  13  9  0.2893  0.306967  0.275973  0.235274  0.201828  0.182838  0.175357  0.184199  0.216735  0.25917  0.29541  0.306996  0.291263  0.26753  0.251568  0.241091  0.223721  0.196899  0.169423  0.149146  0.134656  0.115807  0  0  0  0  0  0  0  0  0  0  0  0  0  0  0  0  0  0  0  0  0  0  0  0  0  0  0  0  0  0  0  0  0  0  0  0  0  0  0  0  0  0  0  0  0  0  0  0  0  0  0  0  0  0  0  0  0  0  0  0  0  0  0  0  0  -0.004479000000000011
h  13  9  0.479313  0.389766  0.313831  0.253023  0.229156  0.242786  0.272762  0.310261  0.330763  0.324216  0.289881  0.232991  0.175084  0.131064  0.097269  0.064737  0.027677  -0.014868  -0.057931  -0.097664  -0.13806  -0.181155  0  0  0  0  0  0  0  0  0  0  0  0  0  0  0  0  0  0  0  0  0  0  0  0  0  0  0  0  0  0  0  0  0  0  0  0  0  0  0  0  0  0  0  0  0  0  0  0  0  0  0  0  0  0  0  0  0  0  0  0  0  0  0  0  0  -0.008729000000000015
g  13  10  0.066631  0.101666  0.217239  0.280368  0.294315  0.254114  0.130137  -0.060731  -0.281804  -0.502681  -0.683086  -0.787435  -0.810689  -0.767494  -0.673752  -0.546401  -0.397132  -0.234376  -0.069781  0.081642  0.205192  0.286684  0  0  0  0  0  0  0  0  0  0  0  0  0  0  0  0  0  0  0  0  0  0  0  0  0  0  0  0  0  0  0  0  0  0  0  0  0  0  0  0  0  0  0  0  0  0  0  0  0  0  0  0  0  0  0  0  0  0  0  0  0  0  0  0  0  0.01238499999999998
h  13  10  0.343605  0.60048  0.605668  0.509899  0.358112  0.193374  0.027579  -0.113516  -0.199985  -0.21292  -0.15228  -0.039673  0.095982  0.232875  0.352257  0.438036  0.484217  0.493209  0.468151  0.402273  0.286749  0.12194  0  0  0  0  0  0  0  0  0  0  0  0  0  0  0  0  0  0  0  0  0  0  0  0  0  0  0  0  0  0  0  0  0  0  0  0  0  0  0  0  0  0  0  0  0  0  0  0  0  0  0  0  0  0  0  0  0  0  0  0  0  0  0  0  0  -0.036234
g  13  11  0.383824  0.306389  0.164655  -0.02181  -0.204839  -0.381854  -0.526952  -0.618944  -0.661367  -0.667257  -0.641926  -0.591594  -0.520727  -0.437736  -0.358862  -0.299038  -0.265756  -0.257298  -0.266449  -0.277673  -0.278131  -0.270266  0  0  0  0  0  0  0  0  0  0  0  0  0  0  0  0  0  0  0  0  0  0  0  0  0  0  0  0  0  0  0  0  0  0  0  0  0  0  0  0  0  0  0  0  0  0  0  0  0  0  0  0  0  0  0  0  0  0  0  0  0  0  0  0  0  0.001489000000000018
h  13  11  -0.282306  -0.396608  -0.499517  -0.549906  -0.535917  -0.48972  -0.415775  -0.319206  -0.210663  -0.101439  -0.006454  0.068472  0.1133  0.1168  0.07415  -0.00925  -0.119126  -0.240157  -0.365572  -0.496059  -0.631646  -0.768412  0  0  0  0  0  0  0  0  0  0  0  0  0  0  0  0  0  0  0  0  0  0  0  0  0  0  0  0  0  0  0  0  0  0  0  0  0  0  0  0  0  0  0  0  0  0  0  0  0  0  0  0  0  0  0  0  0  0  0  0  0  0  0  0  0  -0.027339000000000002
g  13  12  -0.371133  -0.454545  -0.485395  -0.457466  -0.406115  -0.325153  -0.197627  -0.04787  0.098946  0.229255  0.33361  0.413159  0.477709  0.529163  0.565001  0.578598  0.556085  0.483544  0.353645  0.175513  -0.025238  -0.21658  0  0  0  0  0  0  0  0  0  0  0  0  0  0  0  0  0  0  0  0  0  0  0  0  0  0  0  0  0  0  0  0  0  0  0  0  0  0  0  0  0  0  0  0  0  0  0  0  0  0  0  0  0  0  0  0  0  0  0  0  0  0  0  0  0  -0.035974000000000006
h  13  12  -0.406841  -0.442466  -0.327135  -0.202522  -0.073362  0.052936  0.163927  0.238173  0.269905  0.267356  0.241658  0.194365  0.12569  0.034642  -0.083096  -0.230028  -0.400973  -0.581566  -0.746131  -0.860706  -0.896449  -0.841841  0  0  0  0  0  0  0  0  0  0  0  0  0  0  0  0  0  0  0  0  0  0  0  0  0  0  0  0  0  0  0  0  0  0  0  0  0  0  0  0  0  0  0  0  0  0  0  0  0  0  0  0  0  0  0  0  0  0  0  0  0  0  0  0  0  0.018091999999999997
g  13  13  -0.384791  -0.42525  -0.561114  -0.642325  -0.660163  -0.630558  -0.597252  -0.589347  -0.611401  -0.659582  -0.72001  -0.781093  -0.842394  -0.910413  -0.988589  -1.069882  -1.136768  -1.166758  -1.138472  -1.038659  -0.866093  -0.626995  0  0  0  0  0  0  0  0  0  0  0  0  0  0  0  0  0  0  0  0  0  0  0  0  0  0  0  0  0  0  0  0  0  0  0  0  0  0  0  0  0  0  0  0  0  0  0  0  0  0  0  0  0  0  0  0  0  0  0  0  0  0  0  0  0  0.05249400000000004
h  13  13  -0.610624  -0.56583  -0.44943  -0.306371  -0.16979  -0.049823  0.024867  0.042245  0.01332  -0.042688  -0.107914  -0.174448  -0.238349  -0.292011  -0.321629  -0.312168  -0.250997  -0.134667  0.031704  0.230375  0.437018  0.625671  0  0  0  0  0  0  0  0  0  0  0  0  0  0  0  0  0  0  0  0  0  0  0  0  0  0  0  0  0  0  0  0  0  0  0  0  0  0  0  0  0  0  0  0  0  0  0  0  0  0  0  0  0  0  0  0  0  0  0  0  0  0  0  0  0  0.03491999999999995
