# 2019 MPG data assimilation forecast
# units of nT 
c/s d o  GUFM1  GUFM1  GUFM1  GUFM1  GUFM1  GUFM1  GUFM1  GUFM1  GUFM1  GUFM1  GUFM1  GUFM1  GUFM1  GUFM1  GUFM1  GUFM1  GUFM1  GUFM1  GUFM1  GUFM1  GUFM1  GUFM1  GUFM1  GUFM1  GUFM1  GUFM1  GUFM1  GUFM1  GUFM1  GUFM1  GUFM1  GUFM1  GUFM1  GUFM1  GUFM1  GUFM1  GUFM1  GUFM1  GUFM1  GUFM1  GUFM1  GUFM1  GUFM1  GUFM1  GUFM1  GUFM1  GUFM1  GUFM1  GUFM1  GUFM1  GUFM1  GUFM1  GUFM1  GUFM1  GUFM1  GUFM1  GUFM1  GUFM1  GUFM1  GUFM1  GUFM1  GUFM1   IGRF   IGRF   IGRF   IGRF   IGRF   IGRF   IGRF   IGRF   IGRF   DGRF   DGRF   DGRF   DGRF   DGRF   DGRF   DGRF   DGRF   DGRF   DGRF   DGRF   DGRF      DGRF      DGRF     DGRF     IGRF      SV
g/h n m 1590.0 1595.0 1600.0 1605.0 1610.0 1615.0 1620.0 1625.0 1630.0 1635.0 1640.0 1645.0 1650.0 1655.0 1660.0 1665.0 1670.0 1675.0 1680.0 1685.0 1690.0 1695.0 1700.0 1705.0 1710.0 1715.0 1720.0 1725.0 1730.0 1735.0 1740.0 1745.0 1750.0 1755.0 1760.0 1765.0 1770.0 1775.0 1780.0 1785.0 1790.0 1795.0 1800.0 1805.0 1810.0 1815.0 1820.0 1825.0 1830.0 1835.0 1840.0 1845.0 1850.0 1855.0 1860.0 1865.0 1870.0 1875.0 1880.0 1885.0 1890.0 1895.0 1900.0 1905.0 1910.0 1915.0 1920.0 1925.0 1930.0 1935.0 1940.0 1945.0 1950.0 1955.0 1960.0 1965.0 1970.0 1975.0 1980.0 1985.0 1990.0 1995.0 2000.0    2005.0    2010.0   2015.0   2020.0 2020-25
g  1  0  -29441.76336  -29404.509886  -29365.983028  -29316.976827  -29268.627493  -29217.223328  -29162.434783  -29102.365867  -29035.00581  -28965.746228  -28895.982909  -28826.35961  -28759.838047  -28696.099689  -28632.365143  -28564.061994  -28489.015607  -28406.426815  -28314.945481  -28214.451903  -28106.420195  -27992.970374  0  0  0  0  0  0  0  0  0  0  0  0  0  0  0  0  0  0  0  0  0  0  0  0  0  0  0  0  0  0  0  0  0  0  0  0  0  0  0  0  0  0  0  0  0  0  0  0  0  0  0  0  0  0  0  0  0  0  0  0  0  0  0  0  0  23.00455399999919
g  1  1  -1501.693633  -1451.066158  -1426.059263  -1398.981068  -1363.210977  -1319.044641  -1269.076544  -1213.760427  -1152.125115  -1088.025967  -1025.46966  -966.839995  -913.031643  -870.326868  -839.59434  -819.341993  -808.504649  -806.009467  -811.356748  -820.23227  -829.718055  -837.216293  0  0  0  0  0  0  0  0  0  0  0  0  0  0  0  0  0  0  0  0  0  0  0  0  0  0  0  0  0  0  0  0  0  0  0  0  0  0  0  0  0  0  0  0  0  0  0  0  0  0  0  0  0  0  0  0  0  0  0  0  0  0  0  0  0  -1.229225999999926
h  1  1  4796.614374  4653.715581  4557.886279  4494.287226  4441.278105  4393.785395  4354.202733  4319.248906  4280.032169  4235.97354  4191.29699  4149.235894  4108.101657  4066.674623  4021.567766  3970.138284  3914.803205  3857.908164  3801.348405  3743.757419  3682.753672  3615.994721  0  0  0  0  0  0  0  0  0  0  0  0  0  0  0  0  0  0  0  0  0  0  0  0  0  0  0  0  0  0  0  0  0  0  0  0  0  0  0  0  0  0  0  0  0  0  0  0  0  0  0  0  0  0  0  0  0  0  0  0  0  0  0  0  0  -13.93251599999985
g  2  0  -2446.452508  -2499.765866  -2545.388761  -2581.875967  -2613.485048  -2639.172034  -2654.624946  -2661.182279  -2659.607628  -2648.425206  -2628.044821  -2602.138145  -2576.202102  -2554.065023  -2538.800609  -2532.287744  -2531.435797  -2533.184468  -2533.037426  -2527.249793  -2515.691032  -2498.024397  0  0  0  0  0  0  0  0  0  0  0  0  0  0  0  0  0  0  0  0  0  0  0  0  0  0  0  0  0  0  0  0  0  0  0  0  0  0  0  0  0  0  0  0  0  0  0  0  0  0  0  0  0  0  0  0  0  0  0  0  0  0  0  0  0  4.0731229999996685
g  2  1  3012.52033  2981.324046  2956.550258  2931.236466  2889.734615  2841.194551  2799.392582  2765.872556  2737.562852  2709.783174  2676.349812  2636.60511  2594.292695  2549.915327  2506.049764  2465.392159  2428.799746  2397.958304  2373.685494  2353.692202  2335.16123  2316.615775  0  0  0  0  0  0  0  0  0  0  0  0  0  0  0  0  0  0  0  0  0  0  0  0  0  0  0  0  0  0  0  0  0  0  0  0  0  0  0  0  0  0  0  0  0  0  0  0  0  0  0  0  0  0  0  0  0  0  0  0  0  0  0  0  0  -3.741023999999925
h  2  1  -2845.822181  -2991.381959  -3143.324465  -3280.559685  -3406.259707  -3522.66186  -3633.485131  -3733.566667  -3824.076082  -3909.679574  -3995.131249  -4080.255468  -4165.276069  -4252.328986  -4340.400872  -4426.620692  -4510.241535  -4592.418546  -4675.083444  -4760.213171  -4850.380015  -4947.58013  0  0  0  0  0  0  0  0  0  0  0  0  0  0  0  0  0  0  0  0  0  0  0  0  0  0  0  0  0  0  0  0  0  0  0  0  0  0  0  0  0  0  0  0  0  0  0  0  0  0  0  0  0  0  0  0  0  0  0  0  0  0  0  0  0  -20.050084000000425
g  2  2  1676.344782  1676.424396  1648.558958  1614.227855  1576.311595  1540.742732  1504.895845  1464.44264  1417.659328  1364.021192  1305.614837  1241.566663  1172.247074  1101.038323  1029.032245  954.819993  880.835817  810.558975  746.293613  687.356669  632.038074  578.651557  0  0  0  0  0  0  0  0  0  0  0  0  0  0  0  0  0  0  0  0  0  0  0  0  0  0  0  0  0  0  0  0  0  0  0  0  0  0  0  0  0  0  0  0  0  0  0  0  0  0  0  0  0  0  0  0  0  0  0  0  0  0  0  0  0  -10.61651299999994
h  2  2  -642.247219  -734.51553  -816.191983  -879.07234  -933.917942  -986.147261  -1044.045422  -1113.377919  -1195.973589  -1287.530744  -1382.692778  -1479.163045  -1573.872463  -1662.962877  -1743.133052  -1812.260376  -1871.081589  -1920.731095  -1961.501102  -1993.129466  -2015.038385  -2026.505694  0  0  0  0  0  0  0  0  0  0  0  0  0  0  0  0  0  0  0  0  0  0  0  0  0  0  0  0  0  0  0  0  0  0  0  0  0  0  0  0  0  0  0  0  0  0  0  0  0  0  0  0  0  0  0  0  0  0  0  0  0  0  0  0  0  -1.4556569999999738
g  3  0  1349.92556  1363.987691  1381.928726  1406.986313  1436.721385  1471.616972  1509.771069  1551.434699  1588.747447  1619.184667  1642.794533  1659.97276  1670.031788  1675.783812  1682.502802  1693.823503  1710.43557  1732.069531  1757.467258  1785.932811  1816.831308  1849.210402  0  0  0  0  0  0  0  0  0  0  0  0  0  0  0  0  0  0  0  0  0  0  0  0  0  0  0  0  0  0  0  0  0  0  0  0  0  0  0  0  0  0  0  0  0  0  0  0  0  0  0  0  0  0  0  0  0  0  0  0  0  0  0  0  0  6.532858000000033
g  3  1  -2352.307426  -2380.373498  -2400.076523  -2421.037573  -2436.913455  -2450.178038  -2458.331989  -2464.226477  -2467.001236  -2464.520316  -2457.068717  -2443.312384  -2420.910266  -2389.518847  -2348.718689  -2298.882367  -2241.83964  -2178.592848  -2111.220926  -2040.703301  -1966.720911  -1889.554116  0  0  0  0  0  0  0  0  0  0  0  0  0  0  0  0  0  0  0  0  0  0  0  0  0  0  0  0  0  0  0  0  0  0  0  0  0  0  0  0  0  0  0  0  0  0  0  0  0  0  0  0  0  0  0  0  0  0  0  0  0  0  0  0  0  15.654156999999941
h  3  1  -114.969642  -81.481891  -33.731299  18.217826  69.557403  117.779957  168.338442  217.103076  264.101247  308.290511  350.025942  390.67769  431.300826  473.570848  520.490594  574.797884  636.638835  704.90535  779.296711  858.564755  939.829414  1020.425183  0  0  0  0  0  0  0  0  0  0  0  0  0  0  0  0  0  0  0  0  0  0  0  0  0  0  0  0  0  0  0  0  0  0  0  0  0  0  0  0  0  0  0  0  0  0  0  0  0  0  0  0  0  0  0  0  0  0  0  0  0  0  0  0  0  15.946708999999942
g  3  2  1226.174006  1235.621849  1242.888782  1243.070115  1233.157897  1216.822606  1192.323096  1164.505257  1138.577377  1117.255504  1103.716668  1099.8567  1104.492473  1116.390712  1132.886747  1149.234658  1162.819297  1173.601431  1181.23885  1186.552824  1189.761667  1190.712259  0  0  0  0  0  0  0  0  0  0  0  0  0  0  0  0  0  0  0  0  0  0  0  0  0  0  0  0  0  0  0  0  0  0  0  0  0  0  0  0  0  0  0  0  0  0  0  0  0  0  0  0  0  0  0  0  0  0  0  0  0  0  0  0  0  0.023379999999860956
h  3  2  244.795613  241.963339  241.399946  234.226276  219.440347  204.55197  194.91181  192.555815  196.923093  208.322715  224.38844  244.548494  265.688189  283.374042  294.879161  299.262763  297.816003  291.635489  281.238933  267.138373  250.435325  232.562142  0  0  0  0  0  0  0  0  0  0  0  0  0  0  0  0  0  0  0  0  0  0  0  0  0  0  0  0  0  0  0  0  0  0  0  0  0  0  0  0  0  0  0  0  0  0  0  0  0  0  0  0  0  0  0  0  0  0  0  0  0  0  0  0  0  -3.6031739999999957
g  3  3  581.976751  525.873174  471.922184  418.772208  369.775059  322.026459  278.410053  229.942561  174.12697  110.506735  37.821009  -42.847672  -129.822903  -218.297405  -303.782871  -382.409324  -454.708056  -522.377928  -588.074902  -653.679087  -719.596257  -786.137973  0  0  0  0  0  0  0  0  0  0  0  0  0  0  0  0  0  0  0  0  0  0  0  0  0  0  0  0  0  0  0  0  0  0  0  0  0  0  0  0  0  0  0  0  0  0  0  0  0  0  0  0  0  0  0  0  0  0  0  0  0  0  0  0  0  -13.362653000000023
h  3  3  -538.854455  -543.064432  -551.85605  -570.191301  -591.113834  -617.63828  -648.267285  -684.506354  -727.559347  -776.319478  -826.950586  -877.781798  -925.123107  -962.36149  -986.045823  -998.902231  -1002.861868  -999.809021  -991.686806  -979.652038  -964.616408  -946.455879  0  0  0  0  0  0  0  0  0  0  0  0  0  0  0  0  0  0  0  0  0  0  0  0  0  0  0  0  0  0  0  0  0  0  0  0  0  0  0  0  0  0  0  0  0  0  0  0  0  0  0  0  0  0  0  0  0  0  0  0  0  0  0  0  0  3.897746999999981
g  4  0  907.396843  902.855849  893.306854  885.2487  880.874542  878.627046  877.692538  879.844933  882.373743  884.63642  886.480482  885.768641  882.828001  880.650521  881.981051  887.080533  895.208556  904.756497  914.702079  925.256156  936.570105  948.654166  0  0  0  0  0  0  0  0  0  0  0  0  0  0  0  0  0  0  0  0  0  0  0  0  0  0  0  0  0  0  0  0  0  0  0  0  0  0  0  0  0  0  0  0  0  0  0  0  0  0  0  0  0  0  0  0  0  0  0  0  0  0  0  0  0  2.4857500000000528
g  4  1  813.985249  809.744598  800.964561  786.864352  774.148524  765.870997  759.84221  751.087954  736.089323  715.942558  691.767309  663.683483  632.886949  600.403627  566.233064  528.95135  489.641733  450.451592  411.616041  372.507372  332.958353  293.615003  0  0  0  0  0  0  0  0  0  0  0  0  0  0  0  0  0  0  0  0  0  0  0  0  0  0  0  0  0  0  0  0  0  0  0  0  0  0  0  0  0  0  0  0  0  0  0  0  0  0  0  0  0  0  0  0  0  0  0  0  0  0  0  0  0  -7.803014000000019
h  4  1  283.152553  281.932852  266.788057  247.788436  226.186521  202.122528  174.833986  141.557007  103.065034  61.140848  19.007652  -20.725054  -55.999677  -85.751452  -110.519053  -131.780667  -150.195763  -166.133323  -179.935755  -191.444141  -201.110606  -208.926373  0  0  0  0  0  0  0  0  0  0  0  0  0  0  0  0  0  0  0  0  0  0  0  0  0  0  0  0  0  0  0  0  0  0  0  0  0  0  0  0  0  0  0  0  0  0  0  0  0  0  0  0  0  0  0  0  0  0  0  0  0  0  0  0  0  -1.404937000000018
g  4  2  120.569533  86.111591  64.455618  44.25288  27.284267  11.670372  -0.771266  -9.182393  -18.4169  -28.815937  -38.824042  -47.389544  -53.203225  -54.34792  -50.417248  -41.472793  -27.097967  -7.75472  15.360823  39.731318  63.789827  86.946191  0  0  0  0  0  0  0  0  0  0  0  0  0  0  0  0  0  0  0  0  0  0  0  0  0  0  0  0  0  0  0  0  0  0  0  0  0  0  0  0  0  0  0  0  0  0  0  0  0  0  0  0  0  0  0  0  0  0  0  0  0  0  0  0  0  4.539230000000003
h  4  2  -188.753577  -158.35184  -115.832616  -70.038744  -22.592252  24.546543  74.450846  122.377447  168.943887  217.3602  267.652086  319.610367  370.634769  418.321636  461.796806  500.913866  536.005002  567.842008  595.245837  617.08561  633.670045  645.26206  0  0  0  0  0  0  0  0  0  0  0  0  0  0  0  0  0  0  0  0  0  0  0  0  0  0  0  0  0  0  0  0  0  0  0  0  0  0  0  0  0  0  0  0  0  0  0  0  0  0  0  0  0  0  0  0  0  0  0  0  0  0  0  0  0  1.9286789999999883
g  4  3  -334.989496  -309.994827  -292.483309  -276.635129  -258.967403  -242.046627  -227.119479  -213.045361  -194.307714  -168.349005  -134.508433  -94.057814  -48.323624  -0.193586  47.456039  93.323453  136.588857  176.60083  213.835778  248.431648  280.346392  310.292047  0  0  0  0  0  0  0  0  0  0  0  0  0  0  0  0  0  0  0  0  0  0  0  0  0  0  0  0  0  0  0  0  0  0  0  0  0  0  0  0  0  0  0  0  0  0  0  0  0  0  0  0  0  0  0  0  0  0  0  0  0  0  0  0  0  5.887614000000042
h  4  3  180.942042  199.638622  218.477995  239.277208  259.530139  283.990394  313.222447  343.7202  373.257348  402.014114  428.45754  450.78235  468.642419  484.289113  498.819759  511.944106  524.31717  535.900276  546.755981  556.681322  565.415042  572.363119  0  0  0  0  0  0  0  0  0  0  0  0  0  0  0  0  0  0  0  0  0  0  0  0  0  0  0  0  0  0  0  0  0  0  0  0  0  0  0  0  0  0  0  0  0  0  0  0  0  0  0  0  0  0  0  0  0  0  0  0  0  0  0  0  0  1.2048730000000205
g  4  4  70.488272  47.689255  24.291296  2.099751  -18.763052  -34.67274  -48.317182  -61.55094  -77.238569  -97.068236  -121.012762  -152.119798  -190.291381  -235.041759  -285.318799  -339.430219  -395.046757  -450.636682  -504.800605  -556.673047  -605.848118  -652.598817  0  0  0  0  0  0  0  0  0  0  0  0  0  0  0  0  0  0  0  0  0  0  0  0  0  0  0  0  0  0  0  0  0  0  0  0  0  0  0  0  0  0  0  0  0  0  0  0  0  0  0  0  0  0  0  0  0  0  0  0  0  0  0  0  0  -9.155687000000057
h  4  4  -329.035727  -350.118797  -368.11956  -382.592698  -395.068248  -408.840622  -423.330518  -437.053663  -456.417086  -480.905544  -507.81871  -534.690801  -560.672661  -584.161508  -604.64625  -621.557409  -635.070207  -645.374592  -651.939049  -654.315888  -651.840648  -644.078872  0  0  0  0  0  0  0  0  0  0  0  0  0  0  0  0  0  0  0  0  0  0  0  0  0  0  0  0  0  0  0  0  0  0  0  0  0  0  0  0  0  0  0  0  0  0  0  0  0  0  0  0  0  0  0  0  0  0  0  0  0  0  0  0  0  2.0123889999999847
g  5  0  -232.706514  -234.255371  -237.23464  -237.774629  -238.880581  -239.45964  -239.972653  -239.494009  -238.277803  -236.318845  -233.226844  -228.550849  -221.5417  -211.704664  -199.433794  -186.052277  -171.801463  -156.309182  -140.187387  -124.048504  -107.765955  -91.12804  0  0  0  0  0  0  0  0  0  0  0  0  0  0  0  0  0  0  0  0  0  0  0  0  0  0  0  0  0  0  0  0  0  0  0  0  0  0  0  0  0  0  0  0  0  0  0  0  0  0  0  0  0  0  0  0  0  0  0  0  0  0  0  0  0  3.3648390000000035
g  5  1  360.049314  363.042985  363.60296  360.147487  352.20431  340.340374  324.941072  307.250798  290.249717  275.294045  261.811179  249.037833  236.741709  225.045099  214.796914  207.233301  202.35191  199.539518  197.542126  195.105539  191.576353  186.282371  0  0  0  0  0  0  0  0  0  0  0  0  0  0  0  0  0  0  0  0  0  0  0  0  0  0  0  0  0  0  0  0  0  0  0  0  0  0  0  0  0  0  0  0  0  0  0  0  0  0  0  0  0  0  0  0  0  0  0  0  0  0  0  0  0  -1.2359209999999905
h  5  1  47.014753  47.318297  48.529747  45.341656  39.868324  31.467303  19.358756  4.49001  -13.335527  -32.083115  -50.227779  -66.71467  -80.522661  -90.999433  -97.74627  -100.493795  -100.1497  -97.934157  -94.734954  -90.891067  -86.706385  -82.683922  0  0  0  0  0  0  0  0  0  0  0  0  0  0  0  0  0  0  0  0  0  0  0  0  0  0  0  0  0  0  0  0  0  0  0  0  0  0  0  0  0  0  0  0  0  0  0  0  0  0  0  0  0  0  0  0  0  0  0  0  0  0  0  0  0  0.7707370000000111
g  5  2  192.05078  188.196223  189.061899  191.320207  193.289149  195.581809  196.989052  196.588341  193.260823  187.515173  179.92417  172.051374  165.409451  161.045706  159.813823  162.003709  167.094521  174.491148  183.382062  193.530754  204.806935  216.706696  0  0  0  0  0  0  0  0  0  0  0  0  0  0  0  0  0  0  0  0  0  0  0  0  0  0  0  0  0  0  0  0  0  0  0  0  0  0  0  0  0  0  0  0  0  0  0  0  0  0  0  0  0  0  0  0  0  0  0  0  0  0  0  0  0  2.400119999999987
h  5  2  196.813424  208.45732  223.725238  237.823055  250.501275  261.861352  272.51501  281.023509  287.754691  294.23274  301.990374  311.124745  321.0339  331.835708  343.889703  357.297436  371.140901  384.585219  396.39337  405.390459  411.344669  414.384697  0  0  0  0  0  0  0  0  0  0  0  0  0  0  0  0  0  0  0  0  0  0  0  0  0  0  0  0  0  0  0  0  0  0  0  0  0  0  0  0  0  0  0  0  0  0  0  0  0  0  0  0  0  0  0  0  0  0  0  0  0  0  0  0  0  0.3848780000000147
g  5  3  -141.08381  -140.475056  -135.893033  -129.961412  -125.538087  -120.33507  -116.662027  -114.485964  -114.624562  -115.729051  -115.344215  -112.001873  -105.17035  -95.082352  -82.816724  -69.342097  -55.291696  -41.139782  -26.533833  -11.025757  5.270982  21.684097  0  0  0  0  0  0  0  0  0  0  0  0  0  0  0  0  0  0  0  0  0  0  0  0  0  0  0  0  0  0  0  0  0  0  0  0  0  0  0  0  0  0  0  0  0  0  0  0  0  0  0  0  0  0  0  0  0  0  0  0  0  0  0  0  0  3.248487000000001
h  5  3  -118.827366  -121.170039  -120.022107  -117.232441  -111.370354  -103.17549  -92.408471  -79.844722  -67.252131  -53.474421  -39.489342  -26.08843  -12.878015  1.06535  15.504495  29.865637  43.525387  55.761651  66.163046  74.523415  80.806739  85.210527  0  0  0  0  0  0  0  0  0  0  0  0  0  0  0  0  0  0  0  0  0  0  0  0  0  0  0  0  0  0  0  0  0  0  0  0  0  0  0  0  0  0  0  0  0  0  0  0  0  0  0  0  0  0  0  0  0  0  0  0  0  0  0  0  0  0.7493219999999923
g  5  4  -156.963681  -151.43522  -143.48063  -130.900406  -117.613067  -106.749478  -96.174973  -84.131691  -68.842213  -50.62599  -30.527057  -9.924964  10.099089  27.686527  41.845277  52.525218  59.186309  61.916189  60.909874  56.49329  48.99823  38.415208  0  0  0  0  0  0  0  0  0  0  0  0  0  0  0  0  0  0  0  0  0  0  0  0  0  0  0  0  0  0  0  0  0  0  0  0  0  0  0  0  0  0  0  0  0  0  0  0  0  0  0  0  0  0  0  0  0  0  0  0  0  0  0  0  0  -2.371867999999999
h  5  4  15.8112  32.241563  44.417714  55.727591  63.975519  69.404194  73.494458  78.922963  86.523186  95.80963  104.647786  110.687547  111.54588  105.253098  91.815269  73.725847  52.979011  30.772591  8.169019  -13.827436  -34.548496  -53.441138  0  0  0  0  0  0  0  0  0  0  0  0  0  0  0  0  0  0  0  0  0  0  0  0  0  0  0  0  0  0  0  0  0  0  0  0  0  0  0  0  0  0  0  0  0  0  0  0  0  0  0  0  0  0  0  0  0  0  0  0  0  0  0  0  0  -3.602371000000005
g  5  5  3.848974  14.494205  27.795222  44.006496  62.033671  79.542196  96.628988  111.413243  122.25641  127.081424  124.728474  114.478406  96.174332  72.142461  44.283296  13.144048  -20.103378  -53.968003  -87.257098  -119.193545  -148.975113  -175.919595  0  0  0  0  0  0  0  0  0  0  0  0  0  0  0  0  0  0  0  0  0  0  0  0  0  0  0  0  0  0  0  0  0  0  0  0  0  0  0  0  0  0  0  0  0  0  0  0  0  0  0  0  0  0  0  0  0  0  0  0  0  0  0  0  0  -5.139160999999973
h  5  5  100.271  98.863298  99.108475  97.605991  94.5344  86.736841  73.085586  53.776543  28.424238  -2.494069  -35.679935  -69.111531  -100.010654  -125.533521  -144.433652  -156.114422  -160.737207  -158.423182  -149.341473  -133.970743  -113.287587  -88.358116  0  0  0  0  0  0  0  0  0  0  0  0  0  0  0  0  0  0  0  0  0  0  0  0  0  0  0  0  0  0  0  0  0  0  0  0  0  0  0  0  0  0  0  0  0  0  0  0  0  0  0  0  0  0  0  0  0  0  0  0  0  0  0  0  0  5.271308000000005
g  6  0  69.588973  65.790032  60.629674  55.98723  52.832704  51.177593  50.839295  50.267605  48.156806  44.388134  40.037304  35.210041  30.552428  27.194037  25.759342  26.197027  27.566882  28.819578  29.060511  27.953167  25.527141  21.737994  0  0  0  0  0  0  0  0  0  0  0  0  0  0  0  0  0  0  0  0  0  0  0  0  0  0  0  0  0  0  0  0  0  0  0  0  0  0  0  0  0  0  0  0  0  0  0  0  0  0  0  0  0  0  0  0  0  0  0  0  0  0  0  0  0  -0.865393000000001
g  6  1  67.58892  65.157989  62.892245  58.957441  55.001092  51.803621  49.591719  47.434482  45.10792  43.808717  44.798763  47.722385  51.743091  56.198018  60.367437  63.921191  67.063851  69.781872  71.890641  73.024876  72.886646  71.627976  0  0  0  0  0  0  0  0  0  0  0  0  0  0  0  0  0  0  0  0  0  0  0  0  0  0  0  0  0  0  0  0  0  0  0  0  0  0  0  0  0  0  0  0  0  0  0  0  0  0  0  0  0  0  0  0  0  0  0  0  0  0  0  0  0  -0.322542999999996
h  6  1  -20.417847  -19.280612  -24.824519  -33.387131  -42.725652  -50.158767  -55.514727  -59.649757  -63.161489  -65.609473  -67.015417  -67.416198  -66.961061  -66.005774  -65.211673  -65.063069  -65.945279  -68.057186  -71.511847  -76.144961  -81.411729  -86.573829  0  0  0  0  0  0  0  0  0  0  0  0  0  0  0  0  0  0  0  0  0  0  0  0  0  0  0  0  0  0  0  0  0  0  0  0  0  0  0  0  0  0  0  0  0  0  0  0  0  0  0  0  0  0  0  0  0  0  0  0  0  0  0  0  0  -0.9911550000000062
g  6  2  72.984667  72.896353  73.536147  75.058881  74.508675  72.187482  69.050829  66.08745  63.189604  60.241  57.805878  55.943315  54.695441  54.031182  53.878587  54.022412  54.285255  54.603049  54.976257  55.216991  55.310847  55.316699  0  0  0  0  0  0  0  0  0  0  0  0  0  0  0  0  0  0  0  0  0  0  0  0  0  0  0  0  0  0  0  0  0  0  0  0  0  0  0  0  0  0  0  0  0  0  0  0  0  0  0  0  0  0  0  0  0  0  0  0  0  0  0  0  0  -0.0063120000000012055
h  6  2  33.55056  25.114978  21.039876  16.67148  11.161825  7.700164  5.327652  4.010916  3.085243  3.161202  4.47759  6.354557  8.397757  9.691627  9.374773  6.896736  2.826497  -2.223442  -8.131951  -15.015689  -22.551177  -30.347613  0  0  0  0  0  0  0  0  0  0  0  0  0  0  0  0  0  0  0  0  0  0  0  0  0  0  0  0  0  0  0  0  0  0  0  0  0  0  0  0  0  0  0  0  0  0  0  0  0  0  0  0  0  0  0  0  0  0  0  0  0  0  0  0  0  -1.5598579999999984
g  6  3  -129.777674  -121.614941  -112.584678  -102.217658  -90.545506  -77.420697  -62.391345  -46.574094  -30.592517  -15.102033  -1.280036  10.35616  19.583792  26.936612  33.097215  38.582168  43.448777  47.522895  51.440925  55.499674  59.494411  63.441825  0  0  0  0  0  0  0  0  0  0  0  0  0  0  0  0  0  0  0  0  0  0  0  0  0  0  0  0  0  0  0  0  0  0  0  0  0  0  0  0  0  0  0  0  0  0  0  0  0  0  0  0  0  0  0  0  0  0  0  0  0  0  0  0  0  0.795455000000004
h  6  3  58.614031  52.626332  50.07955  51.715981  55.370972  58.908963  62.031123  63.68978  64.474837  64.913947  65.985278  68.29611  72.122212  77.353171  83.256431  89.220461  95.169884  101.228907  107.702628  114.55423  121.703699  129.115762  0  0  0  0  0  0  0  0  0  0  0  0  0  0  0  0  0  0  0  0  0  0  0  0  0  0  0  0  0  0  0  0  0  0  0  0  0  0  0  0  0  0  0  0  0  0  0  0  0  0  0  0  0  0  0  0  0  0  0  0  0  0  0  0  0  1.501269999999991
g  6  4  -28.719733  -36.10526  -42.733696  -48.954632  -57.309722  -66.85358  -76.136234  -86.93756  -98.507836  -109.889453  -119.961145  -128.450489  -135.02343  -139.929586  -143.487305  -145.897981  -146.93033  -146.557554  -144.709416  -141.221515  -136.459404  -131.123031  0  0  0  0  0  0  0  0  0  0  0  0  0  0  0  0  0  0  0  0  0  0  0  0  0  0  0  0  0  0  0  0  0  0  0  0  0  0  0  0  0  0  0  0  0  0  0  0  0  0  0  0  0  0  0  0  0  0  0  0  0  0  0  0  0  1.0830559999999991
h  6  4  -66.341587  -64.684213  -64.449011  -63.42866  -63.665463  -61.491897  -57.404159  -51.545233  -44.169301  -35.715755  -25.916826  -15.168057  -4.395451  5.354849  13.761314  21.364672  28.620918  35.511838  42.317709  48.590858  53.639002  57.044345  0  0  0  0  0  0  0  0  0  0  0  0  0  0  0  0  0  0  0  0  0  0  0  0  0  0  0  0  0  0  0  0  0  0  0  0  0  0  0  0  0  0  0  0  0  0  0  0  0  0  0  0  0  0  0  0  0  0  0  0  0  0  0  0  0  0.5397030000000029
g  6  5  12.975545  13.169702  13.158523  13.900447  14.865898  15.377023  15.253494  15.272757  16.858576  20.797909  27.107178  35.180862  44.147177  52.810524  59.89053  64.106362  65.527755  64.782292  61.993796  57.170665  50.425308  41.990456  0  0  0  0  0  0  0  0  0  0  0  0  0  0  0  0  0  0  0  0  0  0  0  0  0  0  0  0  0  0  0  0  0  0  0  0  0  0  0  0  0  0  0  0  0  0  0  0  0  0  0  0  0  0  0  0  0  0  0  0  0  0  0  0  0  -1.799430000000001
h  6  5  7.5956  9.023787  10.414242  12.58079  14.483257  15.518321  14.864122  13.067131  11.143498  9.095667  5.736075  0.938388  -5.944776  -15.410015  -27.272342  -40.795343  -54.975249  -68.847817  -81.746006  -93.241327  -103.076655  -111.167042  0  0  0  0  0  0  0  0  0  0  0  0  0  0  0  0  0  0  0  0  0  0  0  0  0  0  0  0  0  0  0  0  0  0  0  0  0  0  0  0  0  0  0  0  0  0  0  0  0  0  0  0  0  0  0  0  0  0  0  0  0  0  0  0  0  -1.4777179999999959
g  6  6  -70.456966  -64.509119  -56.833992  -46.409295  -35.503525  -24.499622  -13.281562  -2.329353  6.683105  12.092925  13.120632  9.61498  1.921951  -8.584829  -20.313489  -31.991021  -42.978419  -53.024119  -62.009611  -69.547574  -75.190845  -78.486896  0  0  0  0  0  0  0  0  0  0  0  0  0  0  0  0  0  0  0  0  0  0  0  0  0  0  0  0  0  0  0  0  0  0  0  0  0  0  0  0  0  0  0  0  0  0  0  0  0  0  0  0  0  0  0  0  0  0  0  0  0  0  0  0  0  -0.450846999999996
h  6  6  62.289737  67.799823  71.796413  74.459776  75.354237  72.77994  66.005914  55.174048  40.705484  24.05815  7.199043  -8.654398  -22.320911  -32.531016  -38.99831  -42.539978  -43.695588  -42.608664  -39.263182  -33.6548  -25.875755  -16.218977  0  0  0  0  0  0  0  0  0  0  0  0  0  0  0  0  0  0  0  0  0  0  0  0  0  0  0  0  0  0  0  0  0  0  0  0  0  0  0  0  0  0  0  0  0  0  0  0  0  0  0  0  0  0  0  0  0  0  0  0  0  0  0  0  0  2.0649310000000014
g  7  0  81.1648  80.412692  78.723038  78.087382  77.221949  76.090007  73.599744  69.726532  65.457974  61.435584  58.008969  55.537903  54.156436  53.630624  53.405924  53.146026  52.978931  52.844657  52.744329  52.600348  52.31273  51.93539  0  0  0  0  0  0  0  0  0  0  0  0  0  0  0  0  0  0  0  0  0  0  0  0  0  0  0  0  0  0  0  0  0  0  0  0  0  0  0  0  0  0  0  0  0  0  0  0  0  0  0  0  0  0  0  0  0  0  0  0  0  0  0  0  0  -0.0796410000000023
g  7  1  -76.075089  -76.823049  -78.211225  -81.35669  -83.852359  -85.363711  -86.547116  -87.693635  -88.783487  -89.789231  -91.031902  -92.628952  -94.725904  -97.329212  -100.326123  -103.098907  -104.831687  -105.196566  -103.984761  -101.140372  -96.803201  -91.264514  0  0  0  0  0  0  0  0  0  0  0  0  0  0  0  0  0  0  0  0  0  0  0  0  0  0  0  0  0  0  0  0  0  0  0  0  0  0  0  0  0  0  0  0  0  0  0  0  0  0  0  0  0  0  0  0  0  0  0  0  0  0  0  0  0  1.1858199999999925
h  7  1  -54.30268  -51.464143  -48.158767  -45.107273  -42.16057  -39.898136  -37.929391  -35.971958  -33.878548  -31.536813  -28.629813  -25.06051  -21.15038  -17.255767  -13.716477  -10.468247  -7.138763  -3.537609  0.153466  3.825403  7.545117  11.164234  0  0  0  0  0  0  0  0  0  0  0  0  0  0  0  0  0  0  0  0  0  0  0  0  0  0  0  0  0  0  0  0  0  0  0  0  0  0  0  0  0  0  0  0  0  0  0  0  0  0  0  0  0  0  0  0  0  0  0  0  0  0  0  0  0  0.7038799999999998
g  7  2  -6.684197  -8.096625  -7.147633  -4.453396  -1.113879  1.456425  3.718452  5.532169  7.178745  9.184641  11.868724  15.268041  19.223401  23.373367  27.41639  31.366102  35.457348  39.921107  44.689498  49.503048  54.032679  57.924633  0  0  0  0  0  0  0  0  0  0  0  0  0  0  0  0  0  0  0  0  0  0  0  0  0  0  0  0  0  0  0  0  0  0  0  0  0  0  0  0  0  0  0  0  0  0  0  0  0  0  0  0  0  0  0  0  0  0  0  0  0  0  0  0  0  0.7121739999999974
h  7  2  -19.543449  -17.075748  -16.214064  -16.630472  -16.514262  -15.495471  -14.419657  -13.395602  -12.021711  -10.143418  -8.256502  -6.924035  -6.363964  -6.48935  -6.781134  -6.724516  -6.340873  -5.909717  -5.853392  -6.557484  -8.24273  -10.968575  0  0  0  0  0  0  0  0  0  0  0  0  0  0  0  0  0  0  0  0  0  0  0  0  0  0  0  0  0  0  0  0  0  0  0  0  0  0  0  0  0  0  0  0  0  0  0  0  0  0  0  0  0  0  0  0  0  0  0  0  0  0  0  0  0  -0.6277209999999993
g  7  3  52.053239  56.368614  61.35461  66.926587  71.781892  75.750335  78.79248  81.290537  83.925244  86.752026  89.709044  92.253641  93.698073  93.686098  92.269119  89.492416  85.868446  81.688453  77.195521  72.725146  68.210919  63.542273  0  0  0  0  0  0  0  0  0  0  0  0  0  0  0  0  0  0  0  0  0  0  0  0  0  0  0  0  0  0  0  0  0  0  0  0  0  0  0  0  0  0  0  0  0  0  0  0  0  0  0  0  0  0  0  0  0  0  0  0  0  0  0  0  0  -0.9522279999999981
h  7  3  5.659  2.535828  1.798851  1.837931  1.493055  2.17414  3.206  4.23167  5.681065  7.934244  10.870453  13.845923  16.307848  18.058602  19.209658  20.186254  20.773664  20.586616  19.6013  17.999487  15.955405  13.729693  0  0  0  0  0  0  0  0  0  0  0  0  0  0  0  0  0  0  0  0  0  0  0  0  0  0  0  0  0  0  0  0  0  0  0  0  0  0  0  0  0  0  0  0  0  0  0  0  0  0  0  0  0  0  0  0  0  0  0  0  0  0  0  0  0  -0.44910100000000064
g  7  4  15.009198  15.772862  16.653542  17.083321  17.407075  17.42677  17.136533  16.073005  13.821149  9.940442  4.173562  -3.388748  -11.978583  -20.624687  -28.565283  -35.763091  -42.363016  -48.354039  -54.018272  -59.618577  -65.121538  -70.473667  0  0  0  0  0  0  0  0  0  0  0  0  0  0  0  0  0  0  0  0  0  0  0  0  0  0  0  0  0  0  0  0  0  0  0  0  0  0  0  0  0  0  0  0  0  0  0  0  0  0  0  0  0  0  0  0  0  0  0  0  0  0  0  0  0  -1.0559539999999998
h  7  4  24.358998  23.53512  22.732098  22.067564  21.230965  18.673231  15.513915  12.394479  9.333103  6.149252  2.965183  0.336181  -1.17057  -1.239374  0.027383  2.223796  4.738227  7.114795  9.231184  11.189278  12.93939  14.461424  0  0  0  0  0  0  0  0  0  0  0  0  0  0  0  0  0  0  0  0  0  0  0  0  0  0  0  0  0  0  0  0  0  0  0  0  0  0  0  0  0  0  0  0  0  0  0  0  0  0  0  0  0  0  0  0  0  0  0  0  0  0  0  0  0  0.2916529999999984
g  7  5  9.792618  6.645549  3.789939  1.025067  -0.602177  -2.157723  -3.083679  -3.886849  -5.057104  -5.947851  -6.599363  -7.014283  -7.218486  -7.208015  -6.871998  -6.421062  -6.096759  -5.960815  -6.069343  -6.507811  -7.302632  -8.395121  0  0  0  0  0  0  0  0  0  0  0  0  0  0  0  0  0  0  0  0  0  0  0  0  0  0  0  0  0  0  0  0  0  0  0  0  0  0  0  0  0  0  0  0  0  0  0  0  0  0  0  0  0  0  0  0  0  0  0  0  0  0  0  0  0  -0.2431669999999997
h  7  5  3.140314  -2.010776  -8.212026  -13.785656  -19.451636  -24.630364  -28.765283  -32.603443  -36.001132  -38.876159  -40.909632  -41.911475  -42.151122  -42.050955  -42.023875  -42.670969  -44.343591  -46.800083  -49.781674  -52.941486  -56.097832  -59.195059  0  0  0  0  0  0  0  0  0  0  0  0  0  0  0  0  0  0  0  0  0  0  0  0  0  0  0  0  0  0  0  0  0  0  0  0  0  0  0  0  0  0  0  0  0  0  0  0  0  0  0  0  0  0  0  0  0  0  0  0  0  0  0  0  0  -0.6115139999999997
g  7  6  -2.582368  -7.488899  -11.363144  -15.477614  -19.230842  -23.207973  -27.295023  -30.933782  -33.385972  -33.952726  -32.780004  -30.309986  -27.128178  -24.171862  -21.983343  -20.459217  -19.885817  -20.622589  -22.618725  -25.719603  -29.670768  -34.192522  0  0  0  0  0  0  0  0  0  0  0  0  0  0  0  0  0  0  0  0  0  0  0  0  0  0  0  0  0  0  0  0  0  0  0  0  0  0  0  0  0  0  0  0  0  0  0  0  0  0  0  0  0  0  0  0  0  0  0  0  0  0  0  0  0  -0.9402749999999997
h  7  6  -27.505631  -26.957213  -25.577322  -24.297272  -22.34429  -20.485421  -18.870553  -16.747131  -13.578321  -9.914529  -6.329565  -3.696082  -2.321985  -1.772779  -1.597454  -1.787932  -2.435756  -3.54472  -5.137926  -6.99153  -8.72933  -10.030325  0  0  0  0  0  0  0  0  0  0  0  0  0  0  0  0  0  0  0  0  0  0  0  0  0  0  0  0  0  0  0  0  0  0  0  0  0  0  0  0  0  0  0  0  0  0  0  0  0  0  0  0  0  0  0  0  0  0  0  0  0  0  0  0  0  -0.2130989999999997
g  7  7  6.920412  9.468501  11.849298  14.76967  17.948969  21.450281  24.983523  28.530585  30.981217  30.922584  28.077294  22.485683  14.255596  4.181171  -6.919194  -18.265925  -28.911611  -38.074403  -45.260619  -50.163409  -52.628786  -52.732882  0  0  0  0  0  0  0  0  0  0  0  0  0  0  0  0  0  0  0  0  0  0  0  0  0  0  0  0  0  0  0  0  0  0  0  0  0  0  0  0  0  0  0  0  0  0  0  0  0  0  0  0  0  0  0  0  0  0  0  0  0  0  0  0  0  0.1599470000000025
h  7  7  -2.196757  -1.548397  -2.353156  -4.127476  -6.703526  -10.102253  -14.591614  -20.028343  -26.696828  -34.109746  -41.48297  -48.233973  -53.618622  -56.867189  -57.78402  -56.212637  -52.302468  -46.374069  -38.742479  -29.638354  -19.386084  -8.485599  0  0  0  0  0  0  0  0  0  0  0  0  0  0  0  0  0  0  0  0  0  0  0  0  0  0  0  0  0  0  0  0  0  0  0  0  0  0  0  0  0  0  0  0  0  0  0  0  0  0  0  0  0  0  0  0  0  0  0  0  0  0  0  0  0  2.204727
g  8  0  24.097316  23.773362  24.005299  24.560421  24.623748  24.039932  23.117831  21.970418  20.650419  19.589139  19.139166  19.550325  20.735309  22.438396  24.437035  26.701313  29.139221  31.586151  33.987441  36.166503  37.858778  38.82999  0  0  0  0  0  0  0  0  0  0  0  0  0  0  0  0  0  0  0  0  0  0  0  0  0  0  0  0  0  0  0  0  0  0  0  0  0  0  0  0  0  0  0  0  0  0  0  0  0  0  0  0  0  0  0  0  0  0  0  0  0  0  0  0  0  0.1296129999999991
g  8  1  8.902631  9.815302  11.768195  14.210787  16.192568  17.731982  19.184209  20.708462  22.123472  23.171052  23.631547  23.315101  22.160363  20.528307  18.941196  17.803222  17.192591  17.060529  17.301372  17.78637  18.34791  18.860729  0  0  0  0  0  0  0  0  0  0  0  0  0  0  0  0  0  0  0  0  0  0  0  0  0  0  0  0  0  0  0  0  0  0  0  0  0  0  0  0  0  0  0  0  0  0  0  0  0  0  0  0  0  0  0  0  0  0  0  0  0  0  0  0  0  0.09613200000000077
h  8  1  10.141507  8.048693  6.185235  5.441816  5.213985  5.096805  5.04531  4.827078  4.695523  4.615866  4.472669  4.199267  3.621973  2.739683  1.603494  0.376894  -0.887796  -2.184308  -3.472325  -4.760042  -5.991196  -7.069739  0  0  0  0  0  0  0  0  0  0  0  0  0  0  0  0  0  0  0  0  0  0  0  0  0  0  0  0  0  0  0  0  0  0  0  0  0  0  0  0  0  0  0  0  0  0  0  0  0  0  0  0  0  0  0  0  0  0  0  0  0  0  0  0  0  -0.20041400000000031
g  8  2  -16.996215  -17.604292  -20.28782  -22.508115  -24.375288  -26.171769  -27.817555  -29.258196  -30.097343  -30.600855  -30.946531  -31.22081  -31.50523  -31.848257  -32.139226  -32.278348  -32.292524  -32.275594  -32.233179  -32.160414  -32.067153  -31.96855  0  0  0  0  0  0  0  0  0  0  0  0  0  0  0  0  0  0  0  0  0  0  0  0  0  0  0  0  0  0  0  0  0  0  0  0  0  0  0  0  0  0  0  0  0  0  0  0  0  0  0  0  0  0  0  0  0  0  0  0  0  0  0  0  0  0.020091999999998222
h  8  2  -18.375382  -15.55023  -13.807599  -13.054748  -13.089032  -12.50946  -11.457856  -10.187674  -8.784375  -7.643525  -6.85951  -6.487952  -6.290381  -5.968398  -5.564173  -5.287153  -5.372937  -5.877878  -6.559546  -7.209874  -7.828533  -8.351486  0  0  0  0  0  0  0  0  0  0  0  0  0  0  0  0  0  0  0  0  0  0  0  0  0  0  0  0  0  0  0  0  0  0  0  0  0  0  0  0  0  0  0  0  0  0  0  0  0  0  0  0  0  0  0  0  0  0  0  0  0  0  0  0  0  -0.094301999999999
g  8  3  -3.509434  -0.345931  1.250919  2.776429  3.988625  4.569015  4.731856  5.038296  5.405172  5.829856  6.139436  6.246322  6.255881  6.362767  6.673467  7.083493  7.316154  7.267323  6.976691  6.509015  5.967933  5.427832  0  0  0  0  0  0  0  0  0  0  0  0  0  0  0  0  0  0  0  0  0  0  0  0  0  0  0  0  0  0  0  0  0  0  0  0  0  0  0  0  0  0  0  0  0  0  0  0  0  0  0  0  0  0  0  0  0  0  0  0  0  0  0  0  0  -0.10365699999999922
h  8  3  13.353344  12.603635  12.817811  13.846723  15.458257  17.125918  18.486982  19.773887  21.386167  23.594797  26.001615  28.290923  30.32834  31.867804  32.829998  33.189327  33.068877  32.676534  32.175595  31.696605  31.319834  31.144073  0  0  0  0  0  0  0  0  0  0  0  0  0  0  0  0  0  0  0  0  0  0  0  0  0  0  0  0  0  0  0  0  0  0  0  0  0  0  0  0  0  0  0  0  0  0  0  0  0  0  0  0  0  0  0  0  0  0  0  0  0  0  0  0  0  -0.014371000000000578
g  8  4  -20.778089  -21.114583  -22.730126  -23.673864  -24.006333  -24.742047  -25.551397  -26.308273  -27.185432  -28.020191  -28.841919  -29.661324  -30.467929  -31.047705  -31.295014  -31.421383  -31.664065  -32.108453  -32.841774  -33.799268  -34.838495  -35.883286  0  0  0  0  0  0  0  0  0  0  0  0  0  0  0  0  0  0  0  0  0  0  0  0  0  0  0  0  0  0  0  0  0  0  0  0  0  0  0  0  0  0  0  0  0  0  0  0  0  0  0  0  0  0  0  0  0  0  0  0  0  0  0  0  0  -0.2065020000000004
h  8  4  -14.542907  -11.59244  -8.910724  -6.112007  -3.814518  -1.952945  -0.363985  0.415622  0.220596  -0.766498  -2.16562  -3.749375  -5.303208  -6.523711  -7.405623  -8.0978  -8.431322  -8.226609  -7.209822  -5.354652  -2.898591  -0.027131  0  0  0  0  0  0  0  0  0  0  0  0  0  0  0  0  0  0  0  0  0  0  0  0  0  0  0  0  0  0  0  0  0  0  0  0  0  0  0  0  0  0  0  0  0  0  0  0  0  0  0  0  0  0  0  0  0  0  0  0  0  0  0  0  0  0.600475
g  8  5  13.253999  15.124445  16.050468  17.094349  17.716582  17.713404  17.506066  17.067273  16.654954  16.207537  15.51693  14.505955  13.262978  12.184843  11.48161  11.052783  10.764328  10.431994  9.996627  9.574087  9.2707  9.246237  0  0  0  0  0  0  0  0  0  0  0  0  0  0  0  0  0  0  0  0  0  0  0  0  0  0  0  0  0  0  0  0  0  0  0  0  0  0  0  0  0  0  0  0  0  0  0  0  0  0  0  0  0  0  0  0  0  0  0  0  0  0  0  0  0  0.025504000000001525
h  8  5  16.217259  14.908446  13.024501  10.421537  7.360042  4.462458  1.761873  -0.997822  -3.740424  -6.269038  -8.1141  -8.955018  -8.780824  -7.794772  -6.469184  -5.259635  -4.360163  -3.78444  -3.506157  -3.496964  -3.652122  -3.929852  0  0  0  0  0  0  0  0  0  0  0  0  0  0  0  0  0  0  0  0  0  0  0  0  0  0  0  0  0  0  0  0  0  0  0  0  0  0  0  0  0  0  0  0  0  0  0  0  0  0  0  0  0  0  0  0  0  0  0  0  0  0  0  0  0  -0.06613399999999992
g  8  6  11.938881  13.592865  13.613837  13.091378  12.602167  12.317726  11.764551  10.565383  8.726105  6.788566  4.968849  3.595038  3.045433  3.394671  4.606699  6.676236  9.327337  12.325704  15.568786  18.958527  22.393436  25.693899  0  0  0  0  0  0  0  0  0  0  0  0  0  0  0  0  0  0  0  0  0  0  0  0  0  0  0  0  0  0  0  0  0  0  0  0  0  0  0  0  0  0  0  0  0  0  0  0  0  0  0  0  0  0  0  0  0  0  0  0  0  0  0  0  0  0.6431049999999985
h  8  6  5.697526  3.715964  2.183993  1.511047  1.858566  2.729002  4.190347  5.791124  7.683875  9.959238  12.638394  15.782878  19.486862  23.615191  27.79592  31.552384  34.760138  37.339036  39.189881  40.209168  40.317934  39.543799  0  0  0  0  0  0  0  0  0  0  0  0  0  0  0  0  0  0  0  0  0  0  0  0  0  0  0  0  0  0  0  0  0  0  0  0  0  0  0  0  0  0  0  0  0  0  0  0  0  0  0  0  0  0  0  0  0  0  0  0  0  0  0  0  0  -0.2207560000000015
g  8  7  -15.876005  -16.578581  -17.608334  -19.343667  -21.107999  -22.694987  -24.051976  -24.895343  -25.036117  -24.254562  -22.773206  -20.872227  -18.893763  -17.332191  -16.494863  -16.431357  -17.00525  -17.926478  -19.023597  -20.246645  -21.576994  -23.016081  0  0  0  0  0  0  0  0  0  0  0  0  0  0  0  0  0  0  0  0  0  0  0  0  0  0  0  0  0  0  0  0  0  0  0  0  0  0  0  0  0  0  0  0  0  0  0  0  0  0  0  0  0  0  0  0  0  0  0  0  0  0  0  0  0  -0.2966709999999999
h  8  7  -8.840351  -6.766807  -4.004571  -1.487157  0.916179  3.016905  5.233232  7.618279  10.177651  12.537886  14.120075  14.411514  13.112485  10.263351  6.41054  2.465018  -0.957959  -3.642566  -5.509571  -6.597047  -6.946091  -6.60361  0  0  0  0  0  0  0  0  0  0  0  0  0  0  0  0  0  0  0  0  0  0  0  0  0  0  0  0  0  0  0  0  0  0  0  0  0  0  0  0  0  0  0  0  0  0  0  0  0  0  0  0  0  0  0  0  0  0  0  0  0  0  0  0  0  0.12190100000000026
g  8  8  -2.060338  -0.306729  1.471516  3.537298  5.94332  8.949745  12.175071  15.418784  18.142605  19.529207  19.153228  16.904507  13.114199  8.668471  4.357801  0.603688  -2.221482  -3.820216  -4.148064  -3.279558  -1.318871  1.620802  0  0  0  0  0  0  0  0  0  0  0  0  0  0  0  0  0  0  0  0  0  0  0  0  0  0  0  0  0  0  0  0  0  0  0  0  0  0  0  0  0  0  0  0  0  0  0  0  0  0  0  0  0  0  0  0  0  0  0  0  0  0  0  0  0  0.6575710000000001
h  8  8  1.917449  2.580982  2.026785  1.343467  0.521836  -0.366886  -1.640834  -3.747332  -6.913393  -10.982462  -15.161733  -18.596879  -20.675788  -21.053824  -19.771465  -17.115819  -13.460017  -9.136669  -4.510443  0.059031  4.189152  7.527422  0  0  0  0  0  0  0  0  0  0  0  0  0  0  0  0  0  0  0  0  0  0  0  0  0  0  0  0  0  0  0  0  0  0  0  0  0  0  0  0  0  0  0  0  0  0  0  0  0  0  0  0  0  0  0  0  0  0  0  0  0  0  0  0  0  0.5906909999999996
g  9  0  5.204661  5.166316  5.633033  6.291093  7.110893  7.867434  8.409864  8.715341  8.966336  9.288537  9.776067  10.454968  11.237716  12.031127  12.779503  13.429278  13.828594  13.875245  13.645833  13.204848  12.524656  11.633023  0  0  0  0  0  0  0  0  0  0  0  0  0  0  0  0  0  0  0  0  0  0  0  0  0  0  0  0  0  0  0  0  0  0  0  0  0  0  0  0  0  0  0  0  0  0  0  0  0  0  0  0  0  0  0  0  0  0  0  0  0  0  0  0  0  -0.19172900000000048
g  9  1  8.73916  8.38114  8.835561  9.403681  9.915661  10.620033  11.558647  12.514789  13.255282  13.702082  13.849973  13.757202  13.508557  13.173828  12.816184  12.451552  12.24825  12.331732  12.709929  13.346917  14.208027  15.268561  0  0  0  0  0  0  0  0  0  0  0  0  0  0  0  0  0  0  0  0  0  0  0  0  0  0  0  0  0  0  0  0  0  0  0  0  0  0  0  0  0  0  0  0  0  0  0  0  0  0  0  0  0  0  0  0  0  0  0  0  0  0  0  0  0  0.22595600000000005
h  9  1  -21.309573  -23.020502  -23.328086  -23.139959  -22.834968  -22.256374  -21.450467  -20.419794  -19.176942  -17.834916  -16.479273  -15.241084  -14.137544  -13.187449  -12.393859  -11.700318  -10.983904  -10.176223  -9.256711  -8.254482  -7.224632  -6.198094  0  0  0  0  0  0  0  0  0  0  0  0  0  0  0  0  0  0  0  0  0  0  0  0  0  0  0  0  0  0  0  0  0  0  0  0  0  0  0  0  0  0  0  0  0  0  0  0  0  0  0  0  0  0  0  0  0  0  0  0  0  0  0  0  0  0.2036169999999995
g  9  2  2.987539  2.957985  3.204168  3.510483  4.003198  4.383903  4.596234  4.933072  5.272289  5.55414  5.880156  6.2812  6.602432  6.740572  6.704157  6.518425  6.33424  6.257392  6.294597  6.365442  6.402602  6.405062  0  0  0  0  0  0  0  0  0  0  0  0  0  0  0  0  0  0  0  0  0  0  0  0  0  0  0  0  0  0  0  0  0  0  0  0  0  0  0  0  0  0  0  0  0  0  0  0  0  0  0  0  0  0  0  0  0  0  0  0  0  0  0  0  0  -0.001338999999999757
h  9  2  10.722748  10.812348  10.220461  9.130741  7.827354  6.364883  4.849396  3.372485  2.011083  0.80967  -0.227314  -1.126015  -1.799509  -2.221209  -2.416996  -2.420806  -2.246386  -1.997671  -1.735437  -1.477741  -1.196865  -0.864627  0  0  0  0  0  0  0  0  0  0  0  0  0  0  0  0  0  0  0  0  0  0  0  0  0  0  0  0  0  0  0  0  0  0  0  0  0  0  0  0  0  0  0  0  0  0  0  0  0  0  0  0  0  0  0  0  0  0  0  0  0  0  0  0  0  0.07184199999999996
g  9  3  -3.350303  -1.359566  -0.324476  0.37605  1.247855  1.536793  1.582155  1.466419  1.168872  0.732788  -0.018321  -0.997293  -1.889426  -2.403102  -2.386997  -1.907444  -1.083298  -0.102709  0.816019  1.612198  2.267491  2.76912  0  0  0  0  0  0  0  0  0  0  0  0  0  0  0  0  0  0  0  0  0  0  0  0  0  0  0  0  0  0  0  0  0  0  0  0  0  0  0  0  0  0  0  0  0  0  0  0  0  0  0  0  0  0  0  0  0  0  0  0  0  0  0  0  0  0.08775300000000019
h  9  3  11.719693  9.843394  8.644291  8.085316  7.531945  7.203448  7.216498  7.316643  7.673577  8.29919  9.022197  9.768353  10.477613  11.075318  11.536918  11.831453  11.897737  11.725397  11.344446  10.797126  10.126819  9.359817  0  0  0  0  0  0  0  0  0  0  0  0  0  0  0  0  0  0  0  0  0  0  0  0  0  0  0  0  0  0  0  0  0  0  0  0  0  0  0  0  0  0  0  0  0  0  0  0  0  0  0  0  0  0  0  0  0  0  0  0  0  0  0  0  0  -0.16024700000000003
g  9  4  0.681018  -1.142709  -1.911438  -2.325395  -2.360975  -2.314524  -2.342692  -2.50775  -2.77183  -2.994452  -3.143818  -3.131036  -2.968512  -2.704793  -2.478622  -2.407619  -2.45206  -2.600407  -2.851051  -3.165168  -3.48375  -3.787093  0  0  0  0  0  0  0  0  0  0  0  0  0  0  0  0  0  0  0  0  0  0  0  0  0  0  0  0  0  0  0  0  0  0  0  0  0  0  0  0  0  0  0  0  0  0  0  0  0  0  0  0  0  0  0  0  0  0  0  0  0  0  0  0  0  -0.05953300000000006
h  9  4  -6.662744  -5.21112  -4.162204  -3.2516  -2.813752  -2.714304  -2.936628  -3.041712  -2.845756  -2.511484  -2.173353  -1.779987  -1.261227  -0.615478  0.131969  0.922444  1.692238  2.438666  3.177049  3.984886  4.868249  5.76126  0  0  0  0  0  0  0  0  0  0  0  0  0  0  0  0  0  0  0  0  0  0  0  0  0  0  0  0  0  0  0  0  0  0  0  0  0  0  0  0  0  0  0  0  0  0  0  0  0  0  0  0  0  0  0  0  0  0  0  0  0  0  0  0  0  0.17634400000000028
g  9  5  -13.318032  -13.239151  -14.230579  -15.025103  -15.184331  -14.653694  -13.809776  -12.652087  -11.65313  -10.88091  -10.402533  -10.382029  -10.85793  -11.871607  -13.360893  -15.114949  -16.885547  -18.532554  -19.965342  -21.226405  -22.341665  -23.294311  0  0  0  0  0  0  0  0  0  0  0  0  0  0  0  0  0  0  0  0  0  0  0  0  0  0  0  0  0  0  0  0  0  0  0  0  0  0  0  0  0  0  0  0  0  0  0  0  0  0  0  0  0  0  0  0  0  0  0  0  0  0  0  0  0  -0.17626900000000134
h  9  5  -7.018612  -6.40107  -6.488255  -6.591086  -6.907486  -7.37146  -7.723007  -8.307656  -9.212959  -10.280325  -11.474046  -12.752419  -14.222075  -15.827349  -17.370977  -18.645493  -19.568514  -20.13963  -20.542374  -20.900663  -21.181199  -21.376449  0  0  0  0  0  0  0  0  0  0  0  0  0  0  0  0  0  0  0  0  0  0  0  0  0  0  0  0  0  0  0  0  0  0  0  0  0  0  0  0  0  0  0  0  0  0  0  0  0  0  0  0  0  0  0  0  0  0  0  0  0  0  0  0  0  -0.03205900000000028
g  9  6  -0.335751  1.027847  1.581509  2.114363  2.78873  3.191714  3.38719  3.40653  3.205488  2.69011  1.868652  0.828798  -0.372206  -1.640314  -2.824213  -3.727256  -4.335768  -4.73675  -4.934564  -5.034085  -5.156674  -5.335093  0  0  0  0  0  0  0  0  0  0  0  0  0  0  0  0  0  0  0  0  0  0  0  0  0  0  0  0  0  0  0  0  0  0  0  0  0  0  0  0  0  0  0  0  0  0  0  0  0  0  0  0  0  0  0  0  0  0  0  0  0  0  0  0  0  -0.03969799999999957
h  9  6  7.899075  7.938097  8.015324  7.675181  7.142099  6.504059  5.798095  4.851512  3.592318  2.128764  0.646629  -0.744427  -1.895069  -2.597935  -2.845934  -2.852171  -2.806555  -2.811757  -2.925918  -3.161055  -3.500899  -3.893312  0  0  0  0  0  0  0  0  0  0  0  0  0  0  0  0  0  0  0  0  0  0  0  0  0  0  0  0  0  0  0  0  0  0  0  0  0  0  0  0  0  0  0  0  0  0  0  0  0  0  0  0  0  0  0  0  0  0  0  0  0  0  0  0  0  -0.08047799999999983
g  9  7  8.766328  8.86417  8.582382  7.868191  6.820148  5.664803  4.260817  2.722239  1.089447  -0.573348  -2.139556  -3.446893  -4.413903  -5.061354  -5.37274  -5.325025  -5.006421  -4.580538  -4.226089  -4.0453  -4.082055  -4.328095  0  0  0  0  0  0  0  0  0  0  0  0  0  0  0  0  0  0  0  0  0  0  0  0  0  0  0  0  0  0  0  0  0  0  0  0  0  0  0  0  0  0  0  0  0  0  0  0  0  0  0  0  0  0  0  0  0  0  0  0  0  0  0  0  0  -0.06523199999999996
h  9  7  0.966254  0.802343  0.15315  -0.216457  -0.214808  -0.134224  -0.204277  -0.288216  -0.36194  -0.196906  0.283285  0.806113  1.078997  0.941676  0.439117  -0.243856  -1.088224  -2.103235  -3.201297  -4.257373  -5.16556  -5.868139  0  0  0  0  0  0  0  0  0  0  0  0  0  0  0  0  0  0  0  0  0  0  0  0  0  0  0  0  0  0  0  0  0  0  0  0  0  0  0  0  0  0  0  0  0  0  0  0  0  0  0  0  0  0  0  0  0  0  0  0  0  0  0  0  0  -0.12283899999999992
g  9  8  -9.079863  -9.472176  -9.53334  -9.219106  -8.673449  -7.964186  -7.073141  -5.86692  -4.24247  -2.161852  0.288938  2.882257  5.266233  7.116438  8.204674  8.408836  7.896679  6.887962  5.534502  3.965849  2.304212  0.662322  0  0  0  0  0  0  0  0  0  0  0  0  0  0  0  0  0  0  0  0  0  0  0  0  0  0  0  0  0  0  0  0  0  0  0  0  0  0  0  0  0  0  0  0  0  0  0  0  0  0  0  0  0  0  0  0  0  0  0  0  0  0  0  0  0  -0.321265
h  9  8  -3.738234  -1.354508  0.727236  2.153736  3.372035  4.381009  4.972145  5.331389  5.688939  6.012516  6.078489  5.674912  4.736843  3.388516  1.824268  0.196768  -1.396656  -2.86109  -4.157443  -5.28199  -6.234635  -7.044147  0  0  0  0  0  0  0  0  0  0  0  0  0  0  0  0  0  0  0  0  0  0  0  0  0  0  0  0  0  0  0  0  0  0  0  0  0  0  0  0  0  0  0  0  0  0  0  0  0  0  0  0  0  0  0  0  0  0  0  0  0  0  0  0  0  -0.15225699999999964
g  9  9  -10.523764  -11.635834  -11.263283  -10.515041  -9.255518  -7.554639  -5.646971  -3.658146  -1.892589  -0.721553  -0.292054  -0.614096  -1.455614  -2.47289  -3.408702  -4.046574  -4.276996  -4.068411  -3.393526  -2.225316  -0.569673  1.499563  0  0  0  0  0  0  0  0  0  0  0  0  0  0  0  0  0  0  0  0  0  0  0  0  0  0  0  0  0  0  0  0  0  0  0  0  0  0  0  0  0  0  0  0  0  0  0  0  0  0  0  0  0  0  0  0  0  0  0  0  0  0  0  0  0  0.441856
h  9  9  8.199645  9.687979  10.74891  11.485657  11.933422  12.250021  12.336462  11.884514  10.778368  9.235476  7.620827  6.358539  5.816931  6.155259  7.203411  8.653053  10.324434  12.138904  13.985938  15.703102  17.149886  18.204071  0  0  0  0  0  0  0  0  0  0  0  0  0  0  0  0  0  0  0  0  0  0  0  0  0  0  0  0  0  0  0  0  0  0  0  0  0  0  0  0  0  0  0  0  0  0  0  0  0  0  0  0  0  0  0  0  0  0  0  0  0  0  0  0  0  0.1748359999999991
g  10  0  -2.036016  -1.9623  -1.980086  -1.883033  -1.95271  -2.106111  -2.268817  -2.310694  -2.115494  -1.753438  -1.295839  -0.804899  -0.305486  0.206478  0.732649  1.24078  1.712323  2.135695  2.488629  2.766211  2.97757  3.133187  0  0  0  0  0  0  0  0  0  0  0  0  0  0  0  0  0  0  0  0  0  0  0  0  0  0  0  0  0  0  0  0  0  0  0  0  0  0  0  0  0  0  0  0  0  0  0  0  0  0  0  0  0  0  0  0  0  0  0  0  0  0  0  0  0  0.026920000000000055
g  10  1  -6.114645  -6.281634  -5.527166  -4.338608  -2.965987  -1.697507  -0.648173  0.232717  0.980605  1.455887  1.58665  1.459619  1.238961  1.035953  0.903417  0.883803  0.941595  1.00862  1.028336  0.99955  0.95681  0.922298  0  0  0  0  0  0  0  0  0  0  0  0  0  0  0  0  0  0  0  0  0  0  0  0  0  0  0  0  0  0  0  0  0  0  0  0  0  0  0  0  0  0  0  0  0  0  0  0  0  0  0  0  0  0  0  0  0  0  0  0  0  0  0  0  0  -0.005027000000000004
h  10  1  3.206806  3.648043  4.55444  5.768178  6.883277  7.799029  8.514623  9.056915  9.398432  9.506653  9.388385  9.092622  8.728231  8.381242  8.112822  7.910299  7.722855  7.529346  7.384181  7.314688  7.294869  7.296033  0  0  0  0  0  0  0  0  0  0  0  0  0  0  0  0  0  0  0  0  0  0  0  0  0  0  0  0  0  0  0  0  0  0  0  0  0  0  0  0  0  0  0  0  0  0  0  0  0  0  0  0  0  0  0  0  0  0  0  0  0  0  0  0  0  0.0010930000000000106
g  10  2  0.126711  -0.122251  -1.113558  -2.053302  -2.729138  -3.244155  -3.474132  -3.461089  -3.299223  -2.967618  -2.557131  -2.115564  -1.694252  -1.295023  -0.869322  -0.40045  0.07712  0.514164  0.891746  1.213889  1.468287  1.652887  0  0  0  0  0  0  0  0  0  0  0  0  0  0  0  0  0  0  0  0  0  0  0  0  0  0  0  0  0  0  0  0  0  0  0  0  0  0  0  0  0  0  0  0  0  0  0  0  0  0  0  0  0  0  0  0  0  0  0  0  0  0  0  0  0  0.031198999999999977
h  10  2  -0.215771  -0.278295  -0.087507  -0.201247  -0.410664  -0.551169  -0.574979  -0.638114  -0.779245  -0.96202  -1.192342  -1.344552  -1.329673  -1.083098  -0.633321  -0.067465  0.474768  0.924203  1.297781  1.625298  1.898998  2.122476  0  0  0  0  0  0  0  0  0  0  0  0  0  0  0  0  0  0  0  0  0  0  0  0  0  0  0  0  0  0  0  0  0  0  0  0  0  0  0  0  0  0  0  0  0  0  0  0  0  0  0  0  0  0  0  0  0  0  0  0  0  0  0  0  0  0.041893999999999654
g  10  3  0.300405  1.702492  1.879823  1.651735  1.357482  0.915946  0.442427  -0.035931  -0.608065  -1.347935  -2.213399  -3.147254  -4.020828  -4.690114  -5.087785  -5.217626  -5.156005  -4.970168  -4.76528  -4.599215  -4.469239  -4.374692  0  0  0  0  0  0  0  0  0  0  0  0  0  0  0  0  0  0  0  0  0  0  0  0  0  0  0  0  0  0  0  0  0  0  0  0  0  0  0  0  0  0  0  0  0  0  0  0  0  0  0  0  0  0  0  0  0  0  0  0  0  0  0  0  0  0.016505000000000436
h  10  3  4.705093  3.67065  3.579547  3.651214  3.844805  3.931028  3.832838  3.541295  3.19821  2.862746  2.546107  2.195551  1.83522  1.564276  1.434761  1.423713  1.487591  1.595095  1.705308  1.806839  1.913597  2.064599  0  0  0  0  0  0  0  0  0  0  0  0  0  0  0  0  0  0  0  0  0  0  0  0  0  0  0  0  0  0  0  0  0  0  0  0  0  0  0  0  0  0  0  0  0  0  0  0  0  0  0  0  0  0  0  0  0  0  0  0  0  0  0  0  0  0.035420999999999925
g  10  4  -0.351348  -0.790318  -0.820903  -0.998418  -1.191562  -1.663083  -2.357665  -3.095446  -3.783216  -4.49377  -5.15246  -5.749648  -6.318648  -6.784539  -7.053904  -7.039436  -6.779094  -6.368984  -5.870507  -5.322992  -4.747048  -4.167836  0  0  0  0  0  0  0  0  0  0  0  0  0  0  0  0  0  0  0  0  0  0  0  0  0  0  0  0  0  0  0  0  0  0  0  0  0  0  0  0  0  0  0  0  0  0  0  0  0  0  0  0  0  0  0  0  0  0  0  0  0  0  0  0  0  0.11505799999999944
h  10  4  4.296925  4.778327  4.689475  4.208638  3.763021  3.28387  2.82412  2.390029  1.848433  1.365051  1.12438  1.158343  1.479612  2.096808  2.869801  3.620333  4.278368  4.829802  5.283941  5.681261  6.077314  6.499428  0  0  0  0  0  0  0  0  0  0  0  0  0  0  0  0  0  0  0  0  0  0  0  0  0  0  0  0  0  0  0  0  0  0  0  0  0  0  0  0  0  0  0  0  0  0  0  0  0  0  0  0  0  0  0  0  0  0  0  0  0  0  0  0  0  0.08713800000000038
g  10  5  1.586988  0.680473  -0.144416  -0.918039  -1.644376  -2.233478  -2.781068  -3.286664  -3.732896  -4.018331  -4.187959  -4.253253  -4.182428  -3.944213  -3.509255  -2.86827  -2.154197  -1.476043  -0.895884  -0.419329  -0.066479  0.13831  0  0  0  0  0  0  0  0  0  0  0  0  0  0  0  0  0  0  0  0  0  0  0  0  0  0  0  0  0  0  0  0  0  0  0  0  0  0  0  0  0  0  0  0  0  0  0  0  0  0  0  0  0  0  0  0  0  0  0  0  0  0  0  0  0  0.028933999999999988
h  10  5  -7.930973  -8.671192  -9.116075  -9.323355  -9.385373  -9.319278  -9.095761  -8.607011  -7.9144  -7.22089  -6.624504  -6.127773  -5.716697  -5.411302  -5.240983  -5.195773  -5.248709  -5.389594  -5.608217  -5.911419  -6.285958  -6.718686  0  0  0  0  0  0  0  0  0  0  0  0  0  0  0  0  0  0  0  0  0  0  0  0  0  0  0  0  0  0  0  0  0  0  0  0  0  0  0  0  0  0  0  0  0  0  0  0  0  0  0  0  0  0  0  0  0  0  0  0  0  0  0  0  0  -0.09054699999999993
g  10  6  -0.499559  -0.993818  -0.886969  -0.769357  -0.655802  -0.536495  -0.377193  -0.24873  -0.135007  0.020175  0.228401  0.41815  0.48994  0.405848  0.208106  -0.031593  -0.252007  -0.383101  -0.344949  -0.088609  0.361909  0.951245  0  0  0  0  0  0  0  0  0  0  0  0  0  0  0  0  0  0  0  0  0  0  0  0  0  0  0  0  0  0  0  0  0  0  0  0  0  0  0  0  0  0  0  0  0  0  0  0  0  0  0  0  0  0  0  0  0  0  0  0  0  0  0  0  0  0.12595199999999995
h  10  6  -0.508519  0.082973  1.01123  1.633167  2.136107  2.531218  2.725632  2.753294  2.610692  2.298267  1.821212  1.258313  0.732103  0.304251  -0.00453  -0.172965  -0.260089  -0.328997  -0.378842  -0.42748  -0.532976  -0.718098  0  0  0  0  0  0  0  0  0  0  0  0  0  0  0  0  0  0  0  0  0  0  0  0  0  0  0  0  0  0  0  0  0  0  0  0  0  0  0  0  0  0  0  0  0  0  0  0  0  0  0  0  0  0  0  0  0  0  0  0  0  0  0  0  0  -0.04374100000000003
g  10  7  2.142359  1.902651  1.812837  1.758803  1.583448  1.377668  1.304016  1.467469  1.75681  1.92427  1.858993  1.592173  1.248791  0.956013  0.800309  0.762945  0.776854  0.845467  0.928737  0.997641  1.051459  1.093559  0  0  0  0  0  0  0  0  0  0  0  0  0  0  0  0  0  0  0  0  0  0  0  0  0  0  0  0  0  0  0  0  0  0  0  0  0  0  0  0  0  0  0  0  0  0  0  0  0  0  0  0  0  0  0  0  0  0  0  0  0  0  0  0  0  0.007786999999999988
h  10  7  -4.287872  -4.516785  -5.297785  -5.920091  -6.45462  -7.06782  -7.735317  -8.459768  -9.319978  -10.294684  -11.290603  -12.225767  -13.041469  -13.753509  -14.360176  -14.831718  -15.157505  -15.357845  -15.419726  -15.350512  -15.186087  -14.943548  0  0  0  0  0  0  0  0  0  0  0  0  0  0  0  0  0  0  0  0  0  0  0  0  0  0  0  0  0  0  0  0  0  0  0  0  0  0  0  0  0  0  0  0  0  0  0  0  0  0  0  0  0  0  0  0  0  0  0  0  0  0  0  0  0  0.05447500000000005
g  10  8  2.394838  1.60294  1.308876  1.035543  0.557199  0.099551  -0.325361  -0.816006  -1.320815  -1.791201  -2.217309  -2.534633  -2.625716  -2.444612  -2.052828  -1.695245  -1.555302  -1.663299  -2.012467  -2.553532  -3.209781  -3.91289  0  0  0  0  0  0  0  0  0  0  0  0  0  0  0  0  0  0  0  0  0  0  0  0  0  0  0  0  0  0  0  0  0  0  0  0  0  0  0  0  0  0  0  0  0  0  0  0  0  0  0  0  0  0  0  0  0  0  0  0  0  0  0  0  0  -0.14218699999999984
h  10  8  -2.786315  -3.444508  -3.912288  -4.311766  -4.766588  -5.2519  -5.727931  -6.105411  -6.231179  -6.137606  -5.81792  -5.230105  -4.486834  -3.74623  -3.182554  -2.968211  -3.075161  -3.343802  -3.655211  -3.91043  -4.074537  -4.139661  0  0  0  0  0  0  0  0  0  0  0  0  0  0  0  0  0  0  0  0  0  0  0  0  0  0  0  0  0  0  0  0  0  0  0  0  0  0  0  0  0  0  0  0  0  0  0  0  0  0  0  0  0  0  0  0  0  0  0  0  0  0  0  0  0  -0.0046439999999998705
g  10  9  -1.961383  -2.276057  -2.666062  -2.929038  -3.165952  -3.350431  -3.402066  -3.295794  -2.972309  -2.38506  -1.619796  -0.75436  0.056724  0.621151  0.896239  0.983341  0.929337  0.746377  0.514747  0.299989  0.151464  0.106502  0  0  0  0  0  0  0  0  0  0  0  0  0  0  0  0  0  0  0  0  0  0  0  0  0  0  0  0  0  0  0  0  0  0  0  0  0  0  0  0  0  0  0  0  0  0  0  0  0  0  0  0  0  0  0  0  0  0  0  0  0  0  0  0  0  0.0006329999999999947
h  10  9  -1.48719  -0.194322  0.577532  1.209361  1.885743  2.520353  3.014501  3.479369  4.002455  4.450105  4.593002  4.270512  3.479972  2.380707  1.15466  -0.093538  -1.280602  -2.312248  -3.12822  -3.695309  -4.013026  -4.107974  0  0  0  0  0  0  0  0  0  0  0  0  0  0  0  0  0  0  0  0  0  0  0  0  0  0  0  0  0  0  0  0  0  0  0  0  0  0  0  0  0  0  0  0  0  0  0  0  0  0  0  0  0  0  0  0  0  0  0  0  0  0  0  0  0  -0.002737999999999907
g  10  10  -3.1958  -3.560062  -3.181567  -2.511243  -1.765483  -0.930331  -0.115956  0.623177  1.171649  1.354263  1.061394  0.233576  -0.989663  -2.265301  -3.291771  -3.912302  -4.027065  -3.603386  -2.685334  -1.395061  0.10162  1.646781  0  0  0  0  0  0  0  0  0  0  0  0  0  0  0  0  0  0  0  0  0  0  0  0  0  0  0  0  0  0  0  0  0  0  0  0  0  0  0  0  0  0  0  0  0  0  0  0  0  0  0  0  0  0  0  0  0  0  0  0  0  0  0  0  0  0.305555
h  10  10  -8.504932  -8.564279  -8.177731  -7.847867  -7.615887  -7.363708  -7.205315  -7.24682  -7.560246  -8.04278  -8.504576  -8.712428  -8.422896  -7.535372  -6.119729  -4.265528  -2.138303  0.017666  1.956976  3.473762  4.437937  4.796847  0  0  0  0  0  0  0  0  0  0  0  0  0  0  0  0  0  0  0  0  0  0  0  0  0  0  0  0  0  0  0  0  0  0  0  0  0  0  0  0  0  0  0  0  0  0  0  0  0  0  0  0  0  0  0  0  0  0  0  0  0  0  0  0  0  0.022647999999999335
g  11  0  3.066138  2.95965  3.306594  3.594021  3.76898  3.767643  3.664701  3.469515  3.118022  2.67333  2.192344  1.714322  1.247873  0.824545  0.482163  0.207656  -0.056976  -0.335598  -0.643033  -0.985648  -1.356684  -1.750971  0  0  0  0  0  0  0  0  0  0  0  0  0  0  0  0  0  0  0  0  0  0  0  0  0  0  0  0  0  0  0  0  0  0  0  0  0  0  0  0  0  0  0  0  0  0  0  0  0  0  0  0  0  0  0  0  0  0  0  0  0  0  0  0  0  -0.08014399999999999
g  11  1  -1.254009  -1.148882  -0.98467  -0.756459  -0.61319  -0.565747  -0.561392  -0.563344  -0.613534  -0.715013  -0.817041  -0.898487  -0.933875  -0.925528  -0.897545  -0.87022  -0.864214  -0.894321  -0.964923  -1.072052  -1.195013  -1.305376  0  0  0  0  0  0  0  0  0  0  0  0  0  0  0  0  0  0  0  0  0  0  0  0  0  0  0  0  0  0  0  0  0  0  0  0  0  0  0  0  0  0  0  0  0  0  0  0  0  0  0  0  0  0  0  0  0  0  0  0  0  0  0  0  0  -0.019951000000000052
h  11  1  0.128973  0.054429  0.199274  0.500816  0.929982  1.461255  2.011512  2.46684  2.800403  3.022883  3.145346  3.176542  3.178152  3.20629  3.250406  3.27046  3.205117  3.027971  2.776701  2.497301  2.207692  1.938245  0  0  0  0  0  0  0  0  0  0  0  0  0  0  0  0  0  0  0  0  0  0  0  0  0  0  0  0  0  0  0  0  0  0  0  0  0  0  0  0  0  0  0  0  0  0  0  0  0  0  0  0  0  0  0  0  0  0  0  0  0  0  0  0  0  -0.050759999999999916
g  11  2  -2.27092  -2.323108  -2.048609  -1.790397  -1.531601  -1.35952  -1.293526  -1.251322  -1.123318  -0.940621  -0.780049  -0.68139  -0.642571  -0.63243  -0.620171  -0.591397  -0.554798  -0.532438  -0.561581  -0.661315  -0.824118  -1.020667  0  0  0  0  0  0  0  0  0  0  0  0  0  0  0  0  0  0  0  0  0  0  0  0  0  0  0  0  0  0  0  0  0  0  0  0  0  0  0  0  0  0  0  0  0  0  0  0  0  0  0  0  0  0  0  0  0  0  0  0  0  0  0  0  0  -0.040211
h  11  2  2.017766  2.436393  2.452135  2.120821  1.562602  0.91313  0.372272  0.008187  -0.249096  -0.427815  -0.542613  -0.585799  -0.565475  -0.494084  -0.406216  -0.342145  -0.295257  -0.261688  -0.263116  -0.305353  -0.370453  -0.449983  0  0  0  0  0  0  0  0  0  0  0  0  0  0  0  0  0  0  0  0  0  0  0  0  0  0  0  0  0  0  0  0  0  0  0  0  0  0  0  0  0  0  0  0  0  0  0  0  0  0  0  0  0  0  0  0  0  0  0  0  0  0  0  0  0  -0.016952999999999996
g  11  3  2.281428  2.524619  2.552926  2.474421  2.456335  2.505727  2.420863  2.272685  2.072328  1.824368  1.519247  1.193415  0.940049  0.790373  0.722647  0.711929  0.708364  0.65938  0.55628  0.398267  0.198343  -0.032689  0  0  0  0  0  0  0  0  0  0  0  0  0  0  0  0  0  0  0  0  0  0  0  0  0  0  0  0  0  0  0  0  0  0  0  0  0  0  0  0  0  0  0  0  0  0  0  0  0  0  0  0  0  0  0  0  0  0  0  0  0  0  0  0  0  -0.047919
h  11  3  -0.771597  -0.447691  -0.40484  -0.221739  -0.053908  0.041619  0.084982  0.138801  0.164705  0.108013  -0.094399  -0.429627  -0.795648  -1.098081  -1.320653  -1.487859  -1.586208  -1.599561  -1.525383  -1.379756  -1.163912  -0.880581  0  0  0  0  0  0  0  0  0  0  0  0  0  0  0  0  0  0  0  0  0  0  0  0  0  0  0  0  0  0  0  0  0  0  0  0  0  0  0  0  0  0  0  0  0  0  0  0  0  0  0  0  0  0  0  0  0  0  0  0  0  0  0  0  0  0.06159900000000007
g  11  4  -0.705368  -0.924973  -0.865896  -0.734228  -0.50491  -0.332636  -0.190046  -0.042441  0.077807  0.120109  0.083381  -0.023903  -0.209029  -0.471632  -0.781221  -1.135085  -1.549094  -2.027515  -2.536041  -3.044946  -3.544634  -4.015886  0  0  0  0  0  0  0  0  0  0  0  0  0  0  0  0  0  0  0  0  0  0  0  0  0  0  0  0  0  0  0  0  0  0  0  0  0  0  0  0  0  0  0  0  0  0  0  0  0  0  0  0  0  0  0  0  0  0  0  0  0  0  0  0  0  -0.09115900000000021
h  11  4  -1.205482  -0.427195  0.042329  0.481951  0.908685  1.243978  1.470576  1.646791  1.819053  1.984982  2.175575  2.39552  2.609479  2.80862  2.974103  3.135271  3.307657  3.465186  3.568188  3.624813  3.669429  3.714291  0  0  0  0  0  0  0  0  0  0  0  0  0  0  0  0  0  0  0  0  0  0  0  0  0  0  0  0  0  0  0  0  0  0  0  0  0  0  0  0  0  0  0  0  0  0  0  0  0  0  0  0  0  0  0  0  0  0  0  0  0  0  0  0  0  0.009588999999999626
g  11  5  0.432319  0.383265  0.146013  -0.037911  -0.082777  0.08681  0.200806  0.276501  0.242764  0.087624  -0.122273  -0.324017  -0.484349  -0.61398  -0.744572  -0.913532  -1.08753  -1.235627  -1.357774  -1.494902  -1.673453  -1.883043  0  0  0  0  0  0  0  0  0  0  0  0  0  0  0  0  0  0  0  0  0  0  0  0  0  0  0  0  0  0  0  0  0  0  0  0  0  0  0  0  0  0  0  0  0  0  0  0  0  0  0  0  0  0  0  0  0  0  0  0  0  0  0  0  0  -0.04308599999999996
h  11  5  0.640228  0.605799  0.254295  -0.172371  -0.479651  -0.784819  -1.053205  -1.286297  -1.554417  -1.790491  -1.943004  -2.038422  -2.092981  -2.152804  -2.246642  -2.335188  -2.37385  -2.377836  -2.385925  -2.416735  -2.468663  -2.536512  0  0  0  0  0  0  0  0  0  0  0  0  0  0  0  0  0  0  0  0  0  0  0  0  0  0  0  0  0  0  0  0  0  0  0  0  0  0  0  0  0  0  0  0  0  0  0  0  0  0  0  0  0  0  0  0  0  0  0  0  0  0  0  0  0  -0.014743000000000173
g  11  6  -0.749204  -0.7161  -0.764414  -0.897135  -0.999917  -1.052425  -1.145145  -1.32472  -1.471002  -1.511459  -1.477391  -1.404885  -1.335829  -1.293941  -1.295021  -1.365298  -1.493179  -1.651013  -1.786521  -1.879166  -1.926904  -1.926568  0  0  0  0  0  0  0  0  0  0  0  0  0  0  0  0  0  0  0  0  0  0  0  0  0  0  0  0  0  0  0  0  0  0  0  0  0  0  0  0  0  0  0  0  0  0  0  0  0  0  0  0  0  0  0  0  0  0  0  0  0  0  0  0  0  0.003921999999999981
h  11  6  -0.261145  0.15468  0.730309  1.202144  1.542451  1.773685  1.909822  2.016746  2.123975  2.224536  2.333641  2.445624  2.519807  2.500708  2.400608  2.26951  2.148999  2.065965  2.037632  2.058205  2.120287  2.227013  0  0  0  0  0  0  0  0  0  0  0  0  0  0  0  0  0  0  0  0  0  0  0  0  0  0  0  0  0  0  0  0  0  0  0  0  0  0  0  0  0  0  0  0  0  0  0  0  0  0  0  0  0  0  0  0  0  0  0  0  0  0  0  0  0  0.02511399999999986
g  11  7  0.315693  -0.118839  -0.45689  -0.830211  -1.077524  -1.184163  -1.179125  -1.062826  -0.839032  -0.586487  -0.330265  -0.063115  0.225566  0.495974  0.697936  0.819284  0.896  0.962478  1.032896  1.126085  1.250206  1.395691  0  0  0  0  0  0  0  0  0  0  0  0  0  0  0  0  0  0  0  0  0  0  0  0  0  0  0  0  0  0  0  0  0  0  0  0  0  0  0  0  0  0  0  0  0  0  0  0  0  0  0  0  0  0  0  0  0  0  0  0  0  0  0  0  0  0.030456999999999956
h  11  7  -2.372438  -1.720212  -1.368243  -0.990798  -0.643164  -0.389745  -0.25411  -0.216553  -0.243371  -0.352517  -0.513931  -0.745034  -1.047261  -1.377516  -1.683824  -1.932677  -2.093901  -2.134451  -2.028926  -1.807416  -1.522788  -1.221058  0  0  0  0  0  0  0  0  0  0  0  0  0  0  0  0  0  0  0  0  0  0  0  0  0  0  0  0  0  0  0  0  0  0  0  0  0  0  0  0  0  0  0  0  0  0  0  0  0  0  0  0  0  0  0  0  0  0  0  0  0  0  0  0  0  0.059635000000000105
g  11  8  1.752818  1.510991  1.736732  1.999552  2.363526  2.800074  3.293094  3.830325  4.393694  4.918882  5.382566  5.764101  6.051647  6.269207  6.403479  6.430723  6.383817  6.271719  6.090426  5.863899  5.630372  5.405172  0  0  0  0  0  0  0  0  0  0  0  0  0  0  0  0  0  0  0  0  0  0  0  0  0  0  0  0  0  0  0  0  0  0  0  0  0  0  0  0  0  0  0  0  0  0  0  0  0  0  0  0  0  0  0  0  0  0  0  0  0  0  0  0  0  -0.04437299999999933
h  11  8  -1.393762  -1.452773  -1.494248  -1.543792  -1.7119  -1.945197  -2.159036  -2.327373  -2.530555  -2.733512  -2.876026  -2.918918  -2.875635  -2.764464  -2.621921  -2.492857  -2.378775  -2.255467  -2.133364  -2.020787  -1.92005  -1.853379  0  0  0  0  0  0  0  0  0  0  0  0  0  0  0  0  0  0  0  0  0  0  0  0  0  0  0  0  0  0  0  0  0  0  0  0  0  0  0  0  0  0  0  0  0  0  0  0  0  0  0  0  0  0  0  0  0  0  0  0  0  0  0  0  0  0.009172999999999876
g  11  9  -0.097139  -0.421237  -0.514853  -0.644658  -0.823173  -1.031378  -1.295659  -1.63768  -2.079811  -2.538364  -2.9252  -3.149162  -3.158485  -3.002253  -2.753536  -2.413221  -2.009752  -1.60896  -1.254156  -0.981117  -0.797554  -0.683514  0  0  0  0  0  0  0  0  0  0  0  0  0  0  0  0  0  0  0  0  0  0  0  0  0  0  0  0  0  0  0  0  0  0  0  0  0  0  0  0  0  0  0  0  0  0  0  0  0  0  0  0  0  0  0  0  0  0  0  0  0  0  0  0  0  0.0192500000000001
h  11  9  -2.572238  -2.826544  -3.025535  -3.109851  -3.153302  -3.218025  -3.259404  -3.269913  -3.202935  -3.045892  -2.790874  -2.464878  -2.119664  -1.805822  -1.564053  -1.422517  -1.382665  -1.428623  -1.532536  -1.656609  -1.745339  -1.760022  0  0  0  0  0  0  0  0  0  0  0  0  0  0  0  0  0  0  0  0  0  0  0  0  0  0  0  0  0  0  0  0  0  0  0  0  0  0  0  0  0  0  0  0  0  0  0  0  0  0  0  0  0  0  0  0  0  0  0  0  0  0  0  0  0  0.003646999999999956
g  11  10  0.532493  0.062025  -0.346182  -0.713999  -1.013544  -1.183214  -1.283653  -1.323099  -1.24076  -0.969823  -0.555942  -0.105184  0.259366  0.472061  0.555026  0.578114  0.619509  0.720898  0.863971  1.016343  1.15175  1.259061  0  0  0  0  0  0  0  0  0  0  0  0  0  0  0  0  0  0  0  0  0  0  0  0  0  0  0  0  0  0  0  0  0  0  0  0  0  0  0  0  0  0  0  0  0  0  0  0  0  0  0  0  0  0  0  0  0  0  0  0  0  0  0  0  0  0.01923499999999989
h  11  10  -1.88328  -2.032972  -2.060667  -2.03171  -1.980886  -1.90104  -1.756163  -1.490008  -1.105047  -0.686918  -0.384045  -0.298214  -0.432555  -0.699521  -0.951601  -1.044327  -0.937235  -0.677184  -0.316498  0.083795  0.467509  0.805747  0  0  0  0  0  0  0  0  0  0  0  0  0  0  0  0  0  0  0  0  0  0  0  0  0  0  0  0  0  0  0  0  0  0  0  0  0  0  0  0  0  0  0  0  0  0  0  0  0  0  0  0  0  0  0  0  0  0  0  0  0  0  0  0  0  0.06352199999999997
g  11  11  3.392159  3.282539  3.438043  3.522809  3.451131  3.262284  3.00347  2.722005  2.393769  1.928353  1.284438  0.503958  -0.281285  -0.883422  -1.18829  -1.184558  -0.914949  -0.436377  0.183214  0.864149  1.531878  2.115561  0  0  0  0  0  0  0  0  0  0  0  0  0  0  0  0  0  0  0  0  0  0  0  0  0  0  0  0  0  0  0  0  0  0  0  0  0  0  0  0  0  0  0  0  0  0  0  0  0  0  0  0  0  0  0  0  0  0  0  0  0  0  0  0  0  0.10698300000000005
h  11  11  -2.116445  -2.419586  -2.260223  -2.216376  -2.188577  -2.040707  -1.830064  -1.624961  -1.483661  -1.383618  -1.238272  -0.931199  -0.371394  0.433853  1.367956  2.270614  3.010446  3.514788  3.751219  3.71059  3.405171  2.868944  0  0  0  0  0  0  0  0  0  0  0  0  0  0  0  0  0  0  0  0  0  0  0  0  0  0  0  0  0  0  0  0  0  0  0  0  0  0  0  0  0  0  0  0  0  0  0  0  0  0  0  0  0  0  0  0  0  0  0  0  0  0  0  0  0  -0.12311899999999998
g  12  0  -2.052082  -1.946355  -1.769013  -1.580272  -1.378326  -1.197046  -1.003791  -0.76002  -0.44313  -0.137992  0.084416  0.221977  0.284987  0.295256  0.274067  0.228742  0.166404  0.092012  -0.000971  -0.107208  -0.209  -0.295643  0  0  0  0  0  0  0  0  0  0  0  0  0  0  0  0  0  0  0  0  0  0  0  0  0  0  0  0  0  0  0  0  0  0  0  0  0  0  0  0  0  0  0  0  0  0  0  0  0  0  0  0  0  0  0  0  0  0  0  0  0  0  0  0  0  -0.015971999999999986
g  12  1  -0.257721  -0.087465  -0.006219  0.183044  0.33657  0.396259  0.360255  0.262985  0.10326  -0.079467  -0.267212  -0.414694  -0.501805  -0.537343  -0.537979  -0.524499  -0.491787  -0.439181  -0.373664  -0.307118  -0.246867  -0.19543  0  0  0  0  0  0  0  0  0  0  0  0  0  0  0  0  0  0  0  0  0  0  0  0  0  0  0  0  0  0  0  0  0  0  0  0  0  0  0  0  0  0  0  0  0  0  0  0  0  0  0  0  0  0  0  0  0  0  0  0  0  0  0  0  0  0.009534000000000015
h  12  1  -1.164484  -1.038016  -0.974867  -0.871971  -0.803007  -0.788141  -0.839649  -0.889993  -0.940123  -1.000819  -1.038424  -1.023927  -0.937798  -0.780517  -0.594655  -0.451249  -0.369454  -0.3278  -0.313047  -0.317693  -0.327975  -0.338232  0  0  0  0  0  0  0  0  0  0  0  0  0  0  0  0  0  0  0  0  0  0  0  0  0  0  0  0  0  0  0  0  0  0  0  0  0  0  0  0  0  0  0  0  0  0  0  0  0  0  0  0  0  0  0  0  0  0  0  0  0  0  0  0  0  -0.0018619999999999748
g  12  2  0.358693  0.298608  0.191568  0.065603  -0.032291  -0.11267  -0.149619  -0.131648  -0.149839  -0.227795  -0.351326  -0.496185  -0.629232  -0.716346  -0.725663  -0.664671  -0.56243  -0.450182  -0.359308  -0.307562  -0.29797  -0.328182  0  0  0  0  0  0  0  0  0  0  0  0  0  0  0  0  0  0  0  0  0  0  0  0  0  0  0  0  0  0  0  0  0  0  0  0  0  0  0  0  0  0  0  0  0  0  0  0  0  0  0  0  0  0  0  0  0  0  0  0  0  0  0  0  0  -0.00915699999999997
h  12  2  0.110925  0.411088  0.477765  0.493119  0.468805  0.436699  0.313621  0.148724  -0.012685  -0.11114  -0.094598  0.018489  0.19509  0.395509  0.580345  0.724373  0.827138  0.883873  0.870894  0.786392  0.662425  0.519427  0  0  0  0  0  0  0  0  0  0  0  0  0  0  0  0  0  0  0  0  0  0  0  0  0  0  0  0  0  0  0  0  0  0  0  0  0  0  0  0  0  0  0  0  0  0  0  0  0  0  0  0  0  0  0  0  0  0  0  0  0  0  0  0  0  -0.029671000000000003
g  12  3  1.090398  1.205784  1.123941  1.009267  0.816909  0.57884  0.309504  0.044372  -0.177775  -0.363445  -0.501337  -0.558194  -0.532785  -0.461868  -0.392333  -0.34224  -0.303715  -0.274852  -0.252285  -0.234495  -0.228153  -0.233151  0  0  0  0  0  0  0  0  0  0  0  0  0  0  0  0  0  0  0  0  0  0  0  0  0  0  0  0  0  0  0  0  0  0  0  0  0  0  0  0  0  0  0  0  0  0  0  0  0  0  0  0  0  0  0  0  0  0  0  0  0  0  0  0  0  -0.0018950000000000078
h  12  3  1.980474  1.523141  1.382726  1.216974  1.035924  0.857577  0.691317  0.547662  0.417972  0.300273  0.177072  0.040979  -0.099089  -0.231767  -0.330431  -0.367947  -0.369627  -0.378713  -0.40286  -0.42903  -0.452  -0.475047  0  0  0  0  0  0  0  0  0  0  0  0  0  0  0  0  0  0  0  0  0  0  0  0  0  0  0  0  0  0  0  0  0  0  0  0  0  0  0  0  0  0  0  0  0  0  0  0  0  0  0  0  0  0  0  0  0  0  0  0  0  0  0  0  0  -0.005168000000000006
g  12  4  -0.957197  -1.127468  -1.089232  -1.014944  -0.896635  -0.824272  -0.833316  -0.888955  -0.87035  -0.782875  -0.658088  -0.495149  -0.326921  -0.179855  -0.056502  0.032356  0.079057  0.085683  0.06945  0.050687  0.043144  0.052701  0  0  0  0  0  0  0  0  0  0  0  0  0  0  0  0  0  0  0  0  0  0  0  0  0  0  0  0  0  0  0  0  0  0  0  0  0  0  0  0  0  0  0  0  0  0  0  0  0  0  0  0  0  0  0  0  0  0  0  0  0  0  0  0  0  0.0031749999999999973
h  12  4  -2.44033  -1.854478  -1.871626  -2.03492  -2.163563  -2.230734  -2.241231  -2.093111  -1.833016  -1.496165  -1.098272  -0.703455  -0.383212  -0.164956  -0.053234  -0.018024  -0.022964  -0.038293  -0.049076  -0.055511  -0.054876  -0.056847  0  0  0  0  0  0  0  0  0  0  0  0  0  0  0  0  0  0  0  0  0  0  0  0  0  0  0  0  0  0  0  0  0  0  0  0  0  0  0  0  0  0  0  0  0  0  0  0  0  0  0  0  0  0  0  0  0  0  0  0  0  0  0  0  0  -0.0014340000000000047
g  12  5  0.814272  0.738514  0.576475  0.448245  0.384571  0.413945  0.48119  0.545459  0.57726  0.569068  0.552406  0.541426  0.531225  0.505542  0.46507  0.41701  0.352121  0.274603  0.192526  0.113014  0.03843  -0.031759  0  0  0  0  0  0  0  0  0  0  0  0  0  0  0  0  0  0  0  0  0  0  0  0  0  0  0  0  0  0  0  0  0  0  0  0  0  0  0  0  0  0  0  0  0  0  0  0  0  0  0  0  0  0  0  0  0  0  0  0  0  0  0  0  0  -0.013597000000000001
h  12  5  0.257808  0.182405  -0.028676  -0.183266  -0.293914  -0.433116  -0.611949  -0.783169  -0.940926  -1.126942  -1.372316  -1.660024  -1.946281  -2.187431  -2.364056  -2.473401  -2.539723  -2.586176  -2.607401  -2.609343  -2.610543  -2.624814  0  0  0  0  0  0  0  0  0  0  0  0  0  0  0  0  0  0  0  0  0  0  0  0  0  0  0  0  0  0  0  0  0  0  0  0  0  0  0  0  0  0  0  0  0  0  0  0  0  0  0  0  0  0  0  0  0  0  0  0  0  0  0  0  0  -0.004159000000000024
g  12  6  0.061467  0.188965  0.520471  0.847774  1.045787  1.190429  1.331889  1.458447  1.571373  1.685357  1.802931  1.910589  1.98044  1.999765  1.985639  1.966444  1.963023  1.977981  2.006396  2.047775  2.081074  2.080592  0  0  0  0  0  0  0  0  0  0  0  0  0  0  0  0  0  0  0  0  0  0  0  0  0  0  0  0  0  0  0  0  0  0  0  0  0  0  0  0  0  0  0  0  0  0  0  0  0  0  0  0  0  0  0  0  0  0  0  0  0  0  0  0  0  -0.0038279999999999426
h  12  6  0.724979  0.940826  1.080019  1.044798  0.972242  0.943095  0.910553  0.872143  0.829148  0.800031  0.775683  0.737151  0.646058  0.476716  0.258408  0.037274  -0.174068  -0.360738  -0.519512  -0.663421  -0.803716  -0.935165  0  0  0  0  0  0  0  0  0  0  0  0  0  0  0  0  0  0  0  0  0  0  0  0  0  0  0  0  0  0  0  0  0  0  0  0  0  0  0  0  0  0  0  0  0  0  0  0  0  0  0  0  0  0  0  0  0  0  0  0  0  0  0  0  0  -0.024992000000000014
g  12  7  0.569339  0.568388  0.463748  0.332849  0.132354  -0.154648  -0.474839  -0.744919  -0.938649  -1.086655  -1.220594  -1.31253  -1.340393  -1.314216  -1.251229  -1.170622  -1.094807  -1.020126  -0.951354  -0.88718  -0.827437  -0.778353  0  0  0  0  0  0  0  0  0  0  0  0  0  0  0  0  0  0  0  0  0  0  0  0  0  0  0  0  0  0  0  0  0  0  0  0  0  0  0  0  0  0  0  0  0  0  0  0  0  0  0  0  0  0  0  0  0  0  0  0  0  0  0  0  0  0.008719000000000032
h  12  7  -0.173304  -0.240554  -0.408777  -0.547505  -0.639578  -0.726745  -0.815968  -0.838912  -0.762867  -0.6306  -0.507833  -0.418979  -0.34739  -0.252237  -0.107414  0.062556  0.222131  0.356409  0.457254  0.528383  0.578352  0.616775  0  0  0  0  0  0  0  0  0  0  0  0  0  0  0  0  0  0  0  0  0  0  0  0  0  0  0  0  0  0  0  0  0  0  0  0  0  0  0  0  0  0  0  0  0  0  0  0  0  0  0  0  0  0  0  0  0  0  0  0  0  0  0  0  0  0.006928999999999963
g  12  8  -0.231493  -0.510492  -0.542641  -0.541695  -0.535753  -0.490909  -0.369857  -0.210674  -0.031779  0.144975  0.270781  0.302429  0.232847  0.092072  -0.066092  -0.200981  -0.30529  -0.388708  -0.465344  -0.538689  -0.598949  -0.630709  0  0  0  0  0  0  0  0  0  0  0  0  0  0  0  0  0  0  0  0  0  0  0  0  0  0  0  0  0  0  0  0  0  0  0  0  0  0  0  0  0  0  0  0  0  0  0  0  0  0  0  0  0  0  0  0  0  0  0  0  0  0  0  0  0  -0.003521999999999914
h  12  8  0.133901  0.434506  0.479943  0.480593  0.452236  0.452529  0.443029  0.414201  0.379993  0.317336  0.217378  0.108291  0.018318  -0.007991  0.049715  0.171648  0.340759  0.554799  0.782377  1.006801  1.223528  1.42674  0  0  0  0  0  0  0  0  0  0  0  0  0  0  0  0  0  0  0  0  0  0  0  0  0  0  0  0  0  0  0  0  0  0  0  0  0  0  0  0  0  0  0  0  0  0  0  0  0  0  0  0  0  0  0  0  0  0  0  0  0  0  0  0  0  0.03934799999999994
g  12  9  -0.388397  -0.331683  -0.136993  0.059031  0.239201  0.409274  0.557395  0.694884  0.84023  0.966232  1.030996  1.019585  0.948458  0.846703  0.760092  0.736261  0.757417  0.792954  0.835475  0.8748  0.907067  0.932753  0  0  0  0  0  0  0  0  0  0  0  0  0  0  0  0  0  0  0  0  0  0  0  0  0  0  0  0  0  0  0  0  0  0  0  0  0  0  0  0  0  0  0  0  0  0  0  0  0  0  0  0  0  0  0  0  0  0  0  0  0  0  0  0  0  0.004549000000000025
h  12  9  0.336077  0.261775  0.351384  0.360018  0.315276  0.288601  0.298526  0.316162  0.284067  0.206476  0.11399  0.027438  -0.006599  0.048789  0.177395  0.320591  0.425705  0.468418  0.453753  0.402885  0.329354  0.239798  0  0  0  0  0  0  0  0  0  0  0  0  0  0  0  0  0  0  0  0  0  0  0  0  0  0  0  0  0  0  0  0  0  0  0  0  0  0  0  0  0  0  0  0  0  0  0  0  0  0  0  0  0  0  0  0  0  0  0  0  0  0  0  0  0  -0.01879599999999998
g  12  10  0.104187  0.212443  0.256438  0.24334  0.191018  0.126051  0.037708  -0.089835  -0.274019  -0.474886  -0.644247  -0.760339  -0.819428  -0.827648  -0.795838  -0.7436  -0.70899  -0.727442  -0.814467  -0.960394  -1.144388  -1.333471  0  0  0  0  0  0  0  0  0  0  0  0  0  0  0  0  0  0  0  0  0  0  0  0  0  0  0  0  0  0  0  0  0  0  0  0  0  0  0  0  0  0  0  0  0  0  0  0  0  0  0  0  0  0  0  0  0  0  0  0  0  0  0  0  0  -0.03661300000000001
h  12  10  -0.777061  -1.050941  -1.133545  -1.140415  -1.098312  -1.061542  -1.03563  -0.98803  -0.888846  -0.715569  -0.486386  -0.263424  -0.094807  -0.012332  -0.004568  -0.03069  -0.081026  -0.144137  -0.189056  -0.188258  -0.128405  -0.007468  0  0  0  0  0  0  0  0  0  0  0  0  0  0  0  0  0  0  0  0  0  0  0  0  0  0  0  0  0  0  0  0  0  0  0  0  0  0  0  0  0  0  0  0  0  0  0  0  0  0  0  0  0  0  0  0  0  0  0  0  0  0  0  0  0  0.028890000000000002
g  12  11  -0.833566  -0.97942  -0.960361  -0.885838  -0.740907  -0.513814  -0.272714  -0.053928  0.158613  0.405627  0.706627  1.030048  1.324463  1.544809  1.666476  1.678513  1.595902  1.442455  1.245582  1.035947  0.83653  0.656321  0  0  0  0  0  0  0  0  0  0  0  0  0  0  0  0  0  0  0  0  0  0  0  0  0  0  0  0  0  0  0  0  0  0  0  0  0  0  0  0  0  0  0  0  0  0  0  0  0  0  0  0  0  0  0  0  0  0  0  0  0  0  0  0  0  -0.03444999999999998
h  12  11  -0.130973  -0.085675  -0.037571  0.029695  0.063613  0.089454  0.125457  0.159595  0.240056  0.352197  0.432325  0.429857  0.337668  0.197335  0.050311  -0.092988  -0.22619  -0.340266  -0.44177  -0.537165  -0.628401  -0.714643  0  0  0  0  0  0  0  0  0  0  0  0  0  0  0  0  0  0  0  0  0  0  0  0  0  0  0  0  0  0  0  0  0  0  0  0  0  0  0  0  0  0  0  0  0  0  0  0  0  0  0  0  0  0  0  0  0  0  0  0  0  0  0  0  0  -0.016770000000000063
g  12  12  0.038437  -0.184353  -0.194074  -0.210164  -0.292022  -0.401464  -0.509015  -0.600467  -0.652908  -0.69767  -0.784359  -0.930769  -1.10838  -1.246554  -1.289364  -1.214916  -1.024042  -0.732262  -0.370939  0.016007  0.37676  0.664259  0  0  0  0  0  0  0  0  0  0  0  0  0  0  0  0  0  0  0  0  0  0  0  0  0  0  0  0  0  0  0  0  0  0  0  0  0  0  0  0  0  0  0  0  0  0  0  0  0  0  0  0  0  0  0  0  0  0  0  0  0  0  0  0  0  0.049920000000000075
h  12  12  0.96401  0.559927  0.589727  0.561332  0.493692  0.471189  0.482598  0.505427  0.49201  0.426646  0.340736  0.291875  0.333475  0.47135  0.667189  0.874192  1.065211  1.222122  1.319016  1.32856  1.240134  1.063757  0  0  0  0  0  0  0  0  0  0  0  0  0  0  0  0  0  0  0  0  0  0  0  0  0  0  0  0  0  0  0  0  0  0  0  0  0  0  0  0  0  0  0  0  0  0  0  0  0  0  0  0  0  0  0  0  0  0  0  0  0  0  0  0  0  -0.04145899999999991
g  13  0  -0.075626  -0.024314  0.120373  0.215838  0.243082  0.209831  0.158252  0.103531  0.051666  -0.003217  -0.059381  -0.112267  -0.156846  -0.201721  -0.26389  -0.347802  -0.436741  -0.51162  -0.565591  -0.597129  -0.603331  -0.588462  0  0  0  0  0  0  0  0  0  0  0  0  0  0  0  0  0  0  0  0  0  0  0  0  0  0  0  0  0  0  0  0  0  0  0  0  0  0  0  0  0  0  0  0  0  0  0  0  0  0  0  0  0  0  0  0  0  0  0  0  0  0  0  0  0  0.004255000000000009
g  13  1  -0.796124  -0.94158  -0.960665  -0.97836  -1.033572  -1.138758  -1.288089  -1.409602  -1.457014  -1.445495  -1.380848  -1.271842  -1.136063  -0.992635  -0.857844  -0.736999  -0.638414  -0.56386  -0.502841  -0.448252  -0.399992  -0.356523  0  0  0  0  0  0  0  0  0  0  0  0  0  0  0  0  0  0  0  0  0  0  0  0  0  0  0  0  0  0  0  0  0  0  0  0  0  0  0  0  0  0  0  0  0  0  0  0  0  0  0  0  0  0  0  0  0  0  0  0  0  0  0  0  0  0.008357000000000003
h  13  1  -0.810523  -0.74759  -0.706123  -0.670421  -0.631583  -0.578003  -0.544515  -0.537649  -0.548548  -0.565513  -0.567993  -0.552665  -0.530852  -0.5074  -0.491825  -0.483609  -0.481416  -0.481482  -0.484532  -0.484888  -0.474718  -0.451465  0  0  0  0  0  0  0  0  0  0  0  0  0  0  0  0  0  0  0  0  0  0  0  0  0  0  0  0  0  0  0  0  0  0  0  0  0  0  0  0  0  0  0  0  0  0  0  0  0  0  0  0  0  0  0  0  0  0  0  0  0  0  0  0  0  0.005674000000000012
g  13  2  0.295941  0.536282  0.64411  0.750986  0.817448  0.829869  0.763916  0.634949  0.500244  0.379119  0.250795  0.108925  -0.038838  -0.191296  -0.336319  -0.458933  -0.550241  -0.611026  -0.651843  -0.685888  -0.72411  -0.767311  0  0  0  0  0  0  0  0  0  0  0  0  0  0  0  0  0  0  0  0  0  0  0  0  0  0  0  0  0  0  0  0  0  0  0  0  0  0  0  0  0  0  0  0  0  0  0  0  0  0  0  0  0  0  0  0  0  0  0  0  0  0  0  0  0  -0.00877299999999992
h  13  2  0.357302  0.647557  0.562722  0.430932  0.264783  0.080735  -0.068042  -0.156429  -0.204597  -0.237672  -0.25727  -0.26789  -0.275947  -0.277805  -0.264654  -0.235418  -0.210062  -0.205646  -0.22317  -0.258126  -0.303552  -0.346161  0  0  0  0  0  0  0  0  0  0  0  0  0  0  0  0  0  0  0  0  0  0  0  0  0  0  0  0  0  0  0  0  0  0  0  0  0  0  0  0  0  0  0  0  0  0  0  0  0  0  0  0  0  0  0  0  0  0  0  0  0  0  0  0  0  -0.007668000000000008
g  13  3  0.63249  0.723302  0.626291  0.484884  0.325906  0.20137  0.085278  -0.042935  -0.175748  -0.299968  -0.395443  -0.455288  -0.496404  -0.535992  -0.580386  -0.630178  -0.683827  -0.731  -0.752731  -0.748005  -0.731379  -0.713379  0  0  0  0  0  0  0  0  0  0  0  0  0  0  0  0  0  0  0  0  0  0  0  0  0  0  0  0  0  0  0  0  0  0  0  0  0  0  0  0  0  0  0  0  0  0  0  0  0  0  0  0  0  0  0  0  0  0  0  0  0  0  0  0  0  0.003510000000000013
h  13  3  1.490607  1.277489  1.178413  1.058785  0.983313  0.918087  0.81184  0.686487  0.572064  0.46365  0.359484  0.266232  0.185337  0.120407  0.073402  0.042495  0.028054  0.025875  0.033299  0.045312  0.060264  0.081166  0  0  0  0  0  0  0  0  0  0  0  0  0  0  0  0  0  0  0  0  0  0  0  0  0  0  0  0  0  0  0  0  0  0  0  0  0  0  0  0  0  0  0  0  0  0  0  0  0  0  0  0  0  0  0  0  0  0  0  0  0  0  0  0  0  0.004688999999999999
g  13  4  -0.356296  -0.430223  -0.416149  -0.389772  -0.405978  -0.466158  -0.535641  -0.559235  -0.535009  -0.486059  -0.42821  -0.378266  -0.3358  -0.293813  -0.239341  -0.176453  -0.126263  -0.093086  -0.074639  -0.069289  -0.072621  -0.071747  0  0  0  0  0  0  0  0  0  0  0  0  0  0  0  0  0  0  0  0  0  0  0  0  0  0  0  0  0  0  0  0  0  0  0  0  0  0  0  0  0  0  0  0  0  0  0  0  0  0  0  0  0  0  0  0  0  0  0  0  0  0  0  0  0  0.0011289999999999911
h  13  4  -0.554056  -0.545654  -0.635769  -0.701228  -0.705647  -0.643748  -0.530571  -0.39126  -0.240826  -0.091959  0.044409  0.153402  0.219965  0.249784  0.253531  0.238036  0.212398  0.180178  0.144711  0.109831  0.081387  0.061359  0  0  0  0  0  0  0  0  0  0  0  0  0  0  0  0  0  0  0  0  0  0  0  0  0  0  0  0  0  0  0  0  0  0  0  0  0  0  0  0  0  0  0  0  0  0  0  0  0  0  0  0  0  0  0  0  0  0  0  0  0  0  0  0  0  -0.003365000000000007
g  13  5  0.912547  0.831403  0.624282  0.443948  0.257223  0.104115  -0.059868  -0.219765  -0.342533  -0.413655  -0.437225  -0.426958  -0.397415  -0.372831  -0.369712  -0.393792  -0.436332  -0.485738  -0.535511  -0.582386  -0.627135  -0.664028  0  0  0  0  0  0  0  0  0  0  0  0  0  0  0  0  0  0  0  0  0  0  0  0  0  0  0  0  0  0  0  0  0  0  0  0  0  0  0  0  0  0  0  0  0  0  0  0  0  0  0  0  0  0  0  0  0  0  0  0  0  0  0  0  0  -0.006272999999999973
h  13  5  -1.075274  -1.174727  -1.294491  -1.389301  -1.437734  -1.460378  -1.455756  -1.407855  -1.335949  -1.277062  -1.237011  -1.215556  -1.197428  -1.168879  -1.133856  -1.101021  -1.071345  -1.039775  -0.991483  -0.920095  -0.832097  -0.733645  0  0  0  0  0  0  0  0  0  0  0  0  0  0  0  0  0  0  0  0  0  0  0  0  0  0  0  0  0  0  0  0  0  0  0  0  0  0  0  0  0  0  0  0  0  0  0  0  0  0  0  0  0  0  0  0  0  0  0  0  0  0  0  0  0  0.020125999999999977
g  13  6  -0.269039  -0.088169  -0.156425  -0.246859  -0.309574  -0.325073  -0.29713  -0.257859  -0.207337  -0.155695  -0.112078  -0.090526  -0.08266  -0.073625  -0.060889  -0.055082  -0.055993  -0.054063  -0.047116  -0.034247  -0.006159  0.044594  0  0  0  0  0  0  0  0  0  0  0  0  0  0  0  0  0  0  0  0  0  0  0  0  0  0  0  0  0  0  0  0  0  0  0  0  0  0  0  0  0  0  0  0  0  0  0  0  0  0  0  0  0  0  0  0  0  0  0  0  0  0  0  0  0  0.012226
h  13  6  -0.012427  0.097348  0.276726  0.420274  0.539188  0.610245  0.616289  0.570089  0.488982  0.381079  0.262171  0.148983  0.048611  -0.046028  -0.136033  -0.22151  -0.292926  -0.335128  -0.343791  -0.320697  -0.271539  -0.209116  0  0  0  0  0  0  0  0  0  0  0  0  0  0  0  0  0  0  0  0  0  0  0  0  0  0  0  0  0  0  0  0  0  0  0  0  0  0  0  0  0  0  0  0  0  0  0  0  0  0  0  0  0  0  0  0  0  0  0  0  0  0  0  0  0  0.012798000000000004
g  13  7  0.796132  0.860963  0.84737  0.849815  0.844987  0.825279  0.818925  0.809209  0.767091  0.70335  0.634282  0.572935  0.529955  0.499414  0.464409  0.421454  0.369386  0.298918  0.210338  0.107043  -0.002101  -0.109311  0  0  0  0  0  0  0  0  0  0  0  0  0  0  0  0  0  0  0  0  0  0  0  0  0  0  0  0  0  0  0  0  0  0  0  0  0  0  0  0  0  0  0  0  0  0  0  0  0  0  0  0  0  0  0  0  0  0  0  0  0  0  0  0  0  -0.020778000000000005
h  13  7  0.427437  0.254978  0.149899  0.037639  -0.074511  -0.155292  -0.198001  -0.245861  -0.297345  -0.33944  -0.370418  -0.376879  -0.349419  -0.288193  -0.206384  -0.129587  -0.060871  0.007413  0.080368  0.157124  0.236172  0.317791  0  0  0  0  0  0  0  0  0  0  0  0  0  0  0  0  0  0  0  0  0  0  0  0  0  0  0  0  0  0  0  0  0  0  0  0  0  0  0  0  0  0  0  0  0  0  0  0  0  0  0  0  0  0  0  0  0  0  0  0  0  0  0  0  0  0.01637099999999997
g  13  8  -0.199293  -0.206265  -0.224501  -0.257855  -0.303975  -0.348852  -0.399873  -0.46816  -0.544973  -0.621867  -0.682737  -0.721853  -0.739749  -0.736866  -0.707381  -0.644546  -0.553285  -0.449103  -0.341108  -0.235764  -0.141565  -0.064834  0  0  0  0  0  0  0  0  0  0  0  0  0  0  0  0  0  0  0  0  0  0  0  0  0  0  0  0  0  0  0  0  0  0  0  0  0  0  0  0  0  0  0  0  0  0  0  0  0  0  0  0  0  0  0  0  0  0  0  0  0  0  0  0  0  0.013811000000000004
h  13  8  0.007767  -0.059467  -0.08355  -0.08389  -0.124716  -0.23366  -0.328317  -0.389946  -0.405549  -0.376388  -0.30259  -0.196586  -0.083905  0.022581  0.116875  0.199178  0.270601  0.322898  0.349762  0.349726  0.329044  0.292766  0  0  0  0  0  0  0  0  0  0  0  0  0  0  0  0  0  0  0  0  0  0  0  0  0  0  0  0  0  0  0  0  0  0  0  0  0  0  0  0  0  0  0  0  0  0  0  0  0  0  0  0  0  0  0  0  0  0  0  0  0  0  0  0  0  -0.008245999999999976
g  13  9  0.425081  0.414186  0.409001  0.414551  0.437097  0.481872  0.531625  0.569521  0.584077  0.575417  0.54349  0.485833  0.409169  0.33394  0.281616  0.260411  0.270846  0.307861  0.367544  0.440376  0.517118  0.588736  0  0  0  0  0  0  0  0  0  0  0  0  0  0  0  0  0  0  0  0  0  0  0  0  0  0  0  0  0  0  0  0  0  0  0  0  0  0  0  0  0  0  0  0  0  0  0  0  0  0  0  0  0  0  0  0  0  0  0  0  0  0  0  0  0  0.013487000000000027
h  13  9  0.283192  0.319242  0.269399  0.230118  0.196185  0.176218  0.16224  0.125429  0.060249  -0.024455  -0.11149  -0.175111  -0.181781  -0.119156  -0.010116  0.116904  0.234566  0.309535  0.330916  0.300738  0.224467  0.111547  0  0  0  0  0  0  0  0  0  0  0  0  0  0  0  0  0  0  0  0  0  0  0  0  0  0  0  0  0  0  0  0  0  0  0  0  0  0  0  0  0  0  0  0  0  0  0  0  0  0  0  0  0  0  0  0  0  0  0  0  0  0  0  0  0  -0.02494700000000001
g  13  10  0.011115  0.119943  0.162856  0.181979  0.155039  0.11589  0.078557  0.06956  0.085251  0.091455  0.068722  0.012634  -0.060054  -0.127051  -0.182226  -0.237174  -0.296552  -0.356709  -0.421507  -0.489538  -0.554641  -0.615475  0  0  0  0  0  0  0  0  0  0  0  0  0  0  0  0  0  0  0  0  0  0  0  0  0  0  0  0  0  0  0  0  0  0  0  0  0  0  0  0  0  0  0  0  0  0  0  0  0  0  0  0  0  0  0  0  0  0  0  0  0  0  0  0  0  -0.011858999999999953
h  13  10  0.469531  0.480014  0.48284  0.461011  0.447229  0.464221  0.52888  0.619553  0.703733  0.762115  0.79342  0.801532  0.793179  0.762722  0.716085  0.682415  0.674001  0.686675  0.720533  0.765265  0.808192  0.843554  0  0  0  0  0  0  0  0  0  0  0  0  0  0  0  0  0  0  0  0  0  0  0  0  0  0  0  0  0  0  0  0  0  0  0  0  0  0  0  0  0  0  0  0  0  0  0  0  0  0  0  0  0  0  0  0  0  0  0  0  0  0  0  0  0  0.006400000000000072
g  13  11  0.524959  0.432026  0.363915  0.224648  0.088854  -0.049892  -0.178929  -0.303208  -0.430472  -0.551128  -0.634921  -0.648155  -0.57354  -0.43026  -0.268329  -0.14791  -0.088501  -0.081349  -0.113586  -0.169257  -0.232774  -0.294184  0  0  0  0  0  0  0  0  0  0  0  0  0  0  0  0  0  0  0  0  0  0  0  0  0  0  0  0  0  0  0  0  0  0  0  0  0  0  0  0  0  0  0  0  0  0  0  0  0  0  0  0  0  0  0  0  0  0  0  0  0  0  0  0  0  -0.011855999999999978
h  13  11  -0.148284  -0.314247  -0.369454  -0.406435  -0.432197  -0.455076  -0.486068  -0.515944  -0.531376  -0.510295  -0.436983  -0.314559  -0.181417  -0.083603  -0.05062  -0.086977  -0.161142  -0.239834  -0.306473  -0.354171  -0.382181  -0.39363  0  0  0  0  0  0  0  0  0  0  0  0  0  0  0  0  0  0  0  0  0  0  0  0  0  0  0  0  0  0  0  0  0  0  0  0  0  0  0  0  0  0  0  0  0  0  0  0  0  0  0  0  0  0  0  0  0  0  0  0  0  0  0  0  0  -0.0011339999999999684
g  13  12  -0.096667  -0.425736  -0.429389  -0.39826  -0.322436  -0.213114  -0.094237  0.01456  0.11412  0.219541  0.331822  0.431842  0.490104  0.479682  0.409157  0.317555  0.234247  0.173779  0.143935  0.141486  0.159558  0.190425  0  0  0  0  0  0  0  0  0  0  0  0  0  0  0  0  0  0  0  0  0  0  0  0  0  0  0  0  0  0  0  0  0  0  0  0  0  0  0  0  0  0  0  0  0  0  0  0  0  0  0  0  0  0  0  0  0  0  0  0  0  0  0  0  0  0.006787000000000015
h  13  12  -0.383421  -0.356446  -0.34531  -0.315492  -0.285764  -0.249269  -0.220023  -0.201038  -0.187455  -0.17651  -0.186027  -0.238081  -0.324516  -0.410793  -0.464205  -0.473794  -0.439466  -0.370017  -0.279112  -0.17831  -0.078135  0.011072  0  0  0  0  0  0  0  0  0  0  0  0  0  0  0  0  0  0  0  0  0  0  0  0  0  0  0  0  0  0  0  0  0  0  0  0  0  0  0  0  0  0  0  0  0  0  0  0  0  0  0  0  0  0  0  0  0  0  0  0  0  0  0  0  0  0.016425000000000002
g  13  13  -0.246454  -0.47012  -0.543966  -0.570221  -0.57978  -0.57441  -0.572862  -0.574143  -0.569825  -0.582269  -0.642399  -0.750495  -0.866473  -0.926991  -0.901296  -0.793588  -0.621164  -0.411781  -0.20054  -0.024897  0.087214  0.121385  0  0  0  0  0  0  0  0  0  0  0  0  0  0  0  0  0  0  0  0  0  0  0  0  0  0  0  0  0  0  0  0  0  0  0  0  0  0  0  0  0  0  0  0  0  0  0  0  0  0  0  0  0  0  0  0  0  0  0  0  0  0  0  0  0  0.00039400000000000546
h  13  13  -0.640168  -0.594618  -0.45889  -0.320291  -0.204971  -0.107212  -0.032987  0.023384  0.045934  0.016956  -0.051669  -0.113396  -0.118306  -0.052694  0.059037  0.181049  0.268008  0.281332  0.198577  0.022461  -0.224214  -0.507366  0  0  0  0  0  0  0  0  0  0  0  0  0  0  0  0  0  0  0  0  0  0  0  0  0  0  0  0  0  0  0  0  0  0  0  0  0  0  0  0  0  0  0  0  0  0  0  0  0  0  0  0  0  0  0  0  0  0  0  0  0  0  0  0  0  -0.05771799999999999
