# 2019 MPG data assimilation forecast
# units of nT 
c/s d o  GUFM1  GUFM1  GUFM1  GUFM1  GUFM1  GUFM1  GUFM1  GUFM1  GUFM1  GUFM1  GUFM1  GUFM1  GUFM1  GUFM1  GUFM1  GUFM1  GUFM1  GUFM1  GUFM1  GUFM1  GUFM1  GUFM1  GUFM1  GUFM1  GUFM1  GUFM1  GUFM1  GUFM1  GUFM1  GUFM1  GUFM1  GUFM1  GUFM1  GUFM1  GUFM1  GUFM1  GUFM1  GUFM1  GUFM1  GUFM1  GUFM1  GUFM1  GUFM1  GUFM1  GUFM1  GUFM1  GUFM1  GUFM1  GUFM1  GUFM1  GUFM1  GUFM1  GUFM1  GUFM1  GUFM1  GUFM1  GUFM1  GUFM1  GUFM1  GUFM1  GUFM1  GUFM1   IGRF   IGRF   IGRF   IGRF   IGRF   IGRF   IGRF   IGRF   IGRF   DGRF   DGRF   DGRF   DGRF   DGRF   DGRF   DGRF   DGRF   DGRF   DGRF   DGRF   DGRF      DGRF      DGRF     DGRF     IGRF      SV
g/h n m 1590.0 1595.0 1600.0 1605.0 1610.0 1615.0 1620.0 1625.0 1630.0 1635.0 1640.0 1645.0 1650.0 1655.0 1660.0 1665.0 1670.0 1675.0 1680.0 1685.0 1690.0 1695.0 1700.0 1705.0 1710.0 1715.0 1720.0 1725.0 1730.0 1735.0 1740.0 1745.0 1750.0 1755.0 1760.0 1765.0 1770.0 1775.0 1780.0 1785.0 1790.0 1795.0 1800.0 1805.0 1810.0 1815.0 1820.0 1825.0 1830.0 1835.0 1840.0 1845.0 1850.0 1855.0 1860.0 1865.0 1870.0 1875.0 1880.0 1885.0 1890.0 1895.0 1900.0 1905.0 1910.0 1915.0 1920.0 1925.0 1930.0 1935.0 1940.0 1945.0 1950.0 1955.0 1960.0 1965.0 1970.0 1975.0 1980.0 1985.0 1990.0 1995.0 2000.0    2005.0    2010.0   2015.0   2020.0 2020-25
g  1  0  -29441.975994  -29404.634659  -29384.68196  -29359.746084  -29329.723829  -29296.939428  -29262.606715  -29225.809377  -29182.855704  -29137.616056  -29090.158165  -29039.782768  -28986.766883  -28928.205834  -28860.645974  -28783.769515  -28699.628738  -28610.73592  -28520.009729  -28430.794567  -28344.324676  -28261.90347  0  0  0  0  0  0  0  0  0  0  0  0  0  0  0  0  0  0  0  0  0  0  0  0  0  0  0  0  0  0  0  0  0  0  0  0  0  0  0  0  0  0  0  0  0  0  0  0  0  0  0  0  0  0  0  0  0  0  0  0  0  0  0  0  0  16.068624999999884
g  1  1  -1501.919032  -1451.372566  -1431.798219  -1430.854273  -1434.366061  -1443.703984  -1449.708291  -1446.449018  -1434.925036  -1419.17427  -1399.752927  -1374.701525  -1341.294815  -1299.799909  -1250.646472  -1195.063805  -1135.476215  -1075.069772  -1017.642942  -965.747191  -921.417401  -886.488649  0  0  0  0  0  0  0  0  0  0  0  0  0  0  0  0  0  0  0  0  0  0  0  0  0  0  0  0  0  0  0  0  0  0  0  0  0  0  0  0  0  0  0  0  0  0  0  0  0  0  0  0  0  0  0  0  0  0  0  0  0  0  0  0  0  6.135299000000032
h  1  1  4796.304023  4653.227648  4536.345471  4447.545921  4375.701781  4315.796444  4264.543104  4216.422786  4171.797553  4127.003604  4079.570524  4029.393224  3974.672802  3913.481078  3845.529668  3771.730907  3696.120617  3620.821138  3543.992272  3461.675827  3369.540364  3264.817374  0  0  0  0  0  0  0  0  0  0  0  0  0  0  0  0  0  0  0  0  0  0  0  0  0  0  0  0  0  0  0  0  0  0  0  0  0  0  0  0  0  0  0  0  0  0  0  0  0  0  0  0  0  0  0  0  0  0  0  0  0  0  0  0  0  -22.03629899999987
g  2  0  -2446.820882  -2499.661447  -2539.12085  -2567.481102  -2588.282155  -2604.368624  -2617.746228  -2630.980467  -2644.757053  -2656.351051  -2663.758408  -2666.470004  -2666.666754  -2665.448035  -2664.634936  -2668.837925  -2682.706922  -2707.76322  -2743.449744  -2788.908033  -2840.930707  -2895.485166  0  0  0  0  0  0  0  0  0  0  0  0  0  0  0  0  0  0  0  0  0  0  0  0  0  0  0  0  0  0  0  0  0  0  0  0  0  0  0  0  0  0  0  0  0  0  0  0  0  0  0  0  0  0  0  0  0  0  0  0  0  0  0  0  0  -10.920600999999806
g  2  1  3012.179532  2982.134676  2955.884208  2927.751414  2892.842371  2849.384161  2803.085493  2767.581781  2740.421386  2714.609871  2685.499426  2653.016712  2618.606822  2582.193143  2543.268282  2501.56045  2457.082484  2410.568157  2364.04783  2319.873409  2279.947668  2244.884748  0  0  0  0  0  0  0  0  0  0  0  0  0  0  0  0  0  0  0  0  0  0  0  0  0  0  0  0  0  0  0  0  0  0  0  0  0  0  0  0  0  0  0  0  0  0  0  0  0  0  0  0  0  0  0  0  0  0  0  0  0  0  0  0  0  -6.6060230000002775
h  2  1  -2845.480089  -2992.013132  -3122.898299  -3231.722594  -3336.0863  -3441.686858  -3548.759823  -3658.002901  -3771.465475  -3888.611959  -4007.543237  -4122.856412  -4231.615774  -4331.420689  -4423.079662  -4506.391931  -4581.242505  -4649.656717  -4713.815297  -4776.304754  -4839.263544  -4903.084431  0  0  0  0  0  0  0  0  0  0  0  0  0  0  0  0  0  0  0  0  0  0  0  0  0  0  0  0  0  0  0  0  0  0  0  0  0  0  0  0  0  0  0  0  0  0  0  0  0  0  0  0  0  0  0  0  0  0  0  0  0  0  0  0  0  -12.815322999999808
g  2  2  1676.057171  1676.124251  1641.892859  1594.130104  1548.245034  1503.029801  1459.887651  1414.020918  1361.433527  1303.32903  1243.351058  1183.215774  1121.368521  1055.236563  982.996442  906.003617  825.383668  742.411089  658.290048  573.769928  488.479984  403.129864  0  0  0  0  0  0  0  0  0  0  0  0  0  0  0  0  0  0  0  0  0  0  0  0  0  0  0  0  0  0  0  0  0  0  0  0  0  0  0  0  0  0  0  0  0  0  0  0  0  0  0  0  0  0  0  0  0  0  0  0  0  0  0  0  0  -16.95785699999999
h  2  2  -642.176055  -734.251483  -816.951966  -878.461736  -932.095402  -989.341629  -1051.859121  -1116.133905  -1182.513962  -1253.865493  -1331.734348  -1412.518889  -1490.082537  -1561.575097  -1627.73073  -1690.51393  -1751.566343  -1813.54974  -1878.647248  -1946.189842  -2015.064851  -2083.694505  0  0  0  0  0  0  0  0  0  0  0  0  0  0  0  0  0  0  0  0  0  0  0  0  0  0  0  0  0  0  0  0  0  0  0  0  0  0  0  0  0  0  0  0  0  0  0  0  0  0  0  0  0  0  0  0  0  0  0  0  0  0  0  0  0  -13.619032999999945
g  3  0  1349.89886  1363.118411  1356.250258  1352.865513  1357.19663  1367.792492  1382.344651  1402.054706  1426.465612  1453.632715  1480.491708  1506.691648  1529.878787  1549.755859  1566.969256  1579.953749  1587.129605  1590.048918  1591.834848  1594.295396  1598.802983  1606.011097  0  0  0  0  0  0  0  0  0  0  0  0  0  0  0  0  0  0  0  0  0  0  0  0  0  0  0  0  0  0  0  0  0  0  0  0  0  0  0  0  0  0  0  0  0  0  0  0  0  0  0  0  0  0  0  0  0  0  0  0  0  0  0  0  0  1.6431079999999838
g  3  1  -2352.75067  -2380.020649  -2407.829514  -2439.981568  -2468.493524  -2496.276045  -2523.766046  -2544.182099  -2558.365716  -2568.242278  -2574.54765  -2577.651655  -2577.541149  -2574.499488  -2568.246593  -2559.105821  -2547.234589  -2531.894954  -2511.527866  -2485.315561  -2452.950349  -2415.197735  0  0  0  0  0  0  0  0  0  0  0  0  0  0  0  0  0  0  0  0  0  0  0  0  0  0  0  0  0  0  0  0  0  0  0  0  0  0  0  0  0  0  0  0  0  0  0  0  0  0  0  0  0  0  0  0  0  0  0  0  0  0  0  0  0  7.920778999999584
h  3  1  -115.125271  -82.045322  -57.002995  -37.665152  -22.592217  -11.345572  -0.202362  8.00477  13.670716  15.180252  14.666769  17.919365  26.443317  42.32863  66.80719  100.365038  140.115879  181.488699  220.473185  254.660884  283.43204  307.505463  0  0  0  0  0  0  0  0  0  0  0  0  0  0  0  0  0  0  0  0  0  0  0  0  0  0  0  0  0  0  0  0  0  0  0  0  0  0  0  0  0  0  0  0  0  0  0  0  0  0  0  0  0  0  0  0  0  0  0  0  0  0  0  0  0  4.501068000000032
g  3  2  1226.064909  1235.36104  1241.367595  1250.423549  1265.465826  1278.549154  1285.947275  1288.856658  1287.447117  1281.065729  1270.899076  1256.971481  1238.079905  1212.887725  1181.13199  1143.019357  1099.288877  1051.822575  1003.410583  956.571547  912.631575  872.650475  0  0  0  0  0  0  0  0  0  0  0  0  0  0  0  0  0  0  0  0  0  0  0  0  0  0  0  0  0  0  0  0  0  0  0  0  0  0  0  0  0  0  0  0  0  0  0  0  0  0  0  0  0  0  0  0  0  0  0  0  0  0  0  0  0  -7.62718899999993
h  3  2  244.698395  241.462982  237.228162  230.349774  220.352764  209.801117  194.937279  176.80025  157.657167  135.741272  110.319629  84.671736  60.154194  36.98676  14.016898  -9.607049  -33.716734  -59.766204  -89.052974  -121.215364  -155.148302  -189.464967  0  0  0  0  0  0  0  0  0  0  0  0  0  0  0  0  0  0  0  0  0  0  0  0  0  0  0  0  0  0  0  0  0  0  0  0  0  0  0  0  0  0  0  0  0  0  0  0  0  0  0  0  0  0  0  0  0  0  0  0  0  0  0  0  0  -6.826224999999994
g  3  3  581.764992  525.439085  468.18011  413.181969  369.103824  335.030589  306.495321  277.38306  247.952231  217.733923  184.184604  148.295828  109.124283  65.656886  19.545874  -25.069462  -65.269745  -98.383235  -123.132984  -139.477153  -147.814171  -150.735084  0  0  0  0  0  0  0  0  0  0  0  0  0  0  0  0  0  0  0  0  0  0  0  0  0  0  0  0  0  0  0  0  0  0  0  0  0  0  0  0  0  0  0  0  0  0  0  0  0  0  0  0  0  0  0  0  0  0  0  0  0  0  0  0  0  -0.3206519999999955
h  3  3  -538.246556  -543.454843  -547.198467  -552.663036  -555.300929  -564.964425  -579.891587  -601.935622  -625.063326  -650.095959  -674.823006  -695.300656  -711.728439  -726.233144  -741.900433  -759.962299  -779.59542  -798.733769  -815.332916  -827.202338  -833.545112  -834.5164  0  0  0  0  0  0  0  0  0  0  0  0  0  0  0  0  0  0  0  0  0  0  0  0  0  0  0  0  0  0  0  0  0  0  0  0  0  0  0  0  0  0  0  0  0  0  0  0  0  0  0  0  0  0  0  0  0  0  0  0  0  0  0  0  0  0.23166700000001583
g  4  0  907.426008  903.105573  901.411215  902.993857  906.173658  912.569081  917.888626  922.884441  926.861137  930.420515  933.494503  935.601082  935.709967  934.229858  931.283942  925.53301  916.475318  905.018265  893.390222  883.025677  874.667381  868.58738  0  0  0  0  0  0  0  0  0  0  0  0  0  0  0  0  0  0  0  0  0  0  0  0  0  0  0  0  0  0  0  0  0  0  0  0  0  0  0  0  0  0  0  0  0  0  0  0  0  0  0  0  0  0  0  0  0  0  0  0  0  0  0  0  0  -1.035464999999931
g  4  1  814.019954  810.000167  803.201773  798.034374  792.850459  785.989661  776.674381  767.239121  756.794998  745.244894  733.570692  720.948737  706.046267  687.967738  666.455264  641.192877  612.055675  579.410641  543.858211  506.19121  467.326944  427.835217  0  0  0  0  0  0  0  0  0  0  0  0  0  0  0  0  0  0  0  0  0  0  0  0  0  0  0  0  0  0  0  0  0  0  0  0  0  0  0  0  0  0  0  0  0  0  0  0  0  0  0  0  0  0  0  0  0  0  0  0  0  0  0  0  0  -7.932116000000008
h  4  1  283.388574  281.971689  278.040563  273.762839  259.995399  235.637065  205.309984  168.78707  127.793444  82.914183  37.836281  -3.272997  -39.205532  -69.220623  -94.813745  -117.488333  -138.270965  -158.795409  -180.461864  -203.484921  -227.301238  -250.405604  0  0  0  0  0  0  0  0  0  0  0  0  0  0  0  0  0  0  0  0  0  0  0  0  0  0  0  0  0  0  0  0  0  0  0  0  0  0  0  0  0  0  0  0  0  0  0  0  0  0  0  0  0  0  0  0  0  0  0  0  0  0  0  0  0  -4.472715000000022
g  4  2  120.269551  85.857485  64.360818  46.790681  30.869625  15.769184  1.158893  -9.012938  -16.326581  -21.180441  -22.013192  -18.174553  -11.295554  -3.51253  3.318501  7.655324  10.009007  11.81235  14.674437  19.800903  27.542675  37.276625  0  0  0  0  0  0  0  0  0  0  0  0  0  0  0  0  0  0  0  0  0  0  0  0  0  0  0  0  0  0  0  0  0  0  0  0  0  0  0  0  0  0  0  0  0  0  0  0  0  0  0  0  0  0  0  0  0  0  0  0  0  0  0  0  0  2.063346000000003
h  4  2  -188.808655  -158.544501  -128.366637  -96.042003  -58.5525  -19.040212  25.257117  73.725705  123.687797  171.620836  215.322083  253.604403  285.738119  312.546269  334.973388  354.171993  371.375009  387.096258  401.720058  415.613011  428.830415  441.200193  0  0  0  0  0  0  0  0  0  0  0  0  0  0  0  0  0  0  0  0  0  0  0  0  0  0  0  0  0  0  0  0  0  0  0  0  0  0  0  0  0  0  0  0  0  0  0  0  0  0  0  0  0  0  0  0  0  0  0  0  0  0  0  0  0  2.40206900000004
g  4  3  -334.950657  -309.397888  -286.566324  -263.5407  -238.580033  -219.483533  -203.660004  -190.92036  -180.408244  -168.78756  -155.040939  -141.068962  -127.71018  -114.739018  -100.948916  -84.756277  -65.210902  -41.624782  -14.644899  15.11008  46.913813  79.541703  0  0  0  0  0  0  0  0  0  0  0  0  0  0  0  0  0  0  0  0  0  0  0  0  0  0  0  0  0  0  0  0  0  0  0  0  0  0  0  0  0  0  0  0  0  0  0  0  0  0  0  0  0  0  0  0  0  0  0  0  0  0  0  0  0  6.538167000000001
h  4  3  180.74541  200.091468  215.028226  228.573636  247.308935  270.179209  294.064415  318.832527  344.506607  369.672207  393.378594  415.413545  434.306352  449.43732  460.169483  466.587398  470.317558  473.426419  477.716765  484.304354  493.147548  504.064065  0  0  0  0  0  0  0  0  0  0  0  0  0  0  0  0  0  0  0  0  0  0  0  0  0  0  0  0  0  0  0  0  0  0  0  0  0  0  0  0  0  0  0  0  0  0  0  0  0  0  0  0  0  0  0  0  0  0  0  0  0  0  0  0  0  2.358561000000009
g  4  4  70.461415  47.793496  20.080237  -8.546305  -33.776506  -49.358872  -61.463129  -70.246639  -74.577232  -75.502741  -72.143513  -66.923358  -60.84932  -55.299988  -50.521511  -46.501129  -43.893524  -44.320646  -49.506732  -61.166797  -80.088004  -106.322727  0  0  0  0  0  0  0  0  0  0  0  0  0  0  0  0  0  0  0  0  0  0  0  0  0  0  0  0  0  0  0  0  0  0  0  0  0  0  0  0  0  0  0  0  0  0  0  0  0  0  0  0  0  0  0  0  0  0  0  0  0  0  0  0  0  -5.817014999999998
h  4  4  -329.064681  -350.200054  -371.780831  -389.199014  -402.905529  -413.17745  -425.253541  -437.024756  -449.953957  -464.687889  -481.4131  -498.172889  -513.3936  -526.943669  -538.394296  -546.548848  -550.486628  -550.057745  -545.829053  -539.200384  -531.526482  -524.102622  0  0  0  0  0  0  0  0  0  0  0  0  0  0  0  0  0  0  0  0  0  0  0  0  0  0  0  0  0  0  0  0  0  0  0  0  0  0  0  0  0  0  0  0  0  0  0  0  0  0  0  0  0  0  0  0  0  0  0  0  0  0  0  0  0  1.4221350000000257
g  5  0  -232.740353  -234.212357  -238.809964  -241.681606  -239.077432  -232.776384  -224.767088  -215.835151  -205.832402  -195.514663  -186.388162  -179.935751  -176.802692  -176.00334  -176.204163  -176.859673  -177.496649  -177.411362  -175.620382  -171.552414  -164.922862  -155.86285  0  0  0  0  0  0  0  0  0  0  0  0  0  0  0  0  0  0  0  0  0  0  0  0  0  0  0  0  0  0  0  0  0  0  0  0  0  0  0  0  0  0  0  0  0  0  0  0  0  0  0  0  0  0  0  0  0  0  0  0  0  0  0  0  0  1.9848810000000014
g  5  1  360.196844  363.217862  364.223259  363.862216  362.082933  359.840951  357.3591  353.893527  347.771183  339.340303  328.825699  315.874671  300.742103  284.099364  267.25349  251.244024  236.791122  224.024678  212.868352  203.117762  194.860336  188.151013  0  0  0  0  0  0  0  0  0  0  0  0  0  0  0  0  0  0  0  0  0  0  0  0  0  0  0  0  0  0  0  0  0  0  0  0  0  0  0  0  0  0  0  0  0  0  0  0  0  0  0  0  0  0  0  0  0  0  0  0  0  0  0  0  0  -1.2125230000000045
h  5  1  47.205249  47.036333  40.081267  28.017869  11.782062  -5.216752  -23.581026  -43.807752  -66.860212  -92.131596  -118.237414  -142.961014  -165.236209  -185.111976  -203.183438  -219.787122  -234.851281  -247.995549  -258.614823  -266.472849  -271.505053  -273.584693  0  0  0  0  0  0  0  0  0  0  0  0  0  0  0  0  0  0  0  0  0  0  0  0  0  0  0  0  0  0  0  0  0  0  0  0  0  0  0  0  0  0  0  0  0  0  0  0  0  0  0  0  0  0  0  0  0  0  0  0  0  0  0  0  0  -0.16834299999999303
g  5  2  192.298579  188.416794  187.501118  188.89808  190.971683  193.927943  196.576924  198.90072  201.227144  203.3526  206.120532  209.898195  214.824361  220.386404  225.865258  230.513755  234.141031  236.788026  238.691499  240.317941  241.917665  243.239686  0  0  0  0  0  0  0  0  0  0  0  0  0  0  0  0  0  0  0  0  0  0  0  0  0  0  0  0  0  0  0  0  0  0  0  0  0  0  0  0  0  0  0  0  0  0  0  0  0  0  0  0  0  0  0  0  0  0  0  0  0  0  0  0  0  0.2297320000000127
h  5  2  196.731339  208.342166  222.39317  234.036705  240.707097  243.327611  241.977364  236.135955  226.953104  213.266828  194.581657  172.39737  148.233507  123.15528  97.373432  71.326802  46.140554  23.295481  4.171188  -10.831816  -22.17713  -30.571717  0  0  0  0  0  0  0  0  0  0  0  0  0  0  0  0  0  0  0  0  0  0  0  0  0  0  0  0  0  0  0  0  0  0  0  0  0  0  0  0  0  0  0  0  0  0  0  0  0  0  0  0  0  0  0  0  0  0  0  0  0  0  0  0  0  -1.4780739999999994
g  5  3  -140.896858  -140.518421  -132.509072  -121.572142  -111.772684  -101.135496  -90.594536  -81.758991  -74.164261  -68.793716  -64.746117  -61.709551  -59.024318  -56.871974  -55.068051  -53.057577  -50.177575  -46.177931  -41.847  -37.808799  -34.654602  -32.738959  0  0  0  0  0  0  0  0  0  0  0  0  0  0  0  0  0  0  0  0  0  0  0  0  0  0  0  0  0  0  0  0  0  0  0  0  0  0  0  0  0  0  0  0  0  0  0  0  0  0  0  0  0  0  0  0  0  0  0  0  0  0  0  0  0  0.28009999999999735
h  5  3  -118.855963  -121.176429  -120.066096  -117.781182  -111.173516  -102.059653  -90.651965  -76.530675  -61.857804  -46.649753  -30.692121  -14.253201  1.74782  16.114641  28.161108  38.152769  46.692316  54.41984  62.194885  70.229555  78.060859  84.773856  0  0  0  0  0  0  0  0  0  0  0  0  0  0  0  0  0  0  0  0  0  0  0  0  0  0  0  0  0  0  0  0  0  0  0  0  0  0  0  0  0  0  0  0  0  0  0  0  0  0  0  0  0  0  0  0  0  0  0  0  0  0  0  0  0  1.2144479999999902
g  5  4  -157.294483  -151.426006  -140.533793  -127.307058  -116.734363  -107.728486  -98.346398  -89.112722  -79.853275  -70.223934  -60.675039  -52.187507  -44.737593  -38.658591  -34.276542  -31.781418  -31.586179  -34.124876  -39.556281  -47.877474  -58.866838  -72.290572  0  0  0  0  0  0  0  0  0  0  0  0  0  0  0  0  0  0  0  0  0  0  0  0  0  0  0  0  0  0  0  0  0  0  0  0  0  0  0  0  0  0  0  0  0  0  0  0  0  0  0  0  0  0  0  0  0  0  0  0  0  0  0  0  0  -2.866610999999992
h  5  4  16.305234  32.145848  45.573781  58.177473  69.697175  78.114039  84.053017  87.885712  88.655773  87.711327  84.999704  80.461461  75.250306  71.035582  68.836878  69.604499  73.905441  81.548067  91.828601  103.864815  116.482464  128.616301  0  0  0  0  0  0  0  0  0  0  0  0  0  0  0  0  0  0  0  0  0  0  0  0  0  0  0  0  0  0  0  0  0  0  0  0  0  0  0  0  0  0  0  0  0  0  0  0  0  0  0  0  0  0  0  0  0  0  0  0  0  0  0  0  0  2.3532599999999917
g  5  5  4.365694  14.156618  25.337896  37.518613  52.575482  69.190275  86.649718  104.029297  121.84842  139.980672  157.078572  171.914868  183.626071  191.547681  195.095976  193.693115  187.066859  175.479799  159.759211  141.192023  121.294654  101.541594  0  0  0  0  0  0  0  0  0  0  0  0  0  0  0  0  0  0  0  0  0  0  0  0  0  0  0  0  0  0  0  0  0  0  0  0  0  0  0  0  0  0  0  0  0  0  0  0  0  0  0  0  0  0  0  0  0  0  0  0  0  0  0  0  0  -3.8792940000000016
h  5  5  100.621237  98.758793  98.303562  96.386646  92.816973  89.274302  83.821607  75.553597  64.902093  51.831216  37.076606  21.349288  5.659016  -9.542387  -23.863663  -37.027462  -49.514205  -62.324772  -76.202649  -91.210538  -106.486714  -120.918353  0  0  0  0  0  0  0  0  0  0  0  0  0  0  0  0  0  0  0  0  0  0  0  0  0  0  0  0  0  0  0  0  0  0  0  0  0  0  0  0  0  0  0  0  0  0  0  0  0  0  0  0  0  0  0  0  0  0  0  0  0  0  0  0  0  -2.7784479999999974
g  6  0  69.512576  66.065013  61.170222  57.360276  54.400936  52.307544  50.796647  48.266283  45.09278  41.527311  37.601699  33.107848  28.701974  25.116808  22.506568  20.742372  19.757423  19.624625  20.481408  22.210355  24.641648  27.672795  0  0  0  0  0  0  0  0  0  0  0  0  0  0  0  0  0  0  0  0  0  0  0  0  0  0  0  0  0  0  0  0  0  0  0  0  0  0  0  0  0  0  0  0  0  0  0  0  0  0  0  0  0  0  0  0  0  0  0  0  0  0  0  0  0  0.6599630000000012
g  6  1  67.161624  65.486636  63.783842  62.640851  63.183863  64.923258  66.605994  67.342358  66.388965  64.653624  62.743848  59.985992  55.944923  50.951785  46.259006  43.193695  42.397896  43.795489  46.924486  50.981214  55.305807  59.446662  0  0  0  0  0  0  0  0  0  0  0  0  0  0  0  0  0  0  0  0  0  0  0  0  0  0  0  0  0  0  0  0  0  0  0  0  0  0  0  0  0  0  0  0  0  0  0  0  0  0  0  0  0  0  0  0  0  0  0  0  0  0  0  0  0  0.798993000000003
h  6  1  -20.638497  -19.53453  -25.225082  -34.413076  -44.531401  -54.093992  -63.75885  -73.093608  -82.77568  -93.155568  -103.876926  -113.784358  -123.172182  -132.28661  -141.002014  -149.049595  -155.767951  -160.017584  -161.25245  -159.731975  -155.767624  -149.890248  0  0  0  0  0  0  0  0  0  0  0  0  0  0  0  0  0  0  0  0  0  0  0  0  0  0  0  0  0  0  0  0  0  0  0  0  0  0  0  0  0  0  0  0  0  0  0  0  0  0  0  0  0  0  0  0  0  0  0  0  0  0  0  0  0  1.298550999999975
g  6  2  72.862602  72.743021  70.327311  67.359766  61.390853  54.085611  45.229299  35.086497  24.483128  13.84945  4.342933  -3.681312  -10.467323  -15.971959  -19.926912  -22.32489  -23.234826  -22.840383  -21.434961  -19.186614  -16.222071  -12.857869  0  0  0  0  0  0  0  0  0  0  0  0  0  0  0  0  0  0  0  0  0  0  0  0  0  0  0  0  0  0  0  0  0  0  0  0  0  0  0  0  0  0  0  0  0  0  0  0  0  0  0  0  0  0  0  0  0  0  0  0  0  0  0  0  0  0.6941839999999999
h  6  2  33.581402  25.218439  21.37398  19.029074  16.015088  14.686537  12.605478  10.440927  8.142996  4.930806  0.51513  -4.578116  -10.141956  -15.888339  -21.762515  -27.807545  -33.794366  -39.490678  -44.843745  -50.05465  -55.322405  -60.882421  0  0  0  0  0  0  0  0  0  0  0  0  0  0  0  0  0  0  0  0  0  0  0  0  0  0  0  0  0  0  0  0  0  0  0  0  0  0  0  0  0  0  0  0  0  0  0  0  0  0  0  0  0  0  0  0  0  0  0  0  0  0  0  0  0  -1.1483869999999996
g  6  3  -129.640099  -121.162334  -113.585411  -105.975473  -97.341414  -88.884169  -79.979121  -70.682359  -61.7731  -53.478724  -45.896308  -39.061815  -33.053026  -27.861843  -23.097522  -18.371135  -13.604572  -9.061494  -5.440535  -3.292686  -2.858145  -4.130475  0  0  0  0  0  0  0  0  0  0  0  0  0  0  0  0  0  0  0  0  0  0  0  0  0  0  0  0  0  0  0  0  0  0  0  0  0  0  0  0  0  0  0  0  0  0  0  0  0  0  0  0  0  0  0  0  0  0  0  0  0  0  0  0  0  -0.3842049999999997
h  6  3  58.567563  53.217436  50.555325  48.546683  47.532944  47.298909  47.710666  46.938428  45.896261  43.545705  40.170638  36.700241  33.806983  32.103567  31.89026  33.298316  36.506522  41.555529  48.284716  56.296269  65.156168  74.415312  0  0  0  0  0  0  0  0  0  0  0  0  0  0  0  0  0  0  0  0  0  0  0  0  0  0  0  0  0  0  0  0  0  0  0  0  0  0  0  0  0  0  0  0  0  0  0  0  0  0  0  0  0  0  0  0  0  0  0  0  0  0  0  0  0  1.8701619999999934
g  6  4  -29.103523  -36.071393  -41.940861  -46.984497  -53.15033  -61.221379  -69.412385  -79.367821  -90.09335  -101.001166  -111.444149  -120.493845  -127.505354  -132.543688  -136.079223  -138.992815  -141.855671  -144.85058  -147.870014  -150.521068  -152.469894  -153.543013  0  0  0  0  0  0  0  0  0  0  0  0  0  0  0  0  0  0  0  0  0  0  0  0  0  0  0  0  0  0  0  0  0  0  0  0  0  0  0  0  0  0  0  0  0  0  0  0  0  0  0  0  0  0  0  0  0  0  0  0  0  0  0  0  0  -0.15009800000001405
h  6  4  -66.598958  -64.634585  -66.051966  -66.049331  -67.221943  -67.715567  -67.035747  -64.019522  -57.576889  -48.991  -38.627664  -26.997221  -14.716069  -2.122578  10.807012  24.114288  37.806592  51.547099  64.925085  77.669704  89.489082  100.169689  0  0  0  0  0  0  0  0  0  0  0  0  0  0  0  0  0  0  0  0  0  0  0  0  0  0  0  0  0  0  0  0  0  0  0  0  0  0  0  0  0  0  0  0  0  0  0  0  0  0  0  0  0  0  0  0  0  0  0  0  0  0  0  0  0  2.039742000000004
g  6  5  13.268051  13.53559  13.87164  14.345608  14.663119  15.056802  14.68097  13.438182  11.960963  10.063651  7.764575  4.537708  -0.047655  -6.196584  -13.845021  -23.040285  -33.615076  -45.032634  -56.29688  -66.356502  -74.253954  -79.409551  0  0  0  0  0  0  0  0  0  0  0  0  0  0  0  0  0  0  0  0  0  0  0  0  0  0  0  0  0  0  0  0  0  0  0  0  0  0  0  0  0  0  0  0  0  0  0  0  0  0  0  0  0  0  0  0  0  0  0  0  0  0  0  0  0  -0.8002659999999935
h  6  5  7.046689  9.17892  10.24484  11.260467  10.869382  8.516292  4.189034  -1.620692  -8.598344  -15.607352  -22.441912  -28.14843  -31.718517  -32.580627  -30.979588  -27.903112  -24.77475  -22.955496  -23.363835  -26.097065  -30.621038  -36.236213  0  0  0  0  0  0  0  0  0  0  0  0  0  0  0  0  0  0  0  0  0  0  0  0  0  0  0  0  0  0  0  0  0  0  0  0  0  0  0  0  0  0  0  0  0  0  0  0  0  0  0  0  0  0  0  0  0  0  0  0  0  0  0  0  0  -1.181751999999996
g  6  6  -70.644833  -64.219086  -55.729975  -45.269143  -32.559065  -17.980686  -3.117446  11.184464  25.341438  38.737243  50.328102  59.632228  66.455954  70.914026  73.317543  73.799908  72.620492  70.441251  67.838891  65.105399  62.168404  58.643423  0  0  0  0  0  0  0  0  0  0  0  0  0  0  0  0  0  0  0  0  0  0  0  0  0  0  0  0  0  0  0  0  0  0  0  0  0  0  0  0  0  0  0  0  0  0  0  0  0  0  0  0  0  0  0  0  0  0  0  0  0  0  0  0  0  -0.767910999999998
h  6  6  62.325074  68.078337  74.938849  79.789793  82.323223  82.407687  79.153739  72.438005  63.393075  52.752343  41.220076  29.367512  17.408136  5.55289  -5.717717  -16.079885  -25.435991  -33.569822  -40.262499  -45.44686  -49.349239  -52.194763  0  0  0  0  0  0  0  0  0  0  0  0  0  0  0  0  0  0  0  0  0  0  0  0  0  0  0  0  0  0  0  0  0  0  0  0  0  0  0  0  0  0  0  0  0  0  0  0  0  0  0  0  0  0  0  0  0  0  0  0  0  0  0  0  0  -0.4858609999999999
g  7  0  81.299365  80.887282  80.050925  80.475009  81.954569  83.417307  83.845197  82.598791  79.988043  76.41281  71.693416  65.885503  59.57786  53.404941  47.95359  43.443148  40.075626  37.958463  36.858039  36.369034  36.021759  35.480882  0  0  0  0  0  0  0  0  0  0  0  0  0  0  0  0  0  0  0  0  0  0  0  0  0  0  0  0  0  0  0  0  0  0  0  0  0  0  0  0  0  0  0  0  0  0  0  0  0  0  0  0  0  0  0  0  0  0  0  0  0  0  0  0  0  -0.13427999999999685
g  7  1  -75.818745  -76.615941  -76.987355  -78.105524  -79.257823  -79.925107  -79.733694  -78.809525  -77.680059  -75.880757  -73.637398  -71.240521  -68.729676  -66.183501  -63.837477  -61.90965  -60.471841  -59.493023  -58.836627  -58.393566  -58.022909  -57.541645  0  0  0  0  0  0  0  0  0  0  0  0  0  0  0  0  0  0  0  0  0  0  0  0  0  0  0  0  0  0  0  0  0  0  0  0  0  0  0  0  0  0  0  0  0  0  0  0  0  0  0  0  0  0  0  0  0  0  0  0  0  0  0  0  0  0.11457300000000004
h  7  1  -54.26972  -51.681389  -51.294446  -51.181399  -51.271285  -51.015116  -50.060913  -48.521986  -46.453502  -44.118609  -41.458412  -38.354803  -35.043298  -31.849918  -29.090012  -27.013425  -25.408228  -23.539209  -20.71186  -16.756424  -11.692571  -5.824736  0  0  0  0  0  0  0  0  0  0  0  0  0  0  0  0  0  0  0  0  0  0  0  0  0  0  0  0  0  0  0  0  0  0  0  0  0  0  0  0  0  0  0  0  0  0  0  0  0  0  0  0  0  0  0  0  0  0  0  0  0  0  0  0  0  1.213704
g  7  2  -6.680452  -8.051977  -7.281128  -6.99652  -7.364258  -8.889377  -10.995753  -13.823789  -16.758041  -19.247714  -20.825865  -21.40546  -21.035029  -19.75468  -17.582116  -14.548452  -10.855185  -6.849632  -2.992812  0.316481  2.876082  4.526561  0  0  0  0  0  0  0  0  0  0  0  0  0  0  0  0  0  0  0  0  0  0  0  0  0  0  0  0  0  0  0  0  0  0  0  0  0  0  0  0  0  0  0  0  0  0  0  0  0  0  0  0  0  0  0  0  0  0  0  0  0  0  0  0  0  0.25236400000000003
h  7  2  -19.473984  -16.972985  -16.988981  -17.695975  -18.45901  -18.79382  -18.556435  -17.858183  -16.569954  -15.166699  -13.970706  -12.495071  -10.887888  -9.434411  -8.310198  -7.60133  -7.433865  -7.744403  -8.365407  -9.264642  -10.476377  -12.005328  0  0  0  0  0  0  0  0  0  0  0  0  0  0  0  0  0  0  0  0  0  0  0  0  0  0  0  0  0  0  0  0  0  0  0  0  0  0  0  0  0  0  0  0  0  0  0  0  0  0  0  0  0  0  0  0  0  0  0  0  0  0  0  0  0  -0.3295440000000003
g  7  3  51.713372  56.657267  62.085012  66.368152  68.990264  69.81359  70.24435  70.14026  70.064012  70.225648  70.899059  72.409643  74.780934  77.739925  80.885203  83.7854  85.99362  87.290589  87.629136  87.052359  85.627375  83.429643  0  0  0  0  0  0  0  0  0  0  0  0  0  0  0  0  0  0  0  0  0  0  0  0  0  0  0  0  0  0  0  0  0  0  0  0  0  0  0  0  0  0  0  0  0  0  0  0  0  0  0  0  0  0  0  0  0  0  0  0  0  0  0  0  0  -0.5049280000000067
h  7  3  5.480641  2.259356  2.939688  4.132562  5.418085  7.841618  10.508753  13.591572  17.286533  20.843003  24.139972  27.507111  30.857134  34.07386  37.147449  40.006271  42.649907  45.040191  47.032958  48.598303  49.851992  50.810099  0  0  0  0  0  0  0  0  0  0  0  0  0  0  0  0  0  0  0  0  0  0  0  0  0  0  0  0  0  0  0  0  0  0  0  0  0  0  0  0  0  0  0  0  0  0  0  0  0  0  0  0  0  0  0  0  0  0  0  0  0  0  0  0  0  0.16691900000000004
g  7  4  15.157461  15.526748  16.293239  16.647496  17.379747  17.648987  18.258337  19.242782  19.965128  20.113297  19.579276  18.221867  16.218563  13.708122  10.830122  7.591167  3.906113  -0.203364  -4.542949  -8.732067  -12.514554  -15.845039  0  0  0  0  0  0  0  0  0  0  0  0  0  0  0  0  0  0  0  0  0  0  0  0  0  0  0  0  0  0  0  0  0  0  0  0  0  0  0  0  0  0  0  0  0  0  0  0  0  0  0  0  0  0  0  0  0  0  0  0  0  0  0  0  0  -0.6346319999999999
h  7  4  24.413605  23.634037  23.362682  23.604518  24.161868  24.457163  24.852706  25.49925  26.453113  27.809333  29.654748  31.679372  33.656055  35.610695  37.459631  39.016386  40.022068  40.082517  38.984762  36.850603  33.872804  30.39726  0  0  0  0  0  0  0  0  0  0  0  0  0  0  0  0  0  0  0  0  0  0  0  0  0  0  0  0  0  0  0  0  0  0  0  0  0  0  0  0  0  0  0  0  0  0  0  0  0  0  0  0  0  0  0  0  0  0  0  0  0  0  0  0  0  -0.7079799999999992
g  7  5  9.179408  6.362889  3.703447  0.291438  -3.660597  -8.27803  -13.277776  -18.001475  -22.399991  -26.046307  -28.219892  -28.680821  -27.754786  -25.995666  -24.079448  -22.43412  -21.140201  -20.10603  -19.032205  -17.677931  -15.98551  -13.937032  0  0  0  0  0  0  0  0  0  0  0  0  0  0  0  0  0  0  0  0  0  0  0  0  0  0  0  0  0  0  0  0  0  0  0  0  0  0  0  0  0  0  0  0  0  0  0  0  0  0  0  0  0  0  0  0  0  0  0  0  0  0  0  0  0  0.43738600000000005
h  7  5  3.302641  -2.343728  -7.660774  -12.455578  -17.13691  -21.225545  -23.781564  -24.788082  -24.723333  -24.143902  -23.180877  -22.047986  -20.668453  -19.089291  -17.555008  -16.237311  -15.271684  -14.871663  -15.154366  -16.01338  -17.290229  -18.65146  0  0  0  0  0  0  0  0  0  0  0  0  0  0  0  0  0  0  0  0  0  0  0  0  0  0  0  0  0  0  0  0  0  0  0  0  0  0  0  0  0  0  0  0  0  0  0  0  0  0  0  0  0  0  0  0  0  0  0  0  0  0  0  0  0  -0.2629410000000014
g  7  6  -2.853928  -7.288612  -11.467623  -15.351117  -18.581683  -22.192362  -26.06482  -29.043666  -31.147458  -32.453511  -32.704299  -31.974407  -30.268955  -27.630826  -24.013857  -19.547441  -14.439727  -8.8649  -3.082785  2.498978  7.390722  11.050739  0  0  0  0  0  0  0  0  0  0  0  0  0  0  0  0  0  0  0  0  0  0  0  0  0  0  0  0  0  0  0  0  0  0  0  0  0  0  0  0  0  0  0  0  0  0  0  0  0  0  0  0  0  0  0  0  0  0  0  0  0  0  0  0  0  0.6133030000000002
h  7  6  -27.453335  -27.087033  -25.980225  -24.494957  -22.612061  -20.865961  -19.515318  -17.977638  -15.685472  -12.643248  -8.865513  -4.663742  -0.546746  3.325845  6.689722  9.347186  11.277752  12.707499  13.853748  14.820244  15.582077  16.062285  0  0  0  0  0  0  0  0  0  0  0  0  0  0  0  0  0  0  0  0  0  0  0  0  0  0  0  0  0  0  0  0  0  0  0  0  0  0  0  0  0  0  0  0  0  0  0  0  0  0  0  0  0  0  0  0  0  0  0  0  0  0  0  0  0  0.07447799999999916
g  7  7  6.690844  9.559002  12.19496  14.284022  16.56345  19.528062  21.983255  23.462647  24.187933  23.409957  20.460577  15.407547  8.720097  1.028591  -7.288651  -16.086578  -25.227252  -34.632822  -44.368265  -54.445396  -64.703614  -74.851636  0  0  0  0  0  0  0  0  0  0  0  0  0  0  0  0  0  0  0  0  0  0  0  0  0  0  0  0  0  0  0  0  0  0  0  0  0  0  0  0  0  0  0  0  0  0  0  0  0  0  0  0  0  0  0  0  0  0  0  0  0  0  0  0  0  -2.005436000000003
h  7  7  -2.208318  -1.82835  -1.196524  -2.251729  -3.95168  -6.147581  -9.132608  -13.08201  -17.701436  -22.813793  -28.277962  -34.030565  -39.852466  -45.292957  -49.785658  -52.913173  -54.479509  -54.434958  -52.799696  -49.603394  -44.922462  -38.903843  0  0  0  0  0  0  0  0  0  0  0  0  0  0  0  0  0  0  0  0  0  0  0  0  0  0  0  0  0  0  0  0  0  0  0  0  0  0  0  0  0  0  0  0  0  0  0  0  0  0  0  0  0  0  0  0  0  0  0  0  0  0  0  0  0  1.300939999999997
g  8  0  23.886077  24.011112  24.830734  25.966809  27.378868  28.803091  30.167984  31.316446  31.835019  31.979821  31.865347  31.501934  31.11151  30.907571  31.042281  31.663865  32.90303  34.795053  37.200437  39.84414  42.372328  44.557319  0  0  0  0  0  0  0  0  0  0  0  0  0  0  0  0  0  0  0  0  0  0  0  0  0  0  0  0  0  0  0  0  0  0  0  0  0  0  0  0  0  0  0  0  0  0  0  0  0  0  0  0  0  0  0  0  0  0  0  0  0  0  0  0  0  0.40552900000000136
g  8  1  8.597354  9.703871  11.877187  15.096463  18.709577  22.364387  25.769562  28.490232  30.280212  31.485396  32.106703  32.138  31.675733  30.878934  30.005976  29.177502  28.391795  27.60591  26.802248  25.927545  24.936021  23.832304  0  0  0  0  0  0  0  0  0  0  0  0  0  0  0  0  0  0  0  0  0  0  0  0  0  0  0  0  0  0  0  0  0  0  0  0  0  0  0  0  0  0  0  0  0  0  0  0  0  0  0  0  0  0  0  0  0  0  0  0  0  0  0  0  0  -0.23007899999999992
h  8  1  10.131911  8.104092  4.962119  1.688742  -1.176195  -3.443936  -5.223947  -6.694737  -7.95297  -9.150411  -10.45024  -11.883151  -13.555656  -15.421359  -17.20138  -18.697294  -19.803286  -20.318282  -20.122386  -19.319112  -18.013457  -16.287005  0  0  0  0  0  0  0  0  0  0  0  0  0  0  0  0  0  0  0  0  0  0  0  0  0  0  0  0  0  0  0  0  0  0  0  0  0  0  0  0  0  0  0  0  0  0  0  0  0  0  0  0  0  0  0  0  0  0  0  0  0  0  0  0  0  0.3730399999999996
g  8  2  -17.013232  -17.775861  -19.238143  -20.144038  -20.693604  -20.836454  -20.181247  -19.020258  -17.333696  -15.451294  -13.459821  -11.529958  -9.933238  -8.799362  -8.013151  -7.438302  -6.96826  -6.536781  -6.230029  -6.152873  -6.356933  -6.84622  0  0  0  0  0  0  0  0  0  0  0  0  0  0  0  0  0  0  0  0  0  0  0  0  0  0  0  0  0  0  0  0  0  0  0  0  0  0  0  0  0  0  0  0  0  0  0  0  0  0  0  0  0  0  0  0  0  0  0  0  0  0  0  0  0  -0.11747499999999977
h  8  2  -18.365088  -15.507614  -13.654633  -12.586007  -12.587438  -13.112302  -13.964972  -15.106195  -16.000802  -16.692021  -17.017954  -16.525449  -15.247646  -13.15772  -10.292682  -6.896763  -3.226332  0.430807  3.768941  6.57185  8.856706  10.782999  0  0  0  0  0  0  0  0  0  0  0  0  0  0  0  0  0  0  0  0  0  0  0  0  0  0  0  0  0  0  0  0  0  0  0  0  0  0  0  0  0  0  0  0  0  0  0  0  0  0  0  0  0  0  0  0  0  0  0  0  0  0  0  0  0  0.36448700000000045
g  8  3  -3.183471  -0.65265  0.975409  1.347206  0.477841  -1.312839  -3.676044  -6.046032  -8.303628  -10.247462  -11.578418  -12.243884  -12.193578  -11.627476  -10.841821  -10.112367  -9.730049  -9.876232  -10.456023  -11.313002  -12.224554  -12.979651  0  0  0  0  0  0  0  0  0  0  0  0  0  0  0  0  0  0  0  0  0  0  0  0  0  0  0  0  0  0  0  0  0  0  0  0  0  0  0  0  0  0  0  0  0  0  0  0  0  0  0  0  0  0  0  0  0  0  0  0  0  0  0  0  0  -0.13303300000000107
h  8  3  13.229066  13.111586  14.164281  15.286886  16.163278  16.836089  17.534897  18.341998  19.023552  19.441492  19.468842  19.352984  19.204728  18.860756  18.221274  17.31552  16.14049  14.706545  13.040599  11.174402  9.149714  7.031046  0  0  0  0  0  0  0  0  0  0  0  0  0  0  0  0  0  0  0  0  0  0  0  0  0  0  0  0  0  0  0  0  0  0  0  0  0  0  0  0  0  0  0  0  0  0  0  0  0  0  0  0  0  0  0  0  0  0  0  0  0  0  0  0  0  -0.4258829999999998
g  8  4  -20.63252  -21.171332  -22.313611  -23.306514  -23.446112  -23.769501  -24.023995  -24.466737  -25.680379  -27.136681  -29.141317  -31.760086  -34.484144  -37.022021  -39.125599  -40.660611  -41.748973  -42.360671  -42.308771  -41.542003  -40.111694  -38.072371  0  0  0  0  0  0  0  0  0  0  0  0  0  0  0  0  0  0  0  0  0  0  0  0  0  0  0  0  0  0  0  0  0  0  0  0  0  0  0  0  0  0  0  0  0  0  0  0  0  0  0  0  0  0  0  0  0  0  0  0  0  0  0  0  0  0.45249700000000104
h  8  4  -14.688154  -12.071365  -10.110422  -8.294569  -7.316634  -7.226276  -7.270657  -7.557395  -7.618792  -7.328155  -6.831613  -5.750631  -4.03746  -1.767884  1.123346  4.587137  8.311035  12.010074  15.433162  18.455698  21.015034  23.124376  0  0  0  0  0  0  0  0  0  0  0  0  0  0  0  0  0  0  0  0  0  0  0  0  0  0  0  0  0  0  0  0  0  0  0  0  0  0  0  0  0  0  0  0  0  0  0  0  0  0  0  0  0  0  0  0  0  0  0  0  0  0  0  0  0  0.38897900000000263
g  8  5  13.140257  15.378729  17.097335  18.663624  20.227526  21.508396  22.772553  24.242173  26.071993  28.071698  30.028165  31.701139  32.893908  33.670955  34.131679  34.179724  33.783356  33.03838  32.162944  31.320391  30.583208  29.962779  0  0  0  0  0  0  0  0  0  0  0  0  0  0  0  0  0  0  0  0  0  0  0  0  0  0  0  0  0  0  0  0  0  0  0  0  0  0  0  0  0  0  0  0  0  0  0  0  0  0  0  0  0  0  0  0  0  0  0  0  0  0  0  0  0  -0.11784699999999759
h  8  5  16.013145  14.71739  12.268654  9.354693  6.01282  2.640023  -0.60611  -3.862026  -7.064905  -10.195603  -13.163188  -16.054147  -18.827636  -21.453862  -23.943622  -26.235281  -28.141856  -29.494771  -30.179965  -30.121643  -29.384758  -28.111177  0  0  0  0  0  0  0  0  0  0  0  0  0  0  0  0  0  0  0  0  0  0  0  0  0  0  0  0  0  0  0  0  0  0  0  0  0  0  0  0  0  0  0  0  0  0  0  0  0  0  0  0  0  0  0  0  0  0  0  0  0  0  0  0  0  0.2859949999999998
g  8  6  11.781996  13.659169  14.230385  13.85875  12.56432  10.862387  9.016739  6.91697  4.525243  2.323768  0.534312  -0.673605  -1.23459  -1.279625  -0.793929  0.349205  2.171058  4.63151  7.619248  10.91305  14.322528  17.67974  0  0  0  0  0  0  0  0  0  0  0  0  0  0  0  0  0  0  0  0  0  0  0  0  0  0  0  0  0  0  0  0  0  0  0  0  0  0  0  0  0  0  0  0  0  0  0  0  0  0  0  0  0  0  0  0  0  0  0  0  0  0  0  0  0  0.6611909999999988
h  8  6  5.878555  3.460432  2.456742  2.169684  2.186583  2.911717  4.235959  5.669079  7.20393  8.874979  10.774504  13.028883  15.401523  17.602745  19.448349  20.809081  21.742881  22.477559  23.128022  23.684124  24.045449  24.035927  0  0  0  0  0  0  0  0  0  0  0  0  0  0  0  0  0  0  0  0  0  0  0  0  0  0  0  0  0  0  0  0  0  0  0  0  0  0  0  0  0  0  0  0  0  0  0  0  0  0  0  0  0  0  0  0  0  0  0  0  0  0  0  0  0  -0.04083999999999932
g  8  7  -16.105879  -16.730277  -17.07552  -17.441646  -17.167765  -16.927076  -16.758974  -16.089552  -14.720642  -12.700056  -10.299042  -7.654505  -4.799656  -1.816225  1.164512  3.901958  6.242685  8.069889  9.258861  9.767015  9.710355  9.272392  0  0  0  0  0  0  0  0  0  0  0  0  0  0  0  0  0  0  0  0  0  0  0  0  0  0  0  0  0  0  0  0  0  0  0  0  0  0  0  0  0  0  0  0  0  0  0  0  0  0  0  0  0  0  0  0  0  0  0  0  0  0  0  0  0  -0.11244100000000046
h  8  7  -9.170805  -6.675439  -3.942087  -1.816841  -0.493668  0.410286  1.255354  2.356792  3.602498  4.711981  5.377466  5.435239  4.858429  3.766697  2.353569  0.811211  -0.744129  -2.308506  -3.93992  -5.683514  -7.555496  -9.632337  0  0  0  0  0  0  0  0  0  0  0  0  0  0  0  0  0  0  0  0  0  0  0  0  0  0  0  0  0  0  0  0  0  0  0  0  0  0  0  0  0  0  0  0  0  0  0  0  0  0  0  0  0  0  0  0  0  0  0  0  0  0  0  0  0  -0.4358909999999998
g  8  8  -2.171432  -0.418396  1.19056  2.802432  4.324513  5.948629  7.201329  7.88369  8.291612  8.234608  7.456421  5.950381  3.965948  1.685998  -0.919475  -3.956369  -7.371873  -10.988228  -14.592338  -17.919698  -20.676399  -22.628724  0  0  0  0  0  0  0  0  0  0  0  0  0  0  0  0  0  0  0  0  0  0  0  0  0  0  0  0  0  0  0  0  0  0  0  0  0  0  0  0  0  0  0  0  0  0  0  0  0  0  0  0  0  0  0  0  0  0  0  0  0  0  0  0  0  -0.3187819999999988
h  8  8  2.232561  2.563325  1.92685  0.40545  -1.721589  -3.754639  -5.757432  -7.998503  -10.253011  -12.511752  -14.760339  -16.878306  -18.729069  -20.156641  -21.044382  -21.411653  -21.391552  -21.129752  -20.705717  -20.138136  -19.409067  -18.443534  0  0  0  0  0  0  0  0  0  0  0  0  0  0  0  0  0  0  0  0  0  0  0  0  0  0  0  0  0  0  0  0  0  0  0  0  0  0  0  0  0  0  0  0  0  0  0  0  0  0  0  0  0  0  0  0  0  0  0  0  0  0  0  0  0  0.2173000000000016
g  9  0  5.418514  4.937201  4.713281  4.602109  4.59571  4.612097  4.618659  4.286617  3.659504  2.83778  1.893587  0.895313  0.06419  -0.446965  -0.620069  -0.554714  -0.296556  0.17855  0.823409  1.564439  2.313705  3.018832  0  0  0  0  0  0  0  0  0  0  0  0  0  0  0  0  0  0  0  0  0  0  0  0  0  0  0  0  0  0  0  0  0  0  0  0  0  0  0  0  0  0  0  0  0  0  0  0  0  0  0  0  0  0  0  0  0  0  0  0  0  0  0  0  0  0.13600100000000026
g  9  1  8.893854  8.398118  9.216716  10.281289  11.189081  12.067978  12.795519  13.171724  13.275295  13.331056  13.335088  13.276345  13.160861  12.979321  12.686664  12.192491  11.425612  10.42438  9.301586  8.197554  7.22002  6.429943  0  0  0  0  0  0  0  0  0  0  0  0  0  0  0  0  0  0  0  0  0  0  0  0  0  0  0  0  0  0  0  0  0  0  0  0  0  0  0  0  0  0  0  0  0  0  0  0  0  0  0  0  0  0  0  0  0  0  0  0  0  0  0  0  0  -0.14149600000000007
h  9  1  -21.586815  -23.161598  -23.664513  -23.827135  -23.742587  -23.206928  -22.528945  -21.566205  -20.209516  -18.501058  -16.511305  -14.29205  -11.913459  -9.463457  -7.050381  -4.803547  -2.767708  -1.00969  0.403214  1.453558  2.212812  2.802297  0  0  0  0  0  0  0  0  0  0  0  0  0  0  0  0  0  0  0  0  0  0  0  0  0  0  0  0  0  0  0  0  0  0  0  0  0  0  0  0  0  0  0  0  0  0  0  0  0  0  0  0  0  0  0  0  0  0  0  0  0  0  0  0  0  0.10787099999999983
g  9  2  2.861443  3.064298  3.248914  3.680255  4.355502  4.963838  5.460036  5.865099  6.173048  6.429749  6.750116  7.097883  7.484811  7.973238  8.671505  9.620662  10.730908  11.896926  13.026178  14.024395  14.841421  15.476489  0  0  0  0  0  0  0  0  0  0  0  0  0  0  0  0  0  0  0  0  0  0  0  0  0  0  0  0  0  0  0  0  0  0  0  0  0  0  0  0  0  0  0  0  0  0  0  0  0  0  0  0  0  0  0  0  0  0  0  0  0  0  0  0  0  0.11420100000000133
h  9  2  10.954193  10.728167  9.865291  8.351529  6.677607  5.126464  3.725626  2.493163  1.523039  0.833327  0.420684  0.39049  0.684129  1.227531  2.018921  3.08399  4.371879  5.729412  6.976221  7.933872  8.53429  8.815119  0  0  0  0  0  0  0  0  0  0  0  0  0  0  0  0  0  0  0  0  0  0  0  0  0  0  0  0  0  0  0  0  0  0  0  0  0  0  0  0  0  0  0  0  0  0  0  0  0  0  0  0  0  0  0  0  0  0  0  0  0  0  0  0  0  0.03420599999999929
g  9  3  -3.494355  -1.401126  0.006113  0.642196  0.848071  0.65338  0.360931  0.088947  -0.194597  -0.393888  -0.467501  -0.36775  -0.077517  0.18864  0.264479  0.053406  -0.549959  -1.473088  -2.506375  -3.459716  -4.177161  -4.580028  0  0  0  0  0  0  0  0  0  0  0  0  0  0  0  0  0  0  0  0  0  0  0  0  0  0  0  0  0  0  0  0  0  0  0  0  0  0  0  0  0  0  0  0  0  0  0  0  0  0  0  0  0  0  0  0  0  0  0  0  0  0  0  0  0  -0.055153000000000674
h  9  3  11.747937  10.006856  9.936783  10.451972  11.111651  11.847347  12.64254  13.252154  13.775523  14.082339  14.095801  14.011649  13.835734  13.580156  13.292275  12.953697  12.513667  11.924293  11.114678  10.035341  8.693449  7.105621  0  0  0  0  0  0  0  0  0  0  0  0  0  0  0  0  0  0  0  0  0  0  0  0  0  0  0  0  0  0  0  0  0  0  0  0  0  0  0  0  0  0  0  0  0  0  0  0  0  0  0  0  0  0  0  0  0  0  0  0  0  0  0  0  0  -0.3351549999999994
g  9  4  0.810906  -1.041712  -1.950586  -2.479507  -2.508614  -2.503678  -2.537417  -2.545147  -2.609336  -2.669819  -2.666973  -2.629435  -2.585078  -2.534334  -2.401476  -2.116677  -1.6869  -1.105702  -0.361824  0.51487  1.472023  2.427825  0  0  0  0  0  0  0  0  0  0  0  0  0  0  0  0  0  0  0  0  0  0  0  0  0  0  0  0  0  0  0  0  0  0  0  0  0  0  0  0  0  0  0  0  0  0  0  0  0  0  0  0  0  0  0  0  0  0  0  0  0  0  0  0  0  0.18649899999999997
h  9  4  -6.719205  -5.524023  -4.814979  -4.122327  -3.55409  -3.021416  -2.511568  -1.976069  -1.435869  -0.978811  -0.493573  0.155903  0.99882  2.071523  3.396054  4.932928  6.582322  8.188206  9.588755  10.695143  11.485165  11.947489  0  0  0  0  0  0  0  0  0  0  0  0  0  0  0  0  0  0  0  0  0  0  0  0  0  0  0  0  0  0  0  0  0  0  0  0  0  0  0  0  0  0  0  0  0  0  0  0  0  0  0  0  0  0  0  0  0  0  0  0  0  0  0  0  0  0.06575399999999831
g  9  5  -13.282471  -13.20807  -13.642009  -13.917034  -13.695142  -13.279348  -13.200803  -13.149358  -12.983458  -12.752205  -12.268234  -11.55009  -10.71067  -9.646055  -8.324086  -6.900365  -5.44937  -3.977778  -2.492587  -0.993317  0.49784  1.92361  0  0  0  0  0  0  0  0  0  0  0  0  0  0  0  0  0  0  0  0  0  0  0  0  0  0  0  0  0  0  0  0  0  0  0  0  0  0  0  0  0  0  0  0  0  0  0  0  0  0  0  0  0  0  0  0  0  0  0  0  0  0  0  0  0  0.2782260000000001
h  9  5  -7.008268  -6.292378  -6.4868  -6.876314  -7.421025  -8.365502  -9.370158  -10.179737  -10.752509  -10.97335  -10.93093  -10.763036  -10.524239  -10.222084  -9.931816  -9.654406  -9.326481  -8.911582  -8.391022  -7.770018  -7.175108  -6.712241  0  0  0  0  0  0  0  0  0  0  0  0  0  0  0  0  0  0  0  0  0  0  0  0  0  0  0  0  0  0  0  0  0  0  0  0  0  0  0  0  0  0  0  0  0  0  0  0  0  0  0  0  0  0  0  0  0  0  0  0  0  0  0  0  0  0.0784419999999999
g  9  6  -0.21456  0.921378  1.215888  1.323412  1.650678  2.035827  2.180491  1.963554  1.417331  0.476384  -0.989793  -2.998993  -5.458969  -8.236513  -11.126567  -13.892747  -16.353755  -18.448734  -20.202118  -21.685034  -22.908506  -23.855729  0  0  0  0  0  0  0  0  0  0  0  0  0  0  0  0  0  0  0  0  0  0  0  0  0  0  0  0  0  0  0  0  0  0  0  0  0  0  0  0  0  0  0  0  0  0  0  0  0  0  0  0  0  0  0  0  0  0  0  0  0  0  0  0  0  -0.1679150000000007
h  9  6  7.764953  8.094415  8.790943  9.006056  9.087849  9.185449  9.170084  8.861026  8.283631  7.55252  6.662831  5.617845  4.479837  3.360499  2.347811  1.477011  0.813787  0.482713  0.550322  0.980692  1.720675  2.709357  0  0  0  0  0  0  0  0  0  0  0  0  0  0  0  0  0  0  0  0  0  0  0  0  0  0  0  0  0  0  0  0  0  0  0  0  0  0  0  0  0  0  0  0  0  0  0  0  0  0  0  0  0  0  0  0  0  0  0  0  0  0  0  0  0  0.21297099999999958
g  9  7  8.5768  8.826329  8.267107  7.266245  5.839862  4.098931  2.040533  -0.300541  -2.726849  -4.958055  -6.642556  -7.547467  -7.662956  -7.128907  -6.138081  -4.919794  -3.670483  -2.541816  -1.619359  -0.916883  -0.368725  0.080994  0  0  0  0  0  0  0  0  0  0  0  0  0  0  0  0  0  0  0  0  0  0  0  0  0  0  0  0  0  0  0  0  0  0  0  0  0  0  0  0  0  0  0  0  0  0  0  0  0  0  0  0  0  0  0  0  0  0  0  0  0  0  0  0  0  0.083134
h  9  7  1.097635  0.429501  -0.683084  -1.653398  -2.470681  -3.06411  -3.499027  -3.739947  -3.811476  -3.591679  -2.980144  -2.118217  -1.130664  -0.089772  0.928195  1.919652  2.900314  3.822133  4.604552  5.179388  5.515268  5.597336  0  0  0  0  0  0  0  0  0  0  0  0  0  0  0  0  0  0  0  0  0  0  0  0  0  0  0  0  0  0  0  0  0  0  0  0  0  0  0  0  0  0  0  0  0  0  0  0  0  0  0  0  0  0  0  0  0  0  0  0  0  0  0  0  0  -0.0033810000000000784
g  9  8  -9.053474  -9.17384  -8.394197  -6.891102  -4.56435  -1.82145  1.12314  4.017037  6.6981  9.049517  10.961738  12.336813  13.194184  13.6736  13.870909  13.814797  13.533917  13.0647  12.466624  11.809246  11.161937  10.593571  0  0  0  0  0  0  0  0  0  0  0  0  0  0  0  0  0  0  0  0  0  0  0  0  0  0  0  0  0  0  0  0  0  0  0  0  0  0  0  0  0  0  0  0  0  0  0  0  0  0  0  0  0  0  0  0  0  0  0  0  0  0  0  0  0  -0.10542199999999902
h  9  8  -3.9921  -1.356374  0.896823  2.669492  3.887261  4.300728  3.854303  2.920118  1.598686  -0.034302  -1.873921  -3.794738  -5.597175  -7.111596  -8.29672  -9.235626  -10.084947  -11.020563  -12.122334  -13.34883  -14.590161  -15.728716  0  0  0  0  0  0  0  0  0  0  0  0  0  0  0  0  0  0  0  0  0  0  0  0  0  0  0  0  0  0  0  0  0  0  0  0  0  0  0  0  0  0  0  0  0  0  0  0  0  0  0  0  0  0  0  0  0  0  0  0  0  0  0  0  0  -0.21489900000000084
g  9  9  -10.5277  -11.609953  -11.379297  -10.729258  -9.860247  -9.116985  -8.656076  -8.388373  -8.319486  -8.473568  -8.913263  -9.555319  -10.17402  -10.584628  -10.726337  -10.55228  -9.977762  -8.957142  -7.534896  -5.853717  -4.105721  -2.462668  0  0  0  0  0  0  0  0  0  0  0  0  0  0  0  0  0  0  0  0  0  0  0  0  0  0  0  0  0  0  0  0  0  0  0  0  0  0  0  0  0  0  0  0  0  0  0  0  0  0  0  0  0  0  0  0  0  0  0  0  0  0  0  0  0  0.3157300000000003
h  9  9  8.330636  9.541936  9.919834  9.781638  9.307843  8.668021  7.962383  7.035987  5.860108  4.444682  2.828347  1.129912  -0.530602  -2.040296  -3.328788  -4.360308  -5.063748  -5.341704  -5.147611  -4.488123  -3.408612  -1.988079  0  0  0  0  0  0  0  0  0  0  0  0  0  0  0  0  0  0  0  0  0  0  0  0  0  0  0  0  0  0  0  0  0  0  0  0  0  0  0  0  0  0  0  0  0  0  0  0  0  0  0  0  0  0  0  0  0  0  0  0  0  0  0  0  0  0.30591500000000016
g  10  0  -1.805915  -1.841717  -1.191271  -0.466509  -0.053681  0.253761  0.518867  0.747544  0.875704  0.882565  0.906239  0.991634  1.144685  1.388651  1.735603  2.129687  2.51139  2.848451  3.135474  3.406425  3.673422  3.917622  0  0  0  0  0  0  0  0  0  0  0  0  0  0  0  0  0  0  0  0  0  0  0  0  0  0  0  0  0  0  0  0  0  0  0  0  0  0  0  0  0  0  0  0  0  0  0  0  0  0  0  0  0  0  0  0  0  0  0  0  0  0  0  0  0  0.04466800000000015
g  10  1  -6.293588  -6.031981  -5.340981  -4.403678  -3.512726  -2.574199  -1.617647  -0.674181  0.218444  1.035133  1.631225  1.920202  1.980489  1.915727  1.768577  1.543373  1.262491  0.97164  0.704717  0.48925  0.325363  0.206796  0  0  0  0  0  0  0  0  0  0  0  0  0  0  0  0  0  0  0  0  0  0  0  0  0  0  0  0  0  0  0  0  0  0  0  0  0  0  0  0  0  0  0  0  0  0  0  0  0  0  0  0  0  0  0  0  0  0  0  0  0  0  0  0  0  -0.020565
h  10  1  3.222173  3.563828  3.79379  4.24211  4.820242  5.476897  6.128969  6.694888  7.176324  7.654967  8.165069  8.709105  9.33405  10.017233  10.718126  11.39203  11.961972  12.306651  12.320497  11.985124  11.351753  10.497855  0  0  0  0  0  0  0  0  0  0  0  0  0  0  0  0  0  0  0  0  0  0  0  0  0  0  0  0  0  0  0  0  0  0  0  0  0  0  0  0  0  0  0  0  0  0  0  0  0  0  0  0  0  0  0  0  0  0  0  0  0  0  0  0  0  -0.18541200000000124
g  10  2  0.225916  -0.174581  -0.823491  -1.455079  -1.990943  -2.5821  -3.156358  -3.527091  -3.678376  -3.516144  -3.087659  -2.491525  -1.812013  -1.09684  -0.348934  0.380537  1.013494  1.541021  1.997845  2.412878  2.809373  3.202032  0  0  0  0  0  0  0  0  0  0  0  0  0  0  0  0  0  0  0  0  0  0  0  0  0  0  0  0  0  0  0  0  0  0  0  0  0  0  0  0  0  0  0  0  0  0  0  0  0  0  0  0  0  0  0  0  0  0  0  0  0  0  0  0  0  0.07854500000000009
h  10  2  -0.439198  -0.25792  -0.080421  -0.071095  -0.25506  -0.460065  -0.633191  -0.72228  -0.757869  -0.801558  -0.92638  -1.006809  -1.067743  -1.121535  -1.151551  -1.166279  -1.157959  -1.122193  -1.117627  -1.237773  -1.517343  -1.931568  0  0  0  0  0  0  0  0  0  0  0  0  0  0  0  0  0  0  0  0  0  0  0  0  0  0  0  0  0  0  0  0  0  0  0  0  0  0  0  0  0  0  0  0  0  0  0  0  0  0  0  0  0  0  0  0  0  0  0  0  0  0  0  0  0  -0.09028599999999987
g  10  3  0.297537  1.604515  1.892576  1.905448  1.759641  1.358441  0.809386  0.205276  -0.384199  -0.939458  -1.392637  -1.77524  -2.052348  -2.181018  -2.178788  -2.130204  -2.15571  -2.312707  -2.584336  -2.923505  -3.285869  -3.6602  0  0  0  0  0  0  0  0  0  0  0  0  0  0  0  0  0  0  0  0  0  0  0  0  0  0  0  0  0  0  0  0  0  0  0  0  0  0  0  0  0  0  0  0  0  0  0  0  0  0  0  0  0  0  0  0  0  0  0  0  0  0  0  0  0  -0.075793
h  10  3  4.78475  3.529775  3.597434  3.821742  4.019614  4.029641  3.937564  3.711089  3.431848  3.081229  2.733258  2.517909  2.468162  2.574295  2.821413  3.204289  3.685024  4.200686  4.691199  5.119001  5.478623  5.772096  0  0  0  0  0  0  0  0  0  0  0  0  0  0  0  0  0  0  0  0  0  0  0  0  0  0  0  0  0  0  0  0  0  0  0  0  0  0  0  0  0  0  0  0  0  0  0  0  0  0  0  0  0  0  0  0  0  0  0  0  0  0  0  0  0  0.05293400000000048
g  10  4  -0.581245  -0.882905  -0.819237  -0.947564  -1.090664  -1.215554  -1.382823  -1.515332  -1.771411  -2.181874  -2.683397  -3.319483  -3.994462  -4.639871  -5.265126  -5.810904  -6.193052  -6.349764  -6.234716  -5.868527  -5.321839  -4.646255  0  0  0  0  0  0  0  0  0  0  0  0  0  0  0  0  0  0  0  0  0  0  0  0  0  0  0  0  0  0  0  0  0  0  0  0  0  0  0  0  0  0  0  0  0  0  0  0  0  0  0  0  0  0  0  0  0  0  0  0  0  0  0  0  0  0.14360600000000012
h  10  4  4.478549  4.811403  5.109088  5.272547  5.601359  6.107813  6.772224  7.438569  7.961329  8.294997  8.407899  8.348124  8.190429  7.972925  7.769742  7.648148  7.598319  7.652827  7.822246  8.046282  8.277721  8.460876  0  0  0  0  0  0  0  0  0  0  0  0  0  0  0  0  0  0  0  0  0  0  0  0  0  0  0  0  0  0  0  0  0  0  0  0  0  0  0  0  0  0  0  0  0  0  0  0  0  0  0  0  0  0  0  0  0  0  0  0  0  0  0  0  0  0.030829999999999913
g  10  5  1.773577  0.688346  -0.241874  -1.21368  -2.017333  -2.684092  -3.266385  -3.568687  -3.645091  -3.473316  -3.087492  -2.574144  -1.968237  -1.254046  -0.425027  0.433476  1.231545  1.924443  2.483303  2.913818  3.240062  3.465881  0  0  0  0  0  0  0  0  0  0  0  0  0  0  0  0  0  0  0  0  0  0  0  0  0  0  0  0  0  0  0  0  0  0  0  0  0  0  0  0  0  0  0  0  0  0  0  0  0  0  0  0  0  0  0  0  0  0  0  0  0  0  0  0  0  0.03638599999999981
h  10  5  -7.836031  -8.565413  -9.166361  -9.512645  -9.62013  -9.578406  -9.435398  -9.242631  -9.068577  -8.878811  -8.609169  -8.28509  -7.967661  -7.637251  -7.285967  -6.91744  -6.545624  -6.165653  -5.74314  -5.250993  -4.691299  -4.069424  0  0  0  0  0  0  0  0  0  0  0  0  0  0  0  0  0  0  0  0  0  0  0  0  0  0  0  0  0  0  0  0  0  0  0  0  0  0  0  0  0  0  0  0  0  0  0  0  0  0  0  0  0  0  0  0  0  0  0  0  0  0  0  0  0  0.12917600000000018
g  10  6  -0.415891  -0.631425  -0.553743  -0.607175  -0.748784  -0.877002  -1.050058  -1.213683  -1.267832  -1.173646  -0.949613  -0.647729  -0.315265  0.037773  0.445519  0.926535  1.466626  2.009378  2.489655  2.85051  3.084641  3.206647  0  0  0  0  0  0  0  0  0  0  0  0  0  0  0  0  0  0  0  0  0  0  0  0  0  0  0  0  0  0  0  0  0  0  0  0  0  0  0  0  0  0  0  0  0  0  0  0  0  0  0  0  0  0  0  0  0  0  0  0  0  0  0  0  0  0.016425999999999608
h  10  6  -0.636206  0.075542  0.972779  1.882132  2.699853  3.461374  4.180864  4.936706  5.656242  6.328763  6.970773  7.558813  8.034487  8.320642  8.379812  8.209796  7.821312  7.254045  6.544352  5.710831  4.795631  3.83832  0  0  0  0  0  0  0  0  0  0  0  0  0  0  0  0  0  0  0  0  0  0  0  0  0  0  0  0  0  0  0  0  0  0  0  0  0  0  0  0  0  0  0  0  0  0  0  0  0  0  0  0  0  0  0  0  0  0  0  0  0  0  0  0  0  -0.19312900000000033
g  10  7  2.082072  2.171414  2.164799  1.983883  1.783685  1.603977  1.401158  1.159063  0.976661  0.821459  0.609003  0.356273  0.133276  -0.040791  -0.185762  -0.331505  -0.523901  -0.814468  -1.214658  -1.71048  -2.253914  -2.787194  0  0  0  0  0  0  0  0  0  0  0  0  0  0  0  0  0  0  0  0  0  0  0  0  0  0  0  0  0  0  0  0  0  0  0  0  0  0  0  0  0  0  0  0  0  0  0  0  0  0  0  0  0  0  0  0  0  0  0  0  0  0  0  0  0  -0.10278799999999988
h  10  7  -4.174711  -4.121844  -4.291554  -4.300068  -4.40055  -4.526586  -4.574975  -4.667934  -4.845064  -5.147063  -5.563502  -6.062416  -6.589682  -7.092133  -7.53625  -7.895321  -8.1671  -8.377014  -8.536126  -8.630538  -8.637457  -8.540109  0  0  0  0  0  0  0  0  0  0  0  0  0  0  0  0  0  0  0  0  0  0  0  0  0  0  0  0  0  0  0  0  0  0  0  0  0  0  0  0  0  0  0  0  0  0  0  0  0  0  0  0  0  0  0  0  0  0  0  0  0  0  0  0  0  0.02850500000000089
g  10  8  2.347913  1.735892  1.260402  0.767638  0.113301  -0.661192  -1.450088  -2.231668  -2.955142  -3.548487  -3.879619  -3.891963  -3.652932  -3.281235  -2.89584  -2.579287  -2.360417  -2.220632  -2.117565  -2.033395  -1.975124  -1.948438  0  0  0  0  0  0  0  0  0  0  0  0  0  0  0  0  0  0  0  0  0  0  0  0  0  0  0  0  0  0  0  0  0  0  0  0  0  0  0  0  0  0  0  0  0  0  0  0  0  0  0  0  0  0  0  0  0  0  0  0  0  0  0  0  0  0.0025580000000000602
h  10  8  -2.948288  -3.670583  -4.028005  -4.354968  -4.79091  -5.0995  -5.133677  -5.026782  -4.789951  -4.387513  -3.845638  -3.248183  -2.655568  -2.116006  -1.684291  -1.382811  -1.224112  -1.234324  -1.412091  -1.694252  -1.990548  -2.22546  0  0  0  0  0  0  0  0  0  0  0  0  0  0  0  0  0  0  0  0  0  0  0  0  0  0  0  0  0  0  0  0  0  0  0  0  0  0  0  0  0  0  0  0  0  0  0  0  0  0  0  0  0  0  0  0  0  0  0  0  0  0  0  0  0  -0.03928799999999999
g  10  9  -1.797404  -2.330964  -2.580253  -2.566855  -2.249971  -1.766205  -1.187813  -0.637373  -0.134178  0.288674  0.654426  1.003097  1.379193  1.850398  2.452483  3.173617  3.953921  4.724312  5.398784  5.880343  6.071777  5.914497  0  0  0  0  0  0  0  0  0  0  0  0  0  0  0  0  0  0  0  0  0  0  0  0  0  0  0  0  0  0  0  0  0  0  0  0  0  0  0  0  0  0  0  0  0  0  0  0  0  0  0  0  0  0  0  0  0  0  0  0  0  0  0  0  0  -0.05936699999999995
h  10  9  -1.2605  -0.100471  0.614787  1.36262  2.179956  2.856922  3.306239  3.523858  3.614304  3.66233  3.649401  3.539269  3.286173  2.864332  2.256356  1.47117  0.57938  -0.314658  -1.128227  -1.80692  -2.327987  -2.691254  0  0  0  0  0  0  0  0  0  0  0  0  0  0  0  0  0  0  0  0  0  0  0  0  0  0  0  0  0  0  0  0  0  0  0  0  0  0  0  0  0  0  0  0  0  0  0  0  0  0  0  0  0  0  0  0  0  0  0  0  0  0  0  0  0  -0.060865999999999865
g  10  10  -3.421918  -3.767053  -3.662892  -3.581924  -3.56551  -3.522372  -3.423725  -3.260814  -3.047312  -2.855627  -2.772987  -2.847027  -3.046189  -3.331368  -3.683686  -4.068457  -4.435296  -4.756794  -5.019605  -5.1828  -5.170142  -4.914767  0  0  0  0  0  0  0  0  0  0  0  0  0  0  0  0  0  0  0  0  0  0  0  0  0  0  0  0  0  0  0  0  0  0  0  0  0  0  0  0  0  0  0  0  0  0  0  0  0  0  0  0  0  0  0  0  0  0  0  0  0  0  0  0  0  0.07195399999999985
h  10  10  -8.685879  -8.692688  -8.735925  -8.821438  -8.874434  -8.870988  -8.777105  -8.682879  -8.619386  -8.577835  -8.53835  -8.434867  -8.161704  -7.636389  -6.808739  -5.685731  -4.306968  -2.753806  -1.13438  0.435277  1.853879  3.043694  0  0  0  0  0  0  0  0  0  0  0  0  0  0  0  0  0  0  0  0  0  0  0  0  0  0  0  0  0  0  0  0  0  0  0  0  0  0  0  0  0  0  0  0  0  0  0  0  0  0  0  0  0  0  0  0  0  0  0  0  0  0  0  0  0  0.21721499999999994
g  11  0  3.06672  3.066692  3.020408  2.879615  2.755956  2.634802  2.485821  2.30848  2.069662  1.792044  1.537332  1.333892  1.238253  1.273414  1.399255  1.538803  1.627478  1.629218  1.532834  1.357327  1.138959  0.903541  0  0  0  0  0  0  0  0  0  0  0  0  0  0  0  0  0  0  0  0  0  0  0  0  0  0  0  0  0  0  0  0  0  0  0  0  0  0  0  0  0  0  0  0  0  0  0  0  0  0  0  0  0  0  0  0  0  0  0  0  0  0  0  0  0  -0.04754999999999998
g  11  1  -1.45142  -1.319752  -1.099879  -0.82065  -0.607931  -0.45991  -0.326173  -0.296494  -0.401461  -0.553425  -0.783488  -1.095497  -1.42769  -1.748561  -2.034495  -2.260749  -2.422843  -2.509415  -2.522946  -2.489025  -2.450385  -2.428808  0  0  0  0  0  0  0  0  0  0  0  0  0  0  0  0  0  0  0  0  0  0  0  0  0  0  0  0  0  0  0  0  0  0  0  0  0  0  0  0  0  0  0  0  0  0  0  0  0  0  0  0  0  0  0  0  0  0  0  0  0  0  0  0  0  0.0034519999999997886
h  11  1  0.008266  0.092158  0.205169  0.468531  0.886041  1.41487  1.964625  2.471362  2.898294  3.305534  3.714062  4.127194  4.538068  4.915796  5.25925  5.567855  5.839041  6.024369  6.049747  5.884383  5.56728  5.181128  0  0  0  0  0  0  0  0  0  0  0  0  0  0  0  0  0  0  0  0  0  0  0  0  0  0  0  0  0  0  0  0  0  0  0  0  0  0  0  0  0  0  0  0  0  0  0  0  0  0  0  0  0  0  0  0  0  0  0  0  0  0  0  0  0  -0.07842099999999963
g  11  2  -2.204291  -2.336942  -2.159939  -1.930645  -1.689371  -1.386207  -1.004593  -0.586337  -0.196203  0.118931  0.327627  0.426566  0.45575  0.463721  0.488317  0.533098  0.592396  0.663182  0.745624  0.841062  0.948873  1.067708  0  0  0  0  0  0  0  0  0  0  0  0  0  0  0  0  0  0  0  0  0  0  0  0  0  0  0  0  0  0  0  0  0  0  0  0  0  0  0  0  0  0  0  0  0  0  0  0  0  0  0  0  0  0  0  0  0  0  0  0  0  0  0  0  0  0.024821000000000204
h  11  2  2.03265  2.491381  2.531522  2.330737  1.991125  1.576894  1.126484  0.70136  0.2992  -0.069742  -0.439474  -0.79342  -1.125155  -1.404364  -1.639589  -1.857906  -2.044821  -2.161808  -2.20536  -2.229911  -2.278715  -2.357489  0  0  0  0  0  0  0  0  0  0  0  0  0  0  0  0  0  0  0  0  0  0  0  0  0  0  0  0  0  0  0  0  0  0  0  0  0  0  0  0  0  0  0  0  0  0  0  0  0  0  0  0  0  0  0  0  0  0  0  0  0  0  0  0  0  -0.017630000000000035
g  11  3  1.98661  2.315739  2.264484  2.120536  1.935205  1.665402  1.426836  1.289819  1.269404  1.330643  1.45172  1.559386  1.639667  1.66374  1.629957  1.581562  1.55249  1.54759  1.555135  1.542651  1.486162  1.401296  0  0  0  0  0  0  0  0  0  0  0  0  0  0  0  0  0  0  0  0  0  0  0  0  0  0  0  0  0  0  0  0  0  0  0  0  0  0  0  0  0  0  0  0  0  0  0  0  0  0  0  0  0  0  0  0  0  0  0  0  0  0  0  0  0  -0.016997999999999847
h  11  3  -0.540414  -0.672957  -0.444278  -0.158672  0.10659  0.3754  0.524062  0.535991  0.412866  0.173854  -0.139696  -0.45086  -0.739623  -0.965645  -1.093291  -1.115202  -1.039944  -0.905582  -0.770493  -0.680739  -0.637163  -0.623666  0  0  0  0  0  0  0  0  0  0  0  0  0  0  0  0  0  0  0  0  0  0  0  0  0  0  0  0  0  0  0  0  0  0  0  0  0  0  0  0  0  0  0  0  0  0  0  0  0  0  0  0  0  0  0  0  0  0  0  0  0  0  0  0  0  0.0010569999999999746
g  11  4  -0.87377  -0.953098  -0.982129  -0.864864  -0.615974  -0.40433  -0.371302  -0.460466  -0.652964  -0.907452  -1.189528  -1.501292  -1.797729  -2.037909  -2.210763  -2.312161  -2.339592  -2.280566  -2.126652  -1.892337  -1.609945  -1.308048  0  0  0  0  0  0  0  0  0  0  0  0  0  0  0  0  0  0  0  0  0  0  0  0  0  0  0  0  0  0  0  0  0  0  0  0  0  0  0  0  0  0  0  0  0  0  0  0  0  0  0  0  0  0  0  0  0  0  0  0  0  0  0  0  0  0.06069199999999997
h  11  4  -1.272189  -0.529539  -0.107583  0.376422  0.83094  1.204378  1.598294  1.963485  2.314764  2.622272  2.896765  3.176195  3.449054  3.698161  3.907654  4.042878  4.083945  4.076044  4.061163  4.033083  3.982269  3.90174  0  0  0  0  0  0  0  0  0  0  0  0  0  0  0  0  0  0  0  0  0  0  0  0  0  0  0  0  0  0  0  0  0  0  0  0  0  0  0  0  0  0  0  0  0  0  0  0  0  0  0  0  0  0  0  0  0  0  0  0  0  0  0  0  0  -0.018396999999999775
g  11  5  0.670128  0.207535  0.07953  -0.026407  0.066704  0.363104  0.742047  1.184039  1.576943  1.852739  2.039744  2.122413  2.081096  1.932081  1.700635  1.396614  1.071963  0.773249  0.507046  0.279796  0.094922  -0.044795  0  0  0  0  0  0  0  0  0  0  0  0  0  0  0  0  0  0  0  0  0  0  0  0  0  0  0  0  0  0  0  0  0  0  0  0  0  0  0  0  0  0  0  0  0  0  0  0  0  0  0  0  0  0  0  0  0  0  0  0  0  0  0  0  0  -0.024201
h  11  5  0.751841  0.676287  0.389663  0.089678  -0.220624  -0.579825  -0.967757  -1.3876  -1.928101  -2.534233  -3.105008  -3.658949  -4.150625  -4.511936  -4.721494  -4.76648  -4.656895  -4.421984  -4.093842  -3.708363  -3.303301  -2.907138  0  0  0  0  0  0  0  0  0  0  0  0  0  0  0  0  0  0  0  0  0  0  0  0  0  0  0  0  0  0  0  0  0  0  0  0  0  0  0  0  0  0  0  0  0  0  0  0  0  0  0  0  0  0  0  0  0  0  0  0  0  0  0  0  0  0.07781299999999991
g  11  6  -0.922741  -0.743189  -0.901819  -1.174318  -1.426034  -1.556001  -1.620468  -1.665831  -1.686202  -1.632405  -1.500355  -1.31546  -1.139493  -1.014345  -0.955673  -0.994057  -1.128725  -1.330556  -1.566445  -1.816594  -2.061433  -2.277476  0  0  0  0  0  0  0  0  0  0  0  0  0  0  0  0  0  0  0  0  0  0  0  0  0  0  0  0  0  0  0  0  0  0  0  0  0  0  0  0  0  0  0  0  0  0  0  0  0  0  0  0  0  0  0  0  0  0  0  0  0  0  0  0  0  -0.03963800000000006
h  11  6  -0.065158  -0.174964  0.243449  0.545979  0.794178  1.031386  1.281498  1.517927  1.672962  1.739185  1.739802  1.653298  1.474271  1.244245  1.015948  0.835939  0.734217  0.725627  0.809613  0.973969  1.208405  1.500911  0  0  0  0  0  0  0  0  0  0  0  0  0  0  0  0  0  0  0  0  0  0  0  0  0  0  0  0  0  0  0  0  0  0  0  0  0  0  0  0  0  0  0  0  0  0  0  0  0  0  0  0  0  0  0  0  0  0  0  0  0  0  0  0  0  0.06275200000000014
g  11  7  0.234607  -0.006023  -0.24597  -0.477352  -0.632314  -0.668469  -0.664264  -0.644597  -0.623121  -0.628988  -0.658966  -0.683854  -0.679442  -0.624171  -0.512709  -0.358051  -0.184161  -0.011817  0.151167  0.292471  0.402404  0.466917  0  0  0  0  0  0  0  0  0  0  0  0  0  0  0  0  0  0  0  0  0  0  0  0  0  0  0  0  0  0  0  0  0  0  0  0  0  0  0  0  0  0  0  0  0  0  0  0  0  0  0  0  0  0  0  0  0  0  0  0  0  0  0  0  0  0.008528000000000036
h  11  7  -2.092072  -1.84373  -1.516302  -1.137385  -0.707345  -0.307037  7.4e-05  0.238785  0.4209  0.546724  0.660023  0.786835  0.932124  1.101608  1.281149  1.450581  1.577444  1.616791  1.550002  1.396095  1.192685  0.974222  0  0  0  0  0  0  0  0  0  0  0  0  0  0  0  0  0  0  0  0  0  0  0  0  0  0  0  0  0  0  0  0  0  0  0  0  0  0  0  0  0  0  0  0  0  0  0  0  0  0  0  0  0  0  0  0  0  0  0  0  0  0  0  0  0  -0.043381
g  11  8  1.835302  1.432634  1.528139  1.698286  1.975372  2.336556  2.7185  3.131699  3.552753  3.931925  4.218286  4.364567  4.340599  4.126978  3.723331  3.145599  2.432152  1.64147  0.842486  0.080903  -0.623922  -1.262099  0  0  0  0  0  0  0  0  0  0  0  0  0  0  0  0  0  0  0  0  0  0  0  0  0  0  0  0  0  0  0  0  0  0  0  0  0  0  0  0  0  0  0  0  0  0  0  0  0  0  0  0  0  0  0  0  0  0  0  0  0  0  0  0  0  -0.12170600000000009
h  11  8  -1.412435  -1.567217  -1.602245  -1.548117  -1.530319  -1.543474  -1.598615  -1.71684  -1.928  -2.25221  -2.683129  -3.178916  -3.667058  -4.09472  -4.444377  -4.699743  -4.845121  -4.888605  -4.841642  -4.698569  -4.456122  -4.136763  0  0  0  0  0  0  0  0  0  0  0  0  0  0  0  0  0  0  0  0  0  0  0  0  0  0  0  0  0  0  0  0  0  0  0  0  0  0  0  0  0  0  0  0  0  0  0  0  0  0  0  0  0  0  0  0  0  0  0  0  0  0  0  0  0  0.06822399999999984
g  11  9  -0.156808  -0.450807  -0.601375  -0.753069  -0.837863  -0.882531  -0.861572  -0.746872  -0.594072  -0.421934  -0.203116  0.094388  0.484724  0.959136  1.509783  2.119973  2.752842  3.367021  3.91614  4.359126  4.660208  4.800174  0  0  0  0  0  0  0  0  0  0  0  0  0  0  0  0  0  0  0  0  0  0  0  0  0  0  0  0  0  0  0  0  0  0  0  0  0  0  0  0  0  0  0  0  0  0  0  0  0  0  0  0  0  0  0  0  0  0  0  0  0  0  0  0  0  0.015264000000000166
h  11  9  -2.562514  -3.161373  -3.301455  -3.301345  -3.17202  -2.943897  -2.672585  -2.478846  -2.37455  -2.311112  -2.226224  -2.111683  -2.01669  -1.99417  -2.080388  -2.274816  -2.541746  -2.831351  -3.107732  -3.363329  -3.612727  -3.870027  0  0  0  0  0  0  0  0  0  0  0  0  0  0  0  0  0  0  0  0  0  0  0  0  0  0  0  0  0  0  0  0  0  0  0  0  0  0  0  0  0  0  0  0  0  0  0  0  0  0  0  0  0  0  0  0  0  0  0  0  0  0  0  0  0  -0.05219599999999991
g  11  10  0.506385  0.184436  -0.068014  -0.301261  -0.491765  -0.62067  -0.715414  -0.693049  -0.527386  -0.210527  0.237267  0.763549  1.311348  1.828057  2.277797  2.639547  2.896169  3.041411  3.084593  3.063278  3.033482  3.025408  0  0  0  0  0  0  0  0  0  0  0  0  0  0  0  0  0  0  0  0  0  0  0  0  0  0  0  0  0  0  0  0  0  0  0  0  0  0  0  0  0  0  0  0  0  0  0  0  0  0  0  0  0  0  0  0  0  0  0  0  0  0  0  0  0  0.0003109999999999502
h  11  10  -1.907259  -1.992492  -2.034124  -2.025613  -1.903158  -1.753994  -1.519269  -1.175314  -0.754919  -0.311042  0.102018  0.415031  0.575788  0.584506  0.48063  0.324203  0.173768  0.063541  -0.017229  -0.104614  -0.24  -0.451869  0  0  0  0  0  0  0  0  0  0  0  0  0  0  0  0  0  0  0  0  0  0  0  0  0  0  0  0  0  0  0  0  0  0  0  0  0  0  0  0  0  0  0  0  0  0  0  0  0  0  0  0  0  0  0  0  0  0  0  0  0  0  0  0  0  -0.048877000000000004
g  11  11  3.574392  3.242077  3.257747  3.251761  3.124088  2.892909  2.663214  2.479855  2.332737  2.210047  2.105685  1.989769  1.850642  1.681686  1.479743  1.272411  1.092112  0.960361  0.892217  0.890464  0.942265  1.038871  0  0  0  0  0  0  0  0  0  0  0  0  0  0  0  0  0  0  0  0  0  0  0  0  0  0  0  0  0  0  0  0  0  0  0  0  0  0  0  0  0  0  0  0  0  0  0  0  0  0  0  0  0  0  0  0  0  0  0  0  0  0  0  0  0  0.022585000000000077
h  11  11  -2.369715  -2.456402  -2.611491  -2.820108  -2.988304  -3.07474  -3.099866  -3.120293  -3.136707  -3.172258  -3.258933  -3.370835  -3.467641  -3.523505  -3.528155  -3.48092  -3.377814  -3.222478  -3.024362  -2.7999  -2.561356  -2.32403  0  0  0  0  0  0  0  0  0  0  0  0  0  0  0  0  0  0  0  0  0  0  0  0  0  0  0  0  0  0  0  0  0  0  0  0  0  0  0  0  0  0  0  0  0  0  0  0  0  0  0  0  0  0  0  0  0  0  0  0  0  0  0  0  0  0.04673000000000016
g  12  0  -1.952043  -1.877806  -1.590108  -1.29507  -1.085272  -0.94009  -0.806751  -0.702457  -0.621602  -0.597558  -0.606765  -0.617175  -0.616618  -0.599044  -0.568214  -0.539334  -0.527806  -0.542225  -0.587215  -0.656817  -0.735881  -0.807127  0  0  0  0  0  0  0  0  0  0  0  0  0  0  0  0  0  0  0  0  0  0  0  0  0  0  0  0  0  0  0  0  0  0  0  0  0  0  0  0  0  0  0  0  0  0  0  0  0  0  0  0  0  0  0  0  0  0  0  0  0  0  0  0  0  -0.012757000000000018
g  12  1  -0.176675  -0.023805  0.003226  0.030235  0.025721  0.014478  -0.016938  -0.050363  -0.064925  -0.008454  0.070863  0.133269  0.189045  0.245819  0.293893  0.32228  0.345599  0.396406  0.484205  0.594075  0.701967  0.791813  0  0  0  0  0  0  0  0  0  0  0  0  0  0  0  0  0  0  0  0  0  0  0  0  0  0  0  0  0  0  0  0  0  0  0  0  0  0  0  0  0  0  0  0  0  0  0  0  0  0  0  0  0  0  0  0  0  0  0  0  0  0  0  0  0  0.016185000000000005
h  12  1  -0.99124  -1.007839  -1.085774  -1.11173  -1.002294  -0.802119  -0.586347  -0.40474  -0.263296  -0.142494  -0.019285  0.083222  0.155585  0.190493  0.173877  0.109831  0.026696  -0.057094  -0.142508  -0.23694  -0.336653  -0.430921  0  0  0  0  0  0  0  0  0  0  0  0  0  0  0  0  0  0  0  0  0  0  0  0  0  0  0  0  0  0  0  0  0  0  0  0  0  0  0  0  0  0  0  0  0  0  0  0  0  0  0  0  0  0  0  0  0  0  0  0  0  0  0  0  0  -0.017894999999999994
g  12  2  0.17482  0.605808  0.756842  0.871608  0.933032  0.929492  0.836459  0.650711  0.406081  0.147865  -0.097404  -0.335523  -0.559549  -0.760138  -0.934742  -1.086681  -1.221834  -1.345162  -1.458061  -1.558685  -1.648553  -1.716783  0  0  0  0  0  0  0  0  0  0  0  0  0  0  0  0  0  0  0  0  0  0  0  0  0  0  0  0  0  0  0  0  0  0  0  0  0  0  0  0  0  0  0  0  0  0  0  0  0  0  0  0  0  0  0  0  0  0  0  0  0  0  0  0  0  -0.010994999999999866
h  12  2  0.185196  0.374225  0.468022  0.52132  0.472816  0.357499  0.238833  0.17686  0.171191  0.198533  0.250858  0.351899  0.505093  0.686732  0.857026  0.987378  1.082831  1.178923  1.300224  1.439591  1.575329  1.685007  0  0  0  0  0  0  0  0  0  0  0  0  0  0  0  0  0  0  0  0  0  0  0  0  0  0  0  0  0  0  0  0  0  0  0  0  0  0  0  0  0  0  0  0  0  0  0  0  0  0  0  0  0  0  0  0  0  0  0  0  0  0  0  0  0  0.01868599999999998
g  12  3  1.073782  1.316559  1.368696  1.363434  1.320589  1.233048  1.124818  1.049287  0.990755  0.934255  0.878404  0.816955  0.744793  0.64821  0.535326  0.43009  0.366674  0.376301  0.466331  0.614031  0.789014  0.968703  0  0  0  0  0  0  0  0  0  0  0  0  0  0  0  0  0  0  0  0  0  0  0  0  0  0  0  0  0  0  0  0  0  0  0  0  0  0  0  0  0  0  0  0  0  0  0  0  0  0  0  0  0  0  0  0  0  0  0  0  0  0  0  0  0  0.035460999999999965
h  12  3  1.719172  1.572754  1.420525  1.290479  1.155358  1.047863  0.963091  0.851792  0.690972  0.498601  0.298872  0.118067  -0.024238  -0.099754  -0.094646  -0.006158  0.159081  0.376541  0.601235  0.785323  0.910384  0.981659  0  0  0  0  0  0  0  0  0  0  0  0  0  0  0  0  0  0  0  0  0  0  0  0  0  0  0  0  0  0  0  0  0  0  0  0  0  0  0  0  0  0  0  0  0  0  0  0  0  0  0  0  0  0  0  0  0  0  0  0  0  0  0  0  0  0.010399999999999965
g  12  4  -0.927772  -0.988399  -1.002848  -0.947874  -0.890864  -0.912705  -0.975225  -1.060488  -1.167588  -1.301849  -1.449705  -1.607797  -1.762432  -1.883542  -1.962264  -2.004887  -2.011405  -1.987094  -1.933275  -1.845863  -1.73379  -1.610128  0  0  0  0  0  0  0  0  0  0  0  0  0  0  0  0  0  0  0  0  0  0  0  0  0  0  0  0  0  0  0  0  0  0  0  0  0  0  0  0  0  0  0  0  0  0  0  0  0  0  0  0  0  0  0  0  0  0  0  0  0  0  0  0  0  0.024752000000000107
h  12  4  -2.276219  -1.821322  -1.72949  -1.71227  -1.642774  -1.496077  -1.263591  -0.974078  -0.641644  -0.293187  0.051937  0.387884  0.706484  0.98648  1.199023  1.332508  1.392527  1.40332  1.395199  1.377142  1.344695  1.285409  0  0  0  0  0  0  0  0  0  0  0  0  0  0  0  0  0  0  0  0  0  0  0  0  0  0  0  0  0  0  0  0  0  0  0  0  0  0  0  0  0  0  0  0  0  0  0  0  0  0  0  0  0  0  0  0  0  0  0  0  0  0  0  0  0  -0.014655000000000085
g  12  5  0.885288  0.848154  0.851633  0.867595  0.939268  1.037021  1.110838  1.183239  1.245624  1.283482  1.303991  1.286388  1.237242  1.173885  1.115341  1.071009  1.046568  1.037172  1.03352  1.02217  0.98535  0.916187  0  0  0  0  0  0  0  0  0  0  0  0  0  0  0  0  0  0  0  0  0  0  0  0  0  0  0  0  0  0  0  0  0  0  0  0  0  0  0  0  0  0  0  0  0  0  0  0  0  0  0  0  0  0  0  0  0  0  0  0  0  0  0  0  0  -0.01664600000000005
h  12  5  0.309202  0.094518  -0.113517  -0.252304  -0.347163  -0.402651  -0.407497  -0.361262  -0.258894  -0.109007  0.055636  0.21231  0.361792  0.522281  0.701938  0.890947  1.05923  1.175641  1.227732  1.217732  1.156954  1.059105  0  0  0  0  0  0  0  0  0  0  0  0  0  0  0  0  0  0  0  0  0  0  0  0  0  0  0  0  0  0  0  0  0  0  0  0  0  0  0  0  0  0  0  0  0  0  0  0  0  0  0  0  0  0  0  0  0  0  0  0  0  0  0  0  0  -0.022027999999999937
g  12  6  -0.006312  0.098565  0.292124  0.427316  0.485296  0.512356  0.573038  0.630724  0.711111  0.815175  0.947317  1.129497  1.354187  1.599309  1.846791  2.057676  2.201762  2.275609  2.305963  2.327287  2.354929  2.3841  0  0  0  0  0  0  0  0  0  0  0  0  0  0  0  0  0  0  0  0  0  0  0  0  0  0  0  0  0  0  0  0  0  0  0  0  0  0  0  0  0  0  0  0  0  0  0  0  0  0  0  0  0  0  0  0  0  0  0  0  0  0  0  0  0  0.005139000000000227
h  12  6  0.621966  0.711169  0.814942  0.805751  0.695624  0.534621  0.341535  0.160679  -0.0034  -0.15499  -0.265765  -0.335295  -0.368934  -0.379602  -0.382962  -0.39158  -0.408986  -0.434468  -0.458127  -0.469275  -0.461334  -0.436251  0  0  0  0  0  0  0  0  0  0  0  0  0  0  0  0  0  0  0  0  0  0  0  0  0  0  0  0  0  0  0  0  0  0  0  0  0  0  0  0  0  0  0  0  0  0  0  0  0  0  0  0  0  0  0  0  0  0  0  0  0  0  0  0  0  0.005942000000000003
g  12  7  0.510462  0.551907  0.506355  0.464786  0.408347  0.319316  0.215102  0.129993  0.074642  0.036272  -0.004266  -0.065223  -0.14858  -0.243704  -0.341534  -0.444535  -0.561552  -0.701116  -0.864398  -1.052072  -1.263529  -1.502313  0  0  0  0  0  0  0  0  0  0  0  0  0  0  0  0  0  0  0  0  0  0  0  0  0  0  0  0  0  0  0  0  0  0  0  0  0  0  0  0  0  0  0  0  0  0  0  0  0  0  0  0  0  0  0  0  0  0  0  0  0  0  0  0  0  -0.050289999999999946
h  12  7  -0.086021  -0.079028  -0.154233  -0.265022  -0.325441  -0.404519  -0.46936  -0.52948  -0.606153  -0.684515  -0.744439  -0.778528  -0.788534  -0.772933  -0.732554  -0.671818  -0.610389  -0.586365  -0.624165  -0.714198  -0.834295  -0.977374  0  0  0  0  0  0  0  0  0  0  0  0  0  0  0  0  0  0  0  0  0  0  0  0  0  0  0  0  0  0  0  0  0  0  0  0  0  0  0  0  0  0  0  0  0  0  0  0  0  0  0  0  0  0  0  0  0  0  0  0  0  0  0  0  0  -0.030370999999999926
g  12  8  -0.513169  -0.36298  -0.278255  -0.087914  0.071798  0.155022  0.171432  0.125672  -0.000222  -0.164026  -0.300966  -0.371073  -0.38773  -0.371038  -0.338881  -0.30823  -0.281495  -0.251367  -0.212824  -0.167055  -0.121632  -0.084184  0  0  0  0  0  0  0  0  0  0  0  0  0  0  0  0  0  0  0  0  0  0  0  0  0  0  0  0  0  0  0  0  0  0  0  0  0  0  0  0  0  0  0  0  0  0  0  0  0  0  0  0  0  0  0  0  0  0  0  0  0  0  0  0  0  0.006610000000000005
h  12  8  0.195855  0.352286  0.430427  0.451783  0.366206  0.18294  -0.042132  -0.25299  -0.41383  -0.488878  -0.481356  -0.423392  -0.328527  -0.217501  -0.119488  -0.048836  -0.011237  -0.002608  -0.015936  -0.045267  -0.09023  -0.151564  0  0  0  0  0  0  0  0  0  0  0  0  0  0  0  0  0  0  0  0  0  0  0  0  0  0  0  0  0  0  0  0  0  0  0  0  0  0  0  0  0  0  0  0  0  0  0  0  0  0  0  0  0  0  0  0  0  0  0  0  0  0  0  0  0  -0.013444000000000011
g  12  9  -0.537999  -0.589165  -0.421002  -0.251026  -0.054113  0.174898  0.431178  0.67739  0.897932  1.098566  1.249008  1.300738  1.250019  1.115848  0.939061  0.768002  0.633843  0.546456  0.500977  0.495038  0.530812  0.609299  0  0  0  0  0  0  0  0  0  0  0  0  0  0  0  0  0  0  0  0  0  0  0  0  0  0  0  0  0  0  0  0  0  0  0  0  0  0  0  0  0  0  0  0  0  0  0  0  0  0  0  0  0  0  0  0  0  0  0  0  0  0  0  0  0  0.018774999999999986
h  12  9  0.317305  0.332376  0.473289  0.610521  0.70129  0.785611  0.838333  0.838011  0.775275  0.659009  0.474767  0.240764  0.010791  -0.173517  -0.2875  -0.328007  -0.301819  -0.209055  -0.050881  0.152727  0.374461  0.59014  0  0  0  0  0  0  0  0  0  0  0  0  0  0  0  0  0  0  0  0  0  0  0  0  0  0  0  0  0  0  0  0  0  0  0  0  0  0  0  0  0  0  0  0  0  0  0  0  0  0  0  0  0  0  0  0  0  0  0  0  0  0  0  0  0  0.04201100000000002
g  12  10  0.205296  0.260232  0.290256  0.287706  0.310479  0.374788  0.436612  0.493774  0.551133  0.605991  0.672408  0.775874  0.94011  1.159305  1.400918  1.61795  1.77476  1.854633  1.86021  1.811678  1.734648  1.64311  0  0  0  0  0  0  0  0  0  0  0  0  0  0  0  0  0  0  0  0  0  0  0  0  0  0  0  0  0  0  0  0  0  0  0  0  0  0  0  0  0  0  0  0  0  0  0  0  0  0  0  0  0  0  0  0  0  0  0  0  0  0  0  0  0  -0.019206999999999974
h  12  10  -0.847887  -0.840009  -0.792508  -0.707597  -0.549554  -0.343888  -0.173351  -0.0399  0.087292  0.227072  0.385882  0.545138  0.675272  0.746344  0.749206  0.700382  0.627879  0.548998  0.460427  0.346224  0.196463  0.01152  0  0  0  0  0  0  0  0  0  0  0  0  0  0  0  0  0  0  0  0  0  0  0  0  0  0  0  0  0  0  0  0  0  0  0  0  0  0  0  0  0  0  0  0  0  0  0  0  0  0  0  0  0  0  0  0  0  0  0  0  0  0  0  0  0  -0.039368999999999994
g  12  11  -0.894274  -0.968051  -0.99503  -0.943659  -0.77347  -0.530905  -0.257965  0.006785  0.249859  0.455438  0.60382  0.681448  0.675555  0.595984  0.472293  0.331951  0.186873  0.035523  -0.123774  -0.293339  -0.47493  -0.666976  0  0  0  0  0  0  0  0  0  0  0  0  0  0  0  0  0  0  0  0  0  0  0  0  0  0  0  0  0  0  0  0  0  0  0  0  0  0  0  0  0  0  0  0  0  0  0  0  0  0  0  0  0  0  0  0  0  0  0  0  0  0  0  0  0  -0.039085000000000036
h  12  11  -0.132433  -0.069838  0.138553  0.371484  0.58042  0.71157  0.755845  0.736556  0.65133  0.512482  0.331413  0.113199  -0.13178  -0.377811  -0.600899  -0.789515  -0.943954  -1.073971  -1.186389  -1.277235  -1.335344  -1.356356  0  0  0  0  0  0  0  0  0  0  0  0  0  0  0  0  0  0  0  0  0  0  0  0  0  0  0  0  0  0  0  0  0  0  0  0  0  0  0  0  0  0  0  0  0  0  0  0  0  0  0  0  0  0  0  0  0  0  0  0  0  0  0  0  0  -0.0009579999999997924
g  12  12  -0.153756  -0.216796  -0.124517  0.035933  0.144505  0.182827  0.190364  0.200821  0.222733  0.26603  0.328604  0.392202  0.440771  0.468009  0.469492  0.450671  0.420074  0.386828  0.35884  0.340261  0.329839  0.329377  0  0  0  0  0  0  0  0  0  0  0  0  0  0  0  0  0  0  0  0  0  0  0  0  0  0  0  0  0  0  0  0  0  0  0  0  0  0  0  0  0  0  0  0  0  0  0  0  0  0  0  0  0  0  0  0  0  0  0  0  0  0  0  0  0  0.0007099999999999884
h  12  12  0.932207  0.691961  0.691818  0.67029  0.609668  0.563741  0.555317  0.57719  0.636649  0.718231  0.815856  0.9237  1.040883  1.163802  1.283253  1.395926  1.503065  1.600684  1.681402  1.740219  1.78033  1.805504  0  0  0  0  0  0  0  0  0  0  0  0  0  0  0  0  0  0  0  0  0  0  0  0  0  0  0  0  0  0  0  0  0  0  0  0  0  0  0  0  0  0  0  0  0  0  0  0  0  0  0  0  0  0  0  0  0  0  0  0  0  0  0  0  0  0.0034890000000000754
g  13  0  -0.135777  0.000781  0.085665  0.14656  0.170359  0.166985  0.15209  0.143534  0.137632  0.096148  0.042843  -0.003575  -0.044381  -0.087671  -0.147057  -0.222728  -0.300429  -0.367041  -0.418931  -0.459503  -0.491678  -0.513063  0  0  0  0  0  0  0  0  0  0  0  0  0  0  0  0  0  0  0  0  0  0  0  0  0  0  0  0  0  0  0  0  0  0  0  0  0  0  0  0  0  0  0  0  0  0  0  0  0  0  0  0  0  0  0  0  0  0  0  0  0  0  0  0  0  -0.0031250000000000444
g  13  1  -0.833133  -0.808539  -0.833027  -0.834012  -0.78418  -0.719405  -0.641386  -0.568969  -0.514176  -0.467973  -0.438865  -0.441861  -0.456639  -0.460739  -0.442092  -0.39045  -0.29782  -0.162198  0.007556  0.191009  0.363685  0.507503  0  0  0  0  0  0  0  0  0  0  0  0  0  0  0  0  0  0  0  0  0  0  0  0  0  0  0  0  0  0  0  0  0  0  0  0  0  0  0  0  0  0  0  0  0  0  0  0  0  0  0  0  0  0  0  0  0  0  0  0  0  0  0  0  0  0.02593200000000001
h  13  1  -0.776882  -0.794878  -0.818545  -0.817064  -0.777535  -0.704044  -0.628323  -0.57475  -0.560493  -0.564813  -0.565679  -0.575234  -0.606515  -0.661955  -0.735104  -0.81612  -0.891275  -0.942765  -0.963048  -0.964072  -0.961128  -0.96333  0  0  0  0  0  0  0  0  0  0  0  0  0  0  0  0  0  0  0  0  0  0  0  0  0  0  0  0  0  0  0  0  0  0  0  0  0  0  0  0  0  0  0  0  0  0  0  0  0  0  0  0  0  0  0  0  0  0  0  0  0  0  0  0  0  -0.0008820000000000494
g  13  2  0.421719  0.5727  0.632035  0.672329  0.697815  0.726003  0.773458  0.819798  0.849284  0.873499  0.870157  0.82569  0.743812  0.634036  0.503272  0.366099  0.249264  0.175526  0.147952  0.154308  0.173869  0.193494  0  0  0  0  0  0  0  0  0  0  0  0  0  0  0  0  0  0  0  0  0  0  0  0  0  0  0  0  0  0  0  0  0  0  0  0  0  0  0  0  0  0  0  0  0  0  0  0  0  0  0  0  0  0  0  0  0  0  0  0  0  0  0  0  0  0.0036609999999999976
h  13  2  0.416821  0.493384  0.487156  0.446713  0.398429  0.318324  0.221506  0.132484  0.052197  -0.015081  -0.072257  -0.106911  -0.098164  -0.036264  0.065964  0.184567  0.30814  0.434535  0.560869  0.676911  0.770551  0.838198  0  0  0  0  0  0  0  0  0  0  0  0  0  0  0  0  0  0  0  0  0  0  0  0  0  0  0  0  0  0  0  0  0  0  0  0  0  0  0  0  0  0  0  0  0  0  0  0  0  0  0  0  0  0  0  0  0  0  0  0  0  0  0  0  0  0.01140399999999997
g  13  3  0.473072  0.557556  0.447907  0.307622  0.176244  0.059528  -0.020161  -0.0826  -0.139469  -0.192503  -0.230901  -0.252459  -0.259311  -0.260856  -0.262251  -0.260927  -0.248586  -0.217358  -0.163467  -0.096402  -0.034289  0.008734  0  0  0  0  0  0  0  0  0  0  0  0  0  0  0  0  0  0  0  0  0  0  0  0  0  0  0  0  0  0  0  0  0  0  0  0  0  0  0  0  0  0  0  0  0  0  0  0  0  0  0  0  0  0  0  0  0  0  0  0  0  0  0  0  0  0.006792
h  13  3  1.478069  1.380675  1.309742  1.237149  1.149614  1.080268  1.018422  0.955568  0.901944  0.84973  0.795915  0.766493  0.759051  0.766214  0.774865  0.775286  0.771835  0.774993  0.778126  0.76449  0.724595  0.659876  0  0  0  0  0  0  0  0  0  0  0  0  0  0  0  0  0  0  0  0  0  0  0  0  0  0  0  0  0  0  0  0  0  0  0  0  0  0  0  0  0  0  0  0  0  0  0  0  0  0  0  0  0  0  0  0  0  0  0  0  0  0  0  0  0  -0.01444499999999993
g  13  4  -0.515963  -0.274303  -0.223047  -0.147795  -0.067546  -0.022727  -0.041172  -0.099566  -0.187489  -0.299868  -0.417141  -0.531744  -0.622083  -0.670268  -0.672448  -0.64427  -0.609629  -0.585584  -0.57658  -0.579344  -0.597112  -0.635572  0  0  0  0  0  0  0  0  0  0  0  0  0  0  0  0  0  0  0  0  0  0  0  0  0  0  0  0  0  0  0  0  0  0  0  0  0  0  0  0  0  0  0  0  0  0  0  0  0  0  0  0  0  0  0  0  0  0  0  0  0  0  0  0  0  -0.009645000000000015
h  13  4  -0.460318  -0.391825  -0.378493  -0.342026  -0.330317  -0.341213  -0.361974  -0.388914  -0.414872  -0.439398  -0.468035  -0.489356  -0.492157  -0.467881  -0.418357  -0.356338  -0.299921  -0.258765  -0.229805  -0.2093  -0.193782  -0.182196  0  0  0  0  0  0  0  0  0  0  0  0  0  0  0  0  0  0  0  0  0  0  0  0  0  0  0  0  0  0  0  0  0  0  0  0  0  0  0  0  0  0  0  0  0  0  0  0  0  0  0  0  0  0  0  0  0  0  0  0  0  0  0  0  0  0.0018740000000000145
g  13  5  0.977598  0.742666  0.55952  0.418524  0.285339  0.196803  0.138968  0.116721  0.106915  0.092497  0.074301  0.035167  -0.026822  -0.105754  -0.20054  -0.30968  -0.423961  -0.524492  -0.592892  -0.624547  -0.634487  -0.642027  0  0  0  0  0  0  0  0  0  0  0  0  0  0  0  0  0  0  0  0  0  0  0  0  0  0  0  0  0  0  0  0  0  0  0  0  0  0  0  0  0  0  0  0  0  0  0  0  0  0  0  0  0  0  0  0  0  0  0  0  0  0  0  0  0  -0.002139000000000002
h  13  5  -1.04468  -1.417317  -1.55886  -1.664549  -1.705966  -1.667058  -1.542036  -1.355988  -1.128573  -0.897214  -0.667268  -0.453753  -0.269299  -0.106255  0.038433  0.173158  0.302377  0.415516  0.499266  0.548603  0.569214  0.574416  0  0  0  0  0  0  0  0  0  0  0  0  0  0  0  0  0  0  0  0  0  0  0  0  0  0  0  0  0  0  0  0  0  0  0  0  0  0  0  0  0  0  0  0  0  0  0  0  0  0  0  0  0  0  0  0  0  0  0  0  0  0  0  0  0  0.0005660000000000664
g  13  6  -0.352687  -0.237045  -0.270042  -0.332248  -0.376875  -0.394713  -0.378302  -0.345549  -0.316366  -0.276718  -0.21346  -0.132357  -0.034904  0.073394  0.187418  0.278312  0.314846  0.28394  0.196202  0.079322  -0.042637  -0.158411  0  0  0  0  0  0  0  0  0  0  0  0  0  0  0  0  0  0  0  0  0  0  0  0  0  0  0  0  0  0  0  0  0  0  0  0  0  0  0  0  0  0  0  0  0  0  0  0  0  0  0  0  0  0  0  0  0  0  0  0  0  0  0  0  0  -0.022347000000000006
h  13  6  -0.242006  -0.116534  -0.090791  -0.072953  -0.058017  -0.034755  -0.02202  -0.002623  0.016345  0.015867  -0.009523  -0.053173  -0.101343  -0.146995  -0.190071  -0.233385  -0.277955  -0.322477  -0.353983  -0.354816  -0.31464  -0.231554  0  0  0  0  0  0  0  0  0  0  0  0  0  0  0  0  0  0  0  0  0  0  0  0  0  0  0  0  0  0  0  0  0  0  0  0  0  0  0  0  0  0  0  0  0  0  0  0  0  0  0  0  0  0  0  0  0  0  0  0  0  0  0  0  0  0.01987999999999998
g  13  7  0.860195  0.660241  0.552601  0.424984  0.280343  0.157921  0.057161  -0.01548  -0.055473  -0.067272  -0.075058  -0.094947  -0.132442  -0.187803  -0.256553  -0.333589  -0.413528  -0.488328  -0.548573  -0.591587  -0.616535  -0.624046  0  0  0  0  0  0  0  0  0  0  0  0  0  0  0  0  0  0  0  0  0  0  0  0  0  0  0  0  0  0  0  0  0  0  0  0  0  0  0  0  0  0  0  0  0  0  0  0  0  0  0  0  0  0  0  0  0  0  0  0  0  0  0  0  0  -0.00024999999999997247
h  13  7  0.309898  0.413109  0.33606  0.25777  0.214141  0.20515  0.235368  0.267969  0.295253  0.30079  0.280175  0.247507  0.217285  0.197627  0.1993  0.224379  0.265243  0.308784  0.341204  0.358084  0.361894  0.353471  0  0  0  0  0  0  0  0  0  0  0  0  0  0  0  0  0  0  0  0  0  0  0  0  0  0  0  0  0  0  0  0  0  0  0  0  0  0  0  0  0  0  0  0  0  0  0  0  0  0  0  0  0  0  0  0  0  0  0  0  0  0  0  0  0  -0.0025220000000000242
g  13  8  -0.154094  -0.15285  -0.240608  -0.311846  -0.362185  -0.385758  -0.393931  -0.37776  -0.347701  -0.316601  -0.283755  -0.255775  -0.235771  -0.217606  -0.193911  -0.173341  -0.166346  -0.177142  -0.205609  -0.245416  -0.288575  -0.330014  0  0  0  0  0  0  0  0  0  0  0  0  0  0  0  0  0  0  0  0  0  0  0  0  0  0  0  0  0  0  0  0  0  0  0  0  0  0  0  0  0  0  0  0  0  0  0  0  0  0  0  0  0  0  0  0  0  0  0  0  0  0  0  0  0  -0.008057999999999954
h  13  8  -0.01491  -0.20369  -0.277796  -0.319142  -0.358536  -0.414307  -0.45771  -0.502863  -0.545874  -0.575797  -0.586753  -0.578727  -0.551731  -0.519176  -0.508388  -0.540322  -0.611195  -0.698105  -0.77739  -0.837021  -0.877225  -0.901491  0  0  0  0  0  0  0  0  0  0  0  0  0  0  0  0  0  0  0  0  0  0  0  0  0  0  0  0  0  0  0  0  0  0  0  0  0  0  0  0  0  0  0  0  0  0  0  0  0  0  0  0  0  0  0  0  0  0  0  0  0  0  0  0  0  -0.003634000000000026
g  13  9  0.346519  0.415228  0.44555  0.474866  0.505246  0.521352  0.526294  0.535405  0.541519  0.521187  0.484829  0.448753  0.416006  0.381777  0.343497  0.311581  0.294485  0.289369  0.283512  0.265685  0.231957  0.186907  0  0  0  0  0  0  0  0  0  0  0  0  0  0  0  0  0  0  0  0  0  0  0  0  0  0  0  0  0  0  0  0  0  0  0  0  0  0  0  0  0  0  0  0  0  0  0  0  0  0  0  0  0  0  0  0  0  0  0  0  0  0  0  0  0  -0.00958500000000001
h  13  9  0.374095  0.280503  0.198624  0.123641  0.05225  -0.013089  -0.051653  -0.065112  -0.068239  -0.048949  -0.001371  0.060451  0.124405  0.181636  0.229709  0.265885  0.28261  0.280641  0.265499  0.238755  0.205435  0.169684  0  0  0  0  0  0  0  0  0  0  0  0  0  0  0  0  0  0  0  0  0  0  0  0  0  0  0  0  0  0  0  0  0  0  0  0  0  0  0  0  0  0  0  0  0  0  0  0  0  0  0  0  0  0  0  0  0  0  0  0  0  0  0  0  0  -0.007168000000000008
g  13  10  0.119741  0.341911  0.445979  0.525774  0.576917  0.577699  0.542728  0.49403  0.453811  0.446719  0.470881  0.512287  0.574649  0.654227  0.739423  0.818465  0.880375  0.917163  0.929987  0.928807  0.921048  0.908135  0  0  0  0  0  0  0  0  0  0  0  0  0  0  0  0  0  0  0  0  0  0  0  0  0  0  0  0  0  0  0  0  0  0  0  0  0  0  0  0  0  0  0  0  0  0  0  0  0  0  0  0  0  0  0  0  0  0  0  0  0  0  0  0  0  -0.0031449999999999534
h  13  10  0.611718  0.499825  0.568975  0.610783  0.650129  0.684513  0.712235  0.737578  0.768136  0.792515  0.788142  0.757704  0.714156  0.669455  0.634891  0.613573  0.602172  0.594619  0.580893  0.548126  0.48812  0.397247  0  0  0  0  0  0  0  0  0  0  0  0  0  0  0  0  0  0  0  0  0  0  0  0  0  0  0  0  0  0  0  0  0  0  0  0  0  0  0  0  0  0  0  0  0  0  0  0  0  0  0  0  0  0  0  0  0  0  0  0  0  0  0  0  0  -0.02072299999999999
g  13  11  0.516412  0.560807  0.533318  0.487479  0.442674  0.390299  0.343097  0.304725  0.289947  0.297229  0.326895  0.372289  0.425342  0.478357  0.522627  0.552995  0.568365  0.573857  0.579119  0.589298  0.604116  0.619939  0  0  0  0  0  0  0  0  0  0  0  0  0  0  0  0  0  0  0  0  0  0  0  0  0  0  0  0  0  0  0  0  0  0  0  0  0  0  0  0  0  0  0  0  0  0  0  0  0  0  0  0  0  0  0  0  0  0  0  0  0  0  0  0  0  0.0029320000000000457
h  13  11  -0.219978  -0.2344  -0.237914  -0.231377  -0.203469  -0.149284  -0.094041  -0.038733  0.021526  0.080862  0.137076  0.186895  0.224209  0.238777  0.228994  0.202439  0.168736  0.132899  0.098363  0.07225  0.063734  0.075389  0  0  0  0  0  0  0  0  0  0  0  0  0  0  0  0  0  0  0  0  0  0  0  0  0  0  0  0  0  0  0  0  0  0  0  0  0  0  0  0  0  0  0  0  0  0  0  0  0  0  0  0  0  0  0  0  0  0  0  0  0  0  0  0  0  0.0038839999999999986
g  13  12  -0.282465  -0.427711  -0.438505  -0.386609  -0.278615  -0.125245  0.027306  0.144182  0.21115  0.226537  0.20112  0.149155  0.082657  0.012862  -0.048918  -0.098901  -0.139  -0.173704  -0.207242  -0.243512  -0.284826  -0.326524  0  0  0  0  0  0  0  0  0  0  0  0  0  0  0  0  0  0  0  0  0  0  0  0  0  0  0  0  0  0  0  0  0  0  0  0  0  0  0  0  0  0  0  0  0  0  0  0  0  0  0  0  0  0  0  0  0  0  0  0  0  0  0  0  0  -0.00808399999999998
h  13  12  -0.611133  -0.238579  -0.073597  0.10184  0.273981  0.389776  0.43204  0.424901  0.383202  0.333251  0.29973  0.285829  0.279077  0.267692  0.239535  0.186095  0.107292  0.009972  -0.091783  -0.181955  -0.244987  -0.271559  0  0  0  0  0  0  0  0  0  0  0  0  0  0  0  0  0  0  0  0  0  0  0  0  0  0  0  0  0  0  0  0  0  0  0  0  0  0  0  0  0  0  0  0  0  0  0  0  0  0  0  0  0  0  0  0  0  0  0  0  0  0  0  0  0  -0.0023299999999999987
g  13  13  -0.310614  -0.306518  -0.344191  -0.378659  -0.429088  -0.490533  -0.544424  -0.575722  -0.582862  -0.575129  -0.571923  -0.591316  -0.638015  -0.702609  -0.767613  -0.813987  -0.829479  -0.807774  -0.746444  -0.647774  -0.519611  -0.371041  0  0  0  0  0  0  0  0  0  0  0  0  0  0  0  0  0  0  0  0  0  0  0  0  0  0  0  0  0  0  0  0  0  0  0  0  0  0  0  0  0  0  0  0  0  0  0  0  0  0  0  0  0  0  0  0  0  0  0  0  0  0  0  0  0  0.030835
h  13  13  -0.643773  -0.53108  -0.419908  -0.310253  -0.227445  -0.142096  -0.034719  0.08126  0.186499  0.264381  0.308954  0.333478  0.365067  0.424263  0.513469  0.626877  0.753228  0.877262  0.98284  1.054133  1.076896  1.047257  0  0  0  0  0  0  0  0  0  0  0  0  0  0  0  0  0  0  0  0  0  0  0  0  0  0  0  0  0  0  0  0  0  0  0  0  0  0  0  0  0  0  0  0  0  0  0  0  0  0  0  0  0  0  0  0  0  0  0  0  0  0  0  0  0  -0.009872999999999799
