# 2019 MPG data assimilation forecast
# units of nT 
c/s d o  GUFM1  GUFM1  GUFM1  GUFM1  GUFM1  GUFM1  GUFM1  GUFM1  GUFM1  GUFM1  GUFM1  GUFM1  GUFM1  GUFM1  GUFM1  GUFM1  GUFM1  GUFM1  GUFM1  GUFM1  GUFM1  GUFM1  GUFM1  GUFM1  GUFM1  GUFM1  GUFM1  GUFM1  GUFM1  GUFM1  GUFM1  GUFM1  GUFM1  GUFM1  GUFM1  GUFM1  GUFM1  GUFM1  GUFM1  GUFM1  GUFM1  GUFM1  GUFM1  GUFM1  GUFM1  GUFM1  GUFM1  GUFM1  GUFM1  GUFM1  GUFM1  GUFM1  GUFM1  GUFM1  GUFM1  GUFM1  GUFM1  GUFM1  GUFM1  GUFM1  GUFM1  GUFM1   IGRF   IGRF   IGRF   IGRF   IGRF   IGRF   IGRF   IGRF   IGRF   DGRF   DGRF   DGRF   DGRF   DGRF   DGRF   DGRF   DGRF   DGRF   DGRF   DGRF   DGRF      DGRF      DGRF     DGRF     IGRF      SV
g/h n m 1590.0 1595.0 1600.0 1605.0 1610.0 1615.0 1620.0 1625.0 1630.0 1635.0 1640.0 1645.0 1650.0 1655.0 1660.0 1665.0 1670.0 1675.0 1680.0 1685.0 1690.0 1695.0 1700.0 1705.0 1710.0 1715.0 1720.0 1725.0 1730.0 1735.0 1740.0 1745.0 1750.0 1755.0 1760.0 1765.0 1770.0 1775.0 1780.0 1785.0 1790.0 1795.0 1800.0 1805.0 1810.0 1815.0 1820.0 1825.0 1830.0 1835.0 1840.0 1845.0 1850.0 1855.0 1860.0 1865.0 1870.0 1875.0 1880.0 1885.0 1890.0 1895.0 1900.0 1905.0 1910.0 1915.0 1920.0 1925.0 1930.0 1935.0 1940.0 1945.0 1950.0 1955.0 1960.0 1965.0 1970.0 1975.0 1980.0 1985.0 1990.0 1995.0 2000.0    2005.0    2010.0   2015.0   2020.0 2020-25
g  1  0  -29441.150609  -29404.260807  -29360.028868  -29304.649978  -29250.340208  -29205.624102  -29175.138134  -29153.366613  -29129.569076  -29112.493161  -29101.056966  -29095.069473  -29093.218761  -29091.779695  -29086.772344  -29076.578433  -29058.527537  -29030.680755  -28994.905769  -28954.47869  -28910.468449  -28862.693514  0  0  0  0  0  0  0  0  0  0  0  0  0  0  0  0  0  0  0  0  0  0  0  0  0  0  0  0  0  0  0  0  0  0  0  0  0  0  0  0  0  0  0  0  0  0  0  0  0  0  0  0  0  0  0  0  0  0  0  0  0  0  0  0  0  9.836701000000176
g  1  1  -1501.547537  -1451.437165  -1429.53924  -1413.426039  -1384.966195  -1362.502285  -1362.520424  -1377.555098  -1395.479256  -1414.170368  -1438.09529  -1469.943676  -1509.744741  -1558.918372  -1614.905359  -1670.975396  -1726.212699  -1781.775083  -1838.736834  -1897.000363  -1954.844534  -2009.151631  0  0  0  0  0  0  0  0  0  0  0  0  0  0  0  0  0  0  0  0  0  0  0  0  0  0  0  0  0  0  0  0  0  0  0  0  0  0  0  0  0  0  0  0  0  0  0  0  0  0  0  0  0  0  0  0  0  0  0  0  0  0  0  0  0  -10.383025999999973
h  1  1  4796.537204  4652.261685  4545.232522  4480.026443  4426.451978  4364.836731  4288.910219  4204.664623  4116.508929  4020.154171  3920.14951  3820.746843  3722.441015  3620.776501  3515.246544  3409.838273  3304.165401  3195.563738  3081.966901  2962.438671  2836.493801  2705.222266  0  0  0  0  0  0  0  0  0  0  0  0  0  0  0  0  0  0  0  0  0  0  0  0  0  0  0  0  0  0  0  0  0  0  0  0  0  0  0  0  0  0  0  0  0  0  0  0  0  0  0  0  0  0  0  0  0  0  0  0  0  0  0  0  0  -26.53483099999994
g  2  0  -2446.366184  -2500.039322  -2537.752115  -2565.060997  -2578.129206  -2586.791766  -2584.186086  -2573.547279  -2559.596586  -2546.427005  -2535.864477  -2528.960948  -2525.905888  -2522.580872  -2513.785648  -2500.526874  -2481.686815  -2456.478518  -2427.736289  -2398.819285  -2370.840643  -2344.613811  0  0  0  0  0  0  0  0  0  0  0  0  0  0  0  0  0  0  0  0  0  0  0  0  0  0  0  0  0  0  0  0  0  0  0  0  0  0  0  0  0  0  0  0  0  0  0  0  0  0  0  0  0  0  0  0  0  0  0  0  0  0  0  0  0  5.051496000000043
g  2  1  3012.227526  2982.24763  2939.836285  2887.090513  2824.988805  2753.517439  2688.807424  2631.144317  2574.064901  2512.139734  2448.516293  2390.652477  2339.187967  2289.505035  2241.643002  2200.396592  2165.78445  2134.603398  2103.44501  2072.074803  2042.042369  2015.851484  0  0  0  0  0  0  0  0  0  0  0  0  0  0  0  0  0  0  0  0  0  0  0  0  0  0  0  0  0  0  0  0  0  0  0  0  0  0  0  0  0  0  0  0  0  0  0  0  0  0  0  0  0  0  0  0  0  0  0  0  0  0  0  0  0  -4.79126999999994
h  2  1  -2845.12157  -2990.891603  -3126.205181  -3226.874039  -3311.070104  -3394.473897  -3483.445586  -3578.432024  -3675.410913  -3764.965689  -3845.317862  -3920.198835  -3993.691809  -4067.536225  -4143.202387  -4219.249371  -4292.394817  -4361.522337  -4428.456672  -4496.293331  -4567.303933  -4642.683987  0  0  0  0  0  0  0  0  0  0  0  0  0  0  0  0  0  0  0  0  0  0  0  0  0  0  0  0  0  0  0  0  0  0  0  0  0  0  0  0  0  0  0  0  0  0  0  0  0  0  0  0  0  0  0  0  0  0  0  0  0  0  0  0  0  -15.452203000000736
g  2  2  1676.242766  1676.495862  1657.13889  1626.059913  1591.748868  1553.059579  1503.821227  1437.009609  1353.663371  1260.050671  1160.448585  1056.911884  951.045118  845.238237  741.620379  638.663245  536.227256  435.500768  337.128011  241.918677  150.953078  64.197353  0  0  0  0  0  0  0  0  0  0  0  0  0  0  0  0  0  0  0  0  0  0  0  0  0  0  0  0  0  0  0  0  0  0  0  0  0  0  0  0  0  0  0  0  0  0  0  0  0  0  0  0  0  0  0  0  0  0  0  0  0  0  0  0  0  -17.06338199999999
h  2  2  -642.224636  -733.957004  -803.364927  -860.7627  -923.311687  -1007.261399  -1115.267415  -1234.567711  -1355.327208  -1479.887936  -1608.075045  -1737.783112  -1866.599235  -1992.275687  -2111.306289  -2220.429606  -2319.527168  -2410.158361  -2494.342096  -2572.990664  -2645.221009  -2708.791866  0  0  0  0  0  0  0  0  0  0  0  0  0  0  0  0  0  0  0  0  0  0  0  0  0  0  0  0  0  0  0  0  0  0  0  0  0  0  0  0  0  0  0  0  0  0  0  0  0  0  0  0  0  0  0  0  0  0  0  0  0  0  0  0  0  -11.941749000000073
g  3  0  1350.073952  1363.980769  1390.905171  1420.547757  1452.267823  1484.66152  1509.675274  1532.402368  1557.173752  1581.143275  1600.211046  1612.417292  1617.150746  1616.676575  1616.168393  1616.958285  1620.170583  1625.675604  1631.341088  1636.287802  1641.525869  1648.336306  0  0  0  0  0  0  0  0  0  0  0  0  0  0  0  0  0  0  0  0  0  0  0  0  0  0  0  0  0  0  0  0  0  0  0  0  0  0  0  0  0  0  0  0  0  0  0  0  0  0  0  0  0  0  0  0  0  0  0  0  0  0  0  0  0  1.5044429999998101
g  3  1  -2352.329257  -2381.261288  -2414.2873  -2452.593255  -2483.497883  -2511.121725  -2537.83731  -2559.241114  -2569.352588  -2568.036775  -2559.668175  -2546.440931  -2529.07784  -2510.149736  -2490.261427  -2468.443476  -2445.546759  -2423.182267  -2401.851992  -2380.488899  -2357.474927  -2330.269452  0  0  0  0  0  0  0  0  0  0  0  0  0  0  0  0  0  0  0  0  0  0  0  0  0  0  0  0  0  0  0  0  0  0  0  0  0  0  0  0  0  0  0  0  0  0  0  0  0  0  0  0  0  0  0  0  0  0  0  0  0  0  0  0  0  5.927486000000044
h  3  1  -115.185468  -81.450057  -64.778597  -56.122436  -47.609696  -45.152793  -42.362578  -38.212818  -34.79943  -36.115768  -40.744221  -45.278042  -48.099706  -47.844438  -41.516072  -29.140791  -9.941423  16.446621  47.605807  81.001442  116.670291  155.080405  0  0  0  0  0  0  0  0  0  0  0  0  0  0  0  0  0  0  0  0  0  0  0  0  0  0  0  0  0  0  0  0  0  0  0  0  0  0  0  0  0  0  0  0  0  0  0  0  0  0  0  0  0  0  0  0  0  0  0  0  0  0  0  0  0  7.908635000000004
g  3  2  1226.304378  1235.780038  1257.234993  1276.32956  1287.437728  1295.51718  1306.482846  1315.432954  1318.997062  1316.370823  1311.117102  1305.445077  1299.209851  1294.383235  1291.179478  1287.84726  1283.206509  1276.933064  1269.697657  1262.022899  1253.987466  1245.712767  0  0  0  0  0  0  0  0  0  0  0  0  0  0  0  0  0  0  0  0  0  0  0  0  0  0  0  0  0  0  0  0  0  0  0  0  0  0  0  0  0  0  0  0  0  0  0  0  0  0  0  0  0  0  0  0  0  0  0  0  0  0  0  0  0  -1.6698530000001028
h  3  2  245.002692  242.124735  230.906289  213.265708  193.183773  174.34618  161.408626  153.654535  150.923998  152.467728  156.994837  162.693489  166.52491  166.006679  162.277925  157.742003  152.640629  145.862207  137.245031  126.65706  114.387888  101.710096  0  0  0  0  0  0  0  0  0  0  0  0  0  0  0  0  0  0  0  0  0  0  0  0  0  0  0  0  0  0  0  0  0  0  0  0  0  0  0  0  0  0  0  0  0  0  0  0  0  0  0  0  0  0  0  0  0  0  0  0  0  0  0  0  0  -2.4973440000000124
g  3  3  582.112188  525.555156  476.325245  430.004834  389.54537  353.268872  320.753031  283.594763  236.736457  184.06382  128.469859  72.821147  16.300625  -41.670186  -101.481774  -164.241489  -229.783087  -296.218169  -361.939557  -426.142959  -489.349339  -553.487305  0  0  0  0  0  0  0  0  0  0  0  0  0  0  0  0  0  0  0  0  0  0  0  0  0  0  0  0  0  0  0  0  0  0  0  0  0  0  0  0  0  0  0  0  0  0  0  0  0  0  0  0  0  0  0  0  0  0  0  0  0  0  0  0  0  -12.956646999999975
h  3  3  -538.699056  -542.705659  -542.135364  -550.600284  -568.024025  -602.374074  -647.589244  -699.355712  -749.769972  -797.79488  -844.941746  -891.279929  -937.888776  -982.167957  -1022.471329  -1059.641211  -1093.160988  -1121.980136  -1145.643148  -1163.683942  -1176.09527  -1183.888532  0  0  0  0  0  0  0  0  0  0  0  0  0  0  0  0  0  0  0  0  0  0  0  0  0  0  0  0  0  0  0  0  0  0  0  0  0  0  0  0  0  0  0  0  0  0  0  0  0  0  0  0  0  0  0  0  0  0  0  0  0  0  0  0  0  -1.2479240000000118
g  4  0  907.723081  902.896795  905.962872  917.548862  932.72088  946.595517  956.840582  967.333109  975.247948  980.20531  984.433743  987.676855  989.047483  989.415548  989.949299  990.917336  992.51401  994.574914  996.403537  998.498709  1001.863578  1007.185395  0  0  0  0  0  0  0  0  0  0  0  0  0  0  0  0  0  0  0  0  0  0  0  0  0  0  0  0  0  0  0  0  0  0  0  0  0  0  0  0  0  0  0  0  0  0  0  0  0  0  0  0  0  0  0  0  0  0  0  0  0  0  0  0  0  1.2224469999999883
g  4  1  814.150498  809.540886  799.336598  784.342332  764.382913  742.302388  719.885024  698.018263  674.556884  650.01328  627.112683  607.129169  588.598112  569.440121  549.329722  529.778022  510.663243  491.603285  473.304377  456.644509  441.72871  428.565638  0  0  0  0  0  0  0  0  0  0  0  0  0  0  0  0  0  0  0  0  0  0  0  0  0  0  0  0  0  0  0  0  0  0  0  0  0  0  0  0  0  0  0  0  0  0  0  0  0  0  0  0  0  0  0  0  0  0  0  0  0  0  0  0  0  -2.4863129999999956
h  4  1  283.36072  281.624952  264.303608  239.461092  207.699871  173.145808  135.238886  91.808671  45.935561  2.218641  -37.736597  -76.484947  -115.628349  -153.233868  -186.938229  -216.582361  -240.588585  -258.141668  -270.96702  -280.936205  -289.146479  -296.713043  0  0  0  0  0  0  0  0  0  0  0  0  0  0  0  0  0  0  0  0  0  0  0  0  0  0  0  0  0  0  0  0  0  0  0  0  0  0  0  0  0  0  0  0  0  0  0  0  0  0  0  0  0  0  0  0  0  0  0  0  0  0  0  0  0  -1.5085380000000441
g  4  2  119.816847  85.316789  62.083271  44.381009  29.059976  19.502764  12.137594  7.798908  6.591009  9.088977  16.467232  27.319412  39.743486  52.874753  65.236925  76.207905  85.552879  92.589432  97.929442  102.551821  106.902924  111.513063  0  0  0  0  0  0  0  0  0  0  0  0  0  0  0  0  0  0  0  0  0  0  0  0  0  0  0  0  0  0  0  0  0  0  0  0  0  0  0  0  0  0  0  0  0  0  0  0  0  0  0  0  0  0  0  0  0  0  0  0  0  0  0  0  0  0.9479550000000074
h  4  2  -188.763494  -158.409507  -127.283914  -98.103162  -67.702834  -40.379613  -15.501547  12.896427  44.204555  76.1599  107.603982  137.756  166.18364  190.705452  212.144239  232.883343  253.196135  271.623124  287.524249  301.167197  312.879437  323.410114  0  0  0  0  0  0  0  0  0  0  0  0  0  0  0  0  0  0  0  0  0  0  0  0  0  0  0  0  0  0  0  0  0  0  0  0  0  0  0  0  0  0  0  0  0  0  0  0  0  0  0  0  0  0  0  0  0  0  0  0  0  0  0  0  0  2.0699970000000008
g  4  3  -334.928148  -309.507331  -281.967757  -257.753953  -229.222113  -198.575903  -165.902441  -131.896947  -96.513503  -59.858725  -20.831155  20.272064  62.803394  106.69924  150.492969  191.809681  229.345774  263.420015  294.485834  323.181013  349.502736  372.838091  0  0  0  0  0  0  0  0  0  0  0  0  0  0  0  0  0  0  0  0  0  0  0  0  0  0  0  0  0  0  0  0  0  0  0  0  0  0  0  0  0  0  0  0  0  0  0  0  0  0  0  0  0  0  0  0  0  0  0  0  0  0  0  0  0  4.404361999999992
h  4  3  180.876576  199.617053  211.258742  221.584445  235.223441  256.810653  285.369492  315.612902  344.512732  372.025847  396.60977  417.626282  433.978586  446.595493  455.798547  460.178621  459.539883  454.342432  445.634179  434.19753  420.971171  406.659176  0  0  0  0  0  0  0  0  0  0  0  0  0  0  0  0  0  0  0  0  0  0  0  0  0  0  0  0  0  0  0  0  0  0  0  0  0  0  0  0  0  0  0  0  0  0  0  0  0  0  0  0  0  0  0  0  0  0  0  0  0  0  0  0  0  -2.9517640000000256
g  4  4  70.791595  47.893875  27.633671  15.397529  10.102022  9.18574  4.964499  -4.767876  -21.590289  -45.034092  -71.375597  -101.354363  -133.954495  -170.12775  -210.151132  -252.563471  -296.422142  -341.252467  -386.630936  -432.449368  -478.267969  -523.377945  0  0  0  0  0  0  0  0  0  0  0  0  0  0  0  0  0  0  0  0  0  0  0  0  0  0  0  0  0  0  0  0  0  0  0  0  0  0  0  0  0  0  0  0  0  0  0  0  0  0  0  0  0  0  0  0  0  0  0  0  0  0  0  0  0  -8.929464999999936
h  4  4  -329.150826  -349.824651  -366.787051  -383.895414  -405.229672  -430.35061  -458.490861  -485.805461  -512.89527  -538.466405  -564.55122  -591.276995  -618.251508  -645.104955  -670.333459  -692.761618  -711.344738  -725.05012  -733.485596  -736.513141  -734.00666  -726.390191  0  0  0  0  0  0  0  0  0  0  0  0  0  0  0  0  0  0  0  0  0  0  0  0  0  0  0  0  0  0  0  0  0  0  0  0  0  0  0  0  0  0  0  0  0  0  0  0  0  0  0  0  0  0  0  0  0  0  0  0  0  0  0  0  0  1.9229290000000674
g  5  0  -232.675766  -233.841824  -228.569019  -222.41585  -215.133745  -208.617684  -203.068992  -197.456046  -190.388412  -181.356656  -171.174649  -161.02009  -151.969267  -144.418874  -137.999283  -131.969934  -126.148897  -120.89388  -116.412448  -112.507632  -109.049117  -105.437115  0  0  0  0  0  0  0  0  0  0  0  0  0  0  0  0  0  0  0  0  0  0  0  0  0  0  0  0  0  0  0  0  0  0  0  0  0  0  0  0  0  0  0  0  0  0  0  0  0  0  0  0  0  0  0  0  0  0  0  0  0  0  0  0  0  0.7649149999999878
g  5  1  360.196289  363.498234  367.033651  367.459025  365.430084  362.875633  358.94426  352.974159  345.928887  338.163877  329.167208  320.112053  312.077907  305.379217  299.279691  293.665276  288.565885  284.02802  280.400518  277.729278  275.588174  273.779003  0  0  0  0  0  0  0  0  0  0  0  0  0  0  0  0  0  0  0  0  0  0  0  0  0  0  0  0  0  0  0  0  0  0  0  0  0  0  0  0  0  0  0  0  0  0  0  0  0  0  0  0  0  0  0  0  0  0  0  0  0  0  0  0  0  -0.3301579999999831
h  5  1  46.733059  47.440246  44.822597  41.512583  36.922459  31.505144  23.975881  17.401159  9.626241  -0.735713  -13.139767  -27.906723  -43.993667  -60.365643  -75.443717  -88.853483  -100.409181  -110.470703  -119.771987  -128.882629  -137.646066  -145.650899  0  0  0  0  0  0  0  0  0  0  0  0  0  0  0  0  0  0  0  0  0  0  0  0  0  0  0  0  0  0  0  0  0  0  0  0  0  0  0  0  0  0  0  0  0  0  0  0  0  0  0  0  0  0  0  0  0  0  0  0  0  0  0  0  0  -1.532744000000008
g  5  2  192.473355  187.798217  190.548306  198.07586  204.416296  210.163495  215.520541  218.933304  218.314151  214.220868  208.788088  204.392233  201.610442  199.630703  196.872322  192.899901  187.42071  180.267286  172.134802  163.67308  155.14087  147.190742  0  0  0  0  0  0  0  0  0  0  0  0  0  0  0  0  0  0  0  0  0  0  0  0  0  0  0  0  0  0  0  0  0  0  0  0  0  0  0  0  0  0  0  0  0  0  0  0  0  0  0  0  0  0  0  0  0  0  0  0  0  0  0  0  0  -1.5090720000000033
h  5  2  196.789868  208.291846  221.525176  230.765537  232.866219  229.511604  223.108926  215.358358  209.968593  208.089571  208.476952  209.192991  208.993892  206.305483  201.097913  194.483632  186.103708  175.032671  161.945391  148.196261  134.208598  120.481658  0  0  0  0  0  0  0  0  0  0  0  0  0  0  0  0  0  0  0  0  0  0  0  0  0  0  0  0  0  0  0  0  0  0  0  0  0  0  0  0  0  0  0  0  0  0  0  0  0  0  0  0  0  0  0  0  0  0  0  0  0  0  0  0  0  -2.6809810000000027
g  5  3  -141.208709  -140.209346  -135.976129  -132.623251  -132.939292  -131.704541  -127.296656  -121.426901  -113.247385  -104.249649  -94.618546  -84.519609  -74.21739  -63.038091  -51.589656  -41.012707  -30.836585  -19.782219  -7.582709  5.199595  17.964558  30.24143  0  0  0  0  0  0  0  0  0  0  0  0  0  0  0  0  0  0  0  0  0  0  0  0  0  0  0  0  0  0  0  0  0  0  0  0  0  0  0  0  0  0  0  0  0  0  0  0  0  0  0  0  0  0  0  0  0  0  0  0  0  0  0  0  0  2.390188000000002
h  5  3  -119.08739  -121.123151  -123.789809  -122.79013  -119.22156  -114.760697  -110.286221  -102.516718  -92.858858  -82.507033  -71.134481  -59.175241  -46.259417  -32.726731  -19.16981  -6.490561  4.622458  14.172302  22.872121  31.428396  40.399531  50.114811  0  0  0  0  0  0  0  0  0  0  0  0  0  0  0  0  0  0  0  0  0  0  0  0  0  0  0  0  0  0  0  0  0  0  0  0  0  0  0  0  0  0  0  0  0  0  0  0  0  0  0  0  0  0  0  0  0  0  0  0  0  0  0  0  0  2.0093200000000024
g  5  4  -157.635873  -151.103301  -143.066753  -132.214964  -121.320138  -112.740787  -105.984203  -100.659463  -96.094104  -92.374831  -89.199463  -86.321756  -83.612744  -81.590187  -80.2839  -78.975431  -77.640217  -76.720787  -76.675626  -77.632244  -79.571407  -82.389719  0  0  0  0  0  0  0  0  0  0  0  0  0  0  0  0  0  0  0  0  0  0  0  0  0  0  0  0  0  0  0  0  0  0  0  0  0  0  0  0  0  0  0  0  0  0  0  0  0  0  0  0  0  0  0  0  0  0  0  0  0  0  0  0  0  -0.6200709999999958
h  5  4  15.987939  32.380022  47.392072  59.64125  70.824233  82.538241  93.966374  103.978981  112.107415  119.790553  127.323136  134.504005  140.323626  144.890822  148.052447  149.696928  150.311757  150.640914  151.497033  153.643842  157.324513  162.153397  0  0  0  0  0  0  0  0  0  0  0  0  0  0  0  0  0  0  0  0  0  0  0  0  0  0  0  0  0  0  0  0  0  0  0  0  0  0  0  0  0  0  0  0  0  0  0  0  0  0  0  0  0  0  0  0  0  0  0  0  0  0  0  0  0  1.03425900000002
g  5  5  4.339347  13.854058  28.656137  47.857431  68.330824  86.943628  100.173784  106.37173  105.879731  100.003798  89.787669  75.753018  58.489189  39.472403  20.049454  0.699958  -18.127569  -36.257604  -53.532029  -69.717111  -84.56923  -97.816342  0  0  0  0  0  0  0  0  0  0  0  0  0  0  0  0  0  0  0  0  0  0  0  0  0  0  0  0  0  0  0  0  0  0  0  0  0  0  0  0  0  0  0  0  0  0  0  0  0  0  0  0  0  0  0  0  0  0  0  0  0  0  0  0  0  -2.5137280000000004
h  5  5  100.281707  98.979152  101.696145  101.22996  96.752843  86.954141  70.612737  50.536572  29.025155  6.176881  -16.563852  -37.92285  -56.961698  -73.153789  -86.192375  -95.52071  -101.045194  -103.130401  -102.074107  -98.285669  -91.9066  -82.845529  0  0  0  0  0  0  0  0  0  0  0  0  0  0  0  0  0  0  0  0  0  0  0  0  0  0  0  0  0  0  0  0  0  0  0  0  0  0  0  0  0  0  0  0  0  0  0  0  0  0  0  0  0  0  0  0  0  0  0  0  0  0  0  0  0  2.0268410000000046
g  6  0  69.798137  66.360649  65.937078  66.222834  66.809577  66.340235  65.795473  64.562835  61.99735  58.456761  54.867938  52.674504  52.040211  52.648765  54.091519  56.717985  60.502784  64.886766  69.240508  73.217741  76.348546  78.458175  0  0  0  0  0  0  0  0  0  0  0  0  0  0  0  0  0  0  0  0  0  0  0  0  0  0  0  0  0  0  0  0  0  0  0  0  0  0  0  0  0  0  0  0  0  0  0  0  0  0  0  0  0  0  0  0  0  0  0  0  0  0  0  0  0  0.34336700000000064
g  6  1  67.745799  65.726565  64.04182  60.444466  57.194104  55.196711  55.629036  56.886809  57.754076  58.940464  61.727434  65.923475  70.997722  76.197965  80.496048  83.633784  85.798888  87.294948  88.583335  89.892907  91.085028  91.86496  0  0  0  0  0  0  0  0  0  0  0  0  0  0  0  0  0  0  0  0  0  0  0  0  0  0  0  0  0  0  0  0  0  0  0  0  0  0  0  0  0  0  0  0  0  0  0  0  0  0  0  0  0  0  0  0  0  0  0  0  0  0  0  0  0  0.10964099999999632
h  6  1  -20.85103  -19.427635  -25.48118  -38.44186  -52.649826  -65.357998  -77.348238  -89.663522  -102.000806  -113.035524  -122.750357  -131.950401  -141.766402  -152.344588  -162.529717  -171.457359  -178.668513  -183.82183  -186.791952  -187.697146  -186.959951  -184.86366  0  0  0  0  0  0  0  0  0  0  0  0  0  0  0  0  0  0  0  0  0  0  0  0  0  0  0  0  0  0  0  0  0  0  0  0  0  0  0  0  0  0  0  0  0  0  0  0  0  0  0  0  0  0  0  0  0  0  0  0  0  0  0  0  0  0.5224449999999763
g  6  2  72.724431  72.774277  71.244233  65.952611  58.734916  52.551724  46.775246  39.649008  32.370932  26.491944  22.743047  21.364771  21.543115  22.249419  22.499918  22.407052  22.12388  21.573215  20.914534  20.499938  20.329151  20.537705  0  0  0  0  0  0  0  0  0  0  0  0  0  0  0  0  0  0  0  0  0  0  0  0  0  0  0  0  0  0  0  0  0  0  0  0  0  0  0  0  0  0  0  0  0  0  0  0  0  0  0  0  0  0  0  0  0  0  0  0  0  0  0  0  0  0.08769099999999952
h  6  2  33.142386  25.262582  18.14297  10.214234  3.110836  -2.354358  -7.041894  -8.454263  -6.631537  -2.924391  1.351325  5.466475  8.541307  9.448512  7.744386  4.246489  -0.420732  -6.240685  -12.706862  -19.359013  -26.258119  -33.188592  0  0  0  0  0  0  0  0  0  0  0  0  0  0  0  0  0  0  0  0  0  0  0  0  0  0  0  0  0  0  0  0  0  0  0  0  0  0  0  0  0  0  0  0  0  0  0  0  0  0  0  0  0  0  0  0  0  0  0  0  0  0  0  0  0  -1.3630269999999989
g  6  3  -129.803095  -121.406618  -108.688822  -96.12076  -83.486288  -72.3597  -61.628236  -50.769974  -40.733919  -32.18678  -25.25899  -18.997266  -12.736815  -5.889438  0.954975  6.615644  11.39307  16.169051  20.878759  25.053768  28.210663  29.875779  0  0  0  0  0  0  0  0  0  0  0  0  0  0  0  0  0  0  0  0  0  0  0  0  0  0  0  0  0  0  0  0  0  0  0  0  0  0  0  0  0  0  0  0  0  0  0  0  0  0  0  0  0  0  0  0  0  0  0  0  0  0  0  0  0  0.19633400000000023
h  6  3  58.849279  52.826907  47.744192  44.652144  41.397776  37.505011  33.560058  28.522739  23.627311  20.113978  18.662256  18.95996  20.600642  23.547504  27.532956  32.23249  37.205542  42.33036  48.000583  54.516253  61.991503  70.601208  0  0  0  0  0  0  0  0  0  0  0  0  0  0  0  0  0  0  0  0  0  0  0  0  0  0  0  0  0  0  0  0  0  0  0  0  0  0  0  0  0  0  0  0  0  0  0  0  0  0  0  0  0  0  0  0  0  0  0  0  0  0  0  0  0  1.8170439999999957
g  6  4  -28.757121  -35.954526  -42.26332  -49.334926  -56.242037  -62.701684  -66.163803  -69.652137  -72.648106  -74.753409  -76.299088  -76.73944  -75.804886  -73.534604  -70.047008  -65.251626  -59.308761  -52.610296  -45.929458  -39.771736  -34.561673  -30.682638  0  0  0  0  0  0  0  0  0  0  0  0  0  0  0  0  0  0  0  0  0  0  0  0  0  0  0  0  0  0  0  0  0  0  0  0  0  0  0  0  0  0  0  0  0  0  0  0  0  0  0  0  0  0  0  0  0  0  0  0  0  0  0  0  0  0.6514880000000005
h  6  4  -66.454327  -64.652544  -61.80912  -57.150655  -54.267117  -51.990057  -50.807451  -49.605386  -46.341748  -41.604993  -34.842874  -26.085397  -15.984241  -5.235825  4.897295  13.395234  20.314169  25.804748  29.962789  32.725797  34.01764  33.834036  0  0  0  0  0  0  0  0  0  0  0  0  0  0  0  0  0  0  0  0  0  0  0  0  0  0  0  0  0  0  0  0  0  0  0  0  0  0  0  0  0  0  0  0  0  0  0  0  0  0  0  0  0  0  0  0  0  0  0  0  0  0  0  0  0  -0.15358900000000375
g  6  5  13.080548  13.259555  10.934774  8.799502  6.309185  4.325063  3.960944  4.799113  6.481453  8.552614  10.514596  11.415113  11.104411  9.426191  6.454374  2.18659  -3.454517  -10.66763  -19.490532  -29.967125  -42.030198  -55.406286  0  0  0  0  0  0  0  0  0  0  0  0  0  0  0  0  0  0  0  0  0  0  0  0  0  0  0  0  0  0  0  0  0  0  0  0  0  0  0  0  0  0  0  0  0  0  0  0  0  0  0  0  0  0  0  0  0  0  0  0  0  0  0  0  0  -2.7683620000000033
h  6  5  7.084842  8.957433  8.626482  7.069243  7.124873  7.8731  7.471664  5.454763  1.187358  -4.948751  -12.880016  -22.528819  -33.684633  -46.250926  -59.780262  -73.47565  -86.982431  -100.499956  -114.266727  -128.26998  -142.15765  -155.446997  0  0  0  0  0  0  0  0  0  0  0  0  0  0  0  0  0  0  0  0  0  0  0  0  0  0  0  0  0  0  0  0  0  0  0  0  0  0  0  0  0  0  0  0  0  0  0  0  0  0  0  0  0  0  0  0  0  0  0  0  0  0  0  0  0  -2.5871130000000164
g  6  6  -71.145394  -64.484298  -54.274098  -39.51012  -23.771485  -9.617428  1.436708  8.333634  11.080391  10.576507  8.071517  3.680593  -2.37232  -9.378507  -16.987173  -25.021426  -33.26911  -41.398698  -49.19208  -56.424602  -63.0455  -69.242089  0  0  0  0  0  0  0  0  0  0  0  0  0  0  0  0  0  0  0  0  0  0  0  0  0  0  0  0  0  0  0  0  0  0  0  0  0  0  0  0  0  0  0  0  0  0  0  0  0  0  0  0  0  0  0  0  0  0  0  0  0  0  0  0  0  -1.2121910000000042
h  6  6  62.631321  68.174928  75.700348  81.4571  83.959127  81.721733  74.75152  64.831813  53.940828  43.098644  32.697194  23.185479  15.180349  9.090148  5.180848  3.425878  3.72264  5.903691  9.822659  15.401668  22.54368  31.104613  0  0  0  0  0  0  0  0  0  0  0  0  0  0  0  0  0  0  0  0  0  0  0  0  0  0  0  0  0  0  0  0  0  0  0  0  0  0  0  0  0  0  0  0  0  0  0  0  0  0  0  0  0  0  0  0  0  0  0  0  0  0  0  0  0  1.8132480000000015
g  7  0  81.184776  80.530437  80.492186  78.715437  75.40125  70.505693  64.548489  57.688561  51.098368  45.624614  41.332057  38.111922  35.874825  34.177139  32.425631  30.491624  28.400265  26.22104  24.067735  21.87311  19.34419  16.487395  0  0  0  0  0  0  0  0  0  0  0  0  0  0  0  0  0  0  0  0  0  0  0  0  0  0  0  0  0  0  0  0  0  0  0  0  0  0  0  0  0  0  0  0  0  0  0  0  0  0  0  0  0  0  0  0  0  0  0  0  0  0  0  0  0  -0.5881340000000002
g  7  1  -75.86571  -76.740757  -78.012988  -79.790585  -81.542826  -82.088426  -82.622943  -83.584431  -85.292683  -87.516234  -90.042612  -92.422967  -94.01071  -94.623472  -94.711529  -94.584072  -93.945175  -92.604928  -90.552511  -87.85508  -84.67355  -81.172118  0  0  0  0  0  0  0  0  0  0  0  0  0  0  0  0  0  0  0  0  0  0  0  0  0  0  0  0  0  0  0  0  0  0  0  0  0  0  0  0  0  0  0  0  0  0  0  0  0  0  0  0  0  0  0  0  0  0  0  0  0  0  0  0  0  0.7245580000000018
h  7  1  -54.270036  -51.732366  -49.568799  -47.478109  -44.510568  -40.640008  -35.86978  -30.017074  -24.199321  -18.677437  -13.291051  -8.175595  -3.797877  -0.364456  2.430017  5.194163  8.041654  10.764147  13.296339  15.739049  17.925559  19.815607  0  0  0  0  0  0  0  0  0  0  0  0  0  0  0  0  0  0  0  0  0  0  0  0  0  0  0  0  0  0  0  0  0  0  0  0  0  0  0  0  0  0  0  0  0  0  0  0  0  0  0  0  0  0  0  0  0  0  0  0  0  0  0  0  0  0.3645770000000006
g  7  2  -6.716124  -8.103617  -7.063518  -5.142326  -3.51175  -2.520978  -1.38331  -0.609017  -0.69262  -1.413243  -2.052365  -1.672468  -0.213366  1.723772  3.169003  3.880599  3.906691  3.317161  2.027784  -0.119084  -3.198434  -7.040502  0  0  0  0  0  0  0  0  0  0  0  0  0  0  0  0  0  0  0  0  0  0  0  0  0  0  0  0  0  0  0  0  0  0  0  0  0  0  0  0  0  0  0  0  0  0  0  0  0  0  0  0  0  0  0  0  0  0  0  0  0  0  0  0  0  -0.8123180000000003
h  7  2  -19.552689  -16.74361  -15.2142  -15.49502  -16.473764  -17.928358  -19.087044  -20.032862  -20.183649  -18.501092  -15.538331  -11.850541  -8.211766  -5.234703  -3.2403  -1.895878  -1.079953  -1.042155  -1.730007  -2.915264  -4.467365  -6.196993  0  0  0  0  0  0  0  0  0  0  0  0  0  0  0  0  0  0  0  0  0  0  0  0  0  0  0  0  0  0  0  0  0  0  0  0  0  0  0  0  0  0  0  0  0  0  0  0  0  0  0  0  0  0  0  0  0  0  0  0  0  0  0  0  0  -0.3483150000000004
g  7  3  51.837025  56.583469  59.88772  61.92981  62.580751  62.354681  62.656312  63.36808  64.994245  67.76898  71.028394  74.403796  77.584303  80.503735  82.724041  83.427985  82.792232  81.389576  79.424222  76.961277  74.075462  70.595494  0  0  0  0  0  0  0  0  0  0  0  0  0  0  0  0  0  0  0  0  0  0  0  0  0  0  0  0  0  0  0  0  0  0  0  0  0  0  0  0  0  0  0  0  0  0  0  0  0  0  0  0  0  0  0  0  0  0  0  0  0  0  0  0  0  -0.7613529999999997
h  7  3  5.36541  2.464478  1.579217  0.151372  -0.847624  -0.724627  1.163604  4.96798  10.593254  16.793787  23.113168  29.34362  34.8835  39.318742  42.274646  44.066587  45.019281  45.318278  45.195244  44.817698  44.158951  43.313139  0  0  0  0  0  0  0  0  0  0  0  0  0  0  0  0  0  0  0  0  0  0  0  0  0  0  0  0  0  0  0  0  0  0  0  0  0  0  0  0  0  0  0  0  0  0  0  0  0  0  0  0  0  0  0  0  0  0  0  0  0  0  0  0  0  -0.17338399999999865
g  7  4  14.961781  15.783646  18.591861  21.488197  23.990482  24.822058  24.671252  23.503514  21.181242  17.690547  13.698032  9.804297  6.081745  2.339581  -1.112842  -3.763612  -5.522085  -6.522187  -7.103694  -7.401799  -7.414704  -7.147941  0  0  0  0  0  0  0  0  0  0  0  0  0  0  0  0  0  0  0  0  0  0  0  0  0  0  0  0  0  0  0  0  0  0  0  0  0  0  0  0  0  0  0  0  0  0  0  0  0  0  0  0  0  0  0  0  0  0  0  0  0  0  0  0  0  0.0757209999999997
h  7  4  24.730075  23.650734  24.005582  24.115691  22.523389  19.565349  16.957481  15.228255  14.608921  15.247854  17.182858  20.217703  24.241926  29.361802  35.286603  41.252177  47.065971  52.798238  58.188372  62.960926  67.03165  70.401396  0  0  0  0  0  0  0  0  0  0  0  0  0  0  0  0  0  0  0  0  0  0  0  0  0  0  0  0  0  0  0  0  0  0  0  0  0  0  0  0  0  0  0  0  0  0  0  0  0  0  0  0  0  0  0  0  0  0  0  0  0  0  0  0  0  0.6177410000000094
g  7  5  9.362249  6.114075  0.97419  -4.777748  -10.168731  -15.490515  -19.857113  -22.769036  -25.386456  -27.59051  -29.805832  -32.338225  -35.143084  -38.323818  -41.876358  -45.729091  -49.892165  -54.373058  -58.917556  -63.281911  -67.419509  -71.225577  0  0  0  0  0  0  0  0  0  0  0  0  0  0  0  0  0  0  0  0  0  0  0  0  0  0  0  0  0  0  0  0  0  0  0  0  0  0  0  0  0  0  0  0  0  0  0  0  0  0  0  0  0  0  0  0  0  0  0  0  0  0  0  0  0  -0.7279340000000047
h  7  5  3.58555  -2.230272  -7.479303  -12.583458  -17.682809  -22.058794  -25.006383  -27.61365  -30.162285  -32.638507  -34.83755  -36.554623  -37.89344  -39.214037  -40.405082  -40.95943  -40.747615  -39.901086  -38.623908  -37.147669  -35.583236  -33.892734  0  0  0  0  0  0  0  0  0  0  0  0  0  0  0  0  0  0  0  0  0  0  0  0  0  0  0  0  0  0  0  0  0  0  0  0  0  0  0  0  0  0  0  0  0  0  0  0  0  0  0  0  0  0  0  0  0  0  0  0  0  0  0  0  0  0.3480249999999998
g  7  6  -3.118815  -7.470645  -11.587781  -15.929391  -20.366597  -24.153904  -26.574441  -27.46657  -26.899815  -24.938744  -21.852384  -18.143748  -14.198621  -10.334794  -6.879585  -4.137843  -2.124617  -0.661071  0.428196  1.195745  1.534768  1.286667  0  0  0  0  0  0  0  0  0  0  0  0  0  0  0  0  0  0  0  0  0  0  0  0  0  0  0  0  0  0  0  0  0  0  0  0  0  0  0  0  0  0  0  0  0  0  0  0  0  0  0  0  0  0  0  0  0  0  0  0  0  0  0  0  0  -0.09939000000000009
h  7  6  -27.302761  -27.255531  -26.812325  -25.634909  -22.736309  -18.849157  -14.449728  -10.033721  -6.323613  -3.971996  -3.237632  -4.300531  -6.924971  -10.591468  -14.822339  -19.320007  -23.941719  -28.52839  -32.788077  -36.576267  -39.828093  -42.491794  0  0  0  0  0  0  0  0  0  0  0  0  0  0  0  0  0  0  0  0  0  0  0  0  0  0  0  0  0  0  0  0  0  0  0  0  0  0  0  0  0  0  0  0  0  0  0  0  0  0  0  0  0  0  0  0  0  0  0  0  0  0  0  0  0  -0.4846769999999978
g  7  7  6.719742  9.600999  12.391122  15.26387  18.240903  21.036514  22.57635  22.224613  19.993344  16.230872  11.565853  6.35773  0.728854  -5.021045  -10.548998  -15.548601  -19.770321  -22.911527  -24.789056  -25.3374  -24.552238  -22.436315  0  0  0  0  0  0  0  0  0  0  0  0  0  0  0  0  0  0  0  0  0  0  0  0  0  0  0  0  0  0  0  0  0  0  0  0  0  0  0  0  0  0  0  0  0  0  0  0  0  0  0  0  0  0  0  0  0  0  0  0  0  0  0  0  0  0.5301459999999985
h  7  7  -1.958372  -1.749212  -0.927307  -0.013576  -0.08037  -2.241508  -6.420666  -11.612486  -16.889122  -21.70671  -25.853553  -29.168166  -31.297375  -31.820724  -30.554457  -27.495174  -22.772337  -16.669362  -9.591226  -1.987514  5.627112  12.734641  0  0  0  0  0  0  0  0  0  0  0  0  0  0  0  0  0  0  0  0  0  0  0  0  0  0  0  0  0  0  0  0  0  0  0  0  0  0  0  0  0  0  0  0  0  0  0  0  0  0  0  0  0  0  0  0  0  0  0  0  0  0  0  0  0  1.3593159999999997
g  8  0  24.056604  23.801659  25.114194  26.636627  28.04966  28.851041  29.265963  29.65498  29.460937  29.098387  28.876103  28.979648  29.57422  30.572315  31.6697  32.863086  34.297622  36.049281  38.034126  40.033043  41.815422  43.36897  0  0  0  0  0  0  0  0  0  0  0  0  0  0  0  0  0  0  0  0  0  0  0  0  0  0  0  0  0  0  0  0  0  0  0  0  0  0  0  0  0  0  0  0  0  0  0  0  0  0  0  0  0  0  0  0  0  0  0  0  0  0  0  0  0  0.29720099999999405
g  8  1  8.777994  10.069914  12.142499  14.950919  17.949519  20.501167  22.919243  24.820187  26.285926  27.548139  28.760016  29.789883  30.768347  31.76816  32.546823  32.922834  33.003013  32.8672  32.594582  32.186133  31.561691  30.56229  0  0  0  0  0  0  0  0  0  0  0  0  0  0  0  0  0  0  0  0  0  0  0  0  0  0  0  0  0  0  0  0  0  0  0  0  0  0  0  0  0  0  0  0  0  0  0  0  0  0  0  0  0  0  0  0  0  0  0  0  0  0  0  0  0  -0.23951399999999978
h  8  1  9.983874  8.55774  7.761618  6.711689  5.70677  4.815341  3.788441  2.222783  0.695338  -0.344787  -1.005396  -1.568465  -2.471642  -4.051363  -6.195608  -8.411342  -10.50588  -12.382985  -13.896762  -15.082119  -16.228343  -17.412973  0  0  0  0  0  0  0  0  0  0  0  0  0  0  0  0  0  0  0  0  0  0  0  0  0  0  0  0  0  0  0  0  0  0  0  0  0  0  0  0  0  0  0  0  0  0  0  0  0  0  0  0  0  0  0  0  0  0  0  0  0  0  0  0  0  -0.23384000000000071
g  8  2  -17.121362  -17.397509  -18.216663  -19.644141  -20.837547  -21.594107  -22.18444  -23.011211  -23.846239  -24.523632  -24.887335  -24.95495  -24.650405  -24.206772  -24.030677  -24.187445  -24.435035  -24.557581  -24.557859  -24.568657  -24.701357  -25.01554  0  0  0  0  0  0  0  0  0  0  0  0  0  0  0  0  0  0  0  0  0  0  0  0  0  0  0  0  0  0  0  0  0  0  0  0  0  0  0  0  0  0  0  0  0  0  0  0  0  0  0  0  0  0  0  0  0  0  0  0  0  0  0  0  0  -0.07820200000000099
h  8  2  -18.626493  -15.831519  -16.579391  -18.127393  -19.870663  -21.17561  -21.865321  -21.584102  -20.067801  -17.828405  -15.303343  -12.53906  -9.642822  -6.915676  -4.577684  -2.548642  -0.608943  1.205377  2.741241  3.931701  4.814456  5.535519  0  0  0  0  0  0  0  0  0  0  0  0  0  0  0  0  0  0  0  0  0  0  0  0  0  0  0  0  0  0  0  0  0  0  0  0  0  0  0  0  0  0  0  0  0  0  0  0  0  0  0  0  0  0  0  0  0  0  0  0  0  0  0  0  0  0.13692800000000016
g  8  3  -3.233331  -0.743952  2.301561  5.657165  8.740234  10.741343  12.248675  14.166199  15.827722  16.901139  17.446105  17.623754  17.865847  18.334783  18.850151  19.14776  19.245346  19.315476  19.34956  19.30478  19.186413  18.846948  0  0  0  0  0  0  0  0  0  0  0  0  0  0  0  0  0  0  0  0  0  0  0  0  0  0  0  0  0  0  0  0  0  0  0  0  0  0  0  0  0  0  0  0  0  0  0  0  0  0  0  0  0  0  0  0  0  0  0  0  0  0  0  0  0  -0.09758099999999814
h  8  3  13.459917  13.062036  14.069355  15.953476  18.386051  21.092418  23.945681  26.143443  27.637425  29.398409  31.519843  33.82927  35.974508  37.537999  38.322647  38.508045  38.091877  37.080121  35.609037  33.820565  31.792939  29.606188  0  0  0  0  0  0  0  0  0  0  0  0  0  0  0  0  0  0  0  0  0  0  0  0  0  0  0  0  0  0  0  0  0  0  0  0  0  0  0  0  0  0  0  0  0  0  0  0  0  0  0  0  0  0  0  0  0  0  0  0  0  0  0  0  0  -0.44563499999999934
g  8  4  -20.614767  -21.152393  -23.448617  -24.990905  -25.441203  -25.897951  -25.776743  -25.597577  -25.981678  -26.207699  -26.613234  -27.480185  -28.638089  -30.140551  -31.73865  -33.237303  -34.579098  -35.650582  -36.487302  -37.131765  -37.588157  -37.977755  0  0  0  0  0  0  0  0  0  0  0  0  0  0  0  0  0  0  0  0  0  0  0  0  0  0  0  0  0  0  0  0  0  0  0  0  0  0  0  0  0  0  0  0  0  0  0  0  0  0  0  0  0  0  0  0  0  0  0  0  0  0  0  0  0  -0.07856000000000307
h  8  4  -14.762539  -11.843015  -10.267112  -7.962326  -5.872272  -4.133993  -2.39428  -1.055713  0.607027  2.457163  3.901615  5.29886  6.846232  8.798766  11.152826  13.519846  15.967859  18.545344  20.921035  22.862599  24.27933  25.157358  0  0  0  0  0  0  0  0  0  0  0  0  0  0  0  0  0  0  0  0  0  0  0  0  0  0  0  0  0  0  0  0  0  0  0  0  0  0  0  0  0  0  0  0  0  0  0  0  0  0  0  0  0  0  0  0  0  0  0  0  0  0  0  0  0  0.13100199999999873
g  8  5  13.310287  15.102179  16.275183  17.577302  18.44259  18.610253  18.579491  18.497882  18.565108  18.78394  18.987884  19.063145  18.783815  18.116754  17.196533  16.218578  15.130329  13.777409  12.223149  10.59097  8.881954  7.109018  0  0  0  0  0  0  0  0  0  0  0  0  0  0  0  0  0  0  0  0  0  0  0  0  0  0  0  0  0  0  0  0  0  0  0  0  0  0  0  0  0  0  0  0  0  0  0  0  0  0  0  0  0  0  0  0  0  0  0  0  0  0  0  0  0  -0.36002000000000045
h  8  5  15.914968  15.055807  13.295302  10.63297  7.659964  5.246534  3.11796  0.911056  -1.215885  -3.472074  -5.718464  -7.914036  -10.101767  -12.273217  -14.370387  -16.233501  -17.829725  -19.261903  -20.658668  -22.097813  -23.642723  -25.341262  0  0  0  0  0  0  0  0  0  0  0  0  0  0  0  0  0  0  0  0  0  0  0  0  0  0  0  0  0  0  0  0  0  0  0  0  0  0  0  0  0  0  0  0  0  0  0  0  0  0  0  0  0  0  0  0  0  0  0  0  0  0  0  0  0  -0.35345099999999974
g  8  6  11.561174  13.443674  12.855817  12.046159  11.986156  12.511038  13.20441  13.931399  14.359546  14.353796  14.123506  13.862837  13.610927  13.487544  13.45932  13.374909  13.253939  13.184922  13.157092  13.079631  12.868942  12.436357  0  0  0  0  0  0  0  0  0  0  0  0  0  0  0  0  0  0  0  0  0  0  0  0  0  0  0  0  0  0  0  0  0  0  0  0  0  0  0  0  0  0  0  0  0  0  0  0  0  0  0  0  0  0  0  0  0  0  0  0  0  0  0  0  0  -0.10664500000000032
h  8  6  5.604796  4.13609  4.785573  5.737597  7.008672  8.217862  9.183062  9.943294  10.334807  10.330936  10.126493  9.850025  9.541601  9.225719  8.917028  8.510501  7.89318  6.94631  5.651157  4.051502  2.136477  -0.060821  0  0  0  0  0  0  0  0  0  0  0  0  0  0  0  0  0  0  0  0  0  0  0  0  0  0  0  0  0  0  0  0  0  0  0  0  0  0  0  0  0  0  0  0  0  0  0  0  0  0  0  0  0  0  0  0  0  0  0  0  0  0  0  0  0  -0.458567
g  8  7  -16.093137  -16.901559  -17.38812  -18.236871  -18.975715  -19.169606  -18.777944  -17.464347  -15.273885  -12.32504  -8.887946  -5.255384  -1.608885  1.787924  4.796464  7.49599  9.916053  12.047341  13.871422  15.399992  16.660033  17.675071  0  0  0  0  0  0  0  0  0  0  0  0  0  0  0  0  0  0  0  0  0  0  0  0  0  0  0  0  0  0  0  0  0  0  0  0  0  0  0  0  0  0  0  0  0  0  0  0  0  0  0  0  0  0  0  0  0  0  0  0  0  0  0  0  0  0.18475099999999856
h  8  7  -9.399618  -7.014544  -5.364218  -4.194702  -2.888311  -0.862374  1.519613  3.886147  5.950841  7.645258  8.79596  9.311524  9.232569  8.666378  7.831826  6.815783  5.719988  4.698807  3.794233  2.934487  1.989925  0.800846  0  0  0  0  0  0  0  0  0  0  0  0  0  0  0  0  0  0  0  0  0  0  0  0  0  0  0  0  0  0  0  0  0  0  0  0  0  0  0  0  0  0  0  0  0  0  0  0  0  0  0  0  0  0  0  0  0  0  0  0  0  0  0  0  0  -0.262359
g  8  8  -2.37973  -0.456599  1.206786  3.529077  6.691779  10.29135  13.075598  14.407769  14.30943  13.022924  10.681178  7.377947  3.459221  -0.597777  -4.349709  -7.533966  -10.072466  -11.973165  -13.281143  -14.087479  -14.471684  -14.447714  0  0  0  0  0  0  0  0  0  0  0  0  0  0  0  0  0  0  0  0  0  0  0  0  0  0  0  0  0  0  0  0  0  0  0  0  0  0  0  0  0  0  0  0  0  0  0  0  0  0  0  0  0  0  0  0  0  0  0  0  0  0  0  0  0  0.03724300000000014
h  8  8  2.082755  2.865133  3.248275  3.240631  1.865376  -1.174973  -5.693054  -11.079312  -16.666307  -21.901768  -26.459839  -30.001233  -32.305717  -33.350383  -33.261559  -32.279465  -30.711356  -28.811905  -26.790456  -24.789061  -22.862545  -21.045843  0  0  0  0  0  0  0  0  0  0  0  0  0  0  0  0  0  0  0  0  0  0  0  0  0  0  0  0  0  0  0  0  0  0  0  0  0  0  0  0  0  0  0  0  0  0  0  0  0  0  0  0  0  0  0  0  0  0  0  0  0  0  0  0  0  0.3522449999999999
g  9  0  5.34468  4.872346  5.028889  4.394969  3.317848  2.092682  1.103305  0.285391  -0.396456  -0.935549  -1.34608  -1.537563  -1.378022  -0.850361  -0.212595  0.294621  0.647776  0.918581  1.107505  1.131593  0.92101  0.492015  0  0  0  0  0  0  0  0  0  0  0  0  0  0  0  0  0  0  0  0  0  0  0  0  0  0  0  0  0  0  0  0  0  0  0  0  0  0  0  0  0  0  0  0  0  0  0  0  0  0  0  0  0  0  0  0  0  0  0  0  0  0  0  0  0  -0.100572
g  9  1  9.100439  8.411735  8.548401  8.994048  9.589188  10.366498  11.13307  11.586629  11.683636  11.527347  11.385921  11.293305  11.209344  11.080153  10.786509  10.247001  9.537688  8.841762  8.302904  7.978013  7.883098  7.96382  0  0  0  0  0  0  0  0  0  0  0  0  0  0  0  0  0  0  0  0  0  0  0  0  0  0  0  0  0  0  0  0  0  0  0  0  0  0  0  0  0  0  0  0  0  0  0  0  0  0  0  0  0  0  0  0  0  0  0  0  0  0  0  0  0  0.028830000000000133
h  9  1  -21.640736  -23.191236  -23.519306  -23.402508  -22.723111  -21.699023  -20.433799  -18.696103  -16.785054  -14.69866  -12.407907  -10.027526  -7.708004  -5.564926  -3.647592  -1.800249  0.113092  2.078642  4.010489  5.809125  7.343625  8.641996  0  0  0  0  0  0  0  0  0  0  0  0  0  0  0  0  0  0  0  0  0  0  0  0  0  0  0  0  0  0  0  0  0  0  0  0  0  0  0  0  0  0  0  0  0  0  0  0  0  0  0  0  0  0  0  0  0  0  0  0  0  0  0  0  0  0.24713200000000057
g  9  2  3.120849  2.989417  2.75537  2.743574  2.654861  2.378675  2.008116  1.609906  1.101633  0.595928  0.321004  0.333523  0.676017  1.21706  1.780541  2.308802  2.947593  3.849801  4.960559  6.134385  7.300165  8.423065  0  0  0  0  0  0  0  0  0  0  0  0  0  0  0  0  0  0  0  0  0  0  0  0  0  0  0  0  0  0  0  0  0  0  0  0  0  0  0  0  0  0  0  0  0  0  0  0  0  0  0  0  0  0  0  0  0  0  0  0  0  0  0  0  0  0.22037899999999944
h  9  2  10.795113  10.894581  10.421216  9.347887  7.742297  5.811066  4.031377  2.593427  1.574851  0.996236  0.713831  0.684269  0.865728  1.135715  1.340076  1.452443  1.574378  1.72431  1.796342  1.693886  1.456254  1.130374  0  0  0  0  0  0  0  0  0  0  0  0  0  0  0  0  0  0  0  0  0  0  0  0  0  0  0  0  0  0  0  0  0  0  0  0  0  0  0  0  0  0  0  0  0  0  0  0  0  0  0  0  0  0  0  0  0  0  0  0  0  0  0  0  0  -0.07373300000000005
g  9  3  -3.222795  -1.491777  -0.682313  -0.527267  -0.75336  -1.37368  -2.213454  -3.149536  -3.896922  -4.172012  -4.271946  -4.196297  -3.850917  -3.387192  -2.854822  -2.365126  -1.99196  -1.633476  -1.243836  -0.7893  -0.219418  0.357287  0  0  0  0  0  0  0  0  0  0  0  0  0  0  0  0  0  0  0  0  0  0  0  0  0  0  0  0  0  0  0  0  0  0  0  0  0  0  0  0  0  0  0  0  0  0  0  0  0  0  0  0  0  0  0  0  0  0  0  0  0  0  0  0  0  0.10783800000000002
h  9  3  11.93201  9.986269  8.821991  7.998459  7.363602  6.786131  6.460124  6.546027  7.062417  7.622152  8.174671  8.891977  9.663674  10.306596  10.673622  10.78038  10.744283  10.622259  10.384808  9.996345  9.414141  8.613191  0  0  0  0  0  0  0  0  0  0  0  0  0  0  0  0  0  0  0  0  0  0  0  0  0  0  0  0  0  0  0  0  0  0  0  0  0  0  0  0  0  0  0  0  0  0  0  0  0  0  0  0  0  0  0  0  0  0  0  0  0  0  0  0  0  -0.17683699999999902
g  9  4  0.760783  -1.072873  -1.315544  -1.087073  -0.571599  -0.077887  0.51374  1.07655  1.167446  0.665364  -0.268622  -1.272332  -2.207006  -3.047374  -3.711363  -4.152323  -4.368969  -4.370865  -4.206415  -3.906645  -3.457476  -2.862402  0  0  0  0  0  0  0  0  0  0  0  0  0  0  0  0  0  0  0  0  0  0  0  0  0  0  0  0  0  0  0  0  0  0  0  0  0  0  0  0  0  0  0  0  0  0  0  0  0  0  0  0  0  0  0  0  0  0  0  0  0  0  0  0  0  0.1304820000000002
h  9  4  -6.605185  -5.343921  -4.082345  -2.88777  -2.026408  -1.705059  -1.548838  -1.393944  -1.284364  -1.136934  -0.872442  -0.482992  0.097791  1.028  2.323857  3.75195  5.275947  6.944794  8.675921  10.377323  12.025816  13.590736  0  0  0  0  0  0  0  0  0  0  0  0  0  0  0  0  0  0  0  0  0  0  0  0  0  0  0  0  0  0  0  0  0  0  0  0  0  0  0  0  0  0  0  0  0  0  0  0  0  0  0  0  0  0  0  0  0  0  0  0  0  0  0  0  0  0.301717
g  9  5  -13.338903  -13.319391  -14.158513  -15.165369  -15.90387  -16.337965  -16.977782  -17.319427  -17.420124  -17.362514  -17.063713  -16.701054  -16.474325  -16.522698  -16.814802  -17.103967  -17.367178  -17.685056  -17.979827  -18.171584  -18.249894  -18.220497  0  0  0  0  0  0  0  0  0  0  0  0  0  0  0  0  0  0  0  0  0  0  0  0  0  0  0  0  0  0  0  0  0  0  0  0  0  0  0  0  0  0  0  0  0  0  0  0  0  0  0  0  0  0  0  0  0  0  0  0  0  0  0  0  0  0.015870999999997082
h  9  5  -6.923058  -6.30256  -7.266146  -8.305053  -8.960988  -9.86173  -10.508246  -11.035998  -11.740614  -12.499529  -13.207332  -13.842391  -14.347477  -14.758707  -15.023483  -14.99479  -14.720654  -14.28474  -13.736308  -13.100164  -12.412453  -11.694435  0  0  0  0  0  0  0  0  0  0  0  0  0  0  0  0  0  0  0  0  0  0  0  0  0  0  0  0  0  0  0  0  0  0  0  0  0  0  0  0  0  0  0  0  0  0  0  0  0  0  0  0  0  0  0  0  0  0  0  0  0  0  0  0  0  0.14739799999999903
g  9  6  -0.126102  0.992992  1.202624  1.647116  2.158747  2.603374  2.954528  3.222049  3.566748  4.027614  4.459111  4.738167  4.870421  4.9057  4.758228  4.31773  3.663697  2.935084  2.21886  1.576769  1.049442  0.672185  0  0  0  0  0  0  0  0  0  0  0  0  0  0  0  0  0  0  0  0  0  0  0  0  0  0  0  0  0  0  0  0  0  0  0  0  0  0  0  0  0  0  0  0  0  0  0  0  0  0  0  0  0  0  0  0  0  0  0  0  0  0  0  0  0  -0.06115700000000002
h  9  6  7.62347  7.638027  7.407934  7.011904  6.68809  6.470832  6.331401  6.253677  6.26645  6.274427  6.249054  6.229893  6.230347  6.210484  6.153171  6.093489  5.968823  5.724332  5.44427  5.15512  4.814682  4.431184  0  0  0  0  0  0  0  0  0  0  0  0  0  0  0  0  0  0  0  0  0  0  0  0  0  0  0  0  0  0  0  0  0  0  0  0  0  0  0  0  0  0  0  0  0  0  0  0  0  0  0  0  0  0  0  0  0  0  0  0  0  0  0  0  0  -0.07992899999999992
g  9  7  8.568955  8.668341  8.009734  7.263331  6.485567  5.812142  5.11104  4.293397  3.362941  2.379832  1.497852  0.910891  0.627379  0.469827  0.281926  0.014841  -0.387294  -0.958341  -1.694255  -2.562752  -3.49901  -4.441996  0  0  0  0  0  0  0  0  0  0  0  0  0  0  0  0  0  0  0  0  0  0  0  0  0  0  0  0  0  0  0  0  0  0  0  0  0  0  0  0  0  0  0  0  0  0  0  0  0  0  0  0  0  0  0  0  0  0  0  0  0  0  0  0  0  -0.18597799999999953
h  9  7  1.250633  0.588284  0.116214  -0.170246  0.122723  0.463344  0.639772  0.777581  0.834349  0.824387  0.840703  0.84846  0.742957  0.500968  0.067893  -0.618009  -1.514541  -2.467084  -3.349793  -4.107787  -4.736533  -5.27006  0  0  0  0  0  0  0  0  0  0  0  0  0  0  0  0  0  0  0  0  0  0  0  0  0  0  0  0  0  0  0  0  0  0  0  0  0  0  0  0  0  0  0  0  0  0  0  0  0  0  0  0  0  0  0  0  0  0  0  0  0  0  0  0  0  -0.10043299999999977
g  9  8  -9.200922  -9.20496  -8.789885  -8.072378  -7.287901  -6.285219  -5.005637  -3.465517  -1.776906  -0.211325  1.070179  2.013705  2.591048  2.820467  2.765806  2.466741  1.904619  1.046325  -0.095091  -1.442788  -2.886494  -4.273758  0  0  0  0  0  0  0  0  0  0  0  0  0  0  0  0  0  0  0  0  0  0  0  0  0  0  0  0  0  0  0  0  0  0  0  0  0  0  0  0  0  0  0  0  0  0  0  0  0  0  0  0  0  0  0  0  0  0  0  0  0  0  0  0  0  -0.265949
h  9  8  -3.987677  -1.467335  0.477633  1.950804  3.527102  5.289169  6.833346  8.112931  8.911618  9.07751  8.677293  7.755947  6.455298  4.902863  3.27125  1.74445  0.44355  -0.588805  -1.355747  -1.843777  -2.008768  -1.84365  0  0  0  0  0  0  0  0  0  0  0  0  0  0  0  0  0  0  0  0  0  0  0  0  0  0  0  0  0  0  0  0  0  0  0  0  0  0  0  0  0  0  0  0  0  0  0  0  0  0  0  0  0  0  0  0  0  0  0  0  0  0  0  0  0  0.05816500000000002
g  9  9  -10.303062  -11.514794  -10.782646  -9.43148  -7.562053  -5.447286  -3.799278  -3.024683  -3.223167  -4.167858  -5.554944  -7.146143  -8.658008  -9.793653  -10.371846  -10.322421  -9.651183  -8.425187  -6.712834  -4.587867  -2.147485  0.515279  0  0  0  0  0  0  0  0  0  0  0  0  0  0  0  0  0  0  0  0  0  0  0  0  0  0  0  0  0  0  0  0  0  0  0  0  0  0  0  0  0  0  0  0  0  0  0  0  0  0  0  0  0  0  0  0  0  0  0  0  0  0  0  0  0  0.5456620000000001
h  9  9  8.337231  9.587276  9.93327  9.902115  9.51752  8.506896  6.813145  4.688841  2.499768  0.632526  -0.691699  -1.334839  -1.17523  -0.233771  1.361741  3.399646  5.619328  7.778823  9.701665  11.237288  12.273649  12.72577  0  0  0  0  0  0  0  0  0  0  0  0  0  0  0  0  0  0  0  0  0  0  0  0  0  0  0  0  0  0  0  0  0  0  0  0  0  0  0  0  0  0  0  0  0  0  0  0  0  0  0  0  0  0  0  0  0  0  0  0  0  0  0  0  0  0.04033100000000012
g  10  0  -1.955317  -1.993553  -1.563397  -0.883396  -0.401947  0.126651  0.43068  0.570755  0.618042  0.538833  0.454154  0.339316  0.248339  0.265426  0.367539  0.521288  0.742644  1.064324  1.460868  1.858662  2.220744  2.541826  0  0  0  0  0  0  0  0  0  0  0  0  0  0  0  0  0  0  0  0  0  0  0  0  0  0  0  0  0  0  0  0  0  0  0  0  0  0  0  0  0  0  0  0  0  0  0  0  0  0  0  0  0  0  0  0  0  0  0  0  0  0  0  0  0  0.0623800000000001
g  10  1  -6.188054  -6.240897  -5.486703  -4.233891  -2.799463  -1.386673  -0.027646  1.127088  2.080394  2.804429  3.310078  3.588882  3.735429  3.772061  3.679627  3.453985  3.128238  2.754887  2.366294  1.98296  1.590716  1.131604  0  0  0  0  0  0  0  0  0  0  0  0  0  0  0  0  0  0  0  0  0  0  0  0  0  0  0  0  0  0  0  0  0  0  0  0  0  0  0  0  0  0  0  0  0  0  0  0  0  0  0  0  0  0  0  0  0  0  0  0  0  0  0  0  0  -0.09990799999999989
h  10  1  3.30456  3.468394  4.158174  5.12987  6.246502  7.399076  8.463455  9.176938  9.655932  10.129548  10.621627  11.147327  11.626995  11.970768  12.113819  12.096859  12.024409  11.960536  11.875249  11.690183  11.31928  10.775111  0  0  0  0  0  0  0  0  0  0  0  0  0  0  0  0  0  0  0  0  0  0  0  0  0  0  0  0  0  0  0  0  0  0  0  0  0  0  0  0  0  0  0  0  0  0  0  0  0  0  0  0  0  0  0  0  0  0  0  0  0  0  0  0  0  -0.1191040000000001
g  10  2  0.187051  0.022064  -0.582973  -1.340496  -1.97615  -2.41803  -2.766381  -3.008602  -3.087193  -2.991763  -2.715591  -2.317623  -1.783698  -1.146059  -0.505453  0.034735  0.501148  0.959866  1.405158  1.79764  2.145442  2.449954  0  0  0  0  0  0  0  0  0  0  0  0  0  0  0  0  0  0  0  0  0  0  0  0  0  0  0  0  0  0  0  0  0  0  0  0  0  0  0  0  0  0  0  0  0  0  0  0  0  0  0  0  0  0  0  0  0  0  0  0  0  0  0  0  0  0.057519999999999794
h  10  2  -0.229828  -0.004379  -0.243621  -0.637984  -1.048667  -1.436104  -1.65786  -1.678439  -1.509297  -1.275654  -1.112573  -1.005943  -0.958732  -0.996221  -1.099838  -1.249872  -1.375301  -1.454767  -1.54431  -1.673554  -1.817751  -1.964028  0  0  0  0  0  0  0  0  0  0  0  0  0  0  0  0  0  0  0  0  0  0  0  0  0  0  0  0  0  0  0  0  0  0  0  0  0  0  0  0  0  0  0  0  0  0  0  0  0  0  0  0  0  0  0  0  0  0  0  0  0  0  0  0  0  -0.030432000000000015
g  10  3  0.32  1.866535  2.302683  2.458457  2.4716  2.373092  2.108078  1.754841  1.400912  1.041168  0.774245  0.635564  0.564825  0.45924  0.3011  0.146758  -0.017192  -0.20047  -0.41785  -0.662829  -0.939366  -1.278159  0  0  0  0  0  0  0  0  0  0  0  0  0  0  0  0  0  0  0  0  0  0  0  0  0  0  0  0  0  0  0  0  0  0  0  0  0  0  0  0  0  0  0  0  0  0  0  0  0  0  0  0  0  0  0  0  0  0  0  0  0  0  0  0  0  -0.07425300000000012
h  10  3  4.580668  3.76023  3.89876  4.292903  4.608631  4.89666  5.251544  5.474155  5.506219  5.490688  5.557061  5.676643  5.772362  5.762597  5.591044  5.305818  4.983927  4.666063  4.339938  4.002318  3.670011  3.355066  0  0  0  0  0  0  0  0  0  0  0  0  0  0  0  0  0  0  0  0  0  0  0  0  0  0  0  0  0  0  0  0  0  0  0  0  0  0  0  0  0  0  0  0  0  0  0  0  0  0  0  0  0  0  0  0  0  0  0  0  0  0  0  0  0  -0.06111600000000017
g  10  4  -0.475349  -0.824382  -1.329827  -1.815471  -2.168497  -2.381431  -2.375142  -2.184713  -1.970444  -1.749481  -1.552491  -1.490964  -1.502089  -1.54857  -1.671323  -1.88834  -2.1661  -2.450345  -2.676207  -2.813787  -2.849792  -2.799443  0  0  0  0  0  0  0  0  0  0  0  0  0  0  0  0  0  0  0  0  0  0  0  0  0  0  0  0  0  0  0  0  0  0  0  0  0  0  0  0  0  0  0  0  0  0  0  0  0  0  0  0  0  0  0  0  0  0  0  0  0  0  0  0  0  0.01623399999999986
h  10  4  4.579672  4.88341  5.458414  6.305282  7.259176  8.085959  8.796955  9.397124  10.009367  10.652332  11.0565  11.152353  11.03355  10.73742  10.37796  9.984422  9.608344  9.349198  9.200624  9.110621  9.077639  9.068421  0  0  0  0  0  0  0  0  0  0  0  0  0  0  0  0  0  0  0  0  0  0  0  0  0  0  0  0  0  0  0  0  0  0  0  0  0  0  0  0  0  0  0  0  0  0  0  0  0  0  0  0  0  0  0  0  0  0  0  0  0  0  0  0  0  -0.0029039999999991295
g  10  5  1.680065  0.779341  0.079571  -0.5597  -1.242409  -1.720705  -1.982514  -2.054615  -2.019755  -1.95122  -1.902521  -1.835109  -1.792129  -1.863117  -2.027025  -2.181446  -2.357783  -2.591807  -2.823404  -3.008081  -3.140201  -3.212469  0  0  0  0  0  0  0  0  0  0  0  0  0  0  0  0  0  0  0  0  0  0  0  0  0  0  0  0  0  0  0  0  0  0  0  0  0  0  0  0  0  0  0  0  0  0  0  0  0  0  0  0  0  0  0  0  0  0  0  0  0  0  0  0  0  -0.008449999999999847
h  10  5  -7.989173  -8.647973  -9.335193  -9.712849  -9.649851  -9.238363  -8.6409  -8.124031  -7.737289  -7.382  -6.986573  -6.571093  -6.229628  -5.972574  -5.702973  -5.360653  -4.963384  -4.536287  -4.110599  -3.713231  -3.386469  -3.194475  0  0  0  0  0  0  0  0  0  0  0  0  0  0  0  0  0  0  0  0  0  0  0  0  0  0  0  0  0  0  0  0  0  0  0  0  0  0  0  0  0  0  0  0  0  0  0  0  0  0  0  0  0  0  0  0  0  0  0  0  0  0  0  0  0  0.02600699999999989
g  10  6  -0.610436  -0.788703  -0.793537  -0.969553  -1.231885  -1.199164  -1.113891  -1.134258  -1.111958  -1.012215  -0.878549  -0.72933  -0.618304  -0.533077  -0.501373  -0.56875  -0.638371  -0.620589  -0.508407  -0.333512  -0.106306  0.186888  0  0  0  0  0  0  0  0  0  0  0  0  0  0  0  0  0  0  0  0  0  0  0  0  0  0  0  0  0  0  0  0  0  0  0  0  0  0  0  0  0  0  0  0  0  0  0  0  0  0  0  0  0  0  0  0  0  0  0  0  0  0  0  0  0  0.063739
h  10  6  -0.615391  -0.08272  0.557146  1.002705  1.620174  2.335491  2.915672  3.508123  4.057923  4.449974  4.759436  4.986979  5.099597  5.071879  4.960408  4.867815  4.793538  4.672354  4.512403  4.335419  4.139321  3.92634  0  0  0  0  0  0  0  0  0  0  0  0  0  0  0  0  0  0  0  0  0  0  0  0  0  0  0  0  0  0  0  0  0  0  0  0  0  0  0  0  0  0  0  0  0  0  0  0  0  0  0  0  0  0  0  0  0  0  0  0  0  0  0  0  0  -0.04367600000000005
g  10  7  2.11892  1.844022  2.219438  2.536986  2.826316  3.099553  3.286593  3.259251  3.118447  2.952966  2.827576  2.783364  2.78782  2.808249  2.860916  2.959331  3.10515  3.279553  3.398329  3.399562  3.263013  2.984412  0  0  0  0  0  0  0  0  0  0  0  0  0  0  0  0  0  0  0  0  0  0  0  0  0  0  0  0  0  0  0  0  0  0  0  0  0  0  0  0  0  0  0  0  0  0  0  0  0  0  0  0  0  0  0  0  0  0  0  0  0  0  0  0  0  -0.06573099999999998
h  10  7  -4.020268  -4.439309  -4.961286  -5.261132  -5.645725  -6.167892  -6.613865  -6.930046  -7.105176  -7.213407  -7.280176  -7.282375  -7.258372  -7.219559  -7.244038  -7.443579  -7.849001  -8.427748  -9.13261  -9.894626  -10.644072  -11.31169  0  0  0  0  0  0  0  0  0  0  0  0  0  0  0  0  0  0  0  0  0  0  0  0  0  0  0  0  0  0  0  0  0  0  0  0  0  0  0  0  0  0  0  0  0  0  0  0  0  0  0  0  0  0  0  0  0  0  0  0  0  0  0  0  0  -0.12398800000000065
g  10  8  2.381379  1.426735  0.62269  -0.046722  -0.615058  -1.094612  -1.510407  -1.944081  -2.425405  -2.880565  -3.267771  -3.519881  -3.629894  -3.692038  -3.750379  -3.828786  -3.965696  -4.184165  -4.463753  -4.785699  -5.144795  -5.512346  0  0  0  0  0  0  0  0  0  0  0  0  0  0  0  0  0  0  0  0  0  0  0  0  0  0  0  0  0  0  0  0  0  0  0  0  0  0  0  0  0  0  0  0  0  0  0  0  0  0  0  0  0  0  0  0  0  0  0  0  0  0  0  0  0  -0.0726230000000001
h  10  8  -2.720371  -3.377671  -3.593889  -3.666438  -3.719082  -3.863229  -4.007655  -4.258107  -4.543113  -4.772791  -4.921636  -5.013955  -5.149318  -5.379268  -5.680501  -5.987787  -6.250243  -6.427055  -6.534371  -6.587241  -6.557366  -6.427555  0  0  0  0  0  0  0  0  0  0  0  0  0  0  0  0  0  0  0  0  0  0  0  0  0  0  0  0  0  0  0  0  0  0  0  0  0  0  0  0  0  0  0  0  0  0  0  0  0  0  0  0  0  0  0  0  0  0  0  0  0  0  0  0  0  0.034442000000000306
g  10  9  -1.893685  -2.407537  -3.031239  -3.597206  -4.136579  -4.486356  -4.455326  -4.137221  -3.626983  -3.051988  -2.50344  -2.034475  -1.687952  -1.450968  -1.316335  -1.287055  -1.354439  -1.494553  -1.682248  -1.901979  -2.162947  -2.472798  0  0  0  0  0  0  0  0  0  0  0  0  0  0  0  0  0  0  0  0  0  0  0  0  0  0  0  0  0  0  0  0  0  0  0  0  0  0  0  0  0  0  0  0  0  0  0  0  0  0  0  0  0  0  0  0  0  0  0  0  0  0  0  0  0  -0.06575599999999993
h  10  9  -1.317174  -0.271413  0.376074  1.035137  1.986771  3.030717  3.988913  4.704726  5.103407  5.20018  5.051847  4.775419  4.472582  4.216431  4.057691  3.996136  3.986597  3.968699  3.905643  3.791371  3.627362  3.424045  0  0  0  0  0  0  0  0  0  0  0  0  0  0  0  0  0  0  0  0  0  0  0  0  0  0  0  0  0  0  0  0  0  0  0  0  0  0  0  0  0  0  0  0  0  0  0  0  0  0  0  0  0  0  0  0  0  0  0  0  0  0  0  0  0  -0.04315800000000003
g  10  10  -3.424452  -3.689349  -2.956345  -2.002606  -1.101232  -0.354208  0.023254  -0.093515  -0.737166  -1.74975  -2.911202  -4.069092  -5.07804  -5.81767  -6.217145  -6.229035  -5.845894  -5.103973  -4.07593  -2.858975  -1.576497  -0.351683  0  0  0  0  0  0  0  0  0  0  0  0  0  0  0  0  0  0  0  0  0  0  0  0  0  0  0  0  0  0  0  0  0  0  0  0  0  0  0  0  0  0  0  0  0  0  0  0  0  0  0  0  0  0  0  0  0  0  0  0  0  0  0  0  0  0.234612
h  10  10  -8.741778  -8.83402  -8.694231  -8.587573  -8.679028  -9.085456  -9.777217  -10.531829  -11.143287  -11.370183  -11.099663  -10.317714  -9.047437  -7.368102  -5.405836  -3.319735  -1.28663  0.525324  1.979961  3.00141  3.574  3.720565  0  0  0  0  0  0  0  0  0  0  0  0  0  0  0  0  0  0  0  0  0  0  0  0  0  0  0  0  0  0  0  0  0  0  0  0  0  0  0  0  0  0  0  0  0  0  0  0  0  0  0  0  0  0  0  0  0  0  0  0  0  0  0  0  0  -0.002714999999999801
g  11  0  3.049819  2.911749  2.842985  2.613532  2.310589  1.994358  1.715839  1.517716  1.376484  1.257737  1.138672  1.009304  0.899881  0.821399  0.752439  0.679297  0.616563  0.577823  0.549686  0.49862  0.41703  0.28759  0  0  0  0  0  0  0  0  0  0  0  0  0  0  0  0  0  0  0  0  0  0  0  0  0  0  0  0  0  0  0  0  0  0  0  0  0  0  0  0  0  0  0  0  0  0  0  0  0  0  0  0  0  0  0  0  0  0  0  0  0  0  0  0  0  -0.030814000000000008
g  11  1  -1.504521  -1.429475  -1.657745  -1.863306  -1.881636  -1.745126  -1.545385  -1.4216  -1.441317  -1.537  -1.645431  -1.754696  -1.857837  -2.00524  -2.203872  -2.427476  -2.649333  -2.819603  -2.884995  -2.827017  -2.668646  -2.452251  0  0  0  0  0  0  0  0  0  0  0  0  0  0  0  0  0  0  0  0  0  0  0  0  0  0  0  0  0  0  0  0  0  0  0  0  0  0  0  0  0  0  0  0  0  0  0  0  0  0  0  0  0  0  0  0  0  0  0  0  0  0  0  0  0  0.04610700000000012
h  11  1  -0.0294  0.06961  0.089645  0.250763  0.417192  0.589608  0.725576  0.888288  1.016001  1.08344  1.092527  1.041893  0.955471  0.885546  0.847346  0.844013  0.914587  1.096635  1.362533  1.651676  1.921135  2.153238  0  0  0  0  0  0  0  0  0  0  0  0  0  0  0  0  0  0  0  0  0  0  0  0  0  0  0  0  0  0  0  0  0  0  0  0  0  0  0  0  0  0  0  0  0  0  0  0  0  0  0  0  0  0  0  0  0  0  0  0  0  0  0  0  0  0.043260000000000076
g  11  2  -2.238538  -2.313705  -2.311277  -2.16616  -2.062756  -2.057858  -2.041922  -1.97284  -1.882623  -1.849181  -1.85061  -1.854997  -1.823362  -1.766585  -1.701584  -1.636815  -1.528312  -1.333386  -1.059149  -0.74688  -0.421909  -0.111331  0  0  0  0  0  0  0  0  0  0  0  0  0  0  0  0  0  0  0  0  0  0  0  0  0  0  0  0  0  0  0  0  0  0  0  0  0  0  0  0  0  0  0  0  0  0  0  0  0  0  0  0  0  0  0  0  0  0  0  0  0  0  0  0  0  0.06033300000000001
h  11  2  1.802777  2.489484  2.428001  1.981601  1.291161  0.605345  0.062572  -0.329122  -0.57053  -0.635983  -0.572396  -0.455665  -0.333889  -0.218124  -0.093169  0.052634  0.222169  0.391333  0.513141  0.585483  0.649699  0.714893  0  0  0  0  0  0  0  0  0  0  0  0  0  0  0  0  0  0  0  0  0  0  0  0  0  0  0  0  0  0  0  0  0  0  0  0  0  0  0  0  0  0  0  0  0  0  0  0  0  0  0  0  0  0  0  0  0  0  0  0  0  0  0  0  0  0.011387000000000036
g  11  3  1.96185  2.072863  1.919117  1.694884  1.542231  1.447271  1.350353  1.198587  1.151712  1.292713  1.508436  1.717608  1.893348  1.978318  1.964216  1.902324  1.798495  1.666599  1.552165  1.49355  1.487887  1.495349  0  0  0  0  0  0  0  0  0  0  0  0  0  0  0  0  0  0  0  0  0  0  0  0  0  0  0  0  0  0  0  0  0  0  0  0  0  0  0  0  0  0  0  0  0  0  0  0  0  0  0  0  0  0  0  0  0  0  0  0  0  0  0  0  0  0.000212000000000101
h  11  3  -0.582235  -0.539143  -0.35512  -0.05572  0.255132  0.56452  0.729544  0.880555  1.004458  0.927161  0.69667  0.413412  0.125276  -0.180715  -0.501472  -0.816537  -1.078649  -1.246205  -1.315871  -1.315234  -1.269977  -1.211601  0  0  0  0  0  0  0  0  0  0  0  0  0  0  0  0  0  0  0  0  0  0  0  0  0  0  0  0  0  0  0  0  0  0  0  0  0  0  0  0  0  0  0  0  0  0  0  0  0  0  0  0  0  0  0  0  0  0  0  0  0  0  0  0  0  0.011711000000000027
g  11  4  -0.514614  -0.863641  -0.872978  -0.80789  -0.655219  -0.492292  -0.342877  -0.231209  -0.188834  -0.208857  -0.267837  -0.376897  -0.53792  -0.734694  -0.94321  -1.145824  -1.334592  -1.523515  -1.712434  -1.898575  -2.075993  -2.232247  0  0  0  0  0  0  0  0  0  0  0  0  0  0  0  0  0  0  0  0  0  0  0  0  0  0  0  0  0  0  0  0  0  0  0  0  0  0  0  0  0  0  0  0  0  0  0  0  0  0  0  0  0  0  0  0  0  0  0  0  0  0  0  0  0  -0.028636000000000106
h  11  4  -1.162267  -0.238264  0.4253  0.93334  1.303686  1.603143  1.950673  2.297741  2.616482  2.896629  3.114633  3.229319  3.225239  3.162411  3.122867  3.120799  3.116678  3.084882  3.018502  2.935328  2.850992  2.747142  0  0  0  0  0  0  0  0  0  0  0  0  0  0  0  0  0  0  0  0  0  0  0  0  0  0  0  0  0  0  0  0  0  0  0  0  0  0  0  0  0  0  0  0  0  0  0  0  0  0  0  0  0  0  0  0  0  0  0  0  0  0  0  0  0  -0.024299999999999766
g  11  5  0.841188  0.370042  0.230827  -0.019592  -0.187032  -0.18502  -0.196553  -0.168  -0.020472  0.151121  0.307239  0.4691  0.601111  0.638956  0.581387  0.503967  0.42005  0.303521  0.149705  -0.036442  -0.246401  -0.454477  0  0  0  0  0  0  0  0  0  0  0  0  0  0  0  0  0  0  0  0  0  0  0  0  0  0  0  0  0  0  0  0  0  0  0  0  0  0  0  0  0  0  0  0  0  0  0  0  0  0  0  0  0  0  0  0  0  0  0  0  0  0  0  0  0  -0.03977900000000001
h  11  5  0.688883  0.830775  0.550172  0.27165  0.207159  0.1921  0.17595  0.194348  0.172243  0.082433  -0.026943  -0.154218  -0.301169  -0.444259  -0.551565  -0.620927  -0.68615  -0.771978  -0.882956  -1.009027  -1.14212  -1.292007  0  0  0  0  0  0  0  0  0  0  0  0  0  0  0  0  0  0  0  0  0  0  0  0  0  0  0  0  0  0  0  0  0  0  0  0  0  0  0  0  0  0  0  0  0  0  0  0  0  0  0  0  0  0  0  0  0  0  0  0  0  0  0  0  0  -0.03118999999999983
g  11  6  -0.819883  -0.589609  -0.734811  -0.985367  -1.177943  -1.338177  -1.553019  -1.856827  -2.19273  -2.558178  -2.944808  -3.313741  -3.627548  -3.839173  -3.977265  -4.107687  -4.215309  -4.291529  -4.334028  -4.323987  -4.241609  -4.072987  0  0  0  0  0  0  0  0  0  0  0  0  0  0  0  0  0  0  0  0  0  0  0  0  0  0  0  0  0  0  0  0  0  0  0  0  0  0  0  0  0  0  0  0  0  0  0  0  0  0  0  0  0  0  0  0  0  0  0  0  0  0  0  0  0  0.04016599999999926
h  11  6  -0.263642  -0.177888  0.077419  0.208297  0.390818  0.661685  0.972809  1.231439  1.395928  1.490255  1.556369  1.622146  1.669945  1.656479  1.589574  1.523234  1.44394  1.327076  1.205874  1.093576  0.979625  0.877414  0  0  0  0  0  0  0  0  0  0  0  0  0  0  0  0  0  0  0  0  0  0  0  0  0  0  0  0  0  0  0  0  0  0  0  0  0  0  0  0  0  0  0  0  0  0  0  0  0  0  0  0  0  0  0  0  0  0  0  0  0  0  0  0  0  -0.018147000000000024
g  11  7  0.202022  -0.118679  -0.06347  0.054793  0.172204  0.296593  0.473167  0.564779  0.593611  0.597223  0.554891  0.482059  0.418303  0.396161  0.444981  0.582347  0.817445  1.130918  1.463362  1.783398  2.080697  2.340793  0  0  0  0  0  0  0  0  0  0  0  0  0  0  0  0  0  0  0  0  0  0  0  0  0  0  0  0  0  0  0  0  0  0  0  0  0  0  0  0  0  0  0  0  0  0  0  0  0  0  0  0  0  0  0  0  0  0  0  0  0  0  0  0  0  0.04846200000000023
h  11  7  -2.128304  -1.880784  -1.719956  -1.648049  -1.49269  -1.261707  -1.059365  -0.859674  -0.653466  -0.506737  -0.396582  -0.244263  -0.013916  0.309589  0.673064  0.977793  1.187047  1.290601  1.281268  1.161752  0.948976  0.680448  0  0  0  0  0  0  0  0  0  0  0  0  0  0  0  0  0  0  0  0  0  0  0  0  0  0  0  0  0  0  0  0  0  0  0  0  0  0  0  0  0  0  0  0  0  0  0  0  0  0  0  0  0  0  0  0  0  0  0  0  0  0  0  0  0  -0.05627199999999999
g  11  8  1.896035  1.542342  1.596634  1.645912  1.754908  1.938311  2.126679  2.314059  2.529564  2.756269  2.964693  3.114508  3.209977  3.244567  3.236565  3.207417  3.13275  2.995909  2.829118  2.658503  2.491359  2.342518  0  0  0  0  0  0  0  0  0  0  0  0  0  0  0  0  0  0  0  0  0  0  0  0  0  0  0  0  0  0  0  0  0  0  0  0  0  0  0  0  0  0  0  0  0  0  0  0  0  0  0  0  0  0  0  0  0  0  0  0  0  0  0  0  0  -0.027517000000000014
h  11  8  -1.510981  -1.855034  -2.058044  -2.161327  -2.219969  -2.234196  -2.212079  -2.136396  -2.037366  -1.9536  -1.90073  -1.87776  -1.890154  -1.95321  -2.053605  -2.15785  -2.235091  -2.26189  -2.256932  -2.239195  -2.211391  -2.182722  0  0  0  0  0  0  0  0  0  0  0  0  0  0  0  0  0  0  0  0  0  0  0  0  0  0  0  0  0  0  0  0  0  0  0  0  0  0  0  0  0  0  0  0  0  0  0  0  0  0  0  0  0  0  0  0  0  0  0  0  0  0  0  0  0  0.005443000000000087
g  11  9  -0.058082  -0.696441  -0.919464  -1.130382  -1.299459  -1.385802  -1.387953  -1.31936  -1.232789  -1.12649  -0.988055  -0.83359  -0.688621  -0.567116  -0.494258  -0.491471  -0.54631  -0.63228  -0.728667  -0.826046  -0.921051  -0.999997  0  0  0  0  0  0  0  0  0  0  0  0  0  0  0  0  0  0  0  0  0  0  0  0  0  0  0  0  0  0  0  0  0  0  0  0  0  0  0  0  0  0  0  0  0  0  0  0  0  0  0  0  0  0  0  0  0  0  0  0  0  0  0  0  0  -0.013510000000000022
h  11  9  -2.425118  -2.923902  -3.048954  -3.019029  -2.898711  -2.820727  -2.758033  -2.72532  -2.718981  -2.701544  -2.669792  -2.657086  -2.67933  -2.745587  -2.841839  -2.932799  -3.003244  -3.05341  -3.067123  -3.015908  -2.883676  -2.666009  0  0  0  0  0  0  0  0  0  0  0  0  0  0  0  0  0  0  0  0  0  0  0  0  0  0  0  0  0  0  0  0  0  0  0  0  0  0  0  0  0  0  0  0  0  0  0  0  0  0  0  0  0  0  0  0  0  0  0  0  0  0  0  0  0  0.05015000000000036
g  11  10  0.404454  0.171909  -0.369788  -1.010316  -1.689033  -2.197428  -2.458604  -2.438465  -2.177376  -1.731519  -1.182859  -0.608521  -0.067074  0.373584  0.670292  0.823343  0.868945  0.869654  0.888857  0.958966  1.086112  1.26322  0  0  0  0  0  0  0  0  0  0  0  0  0  0  0  0  0  0  0  0  0  0  0  0  0  0  0  0  0  0  0  0  0  0  0  0  0  0  0  0  0  0  0  0  0  0  0  0  0  0  0  0  0  0  0  0  0  0  0  0  0  0  0  0  0  0.038966000000000056
h  11  10  -2.087365  -1.982134  -2.022583  -2.005694  -1.708488  -1.162959  -0.470555  0.215986  0.777438  1.141947  1.299503  1.266197  1.065643  0.737389  0.326552  -0.117799  -0.54858  -0.925531  -1.241031  -1.513053  -1.773197  -2.041741  0  0  0  0  0  0  0  0  0  0  0  0  0  0  0  0  0  0  0  0  0  0  0  0  0  0  0  0  0  0  0  0  0  0  0  0  0  0  0  0  0  0  0  0  0  0  0  0  0  0  0  0  0  0  0  0  0  0  0  0  0  0  0  0  0  -0.05463600000000013
g  11  11  3.657971  3.292915  3.609258  3.880748  4.022705  4.03696  3.880068  3.459214  2.757595  1.884781  0.939129  -0.005426  -0.858923  -1.528478  -1.952377  -2.111779  -2.031155  -1.763062  -1.367116  -0.898525  -0.404595  0.072769  0  0  0  0  0  0  0  0  0  0  0  0  0  0  0  0  0  0  0  0  0  0  0  0  0  0  0  0  0  0  0  0  0  0  0  0  0  0  0  0  0  0  0  0  0  0  0  0  0  0  0  0  0  0  0  0  0  0  0  0  0  0  0  0  0  0.092153
h  11  11  -2.160871  -2.614486  -2.538694  -2.518091  -2.605656  -2.795873  -3.059948  -3.321273  -3.482417  -3.471827  -3.249684  -2.78194  -2.069892  -1.164275  -0.160304  0.835095  1.724571  2.438342  2.939981  3.221446  3.287411  3.148664  0  0  0  0  0  0  0  0  0  0  0  0  0  0  0  0  0  0  0  0  0  0  0  0  0  0  0  0  0  0  0  0  0  0  0  0  0  0  0  0  0  0  0  0  0  0  0  0  0  0  0  0  0  0  0  0  0  0  0  0  0  0  0  0  0  -0.04334399999999983
g  12  0  -2.063892  -1.921881  -1.712046  -1.382834  -1.086046  -0.848179  -0.640721  -0.511919  -0.409392  -0.325319  -0.268406  -0.237659  -0.245069  -0.279611  -0.31524  -0.332511  -0.322131  -0.281093  -0.222339  -0.16346  -0.107145  -0.060703  0  0  0  0  0  0  0  0  0  0  0  0  0  0  0  0  0  0  0  0  0  0  0  0  0  0  0  0  0  0  0  0  0  0  0  0  0  0  0  0  0  0  0  0  0  0  0  0  0  0  0  0  0  0  0  0  0  0  0  0  0  0  0  0  0  0.008377000000000002
g  12  1  -0.093506  -0.112279  -0.104651  -0.098409  -0.13173  -0.175488  -0.249127  -0.317859  -0.331495  -0.254781  -0.128486  0.007618  0.137243  0.238613  0.311207  0.355838  0.375551  0.379456  0.37978  0.390877  0.407942  0.41604  0  0  0  0  0  0  0  0  0  0  0  0  0  0  0  0  0  0  0  0  0  0  0  0  0  0  0  0  0  0  0  0  0  0  0  0  0  0  0  0  0  0  0  0  0  0  0  0  0  0  0  0  0  0  0  0  0  0  0  0  0  0  0  0  0  0.0006110000000000282
h  12  1  -1.027986  -0.998837  -1.011475  -0.847396  -0.591197  -0.332094  -0.119416  0.040095  0.161416  0.234334  0.240168  0.178662  0.075949  -0.043607  -0.173004  -0.319817  -0.472208  -0.600079  -0.696842  -0.772632  -0.822063  -0.84956  0  0  0  0  0  0  0  0  0  0  0  0  0  0  0  0  0  0  0  0  0  0  0  0  0  0  0  0  0  0  0  0  0  0  0  0  0  0  0  0  0  0  0  0  0  0  0  0  0  0  0  0  0  0  0  0  0  0  0  0  0  0  0  0  0  -0.004184999999999994
g  12  2  0.422508  0.46181  0.392001  0.315657  0.249903  0.151225  0.02654  -0.108413  -0.2138  -0.284352  -0.339512  -0.370683  -0.376189  -0.373337  -0.364698  -0.361348  -0.364383  -0.373684  -0.396117  -0.435356  -0.489955  -0.559962  0  0  0  0  0  0  0  0  0  0  0  0  0  0  0  0  0  0  0  0  0  0  0  0  0  0  0  0  0  0  0  0  0  0  0  0  0  0  0  0  0  0  0  0  0  0  0  0  0  0  0  0  0  0  0  0  0  0  0  0  0  0  0  0  0  -0.014752999999999905
h  12  2  0.34824  0.368065  0.312229  0.249985  0.220882  0.220756  0.258406  0.354236  0.502105  0.668743  0.836337  0.965303  1.029853  1.011571  0.939155  0.848739  0.747615  0.629291  0.490614  0.359901  0.273055  0.242697  0  0  0  0  0  0  0  0  0  0  0  0  0  0  0  0  0  0  0  0  0  0  0  0  0  0  0  0  0  0  0  0  0  0  0  0  0  0  0  0  0  0  0  0  0  0  0  0  0  0  0  0  0  0  0  0  0  0  0  0  0  0  0  0  0  -0.0016329999999999956
g  12  3  1.140766  1.262217  1.270136  1.231844  1.125228  0.983914  0.811022  0.619675  0.401483  0.134957  -0.121091  -0.308016  -0.434086  -0.530681  -0.629271  -0.729585  -0.834773  -0.941847  -1.036956  -1.10209  -1.134752  -1.131765  0  0  0  0  0  0  0  0  0  0  0  0  0  0  0  0  0  0  0  0  0  0  0  0  0  0  0  0  0  0  0  0  0  0  0  0  0  0  0  0  0  0  0  0  0  0  0  0  0  0  0  0  0  0  0  0  0  0  0  0  0  0  0  0  0  0.003547000000000189
h  12  3  1.843025  1.352822  1.037106  0.774141  0.496215  0.255151  0.029738  -0.204162  -0.458438  -0.680919  -0.82589  -0.909089  -0.958313  -0.986538  -0.998597  -0.996506  -0.965417  -0.892102  -0.778807  -0.639429  -0.48017  -0.318507  0  0  0  0  0  0  0  0  0  0  0  0  0  0  0  0  0  0  0  0  0  0  0  0  0  0  0  0  0  0  0  0  0  0  0  0  0  0  0  0  0  0  0  0  0  0  0  0  0  0  0  0  0  0  0  0  0  0  0  0  0  0  0  0  0  0.031696
g  12  4  -0.836442  -1.204448  -1.319245  -1.343869  -1.27043  -1.188669  -1.116962  -1.100976  -1.125735  -1.153229  -1.202156  -1.287094  -1.390999  -1.485327  -1.565918  -1.636251  -1.682617  -1.701483  -1.694744  -1.670866  -1.644417  -1.624836  0  0  0  0  0  0  0  0  0  0  0  0  0  0  0  0  0  0  0  0  0  0  0  0  0  0  0  0  0  0  0  0  0  0  0  0  0  0  0  0  0  0  0  0  0  0  0  0  0  0  0  0  0  0  0  0  0  0  0  0  0  0  0  0  0  0.003225999999999951
h  12  4  -2.359778  -1.852046  -1.639825  -1.509936  -1.350645  -1.211934  -1.067757  -0.900611  -0.692225  -0.455794  -0.228915  -0.01732  0.187114  0.368274  0.539125  0.736604  0.958312  1.172859  1.361138  1.509078  1.604739  1.642717  0  0  0  0  0  0  0  0  0  0  0  0  0  0  0  0  0  0  0  0  0  0  0  0  0  0  0  0  0  0  0  0  0  0  0  0  0  0  0  0  0  0  0  0  0  0  0  0  0  0  0  0  0  0  0  0  0  0  0  0  0  0  0  0  0  0.0026610000000000245
g  12  5  0.8268  0.660296  0.555431  0.516864  0.453553  0.356194  0.259322  0.222918  0.260901  0.32752  0.406422  0.48362  0.545744  0.571829  0.54649  0.476373  0.357931  0.195692  0.002228  -0.216037  -0.449955  -0.675374  0  0  0  0  0  0  0  0  0  0  0  0  0  0  0  0  0  0  0  0  0  0  0  0  0  0  0  0  0  0  0  0  0  0  0  0  0  0  0  0  0  0  0  0  0  0  0  0  0  0  0  0  0  0  0  0  0  0  0  0  0  0  0  0  0  -0.04286800000000002
h  12  5  0.461663  -0.013949  -0.278797  -0.521906  -0.654179  -0.72529  -0.744066  -0.759295  -0.813554  -0.913525  -1.030513  -1.1727  -1.33994  -1.509941  -1.656671  -1.774832  -1.871079  -1.94144  -1.975843  -1.979012  -1.955792  -1.908794  0  0  0  0  0  0  0  0  0  0  0  0  0  0  0  0  0  0  0  0  0  0  0  0  0  0  0  0  0  0  0  0  0  0  0  0  0  0  0  0  0  0  0  0  0  0  0  0  0  0  0  0  0  0  0  0  0  0  0  0  0  0  0  0  0  0.011591999999999825
g  12  6  0.070781  0.169404  0.366037  0.546909  0.633698  0.703981  0.752824  0.72272  0.661824  0.570969  0.448841  0.329573  0.232053  0.169284  0.129735  0.093324  0.073524  0.06886  0.057556  0.022375  -0.038246  -0.118868  0  0  0  0  0  0  0  0  0  0  0  0  0  0  0  0  0  0  0  0  0  0  0  0  0  0  0  0  0  0  0  0  0  0  0  0  0  0  0  0  0  0  0  0  0  0  0  0  0  0  0  0  0  0  0  0  0  0  0  0  0  0  0  0  0  -0.018047999999999995
h  12  6  0.715556  0.800175  0.75475  0.628889  0.534855  0.450611  0.358661  0.273311  0.197943  0.117042  0.042968  -0.014984  -0.089694  -0.215984  -0.396728  -0.594973  -0.801633  -1.031847  -1.276967  -1.511378  -1.707966  -1.840393  0  0  0  0  0  0  0  0  0  0  0  0  0  0  0  0  0  0  0  0  0  0  0  0  0  0  0  0  0  0  0  0  0  0  0  0  0  0  0  0  0  0  0  0  0  0  0  0  0  0  0  0  0  0  0  0  0  0  0  0  0  0  0  0  0  -0.020244999999999846
g  12  7  0.498904  0.481606  0.519771  0.528861  0.45289  0.318668  0.185942  0.024943  -0.211852  -0.513434  -0.856788  -1.18854  -1.475666  -1.708215  -1.8809  -2.011558  -2.099266  -2.140881  -2.164001  -2.184056  -2.196525  -2.203211  0  0  0  0  0  0  0  0  0  0  0  0  0  0  0  0  0  0  0  0  0  0  0  0  0  0  0  0  0  0  0  0  0  0  0  0  0  0  0  0  0  0  0  0  0  0  0  0  0  0  0  0  0  0  0  0  0  0  0  0  0  0  0  0  0  -0.0010699999999999044
h  12  7  -0.022132  -0.19589  -0.287886  -0.340734  -0.369033  -0.437687  -0.550464  -0.647628  -0.727411  -0.824682  -0.921554  -0.983916  -1.00946  -0.999615  -0.98029  -0.977342  -0.970908  -0.95107  -0.927848  -0.895173  -0.842021  -0.758171  0  0  0  0  0  0  0  0  0  0  0  0  0  0  0  0  0  0  0  0  0  0  0  0  0  0  0  0  0  0  0  0  0  0  0  0  0  0  0  0  0  0  0  0  0  0  0  0  0  0  0  0  0  0  0  0  0  0  0  0  0  0  0  0  0  0.019279999999999964
g  12  8  -0.402503  -0.168517  -0.020837  0.147842  0.289352  0.392242  0.477447  0.515942  0.496905  0.426371  0.321456  0.18602  0.030808  -0.137799  -0.275666  -0.33441  -0.323557  -0.270255  -0.175082  -0.042907  0.105984  0.255552  0  0  0  0  0  0  0  0  0  0  0  0  0  0  0  0  0  0  0  0  0  0  0  0  0  0  0  0  0  0  0  0  0  0  0  0  0  0  0  0  0  0  0  0  0  0  0  0  0  0  0  0  0  0  0  0  0  0  0  0  0  0  0  0  0  0.029458000000000012
h  12  8  0.18714  0.542649  0.647893  0.667042  0.5795  0.406647  0.195622  -0.029982  -0.26057  -0.465268  -0.633868  -0.734715  -0.757451  -0.71164  -0.60367  -0.456556  -0.296522  -0.133155  0.013143  0.130121  0.224162  0.297704  0  0  0  0  0  0  0  0  0  0  0  0  0  0  0  0  0  0  0  0  0  0  0  0  0  0  0  0  0  0  0  0  0  0  0  0  0  0  0  0  0  0  0  0  0  0  0  0  0  0  0  0  0  0  0  0  0  0  0  0  0  0  0  0  0  0.012819999999999998
g  12  9  -0.288921  -0.35097  -0.169615  0.012132  0.126713  0.179143  0.217663  0.235836  0.260168  0.297518  0.329138  0.334685  0.3167  0.290448  0.257499  0.209607  0.15373  0.102628  0.061955  0.028316  -0.007282  -0.049343  0  0  0  0  0  0  0  0  0  0  0  0  0  0  0  0  0  0  0  0  0  0  0  0  0  0  0  0  0  0  0  0  0  0  0  0  0  0  0  0  0  0  0  0  0  0  0  0  0  0  0  0  0  0  0  0  0  0  0  0  0  0  0  0  0  -0.009063999999999996
h  12  9  0.350766  0.24843  0.318116  0.3766  0.380321  0.425699  0.492772  0.562397  0.614476  0.638373  0.634822  0.599279  0.541754  0.460929  0.368259  0.280522  0.193861  0.094485  -0.016748  -0.135863  -0.259771  -0.379841  0  0  0  0  0  0  0  0  0  0  0  0  0  0  0  0  0  0  0  0  0  0  0  0  0  0  0  0  0  0  0  0  0  0  0  0  0  0  0  0  0  0  0  0  0  0  0  0  0  0  0  0  0  0  0  0  0  0  0  0  0  0  0  0  0  -0.023258
g  12  10  0.12252  0.181125  0.1193  -0.013327  -0.152366  -0.248444  -0.32089  -0.362842  -0.370007  -0.354762  -0.299589  -0.188847  -0.045433  0.095982  0.198883  0.241861  0.228413  0.179613  0.114524  0.0476  -0.013911  -0.069415  0  0  0  0  0  0  0  0  0  0  0  0  0  0  0  0  0  0  0  0  0  0  0  0  0  0  0  0  0  0  0  0  0  0  0  0  0  0  0  0  0  0  0  0  0  0  0  0  0  0  0  0  0  0  0  0  0  0  0  0  0  0  0  0  0  -0.010607000000000005
h  12  10  -0.869915  -0.919565  -0.816288  -0.664276  -0.480102  -0.314746  -0.168743  -0.025275  0.118283  0.265874  0.428676  0.572475  0.659077  0.683514  0.651436  0.576635  0.484617  0.401451  0.34195  0.301953  0.264242  0.217144  0  0  0  0  0  0  0  0  0  0  0  0  0  0  0  0  0  0  0  0  0  0  0  0  0  0  0  0  0  0  0  0  0  0  0  0  0  0  0  0  0  0  0  0  0  0  0  0  0  0  0  0  0  0  0  0  0  0  0  0  0  0  0  0  0  -0.010261999999999993
g  12  11  -0.820955  -1.009653  -1.06194  -1.0915  -1.12348  -1.052364  -0.863521  -0.560734  -0.187613  0.186992  0.503474  0.736346  0.883887  0.946755  0.933531  0.857336  0.736373  0.5957  0.468477  0.379409  0.3415  0.358651  0  0  0  0  0  0  0  0  0  0  0  0  0  0  0  0  0  0  0  0  0  0  0  0  0  0  0  0  0  0  0  0  0  0  0  0  0  0  0  0  0  0  0  0  0  0  0  0  0  0  0  0  0  0  0  0  0  0  0  0  0  0  0  0  0  0.007738000000000023
h  12  11  0.009038  -0.112834  -0.158281  -0.192993  -0.151852  -0.011617  0.153997  0.245056  0.201965  0.036848  -0.208965  -0.487001  -0.762343  -1.013881  -1.219809  -1.353562  -1.401595  -1.359749  -1.236384  -1.054939  -0.845462  -0.639963  0  0  0  0  0  0  0  0  0  0  0  0  0  0  0  0  0  0  0  0  0  0  0  0  0  0  0  0  0  0  0  0  0  0  0  0  0  0  0  0  0  0  0  0  0  0  0  0  0  0  0  0  0  0  0  0  0  0  0  0  0  0  0  0  0  0.039319000000000104
g  12  12  0.157737  -0.112266  -0.072746  0.014709  0.123278  0.214572  0.20328  0.032779  -0.277951  -0.642525  -0.982937  -1.240556  -1.352347  -1.272399  -0.996896  -0.563051  -0.033687  0.518155  1.029518  1.454569  1.761286  1.927893  0  0  0  0  0  0  0  0  0  0  0  0  0  0  0  0  0  0  0  0  0  0  0  0  0  0  0  0  0  0  0  0  0  0  0  0  0  0  0  0  0  0  0  0  0  0  0  0  0  0  0  0  0  0  0  0  0  0  0  0  0  0  0  0  0  0.0214160000000001
h  12  12  0.75882  0.681343  0.909018  1.112848  1.228857  1.248976  1.175789  1.055405  0.981871  1.019659  1.185722  1.48332  1.884641  2.323606  2.711982  2.969391  3.04072  2.909794  2.592787  2.12476  1.551036  0.923231  0  0  0  0  0  0  0  0  0  0  0  0  0  0  0  0  0  0  0  0  0  0  0  0  0  0  0  0  0  0  0  0  0  0  0  0  0  0  0  0  0  0  0  0  0  0  0  0  0  0  0  0  0  0  0  0  0  0  0  0  0  0  0  0  0  -0.12728499999999998
g  13  0  -0.082275  0.001166  0.014848  -0.013877  -0.01008  0.049629  0.164179  0.299892  0.428646  0.513418  0.550264  0.546804  0.518946  0.473234  0.412378  0.345729  0.275929  0.198967  0.116231  0.030851  -0.059797  -0.160166  0  0  0  0  0  0  0  0  0  0  0  0  0  0  0  0  0  0  0  0  0  0  0  0  0  0  0  0  0  0  0  0  0  0  0  0  0  0  0  0  0  0  0  0  0  0  0  0  0  0  0  0  0  0  0  0  0  0  0  0  0  0  0  0  0  -0.020842
g  13  1  -0.877478  -0.90741  -1.002468  -1.093052  -1.130592  -1.144067  -1.145522  -1.160923  -1.215666  -1.275919  -1.310399  -1.317699  -1.302004  -1.282023  -1.268503  -1.258279  -1.243938  -1.214596  -1.158052  -1.07032  -0.957861  -0.830998  0  0  0  0  0  0  0  0  0  0  0  0  0  0  0  0  0  0  0  0  0  0  0  0  0  0  0  0  0  0  0  0  0  0  0  0  0  0  0  0  0  0  0  0  0  0  0  0  0  0  0  0  0  0  0  0  0  0  0  0  0  0  0  0  0  0.026071999999999984
h  13  1  -0.76737  -0.729268  -0.707219  -0.674289  -0.690269  -0.715578  -0.735692  -0.745488  -0.733086  -0.731073  -0.749492  -0.784596  -0.827145  -0.853843  -0.840353  -0.784542  -0.704801  -0.612568  -0.515998  -0.417614  -0.312239  -0.212515  0  0  0  0  0  0  0  0  0  0  0  0  0  0  0  0  0  0  0  0  0  0  0  0  0  0  0  0  0  0  0  0  0  0  0  0  0  0  0  0  0  0  0  0  0  0  0  0  0  0  0  0  0  0  0  0  0  0  0  0  0  0  0  0  0  0.018679
g  13  2  0.146669  0.431078  0.453389  0.464453  0.482482  0.445969  0.385133  0.317576  0.263052  0.243586  0.254322  0.288742  0.341221  0.396419  0.445822  0.488392  0.532855  0.581414  0.632955  0.681424  0.710439  0.704124  0  0  0  0  0  0  0  0  0  0  0  0  0  0  0  0  0  0  0  0  0  0  0  0  0  0  0  0  0  0  0  0  0  0  0  0  0  0  0  0  0  0  0  0  0  0  0  0  0  0  0  0  0  0  0  0  0  0  0  0  0  0  0  0  0  -0.004291000000000045
h  13  2  0.414406  0.529986  0.500532  0.414788  0.299559  0.185106  0.095913  0.01521  -0.027159  -0.015448  0.022294  0.051171  0.050505  0.014884  -0.034433  -0.068792  -0.081585  -0.089956  -0.112962  -0.149673  -0.192713  -0.235333  0  0  0  0  0  0  0  0  0  0  0  0  0  0  0  0  0  0  0  0  0  0  0  0  0  0  0  0  0  0  0  0  0  0  0  0  0  0  0  0  0  0  0  0  0  0  0  0  0  0  0  0  0  0  0  0  0  0  0  0  0  0  0  0  0  -0.008369999999999989
g  13  3  0.47222  0.505066  0.340311  0.171907  0.033914  -0.039016  -0.070078  -0.087426  -0.06479  0.006168  0.096599  0.191237  0.287754  0.375094  0.434737  0.459897  0.460757  0.440566  0.406998  0.369059  0.325691  0.279438  0  0  0  0  0  0  0  0  0  0  0  0  0  0  0  0  0  0  0  0  0  0  0  0  0  0  0  0  0  0  0  0  0  0  0  0  0  0  0  0  0  0  0  0  0  0  0  0  0  0  0  0  0  0  0  0  0  0  0  0  0  0  0  0  0  -0.009499999999999953
h  13  3  1.645243  1.339043  1.21479  1.185537  1.218858  1.29599  1.332776  1.357874  1.378995  1.34955  1.278462  1.18898  1.085133  0.965824  0.840027  0.717955  0.605429  0.507529  0.427369  0.361021  0.305868  0.25394  0  0  0  0  0  0  0  0  0  0  0  0  0  0  0  0  0  0  0  0  0  0  0  0  0  0  0  0  0  0  0  0  0  0  0  0  0  0  0  0  0  0  0  0  0  0  0  0  0  0  0  0  0  0  0  0  0  0  0  0  0  0  0  0  0  -0.010317999999999994
g  13  4  -0.546536  -0.432192  -0.38146  -0.317895  -0.239265  -0.182578  -0.132317  -0.09235  -0.09685  -0.140969  -0.197998  -0.253262  -0.306433  -0.360294  -0.41484  -0.457766  -0.476955  -0.479001  -0.475347  -0.476134  -0.489377  -0.510048  0  0  0  0  0  0  0  0  0  0  0  0  0  0  0  0  0  0  0  0  0  0  0  0  0  0  0  0  0  0  0  0  0  0  0  0  0  0  0  0  0  0  0  0  0  0  0  0  0  0  0  0  0  0  0  0  0  0  0  0  0  0  0  0  0  -0.0041739999999999
h  13  4  -0.500513  -0.402616  -0.407818  -0.442278  -0.527986  -0.58725  -0.60989  -0.625925  -0.637379  -0.613161  -0.542774  -0.453115  -0.371419  -0.313306  -0.266163  -0.209507  -0.155968  -0.130038  -0.135364  -0.16128  -0.201333  -0.245347  0  0  0  0  0  0  0  0  0  0  0  0  0  0  0  0  0  0  0  0  0  0  0  0  0  0  0  0  0  0  0  0  0  0  0  0  0  0  0  0  0  0  0  0  0  0  0  0  0  0  0  0  0  0  0  0  0  0  0  0  0  0  0  0  0  -0.008687
g  13  5  1.004039  0.834327  0.740447  0.613218  0.490356  0.436272  0.37445  0.311882  0.28311  0.28473  0.291175  0.292  0.28828  0.268514  0.225691  0.166989  0.109754  0.067301  0.03407  0.002836  -0.026151  -0.044227  0  0  0  0  0  0  0  0  0  0  0  0  0  0  0  0  0  0  0  0  0  0  0  0  0  0  0  0  0  0  0  0  0  0  0  0  0  0  0  0  0  0  0  0  0  0  0  0  0  0  0  0  0  0  0  0  0  0  0  0  0  0  0  0  0  -0.002238000000000004
h  13  5  -1.15282  -1.070493  -1.13406  -1.192335  -1.173823  -1.100751  -1.039326  -0.963716  -0.862762  -0.779361  -0.718802  -0.677667  -0.660977  -0.64911  -0.62104  -0.573224  -0.511755  -0.449736  -0.396583  -0.355481  -0.328082  -0.314985  0  0  0  0  0  0  0  0  0  0  0  0  0  0  0  0  0  0  0  0  0  0  0  0  0  0  0  0  0  0  0  0  0  0  0  0  0  0  0  0  0  0  0  0  0  0  0  0  0  0  0  0  0  0  0  0  0  0  0  0  0  0  0  0  0  0.001540999999999959
g  13  6  -0.27083  -0.042886  -0.08616  -0.169849  -0.24128  -0.302786  -0.367674  -0.442734  -0.506147  -0.537949  -0.527485  -0.470631  -0.374989  -0.250497  -0.10397  0.055481  0.23017  0.416317  0.599355  0.770321  0.925699  1.064241  0  0  0  0  0  0  0  0  0  0  0  0  0  0  0  0  0  0  0  0  0  0  0  0  0  0  0  0  0  0  0  0  0  0  0  0  0  0  0  0  0  0  0  0  0  0  0  0  0  0  0  0  0  0  0  0  0  0  0  0  0  0  0  0  0  0.02600899999999995
h  13  6  -0.224642  -0.090479  0.027832  0.09003  0.0989  0.09971  0.11363  0.13557  0.142211  0.142231  0.146717  0.162965  0.185734  0.1981  0.192266  0.175744  0.144658  0.089671  0.012798  -0.080957  -0.186609  -0.29331  0  0  0  0  0  0  0  0  0  0  0  0  0  0  0  0  0  0  0  0  0  0  0  0  0  0  0  0  0  0  0  0  0  0  0  0  0  0  0  0  0  0  0  0  0  0  0  0  0  0  0  0  0  0  0  0  0  0  0  0  0  0  0  0  0  -0.020722000000000018
g  13  7  0.886392  0.758885  0.775857  0.755057  0.699886  0.634351  0.591948  0.554476  0.511354  0.479594  0.449332  0.41602  0.388797  0.367844  0.337582  0.277744  0.197826  0.117199  0.039019  -0.033707  -0.098879  -0.165146  0  0  0  0  0  0  0  0  0  0  0  0  0  0  0  0  0  0  0  0  0  0  0  0  0  0  0  0  0  0  0  0  0  0  0  0  0  0  0  0  0  0  0  0  0  0  0  0  0  0  0  0  0  0  0  0  0  0  0  0  0  0  0  0  0  -0.013965999999999978
h  13  7  0.580355  0.370619  0.180868  0.028577  -0.091984  -0.159758  -0.208196  -0.242234  -0.251186  -0.276171  -0.333127  -0.398849  -0.462799  -0.523974  -0.588571  -0.657668  -0.709753  -0.731527  -0.728383  -0.708027  -0.675712  -0.634301  0  0  0  0  0  0  0  0  0  0  0  0  0  0  0  0  0  0  0  0  0  0  0  0  0  0  0  0  0  0  0  0  0  0  0  0  0  0  0  0  0  0  0  0  0  0  0  0  0  0  0  0  0  0  0  0  0  0  0  0  0  0  0  0  0  0.008696999999999955
g  13  8  -0.091967  -0.143629  -0.159526  -0.21811  -0.256706  -0.27291  -0.284549  -0.30149  -0.319718  -0.343407  -0.356273  -0.337952  -0.28981  -0.230393  -0.155016  -0.049553  0.073212  0.200508  0.338312  0.483805  0.622451  0.739323  0  0  0  0  0  0  0  0  0  0  0  0  0  0  0  0  0  0  0  0  0  0  0  0  0  0  0  0  0  0  0  0  0  0  0  0  0  0  0  0  0  0  0  0  0  0  0  0  0  0  0  0  0  0  0  0  0  0  0  0  0  0  0  0  0  0.021168999999999993
h  13  8  -0.046674  -0.146395  -0.198836  -0.202608  -0.189369  -0.212034  -0.244599  -0.282174  -0.320932  -0.346714  -0.351172  -0.336263  -0.313842  -0.289268  -0.255978  -0.215654  -0.170925  -0.120652  -0.076856  -0.048395  -0.035231  -0.036196  0  0  0  0  0  0  0  0  0  0  0  0  0  0  0  0  0  0  0  0  0  0  0  0  0  0  0  0  0  0  0  0  0  0  0  0  0  0  0  0  0  0  0  0  0  0  0  0  0  0  0  0  0  0  0  0  0  0  0  0  0  0  0  0  0  -0.0011680000000000024
g  13  9  0.351293  0.331612  0.323949  0.323948  0.285753  0.247839  0.217075  0.203925  0.209012  0.225509  0.252456  0.272709  0.282363  0.291873  0.295298  0.284175  0.260262  0.230527  0.20683  0.195285  0.19308  0.198663  0  0  0  0  0  0  0  0  0  0  0  0  0  0  0  0  0  0  0  0  0  0  0  0  0  0  0  0  0  0  0  0  0  0  0  0  0  0  0  0  0  0  0  0  0  0  0  0  0  0  0  0  0  0  0  0  0  0  0  0  0  0  0  0  0  0.0017500000000000016
h  13  9  0.411777  0.516722  0.4568  0.383747  0.298023  0.217484  0.168489  0.135328  0.098365  0.074652  0.056196  0.027563  -0.012461  -0.0696  -0.13705  -0.193703  -0.23211  -0.251015  -0.242972  -0.20858  -0.160607  -0.113406  0  0  0  0  0  0  0  0  0  0  0  0  0  0  0  0  0  0  0  0  0  0  0  0  0  0  0  0  0  0  0  0  0  0  0  0  0  0  0  0  0  0  0  0  0  0  0  0  0  0  0  0  0  0  0  0  0  0  0  0  0  0  0  0  0  0.008825
g  13  10  0.061975  0.120332  0.157722  0.158764  0.100141  -0.001023  -0.111385  -0.217316  -0.292671  -0.313821  -0.284702  -0.216675  -0.120424  -0.004354  0.116821  0.23218  0.341575  0.445271  0.537573  0.618558  0.691802  0.75913  0  0  0  0  0  0  0  0  0  0  0  0  0  0  0  0  0  0  0  0  0  0  0  0  0  0  0  0  0  0  0  0  0  0  0  0  0  0  0  0  0  0  0  0  0  0  0  0  0  0  0  0  0  0  0  0  0  0  0  0  0  0  0  0  0  0.013043000000000027
h  13  10  0.443991  0.495259  0.498181  0.438321  0.35023  0.266339  0.200175  0.17552  0.193931  0.246195  0.316387  0.383942  0.43771  0.479296  0.50422  0.504767  0.481392  0.440203  0.391509  0.341456  0.288216  0.227602  0  0  0  0  0  0  0  0  0  0  0  0  0  0  0  0  0  0  0  0  0  0  0  0  0  0  0  0  0  0  0  0  0  0  0  0  0  0  0  0  0  0  0  0  0  0  0  0  0  0  0  0  0  0  0  0  0  0  0  0  0  0  0  0  0  -0.012884000000000007
g  13  11  0.330415  0.474408  0.433164  0.320676  0.186141  0.050141  -0.072696  -0.167005  -0.225515  -0.250448  -0.245387  -0.22044  -0.196004  -0.199414  -0.249762  -0.351628  -0.495705  -0.662282  -0.82483  -0.956403  -1.036366  -1.050541  0  0  0  0  0  0  0  0  0  0  0  0  0  0  0  0  0  0  0  0  0  0  0  0  0  0  0  0  0  0  0  0  0  0  0  0  0  0  0  0  0  0  0  0  0  0  0  0  0  0  0  0  0  0  0  0  0  0  0  0  0  0  0  0  0  0.0028200000000000447
h  13  11  -0.106618  -0.368956  -0.426983  -0.483033  -0.502605  -0.483784  -0.432471  -0.361193  -0.280965  -0.199279  -0.126078  -0.079279  -0.077131  -0.119147  -0.185717  -0.24508  -0.268171  -0.237904  -0.153021  -0.022452  0.142281  0.329486  0  0  0  0  0  0  0  0  0  0  0  0  0  0  0  0  0  0  0  0  0  0  0  0  0  0  0  0  0  0  0  0  0  0  0  0  0  0  0  0  0  0  0  0  0  0  0  0  0  0  0  0  0  0  0  0  0  0  0  0  0  0  0  0  0  0.03866700000000001
g  13  12  -0.274265  -0.34766  -0.371537  -0.345346  -0.296498  -0.200505  -0.062308  0.098407  0.24095  0.331553  0.352183  0.306421  0.208603  0.079267  -0.060848  -0.196646  -0.317124  -0.416201  -0.492304  -0.544325  -0.570171  -0.564014  0  0  0  0  0  0  0  0  0  0  0  0  0  0  0  0  0  0  0  0  0  0  0  0  0  0  0  0  0  0  0  0  0  0  0  0  0  0  0  0  0  0  0  0  0  0  0  0  0  0  0  0  0  0  0  0  0  0  0  0  0  0  0  0  0  0.004093000000000013
h  13  12  -0.512242  -0.469735  -0.456068  -0.434391  -0.374457  -0.299322  -0.24095  -0.234674  -0.29279  -0.396529  -0.506793  -0.595748  -0.641361  -0.635901  -0.583047  -0.495957  -0.393193  -0.292625  -0.203695  -0.127766  -0.060734  0.00353  0  0  0  0  0  0  0  0  0  0  0  0  0  0  0  0  0  0  0  0  0  0  0  0  0  0  0  0  0  0  0  0  0  0  0  0  0  0  0  0  0  0  0  0  0  0  0  0  0  0  0  0  0  0  0  0  0  0  0  0  0  0  0  0  0  0.012888
g  13  13  -0.37321  -0.597379  -0.660028  -0.674969  -0.656338  -0.635608  -0.663487  -0.75866  -0.915341  -1.094401  -1.249413  -1.342263  -1.337152  -1.219824  -1.003884  -0.719032  -0.399819  -0.078367  0.218187  0.468916  0.659885  0.78163  0  0  0  0  0  0  0  0  0  0  0  0  0  0  0  0  0  0  0  0  0  0  0  0  0  0  0  0  0  0  0  0  0  0  0  0  0  0  0  0  0  0  0  0  0  0  0  0  0  0  0  0  0  0  0  0  0  0  0  0  0  0  0  0  0  0.018545000000000034
h  13  13  -0.617884  -0.647793  -0.482331  -0.361742  -0.297149  -0.282559  -0.320691  -0.373565  -0.382375  -0.313164  -0.164873  0.050246  0.303489  0.550508  0.748154  0.865425  0.888134  0.818476  0.669524  0.46164  0.217647  -0.038341  0  0  0  0  0  0  0  0  0  0  0  0  0  0  0  0  0  0  0  0  0  0  0  0  0  0  0  0  0  0  0  0  0  0  0  0  0  0  0  0  0  0  0  0  0  0  0  0  0  0  0  0  0  0  0  0  0  0  0  0  0  0  0  0  0  -0.05089
