# 2019 MPG data assimilation forecast
# units of nT 
c/s d o  GUFM1  GUFM1  GUFM1  GUFM1  GUFM1  GUFM1  GUFM1  GUFM1  GUFM1  GUFM1  GUFM1  GUFM1  GUFM1  GUFM1  GUFM1  GUFM1  GUFM1  GUFM1  GUFM1  GUFM1  GUFM1  GUFM1  GUFM1  GUFM1  GUFM1  GUFM1  GUFM1  GUFM1  GUFM1  GUFM1  GUFM1  GUFM1  GUFM1  GUFM1  GUFM1  GUFM1  GUFM1  GUFM1  GUFM1  GUFM1  GUFM1  GUFM1  GUFM1  GUFM1  GUFM1  GUFM1  GUFM1  GUFM1  GUFM1  GUFM1  GUFM1  GUFM1  GUFM1  GUFM1  GUFM1  GUFM1  GUFM1  GUFM1  GUFM1  GUFM1  GUFM1  GUFM1   IGRF   IGRF   IGRF   IGRF   IGRF   IGRF   IGRF   IGRF   IGRF   DGRF   DGRF   DGRF   DGRF   DGRF   DGRF   DGRF   DGRF   DGRF   DGRF   DGRF   DGRF      DGRF      DGRF     DGRF     IGRF      SV
g/h n m 1590.0 1595.0 1600.0 1605.0 1610.0 1615.0 1620.0 1625.0 1630.0 1635.0 1640.0 1645.0 1650.0 1655.0 1660.0 1665.0 1670.0 1675.0 1680.0 1685.0 1690.0 1695.0 1700.0 1705.0 1710.0 1715.0 1720.0 1725.0 1730.0 1735.0 1740.0 1745.0 1750.0 1755.0 1760.0 1765.0 1770.0 1775.0 1780.0 1785.0 1790.0 1795.0 1800.0 1805.0 1810.0 1815.0 1820.0 1825.0 1830.0 1835.0 1840.0 1845.0 1850.0 1855.0 1860.0 1865.0 1870.0 1875.0 1880.0 1885.0 1890.0 1895.0 1900.0 1905.0 1910.0 1915.0 1920.0 1925.0 1930.0 1935.0 1940.0 1945.0 1950.0 1955.0 1960.0 1965.0 1970.0 1975.0 1980.0 1985.0 1990.0 1995.0 2000.0    2005.0    2010.0   2015.0   2020.0 2020-25
g  1  0  -29441.659135  -29403.934976  -29369.866173  -29320.62493  -29262.844452  -29196.301784  -29132.524423  -29071.983473  -29021.633226  -28989.128912  -28965.750412  -28946.217542  -28926.791174  -28901.340822  -28867.521935  -28826.16585  -28777.464327  -28720.696811  -28652.121246  -28571.489622  -28479.748192  -28379.425919  0  0  0  0  0  0  0  0  0  0  0  0  0  0  0  0  0  0  0  0  0  0  0  0  0  0  0  0  0  0  0  0  0  0  0  0  0  0  0  0  0  0  0  0  0  0  0  0  0  0  0  0  0  0  0  0  0  0  0  0  0  0  0  0  0  20.49827599999844
g  1  1  -1501.86341  -1450.999941  -1432.244769  -1413.32511  -1374.23308  -1321.834595  -1263.628236  -1213.653724  -1179.622301  -1158.607903  -1143.333843  -1132.119764  -1122.750997  -1115.452326  -1107.773889  -1094.106142  -1071.013531  -1039.276358  -1002.343067  -964.090359  -927.909673  -896.726188  0  0  0  0  0  0  0  0  0  0  0  0  0  0  0  0  0  0  0  0  0  0  0  0  0  0  0  0  0  0  0  0  0  0  0  0  0  0  0  0  0  0  0  0  0  0  0  0  0  0  0  0  0  0  0  0  0  0  0  0  0  0  0  0  0  5.6854359999999815
h  1  1  4796.609306  4653.687967  4535.713962  4437.808039  4350.539121  4268.899053  4192.227334  4120.55854  4053.766709  3985.729464  3911.557013  3833.002626  3754.004595  3675.771352  3599.084822  3524.419483  3452.94695  3383.654934  3317.095326  3254.430164  3192.08391  3126.834877  0  0  0  0  0  0  0  0  0  0  0  0  0  0  0  0  0  0  0  0  0  0  0  0  0  0  0  0  0  0  0  0  0  0  0  0  0  0  0  0  0  0  0  0  0  0  0  0  0  0  0  0  0  0  0  0  0  0  0  0  0  0  0  0  0  -13.337318000000323
g  2  0  -2446.743441  -2499.651888  -2534.961916  -2571.466988  -2613.112426  -2657.197785  -2705.099047  -2754.330905  -2800.184855  -2845.985177  -2891.455508  -2932.942106  -2970.736765  -3005.021069  -3034.345906  -3055.322161  -3065.564678  -3064.957088  -3054.853433  -3037.100979  -3013.095821  -2984.625301  0  0  0  0  0  0  0  0  0  0  0  0  0  0  0  0  0  0  0  0  0  0  0  0  0  0  0  0  0  0  0  0  0  0  0  0  0  0  0  0  0  0  0  0  0  0  0  0  0  0  0  0  0  0  0  0  0  0  0  0  0  0  0  0  0  5.931536999999935
g  2  1  3012.265311  2982.427218  2969.032983  2966.023704  2954.273545  2940.655424  2930.98895  2925.619793  2917.052998  2900.173153  2873.986227  2838.498108  2796.0121  2748.633076  2697.145803  2640.417665  2578.597632  2512.465314  2442.239572  2369.617926  2296.655606  2224.317133  0  0  0  0  0  0  0  0  0  0  0  0  0  0  0  0  0  0  0  0  0  0  0  0  0  0  0  0  0  0  0  0  0  0  0  0  0  0  0  0  0  0  0  0  0  0  0  0  0  0  0  0  0  0  0  0  0  0  0  0  0  0  0  0  0  -14.377250000000004
h  2  1  -2845.215175  -2991.578262  -3124.773758  -3243.684132  -3355.194121  -3464.044317  -3576.340722  -3694.177423  -3821.328238  -3958.161303  -4100.763631  -4244.80947  -4388.611753  -4533.453534  -4680.797588  -4828.422826  -4972.725608  -5111.729254  -5246.04664  -5377.466926  -5508.44604  -5640.505096  0  0  0  0  0  0  0  0  0  0  0  0  0  0  0  0  0  0  0  0  0  0  0  0  0  0  0  0  0  0  0  0  0  0  0  0  0  0  0  0  0  0  0  0  0  0  0  0  0  0  0  0  0  0  0  0  0  0  0  0  0  0  0  0  0  -26.518670999999813
g  2  2  1676.33469  1676.959955  1652.59637  1619.629269  1585.994745  1549.828509  1511.986893  1457.126334  1380.967401  1290.384674  1195.750387  1104.662992  1021.399446  947.802894  883.615051  826.629523  772.27008  717.764541  661.204993  601.667538  539.705377  476.462368  0  0  0  0  0  0  0  0  0  0  0  0  0  0  0  0  0  0  0  0  0  0  0  0  0  0  0  0  0  0  0  0  0  0  0  0  0  0  0  0  0  0  0  0  0  0  0  0  0  0  0  0  0  0  0  0  0  0  0  0  0  0  0  0  0  -12.734446999999989
h  2  2  -642.055773  -733.774626  -812.8977  -880.941338  -948.469797  -1019.547591  -1098.379317  -1182.374673  -1263.567776  -1342.620283  -1420.640802  -1501.943004  -1587.84362  -1678.821856  -1772.33428  -1865.962198  -1957.677799  -2045.195742  -2127.156484  -2202.188537  -2270.26065  -2331.102454  0  0  0  0  0  0  0  0  0  0  0  0  0  0  0  0  0  0  0  0  0  0  0  0  0  0  0  0  0  0  0  0  0  0  0  0  0  0  0  0  0  0  0  0  0  0  0  0  0  0  0  0  0  0  0  0  0  0  0  0  0  0  0  0  0  -11.621231999999964
g  3  0  1350.05819  1362.693001  1364.128102  1364.910524  1369.598442  1380.073773  1392.258341  1404.759007  1409.684578  1405.166831  1395.112086  1381.812535  1365.660674  1349.38134  1334.273806  1318.958716  1302.894542  1286.168968  1268.03303  1248.484746  1228.3843  1208.464198  0  0  0  0  0  0  0  0  0  0  0  0  0  0  0  0  0  0  0  0  0  0  0  0  0  0  0  0  0  0  0  0  0  0  0  0  0  0  0  0  0  0  0  0  0  0  0  0  0  0  0  0  0  0  0  0  0  0  0  0  0  0  0  0  0  -3.918130000000019
g  3  1  -2351.896115  -2381.154071  -2420.196454  -2457.507015  -2484.579772  -2507.438825  -2531.177611  -2550.814014  -2567.222095  -2577.889071  -2582.415805  -2581.412922  -2575.041083  -2566.778284  -2560.803713  -2558.759135  -2558.555571  -2558.007315  -2556.689948  -2553.484393  -2546.63278  -2535.159219  0  0  0  0  0  0  0  0  0  0  0  0  0  0  0  0  0  0  0  0  0  0  0  0  0  0  0  0  0  0  0  0  0  0  0  0  0  0  0  0  0  0  0  0  0  0  0  0  0  0  0  0  0  0  0  0  0  0  0  0  0  0  0  0  0  2.697697000000062
h  3  1  -115.215284  -81.328133  -63.660524  -53.58295  -32.194895  -10.572994  15.161021  41.169762  63.974138  85.227647  107.130288  132.07219  160.736576  192.657384  225.567683  258.678057  293.432766  331.423714  370.722396  408.779765  444.835384  479.292279  0  0  0  0  0  0  0  0  0  0  0  0  0  0  0  0  0  0  0  0  0  0  0  0  0  0  0  0  0  0  0  0  0  0  0  0  0  0  0  0  0  0  0  0  0  0  0  0  0  0  0  0  0  0  0  0  0  0  0  0  0  0  0  0  0  6.812002000000007
g  3  2  1225.634527  1236.08396  1246.916264  1253.748621  1254.02838  1249.45198  1241.470343  1235.228697  1231.186071  1225.47203  1221.248135  1221.599072  1227.686212  1240.021773  1258.031335  1280.170935  1305.068492  1332.079829  1363.123619  1399.369865  1441.258018  1488.727233  0  0  0  0  0  0  0  0  0  0  0  0  0  0  0  0  0  0  0  0  0  0  0  0  0  0  0  0  0  0  0  0  0  0  0  0  0  0  0  0  0  0  0  0  0  0  0  0  0  0  0  0  0  0  0  0  0  0  0  0  0  0  0  0  0  9.866809000000103
h  3  2  244.603695  242.033381  252.731643  257.949532  259.327817  264.697682  274.90157  296.981288  326.09865  355.765849  383.759271  410.163704  434.652251  455.249961  472.489766  489.408549  507.657189  527.620308  549.651247  572.37483  592.945123  608.588164  0  0  0  0  0  0  0  0  0  0  0  0  0  0  0  0  0  0  0  0  0  0  0  0  0  0  0  0  0  0  0  0  0  0  0  0  0  0  0  0  0  0  0  0  0  0  0  0  0  0  0  0  0  0  0  0  0  0  0  0  0  0  0  0  0  2.59199000000001
g  3  3  581.748297  525.353276  466.297574  409.282438  359.423633  315.999225  281.418236  246.423934  204.045795  156.045018  106.545442  60.075617  14.481592  -33.255058  -86.043288  -144.814814  -208.919452  -276.291023  -347.473218  -424.012006  -504.79894  -587.666772  0  0  0  0  0  0  0  0  0  0  0  0  0  0  0  0  0  0  0  0  0  0  0  0  0  0  0  0  0  0  0  0  0  0  0  0  0  0  0  0  0  0  0  0  0  0  0  0  0  0  0  0  0  0  0  0  0  0  0  0  0  0  0  0  0  -16.632690000000025
h  3  3  -538.198517  -543.13646  -544.745705  -543.906692  -547.704925  -566.806805  -601.16427  -649.118928  -702.857228  -760.488608  -822.420123  -887.701065  -955.906336  -1025.066413  -1091.598382  -1153.119555  -1208.257313  -1256.563905  -1296.196739  -1324.358274  -1341.178475  -1346.809069  0  0  0  0  0  0  0  0  0  0  0  0  0  0  0  0  0  0  0  0  0  0  0  0  0  0  0  0  0  0  0  0  0  0  0  0  0  0  0  0  0  0  0  0  0  0  0  0  0  0  0  0  0  0  0  0  0  0  0  0  0  0  0  0  0  -0.21396699999991142
g  4  0  907.531319  903.200542  900.678933  894.716826  884.350763  872.054461  858.410545  843.531099  825.436162  800.227809  770.864788  739.667998  708.041319  678.427778  652.073568  628.54066  606.944349  586.586861  567.840158  551.705226  538.757707  529.475803  0  0  0  0  0  0  0  0  0  0  0  0  0  0  0  0  0  0  0  0  0  0  0  0  0  0  0  0  0  0  0  0  0  0  0  0  0  0  0  0  0  0  0  0  0  0  0  0  0  0  0  0  0  0  0  0  0  0  0  0  0  0  0  0  0  -1.5399619999999459
g  4  1  812.960938  809.81833  793.452983  769.979001  741.151602  713.811406  690.430759  670.927838  651.817071  634.015112  618.880888  605.343448  592.113081  577.374373  559.462122  538.778865  516.404363  492.924655  468.053124  441.416221  412.657108  381.837594  0  0  0  0  0  0  0  0  0  0  0  0  0  0  0  0  0  0  0  0  0  0  0  0  0  0  0  0  0  0  0  0  0  0  0  0  0  0  0  0  0  0  0  0  0  0  0  0  0  0  0  0  0  0  0  0  0  0  0  0  0  0  0  0  0  -6.344936999999959
h  4  1  283.180592  281.41634  264.342656  241.552486  212.59685  183.387084  156.073919  125.734767  90.614159  49.448235  4.883801  -39.763475  -82.978305  -123.435776  -160.122471  -191.810071  -217.241065  -236.180945  -249.887974  -260.431473  -269.392081  -277.615016  0  0  0  0  0  0  0  0  0  0  0  0  0  0  0  0  0  0  0  0  0  0  0  0  0  0  0  0  0  0  0  0  0  0  0  0  0  0  0  0  0  0  0  0  0  0  0  0  0  0  0  0  0  0  0  0  0  0  0  0  0  0  0  0  0  -1.613174000000015
g  4  2  120.322541  86.214745  63.089048  40.911831  17.253208  -7.268639  -32.080509  -52.265201  -68.947518  -81.180518  -87.428385  -89.442455  -88.961342  -86.979468  -85.938757  -87.528698  -92.628094  -101.978182  -114.716288  -129.469183  -144.504225  -158.535298  0  0  0  0  0  0  0  0  0  0  0  0  0  0  0  0  0  0  0  0  0  0  0  0  0  0  0  0  0  0  0  0  0  0  0  0  0  0  0  0  0  0  0  0  0  0  0  0  0  0  0  0  0  0  0  0  0  0  0  0  0  0  0  0  0  -2.7011130000000207
h  4  2  -188.889081  -158.168122  -129.132959  -102.110322  -71.478981  -39.054092  -3.222124  37.336026  77.860484  118.101073  155.774193  189.653172  220.779149  249.01457  274.575164  298.984851  323.433351  348.794069  375.713501  403.995031  432.772016  461.206148  0  0  0  0  0  0  0  0  0  0  0  0  0  0  0  0  0  0  0  0  0  0  0  0  0  0  0  0  0  0  0  0  0  0  0  0  0  0  0  0  0  0  0  0  0  0  0  0  0  0  0  0  0  0  0  0  0  0  0  0  0  0  0  0  0  5.640376000000003
g  4  3  -334.561163  -309.64757  -290.455571  -268.095534  -241.561507  -214.7145  -186.392209  -158.922272  -133.294982  -107.627255  -80.856214  -52.919275  -23.491147  7.125053  39.318077  72.117012  104.072143  134.429295  162.289329  187.540816  210.655553  232.183371  0  0  0  0  0  0  0  0  0  0  0  0  0  0  0  0  0  0  0  0  0  0  0  0  0  0  0  0  0  0  0  0  0  0  0  0  0  0  0  0  0  0  0  0  0  0  0  0  0  0  0  0  0  0  0  0  0  0  0  0  0  0  0  0  0  4.231667999999985
h  4  3  180.766442  200.129459  221.575203  247.103864  274.521552  304.198969  337.81438  375.860492  415.172061  452.58095  486.945722  518.948472  547.684786  571.961166  591.591031  605.480691  612.854109  614.463771  612.373  608.430477  603.670496  598.430813  0  0  0  0  0  0  0  0  0  0  0  0  0  0  0  0  0  0  0  0  0  0  0  0  0  0  0  0  0  0  0  0  0  0  0  0  0  0  0  0  0  0  0  0  0  0  0  0  0  0  0  0  0  0  0  0  0  0  0  0  0  0  0  0  0  -1.0994360000000825
g  4  4  70.295772  47.807389  34.1492  28.742592  26.397784  27.262048  28.989244  30.642319  28.063355  20.242741  9.17095  -6.396285  -24.959624  -46.702347  -72.066758  -101.129474  -134.233054  -171.863962  -214.433274  -262.425528  -314.619134  -369.570117  0  0  0  0  0  0  0  0  0  0  0  0  0  0  0  0  0  0  0  0  0  0  0  0  0  0  0  0  0  0  0  0  0  0  0  0  0  0  0  0  0  0  0  0  0  0  0  0  0  0  0  0  0  0  0  0  0  0  0  0  0  0  0  0  0  -11.159932999999967
h  4  4  -329.146764  -349.908425  -368.570167  -387.457854  -409.500172  -435.525506  -467.490833  -502.638959  -541.279184  -578.551452  -612.79483  -641.800798  -663.904068  -678.733423  -686.095566  -687.54031  -684.94605  -678.730745  -669.723925  -658.624088  -644.932521  -628.413943  0  0  0  0  0  0  0  0  0  0  0  0  0  0  0  0  0  0  0  0  0  0  0  0  0  0  0  0  0  0  0  0  0  0  0  0  0  0  0  0  0  0  0  0  0  0  0  0  0  0  0  0  0  0  0  0  0  0  0  0  0  0  0  0  0  3.5192009999999527
g  5  0  -232.739011  -234.538217  -241.07311  -247.842469  -252.380153  -254.450543  -253.074171  -249.070144  -246.020526  -246.952586  -250.53013  -255.817443  -262.100464  -267.437227  -270.716111  -272.207376  -272.75784  -272.150246  -269.262559  -263.393322  -254.339169  -242.036501  0  0  0  0  0  0  0  0  0  0  0  0  0  0  0  0  0  0  0  0  0  0  0  0  0  0  0  0  0  0  0  0  0  0  0  0  0  0  0  0  0  0  0  0  0  0  0  0  0  0  0  0  0  0  0  0  0  0  0  0  0  0  0  0  0  2.6946510000000217
g  5  1  360.032405  363.632181  362.636108  360.195028  356.196028  349.797096  341.199757  329.156746  316.021034  301.198214  286.001851  271.044873  256.187707  240.786389  224.295237  206.522929  188.125317  170.065726  153.112569  137.588463  124.016806  112.447358  0  0  0  0  0  0  0  0  0  0  0  0  0  0  0  0  0  0  0  0  0  0  0  0  0  0  0  0  0  0  0  0  0  0  0  0  0  0  0  0  0  0  0  0  0  0  0  0  0  0  0  0  0  0  0  0  0  0  0  0  0  0  0  0  0  -2.191462999999999
h  5  1  46.924975  47.899015  40.943978  28.191792  12.463352  -1.917265  -15.626982  -29.820231  -46.137522  -65.290919  -85.29862  -105.49071  -126.043617  -147.690119  -171.333976  -196.722172  -222.322985  -246.774908  -269.210129  -289.167692  -306.282794  -320.722352  0  0  0  0  0  0  0  0  0  0  0  0  0  0  0  0  0  0  0  0  0  0  0  0  0  0  0  0  0  0  0  0  0  0  0  0  0  0  0  0  0  0  0  0  0  0  0  0  0  0  0  0  0  0  0  0  0  0  0  0  0  0  0  0  0  -2.6996070000000145
g  5  2  192.349606  188.227326  185.656163  184.396484  185.819354  187.507339  185.980345  181.778768  175.607768  169.599686  164.839822  161.827312  160.803506  161.174403  161.498551  160.792104  158.922635  155.445161  149.804259  142.43118  134.27483  125.960541  0  0  0  0  0  0  0  0  0  0  0  0  0  0  0  0  0  0  0  0  0  0  0  0  0  0  0  0  0  0  0  0  0  0  0  0  0  0  0  0  0  0  0  0  0  0  0  0  0  0  0  0  0  0  0  0  0  0  0  0  0  0  0  0  0  -1.6461849999999885
h  5  2  196.89263  208.213679  227.839359  244.519815  255.435409  261.59813  264.015768  264.138271  262.803846  259.228301  253.101492  244.565157  234.173247  221.767411  206.825138  188.905971  168.428853  146.552826  124.458556  103.177346  83.047874  64.240222  0  0  0  0  0  0  0  0  0  0  0  0  0  0  0  0  0  0  0  0  0  0  0  0  0  0  0  0  0  0  0  0  0  0  0  0  0  0  0  0  0  0  0  0  0  0  0  0  0  0  0  0  0  0  0  0  0  0  0  0  0  0  0  0  0  -3.6407549999999986
g  5  3  -141.105876  -140.328471  -135.372009  -131.984713  -134.065427  -134.053459  -132.637252  -130.754157  -126.911559  -123.208262  -118.861935  -112.849602  -105.12436  -95.72446  -84.663336  -72.324155  -58.396955  -43.147802  -26.927159  -9.656671  8.504364  27.178434  0  0  0  0  0  0  0  0  0  0  0  0  0  0  0  0  0  0  0  0  0  0  0  0  0  0  0  0  0  0  0  0  0  0  0  0  0  0  0  0  0  0  0  0  0  0  0  0  0  0  0  0  0  0  0  0  0  0  0  0  0  0  0  0  0  3.759996000000001
h  5  3  -118.840287  -121.861163  -121.742264  -115.355519  -102.721427  -87.320111  -71.831681  -53.325078  -33.578474  -11.983868  10.387222  33.237865  57.223452  82.242434  107.552302  132.276157  155.085549  175.105679  191.71491  204.08175  212.559553  217.741049  0  0  0  0  0  0  0  0  0  0  0  0  0  0  0  0  0  0  0  0  0  0  0  0  0  0  0  0  0  0  0  0  0  0  0  0  0  0  0  0  0  0  0  0  0  0  0  0  0  0  0  0  0  0  0  0  0  0  0  0  0  0  0  0  0  0.7883180000000038
g  5  4  -157.219629  -150.820514  -141.36903  -129.134091  -116.989593  -107.730034  -101.753134  -100.429332  -102.839625  -107.757474  -114.222306  -121.319304  -128.126244  -133.738316  -137.551732  -139.325627  -138.79105  -135.770481  -130.074027  -122.188113  -112.992352  -103.51633  0  0  0  0  0  0  0  0  0  0  0  0  0  0  0  0  0  0  0  0  0  0  0  0  0  0  0  0  0  0  0  0  0  0  0  0  0  0  0  0  0  0  0  0  0  0  0  0  0  0  0  0  0  0  0  0  0  0  0  0  0  0  0  0  0  1.8706240000000065
h  5  4  16.144714  32.78529  50.851598  68.493524  83.591237  97.736644  112.01328  126.458071  140.667502  155.687634  171.316251  187.484889  203.933322  220.21813  236.410356  252.8145  269.334122  285.415377  300.023332  311.726719  319.394575  322.585731  0  0  0  0  0  0  0  0  0  0  0  0  0  0  0  0  0  0  0  0  0  0  0  0  0  0  0  0  0  0  0  0  0  0  0  0  0  0  0  0  0  0  0  0  0  0  0  0  0  0  0  0  0  0  0  0  0  0  0  0  0  0  0  0  0  0.27208799999999655
g  5  5  4.178197  14.079876  28.56372  46.805859  68.544794  92.047285  115.898723  138.102414  157.029598  171.793579  181.968313  187.409852  188.405241  185.403356  178.529353  167.539899  152.540689  134.436615  113.509085  89.95357  65.259682  41.217614  0  0  0  0  0  0  0  0  0  0  0  0  0  0  0  0  0  0  0  0  0  0  0  0  0  0  0  0  0  0  0  0  0  0  0  0  0  0  0  0  0  0  0  0  0  0  0  0  0  0  0  0  0  0  0  0  0  0  0  0  0  0  0  0  0  -4.695242
h  5  5  100.180201  99.120696  98.493206  95.30951  89.519012  81.678671  69.26632  52.884725  33.351585  12.176203  -8.416786  -28.519053  -48.281391  -67.953546  -87.458911  -106.280239  -123.772645  -139.402699  -152.342923  -161.496835  -166.39478  -166.85695  0  0  0  0  0  0  0  0  0  0  0  0  0  0  0  0  0  0  0  0  0  0  0  0  0  0  0  0  0  0  0  0  0  0  0  0  0  0  0  0  0  0  0  0  0  0  0  0  0  0  0  0  0  0  0  0  0  0  0  0  0  0  0  0  0  0.27284599999998704
g  6  0  69.549438  65.864033  61.461925  54.88299  46.057758  35.42836  24.753107  14.23622  3.773385  -6.723318  -17.09055  -27.012211  -36.132105  -44.02035  -50.572361  -56.304842  -61.660661  -66.184069  -69.108752  -70.19275  -69.589662  -67.619893  0  0  0  0  0  0  0  0  0  0  0  0  0  0  0  0  0  0  0  0  0  0  0  0  0  0  0  0  0  0  0  0  0  0  0  0  0  0  0  0  0  0  0  0  0  0  0  0  0  0  0  0  0  0  0  0  0  0  0  0  0  0  0  0  0  0.4769189999999952
g  6  1  67.589134  65.518736  60.646431  53.13842  44.956864  37.06725  31.020362  27.429249  25.485189  24.285254  24.443928  25.299537  25.766323  25.568515  25.297488  25.456901  26.084853  26.891571  27.656162  28.44816  29.524465  31.077229  0  0  0  0  0  0  0  0  0  0  0  0  0  0  0  0  0  0  0  0  0  0  0  0  0  0  0  0  0  0  0  0  0  0  0  0  0  0  0  0  0  0  0  0  0  0  0  0  0  0  0  0  0  0  0  0  0  0  0  0  0  0  0  0  0  0.35660000000000025
h  6  1  -20.952281  -19.567141  -26.946395  -38.663282  -50.699514  -61.577123  -70.988696  -79.45107  -88.619176  -98.09991  -106.40937  -112.920758  -118.189184  -122.626344  -126.797104  -131.202464  -135.625031  -139.428137  -141.962442  -142.857071  -141.955451  -139.273782  0  0  0  0  0  0  0  0  0  0  0  0  0  0  0  0  0  0  0  0  0  0  0  0  0  0  0  0  0  0  0  0  0  0  0  0  0  0  0  0  0  0  0  0  0  0  0  0  0  0  0  0  0  0  0  0  0  0  0  0  0  0  0  0  0  0.6653609999999901
g  6  2  72.503883  72.678857  70.882518  67.521655  63.138551  59.45373  56.521156  54.267855  52.09268  49.594868  47.588931  46.383288  45.612474  45.565378  46.105231  47.069726  48.444648  50.032415  51.582702  53.260652  55.239084  57.570587  0  0  0  0  0  0  0  0  0  0  0  0  0  0  0  0  0  0  0  0  0  0  0  0  0  0  0  0  0  0  0  0  0  0  0  0  0  0  0  0  0  0  0  0  0  0  0  0  0  0  0  0  0  0  0  0  0  0  0  0  0  0  0  0  0  0.5011170000000007
h  6  2  33.418158  25.113345  21.27021  15.911769  9.494514  4.744753  0.977377  -2.219423  -5.638995  -10.113676  -15.902722  -22.931772  -30.519228  -38.242139  -45.956804  -53.395294  -60.347566  -66.949857  -73.206985  -79.103576  -85.043508  -91.424772  0  0  0  0  0  0  0  0  0  0  0  0  0  0  0  0  0  0  0  0  0  0  0  0  0  0  0  0  0  0  0  0  0  0  0  0  0  0  0  0  0  0  0  0  0  0  0  0  0  0  0  0  0  0  0  0  0  0  0  0  0  0  0  0  0  -1.3226330000000104
g  6  3  -130.060323  -121.419248  -115.534342  -108.611675  -100.244896  -91.718184  -82.342766  -73.415965  -66.128007  -60.050487  -55.446686  -51.843413  -48.91094  -46.298878  -43.578527  -40.937201  -38.557155  -36.427908  -34.688254  -33.405382  -32.287839  -31.058882  0  0  0  0  0  0  0  0  0  0  0  0  0  0  0  0  0  0  0  0  0  0  0  0  0  0  0  0  0  0  0  0  0  0  0  0  0  0  0  0  0  0  0  0  0  0  0  0  0  0  0  0  0  0  0  0  0  0  0  0  0  0  0  0  0  0.2560280000000006
h  6  3  59.088622  53.283497  51.508901  52.483908  54.444977  54.325119  51.478674  46.824545  42.451878  38.293131  34.489565  31.39817  29.1239  27.563853  26.569405  26.136436  26.41097  27.398988  29.180349  31.699698  34.887391  38.614216  0  0  0  0  0  0  0  0  0  0  0  0  0  0  0  0  0  0  0  0  0  0  0  0  0  0  0  0  0  0  0  0  0  0  0  0  0  0  0  0  0  0  0  0  0  0  0  0  0  0  0  0  0  0  0  0  0  0  0  0  0  0  0  0  0  0.7792209999999997
g  6  4  -29.039614  -35.749627  -39.28146  -42.669225  -46.967097  -52.053104  -55.689672  -59.789696  -63.523927  -67.295312  -71.630942  -76.161647  -80.803415  -85.341319  -89.2893  -92.579456  -94.944068  -95.971082  -95.229321  -92.417389  -87.770869  -81.855324  0  0  0  0  0  0  0  0  0  0  0  0  0  0  0  0  0  0  0  0  0  0  0  0  0  0  0  0  0  0  0  0  0  0  0  0  0  0  0  0  0  0  0  0  0  0  0  0  0  0  0  0  0  0  0  0  0  0  0  0  0  0  0  0  0  1.2479310000000083
h  6  4  -66.636484  -64.344014  -60.28382  -53.116345  -47.055642  -39.000984  -29.37251  -18.651753  -7.528057  2.751711  12.738443  22.967601  33.361052  43.632367  53.450525  62.404531  70.797865  78.431501  85.130449  90.476712  94.092363  95.837727  0  0  0  0  0  0  0  0  0  0  0  0  0  0  0  0  0  0  0  0  0  0  0  0  0  0  0  0  0  0  0  0  0  0  0  0  0  0  0  0  0  0  0  0  0  0  0  0  0  0  0  0  0  0  0  0  0  0  0  0  0  0  0  0  0  0.19937400000000594
g  6  5  13.067417  13.706601  12.633266  11.555686  10.634684  10.447484  9.989901  8.285069  6.023998  3.313183  0.35235  -2.230322  -4.018353  -4.896847  -4.880392  -4.287912  -3.661772  -3.605867  -4.739757  -7.456286  -11.902323  -17.961492  0  0  0  0  0  0  0  0  0  0  0  0  0  0  0  0  0  0  0  0  0  0  0  0  0  0  0  0  0  0  0  0  0  0  0  0  0  0  0  0  0  0  0  0  0  0  0  0  0  0  0  0  0  0  0  0  0  0  0  0  0  0  0  0  0  -1.3242599999999989
h  6  5  7.416966  9.062026  8.384054  8.612455  9.976406  11.492021  12.472218  13.493914  14.109812  14.780969  15.32007  15.392548  14.392342  11.702411  7.378658  1.538201  -5.980261  -15.176327  -25.632839  -36.649026  -47.679191  -58.363873  0  0  0  0  0  0  0  0  0  0  0  0  0  0  0  0  0  0  0  0  0  0  0  0  0  0  0  0  0  0  0  0  0  0  0  0  0  0  0  0  0  0  0  0  0  0  0  0  0  0  0  0  0  0  0  0  0  0  0  0  0  0  0  0  0  -2.095306000000001
g  6  6  -70.822604  -64.493268  -52.98388  -38.480989  -23.873402  -9.375576  6.111168  21.35926  34.829423  44.832356  50.504996  51.696219  48.62557  41.774996  31.834528  19.689059  6.102971  -8.460231  -23.777905  -39.46268  -54.631462  -68.019642  0  0  0  0  0  0  0  0  0  0  0  0  0  0  0  0  0  0  0  0  0  0  0  0  0  0  0  0  0  0  0  0  0  0  0  0  0  0  0  0  0  0  0  0  0  0  0  0  0  0  0  0  0  0  0  0  0  0  0  0  0  0  0  0  0  -2.4635609999999986
h  6  6  62.366688  68.263693  73.662735  77.273248  79.766291  81.992583  82.451085  80.211647  75.053451  68.019519  60.352101  52.536662  44.971836  38.335025  33.408468  30.619622  30.199264  32.780422  38.526374  47.277356  59.131636  73.976529  0  0  0  0  0  0  0  0  0  0  0  0  0  0  0  0  0  0  0  0  0  0  0  0  0  0  0  0  0  0  0  0  0  0  0  0  0  0  0  0  0  0  0  0  0  0  0  0  0  0  0  0  0  0  0  0  0  0  0  0  0  0  0  0  0  3.1740659999999963
g  7  0  80.919798  80.616172  77.69918  74.596808  71.879751  69.838149  67.562892  65.327631  62.564337  59.339548  55.937684  52.787078  50.150704  48.085986  46.469987  44.978086  43.386782  41.817096  40.367591  39.174982  38.303921  37.632108  0  0  0  0  0  0  0  0  0  0  0  0  0  0  0  0  0  0  0  0  0  0  0  0  0  0  0  0  0  0  0  0  0  0  0  0  0  0  0  0  0  0  0  0  0  0  0  0  0  0  0  0  0  0  0  0  0  0  0  0  0  0  0  0  0  -0.12717399999999657
g  7  1  -76.104304  -76.476498  -78.311323  -81.39488  -84.164561  -86.711404  -89.7466  -92.808053  -95.075497  -96.051962  -95.531113  -93.638274  -91.077153  -88.217251  -84.993597  -81.281458  -77.116471  -72.918705  -69.031788  -65.431009  -62.003401  -58.578311  0  0  0  0  0  0  0  0  0  0  0  0  0  0  0  0  0  0  0  0  0  0  0  0  0  0  0  0  0  0  0  0  0  0  0  0  0  0  0  0  0  0  0  0  0  0  0  0  0  0  0  0  0  0  0  0  0  0  0  0  0  0  0  0  0  0.6963580000000036
h  7  1  -54.4906  -51.332948  -50.422759  -49.98217  -49.317363  -49.126971  -49.173489  -49.851402  -51.029262  -52.22621  -52.673076  -52.145742  -50.991855  -49.671316  -48.619913  -47.982936  -47.32228  -46.184986  -44.305162  -41.659408  -38.417061  -34.849942  0  0  0  0  0  0  0  0  0  0  0  0  0  0  0  0  0  0  0  0  0  0  0  0  0  0  0  0  0  0  0  0  0  0  0  0  0  0  0  0  0  0  0  0  0  0  0  0  0  0  0  0  0  0  0  0  0  0  0  0  0  0  0  0  0  0.7191839999999985
g  7  2  -7.151815  -7.8487  -7.477253  -6.881176  -4.910083  -3.359973  -1.911025  -0.752544  0.50141  1.640948  2.454058  2.844136  2.692702  2.149465  1.459884  0.577582  -0.700927  -2.444408  -4.556474  -7.012132  -9.812064  -12.816994  0  0  0  0  0  0  0  0  0  0  0  0  0  0  0  0  0  0  0  0  0  0  0  0  0  0  0  0  0  0  0  0  0  0  0  0  0  0  0  0  0  0  0  0  0  0  0  0  0  0  0  0  0  0  0  0  0  0  0  0  0  0  0  0  0  -0.6076499999999996
h  7  2  -19.328214  -16.902641  -13.790438  -11.257545  -9.560615  -8.83264  -7.537684  -5.75651  -4.445188  -4.114254  -4.857606  -6.146372  -7.67378  -9.117974  -10.478434  -11.838049  -13.100602  -14.011337  -14.511832  -14.706455  -14.825577  -15.009578  0  0  0  0  0  0  0  0  0  0  0  0  0  0  0  0  0  0  0  0  0  0  0  0  0  0  0  0  0  0  0  0  0  0  0  0  0  0  0  0  0  0  0  0  0  0  0  0  0  0  0  0  0  0  0  0  0  0  0  0  0  0  0  0  0  -0.0436519999999998
g  7  3  51.633491  56.416275  59.692188  62.15899  62.826525  62.07102  60.500962  58.018338  55.611535  53.419786  51.318323  49.619512  48.085435  46.500508  45.083899  43.646393  41.868479  39.545267  36.358435  31.98443  26.416623  19.917723  0  0  0  0  0  0  0  0  0  0  0  0  0  0  0  0  0  0  0  0  0  0  0  0  0  0  0  0  0  0  0  0  0  0  0  0  0  0  0  0  0  0  0  0  0  0  0  0  0  0  0  0  0  0  0  0  0  0  0  0  0  0  0  0  0  -1.3629670000000011
h  7  3  5.714406  2.486398  3.916862  7.302776  10.403599  13.171369  15.354876  17.40444  19.224758  19.805383  19.333237  18.08734  16.367445  14.47149  12.159545  9.172135  5.636041  1.859717  -1.638463  -4.505748  -6.570306  -7.776566  0  0  0  0  0  0  0  0  0  0  0  0  0  0  0  0  0  0  0  0  0  0  0  0  0  0  0  0  0  0  0  0  0  0  0  0  0  0  0  0  0  0  0  0  0  0  0  0  0  0  0  0  0  0  0  0  0  0  0  0  0  0  0  0  0  -0.17383799999999994
g  7  4  15.209529  15.650694  17.679148  20.289594  22.859893  24.165854  24.325076  22.773526  19.535214  16.104238  13.099401  10.445026  8.18531  6.133675  3.955753  1.464787  -1.066261  -3.464714  -5.833761  -8.111806  -10.224119  -12.181455  0  0  0  0  0  0  0  0  0  0  0  0  0  0  0  0  0  0  0  0  0  0  0  0  0  0  0  0  0  0  0  0  0  0  0  0  0  0  0  0  0  0  0  0  0  0  0  0  0  0  0  0  0  0  0  0  0  0  0  0  0  0  0  0  0  -0.3773990000000005
h  7  4  24.724198  23.640998  23.494868  23.932772  23.342752  21.170088  17.827695  13.858483  9.893611  6.422166  3.367938  0.677235  -1.589278  -3.571856  -5.241743  -6.497206  -7.195888  -7.419237  -7.486091  -7.569191  -7.72203  -7.904957  0  0  0  0  0  0  0  0  0  0  0  0  0  0  0  0  0  0  0  0  0  0  0  0  0  0  0  0  0  0  0  0  0  0  0  0  0  0  0  0  0  0  0  0  0  0  0  0  0  0  0  0  0  0  0  0  0  0  0  0  0  0  0  0  0  -0.033324999999999605
g  7  5  9.317733  6.219255  2.090181  -2.735226  -8.108832  -14.312949  -20.634743  -26.979062  -33.902511  -40.567798  -46.520777  -51.696587  -55.979645  -59.343023  -61.796774  -63.240795  -63.647729  -63.031988  -61.251713  -57.976774  -53.172983  -47.071821  0  0  0  0  0  0  0  0  0  0  0  0  0  0  0  0  0  0  0  0  0  0  0  0  0  0  0  0  0  0  0  0  0  0  0  0  0  0  0  0  0  0  0  0  0  0  0  0  0  0  0  0  0  0  0  0  0  0  0  0  0  0  0  0  0  1.3153000000000006
h  7  5  2.998479  -2.074033  -6.630981  -10.372471  -13.32238  -14.754317  -14.816802  -14.731249  -14.771737  -14.57315  -13.968162  -12.582503  -10.634825  -8.412112  -5.832929  -2.823632  0.59758  4.344808  8.106654  11.563404  14.330147  15.999197  0  0  0  0  0  0  0  0  0  0  0  0  0  0  0  0  0  0  0  0  0  0  0  0  0  0  0  0  0  0  0  0  0  0  0  0  0  0  0  0  0  0  0  0  0  0  0  0  0  0  0  0  0  0  0  0  0  0  0  0  0  0  0  0  0  0.22664600000000057
g  7  6  -2.949381  -7.533847  -13.017603  -18.215951  -23.217367  -28.407417  -33.611233  -38.254666  -41.991191  -44.827849  -46.713799  -47.897201  -48.534194  -48.625406  -48.41193  -48.075015  -47.675131  -47.219674  -46.634406  -45.941876  -45.222654  -44.633268  0  0  0  0  0  0  0  0  0  0  0  0  0  0  0  0  0  0  0  0  0  0  0  0  0  0  0  0  0  0  0  0  0  0  0  0  0  0  0  0  0  0  0  0  0  0  0  0  0  0  0  0  0  0  0  0  0  0  0  0  0  0  0  0  0  0.0991509999999991
h  7  6  -27.609123  -27.042966  -26.24979  -25.367867  -24.160918  -22.911143  -21.520904  -19.700108  -17.37184  -15.184958  -13.367641  -11.878575  -10.947631  -10.687131  -10.915713  -11.421636  -12.044712  -12.505336  -12.58906  -12.357693  -11.946002  -11.325779  0  0  0  0  0  0  0  0  0  0  0  0  0  0  0  0  0  0  0  0  0  0  0  0  0  0  0  0  0  0  0  0  0  0  0  0  0  0  0  0  0  0  0  0  0  0  0  0  0  0  0  0  0  0  0  0  0  0  0  0  0  0  0  0  0  0.14273899999999884
g  7  7  6.651306  9.779874  13.658175  17.621504  22.617543  27.867068  32.975473  37.579174  40.66749  41.043166  38.474411  33.56358  27.170744  19.973997  12.293383  4.297253  -3.979581  -12.356968  -20.847796  -29.43225  -37.56379  -44.683909  0  0  0  0  0  0  0  0  0  0  0  0  0  0  0  0  0  0  0  0  0  0  0  0  0  0  0  0  0  0  0  0  0  0  0  0  0  0  0  0  0  0  0  0  0  0  0  0  0  0  0  0  0  0  0  0  0  0  0  0  0  0  0  0  0  -1.3246309999999966
h  7  7  -2.165197  -2.076172  -1.941473  -1.852095  -1.978193  -2.302218  -3.280215  -5.620369  -9.376134  -14.030563  -19.084162  -23.944704  -28.305651  -32.255624  -35.724168  -38.584187  -40.538925  -41.149284  -40.109021  -37.205347  -32.263863  -25.313884  0  0  0  0  0  0  0  0  0  0  0  0  0  0  0  0  0  0  0  0  0  0  0  0  0  0  0  0  0  0  0  0  0  0  0  0  0  0  0  0  0  0  0  0  0  0  0  0  0  0  0  0  0  0  0  0  0  0  0  0  0  0  0  0  0  1.5455189999999988
g  8  0  23.999713  23.838449  24.708087  25.979161  27.223323  27.676996  27.782545  28.167631  28.51095  28.78006  28.593893  28.239671  28.140786  28.639505  29.811308  31.402557  33.127813  34.907249  36.716658  38.550615  40.387315  42.178673  0  0  0  0  0  0  0  0  0  0  0  0  0  0  0  0  0  0  0  0  0  0  0  0  0  0  0  0  0  0  0  0  0  0  0  0  0  0  0  0  0  0  0  0  0  0  0  0  0  0  0  0  0  0  0  0  0  0  0  0  0  0  0  0  0  0.3544250000000062
g  8  1  8.831477  9.786377  12.498007  15.701294  18.78842  21.296049  23.209259  24.70967  25.676903  26.232438  26.558812  26.865349  27.134673  27.291918  27.279677  27.069103  26.657445  26.04033  25.217386  24.134863  22.853211  21.571983  0  0  0  0  0  0  0  0  0  0  0  0  0  0  0  0  0  0  0  0  0  0  0  0  0  0  0  0  0  0  0  0  0  0  0  0  0  0  0  0  0  0  0  0  0  0  0  0  0  0  0  0  0  0  0  0  0  0  0  0  0  0  0  0  0  -0.24606700000000004
h  8  1  9.787264  8.491785  5.637593  3.048687  0.901687  -0.853937  -2.447516  -4.254964  -6.295472  -8.217163  -9.387215  -9.743194  -9.507468  -9.014314  -8.758285  -9.123341  -9.967755  -10.948066  -11.893644  -12.836417  -13.804851  -14.781424  0  0  0  0  0  0  0  0  0  0  0  0  0  0  0  0  0  0  0  0  0  0  0  0  0  0  0  0  0  0  0  0  0  0  0  0  0  0  0  0  0  0  0  0  0  0  0  0  0  0  0  0  0  0  0  0  0  0  0  0  0  0  0  0  0  -0.19709099999999857
g  8  2  -16.914993  -17.703729  -19.651232  -22.379085  -25.118303  -27.572644  -29.528319  -31.121882  -32.230614  -32.98139  -33.420675  -33.651867  -34.007926  -34.414599  -34.583256  -34.327542  -33.647561  -32.566283  -31.134042  -29.472077  -27.729335  -25.998631  0  0  0  0  0  0  0  0  0  0  0  0  0  0  0  0  0  0  0  0  0  0  0  0  0  0  0  0  0  0  0  0  0  0  0  0  0  0  0  0  0  0  0  0  0  0  0  0  0  0  0  0  0  0  0  0  0  0  0  0  0  0  0  0  0  0.3394359999999992
h  8  2  -18.47677  -15.425593  -14.855721  -14.840171  -15.451725  -15.908714  -16.261766  -16.971121  -17.543161  -17.825233  -17.622859  -17.007794  -15.997959  -14.538878  -12.586022  -10.09297  -7.088671  -3.676873  0.009507  3.773352  7.451873  10.984983  0  0  0  0  0  0  0  0  0  0  0  0  0  0  0  0  0  0  0  0  0  0  0  0  0  0  0  0  0  0  0  0  0  0  0  0  0  0  0  0  0  0  0  0  0  0  0  0  0  0  0  0  0  0  0  0  0  0  0  0  0  0  0  0  0  0.6941349999999993
g  8  3  -3.046321  -0.301977  1.488289  2.512591  2.701873  2.105081  1.042669  0.500491  0.570224  1.219167  2.246375  3.30781  4.30142  5.161718  5.975307  6.749202  7.379044  7.718941  7.705344  7.369945  6.842051  6.180076  0  0  0  0  0  0  0  0  0  0  0  0  0  0  0  0  0  0  0  0  0  0  0  0  0  0  0  0  0  0  0  0  0  0  0  0  0  0  0  0  0  0  0  0  0  0  0  0  0  0  0  0  0  0  0  0  0  0  0  0  0  0  0  0  0  -0.1399740000000005
h  8  3  13.301673  12.962168  14.175783  15.510078  16.936988  18.025481  19.110339  20.028571  20.485464  20.726938  20.753282  20.475925  19.886683  18.986989  17.905129  16.845091  15.8071  14.680852  13.521726  12.422892  11.325105  10.135616  0  0  0  0  0  0  0  0  0  0  0  0  0  0  0  0  0  0  0  0  0  0  0  0  0  0  0  0  0  0  0  0  0  0  0  0  0  0  0  0  0  0  0  0  0  0  0  0  0  0  0  0  0  0  0  0  0  0  0  0  0  0  0  0  0  -0.2481390000000001
g  8  4  -20.651303  -21.069222  -21.876488  -21.439543  -20.428247  -20.012611  -20.201636  -20.809994  -21.821875  -22.245903  -22.237877  -22.03242  -21.607416  -21.29247  -21.305487  -21.791789  -22.735425  -23.949103  -25.473202  -27.311418  -29.392806  -31.669593  0  0  0  0  0  0  0  0  0  0  0  0  0  0  0  0  0  0  0  0  0  0  0  0  0  0  0  0  0  0  0  0  0  0  0  0  0  0  0  0  0  0  0  0  0  0  0  0  0  0  0  0  0  0  0  0  0  0  0  0  0  0  0  0  0  -0.4663439999999994
h  8  4  -14.653639  -11.977521  -9.689602  -7.736347  -6.204535  -4.664289  -3.04616  -2.048649  -1.366625  -1.035697  -1.283831  -1.651951  -2.118434  -2.682968  -3.199973  -3.725085  -4.225107  -4.78146  -5.609766  -6.709978  -8.013392  -9.374242  0  0  0  0  0  0  0  0  0  0  0  0  0  0  0  0  0  0  0  0  0  0  0  0  0  0  0  0  0  0  0  0  0  0  0  0  0  0  0  0  0  0  0  0  0  0  0  0  0  0  0  0  0  0  0  0  0  0  0  0  0  0  0  0  0  -0.2686200000000003
g  8  5  13.233859  15.261003  16.115187  17.034732  17.894197  18.267221  18.4361  17.881324  16.572792  14.938118  13.169991  11.350941  9.643027  8.13674  6.796378  5.479325  4.04707  2.442345  0.772249  -0.829929  -2.279516  -3.482352  0  0  0  0  0  0  0  0  0  0  0  0  0  0  0  0  0  0  0  0  0  0  0  0  0  0  0  0  0  0  0  0  0  0  0  0  0  0  0  0  0  0  0  0  0  0  0  0  0  0  0  0  0  0  0  0  0  0  0  0  0  0  0  0  0  -0.2177260000000003
h  8  5  16.183393  14.798138  11.312748  7.612964  4.054814  0.557369  -3.237076  -7.460662  -11.744854  -15.753633  -18.944259  -21.255813  -22.863342  -23.89878  -24.469974  -24.747277  -24.825371  -24.679002  -24.338195  -23.830736  -23.113755  -22.119988  0  0  0  0  0  0  0  0  0  0  0  0  0  0  0  0  0  0  0  0  0  0  0  0  0  0  0  0  0  0  0  0  0  0  0  0  0  0  0  0  0  0  0  0  0  0  0  0  0  0  0  0  0  0  0  0  0  0  0  0  0  0  0  0  0  0.2232120000000002
g  8  6  11.493786  13.349874  12.803983  11.2111  8.969187  6.815327  4.822642  2.854997  1.174895  0.075975  -0.421892  -0.302619  0.396237  1.695584  3.523731  5.812645  8.43783  11.309635  14.429059  17.631315  20.574504  22.861499  0  0  0  0  0  0  0  0  0  0  0  0  0  0  0  0  0  0  0  0  0  0  0  0  0  0  0  0  0  0  0  0  0  0  0  0  0  0  0  0  0  0  0  0  0  0  0  0  0  0  0  0  0  0  0  0  0  0  0  0  0  0  0  0  0  0.3888619999999996
h  8  6  5.63298  3.969006  4.62996  5.680659  7.024716  8.80907  10.76114  12.809736  14.587618  15.740786  16.484955  17.093376  17.660598  18.234081  18.786629  19.184672  19.149723  18.500106  17.229914  15.377992  12.931923  9.95818  0  0  0  0  0  0  0  0  0  0  0  0  0  0  0  0  0  0  0  0  0  0  0  0  0  0  0  0  0  0  0  0  0  0  0  0  0  0  0  0  0  0  0  0  0  0  0  0  0  0  0  0  0  0  0  0  0  0  0  0  0  0  0  0  0  -0.6291969999999996
g  8  7  -16.363971  -16.539477  -17.190562  -18.262103  -19.410643  -20.590885  -22.059637  -23.658071  -25.000862  -25.616598  -25.44344  -24.620333  -23.216802  -21.281572  -18.933759  -16.267935  -13.436395  -10.743962  -8.715016  -7.7386  -7.956445  -9.376476  0  0  0  0  0  0  0  0  0  0  0  0  0  0  0  0  0  0  0  0  0  0  0  0  0  0  0  0  0  0  0  0  0  0  0  0  0  0  0  0  0  0  0  0  0  0  0  0  0  0  0  0  0  0  0  0  0  0  0  0  0  0  0  0  0  -0.3766160000000003
h  8  7  -9.32511  -6.998091  -5.641346  -5.097131  -5.199043  -5.630409  -6.355907  -7.012963  -7.419882  -7.595164  -7.647378  -7.614831  -7.602692  -7.723173  -8.005746  -8.573541  -9.693959  -11.650486  -14.504453  -18.084176  -22.077384  -26.087228  0  0  0  0  0  0  0  0  0  0  0  0  0  0  0  0  0  0  0  0  0  0  0  0  0  0  0  0  0  0  0  0  0  0  0  0  0  0  0  0  0  0  0  0  0  0  0  0  0  0  0  0  0  0  0  0  0  0  0  0  0  0  0  0  0  -0.7848089999999992
g  8  8  -2.276475  -0.361836  1.757469  4.320063  7.294225  10.72187  14.496026  18.153831  21.044645  22.455277  22.222739  20.577968  17.847092  14.297936  10.172765  5.830699  1.609391  -2.300405  -5.645531  -8.159458  -9.594127  -9.735042  0  0  0  0  0  0  0  0  0  0  0  0  0  0  0  0  0  0  0  0  0  0  0  0  0  0  0  0  0  0  0  0  0  0  0  0  0  0  0  0  0  0  0  0  0  0  0  0  0  0  0  0  0  0  0  0  0  0  0  0  0  0  0  0  0  0.08403799999999961
h  8  8  2.412538  2.793939  2.730316  2.416056  1.83895  1.017736  -0.374245  -2.751362  -5.884797  -9.618557  -13.941081  -18.622181  -23.490032  -28.296493  -32.602742  -35.893766  -37.770903  -37.874826  -36.274694  -33.240595  -28.933057  -23.650439  0  0  0  0  0  0  0  0  0  0  0  0  0  0  0  0  0  0  0  0  0  0  0  0  0  0  0  0  0  0  0  0  0  0  0  0  0  0  0  0  0  0  0  0  0  0  0  0  0  0  0  0  0  0  0  0  0  0  0  0  0  0  0  0  0  1.1087050000000005
g  9  0  5.269136  5.119556  5.025476  4.88927  4.88924  4.974477  5.316754  5.932169  6.770666  7.620034  8.283262  8.919141  9.664781  10.591902  11.71744  12.89564  13.963112  14.899451  15.717826  16.404376  16.937603  17.324924  0  0  0  0  0  0  0  0  0  0  0  0  0  0  0  0  0  0  0  0  0  0  0  0  0  0  0  0  0  0  0  0  0  0  0  0  0  0  0  0  0  0  0  0  0  0  0  0  0  0  0  0  0  0  0  0  0  0  0  0  0  0  0  0  0  0.06700099999999765
g  9  1  9.068617  8.559237  9.372461  10.980761  12.809718  14.454683  15.743695  16.79602  17.807108  18.612804  19.112034  19.387601  19.379756  19.051995  18.421345  17.543372  16.488897  15.311941  14.120427  12.96832  11.860828  10.794504  0  0  0  0  0  0  0  0  0  0  0  0  0  0  0  0  0  0  0  0  0  0  0  0  0  0  0  0  0  0  0  0  0  0  0  0  0  0  0  0  0  0  0  0  0  0  0  0  0  0  0  0  0  0  0  0  0  0  0  0  0  0  0  0  0  -0.21139800000000086
h  9  1  -21.446205  -23.027873  -23.234684  -22.669628  -21.678094  -20.640611  -19.722078  -18.931238  -18.433893  -18.073645  -17.557017  -16.773861  -15.796943  -14.783312  -13.792421  -12.812369  -11.707201  -10.370043  -8.809382  -7.153495  -5.546116  -4.051984  0  0  0  0  0  0  0  0  0  0  0  0  0  0  0  0  0  0  0  0  0  0  0  0  0  0  0  0  0  0  0  0  0  0  0  0  0  0  0  0  0  0  0  0  0  0  0  0  0  0  0  0  0  0  0  0  0  0  0  0  0  0  0  0  0  0.28720199999999974
g  9  2  2.884435  3.137119  3.869347  4.860134  6.349313  7.968873  9.570625  11.058455  12.150364  12.829567  13.139912  13.167671  13.043259  12.917954  12.942438  13.157982  13.464826  13.721887  13.778879  13.57073  13.100389  12.371941  0  0  0  0  0  0  0  0  0  0  0  0  0  0  0  0  0  0  0  0  0  0  0  0  0  0  0  0  0  0  0  0  0  0  0  0  0  0  0  0  0  0  0  0  0  0  0  0  0  0  0  0  0  0  0  0  0  0  0  0  0  0  0  0  0  -0.16444300000000034
h  9  2  10.480988  10.642229  9.979408  8.92559  7.554281  5.785088  4.078719  2.693861  1.475123  0.181757  -1.104669  -2.34627  -3.526084  -4.682056  -5.819387  -6.85602  -7.754422  -8.55882  -9.296032  -9.960708  -10.512164  -10.877704  0  0  0  0  0  0  0  0  0  0  0  0  0  0  0  0  0  0  0  0  0  0  0  0  0  0  0  0  0  0  0  0  0  0  0  0  0  0  0  0  0  0  0  0  0  0  0  0  0  0  0  0  0  0  0  0  0  0  0  0  0  0  0  0  0  -0.054095000000000226
g  9  3  -3.21858  -1.255674  -0.469778  -0.443667  -0.773879  -1.460129  -2.173837  -2.802405  -3.400759  -3.844123  -4.268367  -4.632552  -5.002592  -5.471941  -5.954398  -6.442809  -7.044223  -7.791518  -8.637289  -9.414246  -9.977377  -10.259504  0  0  0  0  0  0  0  0  0  0  0  0  0  0  0  0  0  0  0  0  0  0  0  0  0  0  0  0  0  0  0  0  0  0  0  0  0  0  0  0  0  0  0  0  0  0  0  0  0  0  0  0  0  0  0  0  0  0  0  0  0  0  0  0  0  -0.02950199999999903
h  9  3  11.7305  10.196196  9.987024  10.954718  12.261615  13.39234  14.321727  14.851877  15.302435  15.581847  15.768359  15.905854  15.855102  15.629095  15.312818  14.952989  14.609237  14.291228  13.951585  13.576815  13.156295  12.715832  0  0  0  0  0  0  0  0  0  0  0  0  0  0  0  0  0  0  0  0  0  0  0  0  0  0  0  0  0  0  0  0  0  0  0  0  0  0  0  0  0  0  0  0  0  0  0  0  0  0  0  0  0  0  0  0  0  0  0  0  0  0  0  0  0  -0.08863500000000002
g  9  4  0.87085  -0.763256  -0.176453  0.896743  1.892428  2.621759  3.155394  3.729784  4.390329  5.207791  6.25855  7.448341  8.625717  9.73599  10.733458  11.608785  12.403603  13.146777  13.823704  14.431933  14.978337  15.507803  0  0  0  0  0  0  0  0  0  0  0  0  0  0  0  0  0  0  0  0  0  0  0  0  0  0  0  0  0  0  0  0  0  0  0  0  0  0  0  0  0  0  0  0  0  0  0  0  0  0  0  0  0  0  0  0  0  0  0  0  0  0  0  0  0  0.10635999999999868
h  9  4  -6.940255  -5.429867  -4.708446  -3.988137  -3.439861  -2.962754  -2.531192  -1.927445  -1.260405  -0.616137  -0.095813  0.273593  0.489749  0.556943  0.499885  0.338951  0.068658  -0.328738  -0.865357  -1.552718  -2.341033  -3.174498  0  0  0  0  0  0  0  0  0  0  0  0  0  0  0  0  0  0  0  0  0  0  0  0  0  0  0  0  0  0  0  0  0  0  0  0  0  0  0  0  0  0  0  0  0  0  0  0  0  0  0  0  0  0  0  0  0  0  0  0  0  0  0  0  0  -0.16873300000000002
g  9  5  -13.202458  -13.179346  -13.792306  -14.394189  -14.431821  -14.147706  -14.093405  -13.91693  -13.739326  -13.451247  -12.810993  -12.00121  -11.17173  -10.33054  -9.597658  -9.009186  -8.551128  -8.227536  -8.059549  -8.091887  -8.309779  -8.686225  0  0  0  0  0  0  0  0  0  0  0  0  0  0  0  0  0  0  0  0  0  0  0  0  0  0  0  0  0  0  0  0  0  0  0  0  0  0  0  0  0  0  0  0  0  0  0  0  0  0  0  0  0  0  0  0  0  0  0  0  0  0  0  0  0  -0.08854700000000015
h  9  5  -6.930291  -6.465375  -7.595949  -8.756624  -9.508456  -10.096432  -10.50091  -10.902496  -11.419973  -11.831309  -12.141234  -12.392708  -12.672204  -13.124358  -13.769688  -14.568495  -15.425131  -16.165914  -16.674988  -16.936998  -16.9943  -16.882047  0  0  0  0  0  0  0  0  0  0  0  0  0  0  0  0  0  0  0  0  0  0  0  0  0  0  0  0  0  0  0  0  0  0  0  0  0  0  0  0  0  0  0  0  0  0  0  0  0  0  0  0  0  0  0  0  0  0  0  0  0  0  0  0  0  0.036079999999998336
g  9  6  0.010724  0.929263  0.857323  0.856766  1.413808  2.003594  2.502758  2.858322  3.240833  3.603963  3.772589  3.619763  3.25858  2.784622  2.178887  1.404716  0.516242  -0.362759  -1.092514  -1.543127  -1.614853  -1.335179  0  0  0  0  0  0  0  0  0  0  0  0  0  0  0  0  0  0  0  0  0  0  0  0  0  0  0  0  0  0  0  0  0  0  0  0  0  0  0  0  0  0  0  0  0  0  0  0  0  0  0  0  0  0  0  0  0  0  0  0  0  0  0  0  0  0.0799510000000001
h  9  6  7.990261  7.717954  8.061178  8.279878  8.442992  8.714729  8.911405  8.664763  8.070171  7.273249  6.405545  5.637076  5.040769  4.559537  4.133512  3.741729  3.431364  3.261258  3.278349  3.524087  3.934366  4.38839  0  0  0  0  0  0  0  0  0  0  0  0  0  0  0  0  0  0  0  0  0  0  0  0  0  0  0  0  0  0  0  0  0  0  0  0  0  0  0  0  0  0  0  0  0  0  0  0  0  0  0  0  0  0  0  0  0  0  0  0  0  0  0  0  0  0.09055400000000002
g  9  7  8.661649  8.900843  7.524694  5.696506  3.61597  1.428093  -0.787661  -2.991619  -5.254245  -7.537587  -9.737479  -11.763776  -13.497784  -14.840702  -15.761948  -16.231307  -16.240492  -15.804564  -14.916081  -13.607542  -11.982091  -10.19727  0  0  0  0  0  0  0  0  0  0  0  0  0  0  0  0  0  0  0  0  0  0  0  0  0  0  0  0  0  0  0  0  0  0  0  0  0  0  0  0  0  0  0  0  0  0  0  0  0  0  0  0  0  0  0  0  0  0  0  0  0  0  0  0  0  0.3629850000000001
h  9  7  0.992166  0.559769  -0.545781  -1.668454  -2.554206  -3.251949  -3.812513  -4.265378  -4.731868  -4.977786  -4.900431  -4.435577  -3.51464  -2.18354  -0.494581  1.490899  3.667874  5.908988  8.087802  10.043511  11.580627  12.504874  0  0  0  0  0  0  0  0  0  0  0  0  0  0  0  0  0  0  0  0  0  0  0  0  0  0  0  0  0  0  0  0  0  0  0  0  0  0  0  0  0  0  0  0  0  0  0  0  0  0  0  0  0  0  0  0  0  0  0  0  0  0  0  0  0  0.12974099999999922
g  9  8  -8.840265  -9.363497  -9.51839  -9.313386  -9.060644  -8.813571  -8.531931  -8.170159  -7.425805  -6.123287  -4.345705  -2.302128  -0.17545  1.936635  3.887152  5.560659  6.855779  7.73267  8.259466  8.543619  8.666418  8.698394  0  0  0  0  0  0  0  0  0  0  0  0  0  0  0  0  0  0  0  0  0  0  0  0  0  0  0  0  0  0  0  0  0  0  0  0  0  0  0  0  0  0  0  0  0  0  0  0  0  0  0  0  0  0  0  0  0  0  0  0  0  0  0  0  0  0.0020900000000008134
h  9  8  -3.906501  -1.446538  -0.035085  0.985465  1.718454  2.192977  2.519883  2.989036  3.52734  4.1126  4.685484  5.139649  5.379531  5.372922  5.151445  4.762087  4.234172  3.685023  3.184179  2.718877  2.292916  1.910702  0  0  0  0  0  0  0  0  0  0  0  0  0  0  0  0  0  0  0  0  0  0  0  0  0  0  0  0  0  0  0  0  0  0  0  0  0  0  0  0  0  0  0  0  0  0  0  0  0  0  0  0  0  0  0  0  0  0  0  0  0  0  0  0  0  -0.07347400000000004
g  9  9  -10.379562  -11.560269  -10.920348  -10.208427  -9.257705  -7.960714  -6.499273  -5.105993  -4.162646  -3.887558  -4.27342  -5.191306  -6.425914  -7.759731  -9.027325  -10.109049  -10.967645  -11.555878  -11.850127  -11.831769  -11.361701  -10.286993  0  0  0  0  0  0  0  0  0  0  0  0  0  0  0  0  0  0  0  0  0  0  0  0  0  0  0  0  0  0  0  0  0  0  0  0  0  0  0  0  0  0  0  0  0  0  0  0  0  0  0  0  0  0  0  0  0  0  0  0  0  0  0  0  0  0.2675869999999989
h  9  9  8.393615  9.571748  10.551149  11.390803  12.134831  12.460258  12.118452  11.02521  9.337286  7.195278  4.722223  2.212641  -0.074164  -1.994773  -3.428629  -4.286392  -4.487316  -3.961456  -2.792079  -1.160036  0.754841  2.715061  0  0  0  0  0  0  0  0  0  0  0  0  0  0  0  0  0  0  0  0  0  0  0  0  0  0  0  0  0  0  0  0  0  0  0  0  0  0  0  0  0  0  0  0  0  0  0  0  0  0  0  0  0  0  0  0  0  0  0  0  0  0  0  0  0  0.38200600000000007
g  10  0  -1.988146  -1.792814  -1.546517  -1.145615  -0.876484  -0.526387  -0.181432  0.219502  0.647361  0.955316  1.075375  1.136613  1.243507  1.461975  1.83538  2.292496  2.708884  3.041816  3.312558  3.537134  3.71487  3.860863  0  0  0  0  0  0  0  0  0  0  0  0  0  0  0  0  0  0  0  0  0  0  0  0  0  0  0  0  0  0  0  0  0  0  0  0  0  0  0  0  0  0  0  0  0  0  0  0  0  0  0  0  0  0  0  0  0  0  0  0  0  0  0  0  0  0.027532000000000334
g  10  1  -6.112517  -6.3115  -5.521465  -4.18302  -2.664334  -1.195023  0.10485  1.192693  1.94297  2.266455  2.194429  1.876601  1.447725  0.906282  0.176149  -0.762818  -1.803626  -2.813777  -3.672916  -4.316492  -4.755119  -5.038743  0  0  0  0  0  0  0  0  0  0  0  0  0  0  0  0  0  0  0  0  0  0  0  0  0  0  0  0  0  0  0  0  0  0  0  0  0  0  0  0  0  0  0  0  0  0  0  0  0  0  0  0  0  0  0  0  0  0  0  0  0  0  0  0  0  -0.046962000000000614
h  10  1  3.301352  3.713003  4.571091  5.751037  6.750459  7.61865  8.273463  8.633867  8.627019  8.367335  8.074349  7.833843  7.649435  7.410344  6.997631  6.348078  5.572405  4.808438  4.091633  3.423299  2.827849  2.344816  0  0  0  0  0  0  0  0  0  0  0  0  0  0  0  0  0  0  0  0  0  0  0  0  0  0  0  0  0  0  0  0  0  0  0  0  0  0  0  0  0  0  0  0  0  0  0  0  0  0  0  0  0  0  0  0  0  0  0  0  0  0  0  0  0  -0.08611900000000006
g  10  2  -0.141064  -0.382166  -1.173389  -1.861356  -2.27776  -2.507787  -2.593932  -2.436786  -2.08299  -1.657487  -1.230052  -0.859481  -0.536009  -0.200815  0.185241  0.598098  0.983652  1.322222  1.581763  1.748577  1.826128  1.811325  0  0  0  0  0  0  0  0  0  0  0  0  0  0  0  0  0  0  0  0  0  0  0  0  0  0  0  0  0  0  0  0  0  0  0  0  0  0  0  0  0  0  0  0  0  0  0  0  0  0  0  0  0  0  0  0  0  0  0  0  0  0  0  0  0  -0.008691000000000004
h  10  2  -0.371345  -0.204516  -0.035173  0.109899  0.008044  -0.138388  -0.173312  -0.151412  -0.196219  -0.219755  -0.11211  0.101569  0.320251  0.460349  0.443282  0.245511  -0.101935  -0.551218  -1.03866  -1.489799  -1.843166  -2.068409  0  0  0  0  0  0  0  0  0  0  0  0  0  0  0  0  0  0  0  0  0  0  0  0  0  0  0  0  0  0  0  0  0  0  0  0  0  0  0  0  0  0  0  0  0  0  0  0  0  0  0  0  0  0  0  0  0  0  0  0  0  0  0  0  0  -0.03351000000000015
g  10  3  0.315141  1.673572  1.726352  1.274837  0.597646  -0.214073  -1.018294  -1.826866  -2.654641  -3.324374  -3.799002  -4.113608  -4.309483  -4.41445  -4.457405  -4.485298  -4.5423  -4.640765  -4.758227  -4.889072  -5.034878  -5.171341  0  0  0  0  0  0  0  0  0  0  0  0  0  0  0  0  0  0  0  0  0  0  0  0  0  0  0  0  0  0  0  0  0  0  0  0  0  0  0  0  0  0  0  0  0  0  0  0  0  0  0  0  0  0  0  0  0  0  0  0  0  0  0  0  0  -0.02492599999999978
h  10  3  4.619151  3.748781  3.987861  4.201429  4.318415  4.224477  4.037905  3.788985  3.53282  3.230895  3.044784  2.934603  2.836829  2.777183  2.822854  2.988427  3.207363  3.400775  3.471617  3.348638  3.04528  2.62825  0  0  0  0  0  0  0  0  0  0  0  0  0  0  0  0  0  0  0  0  0  0  0  0  0  0  0  0  0  0  0  0  0  0  0  0  0  0  0  0  0  0  0  0  0  0  0  0  0  0  0  0  0  0  0  0  0  0  0  0  0  0  0  0  0  -0.08883900000000011
g  10  4  -0.392231  -0.72678  -0.614868  -0.398359  -0.120399  -0.055467  -0.233828  -0.45647  -0.752498  -1.003923  -1.05868  -1.040755  -0.985418  -0.860513  -0.691574  -0.478426  -0.209608  0.139644  0.612351  1.206974  1.900326  2.62385  0  0  0  0  0  0  0  0  0  0  0  0  0  0  0  0  0  0  0  0  0  0  0  0  0  0  0  0  0  0  0  0  0  0  0  0  0  0  0  0  0  0  0  0  0  0  0  0  0  0  0  0  0  0  0  0  0  0  0  0  0  0  0  0  0  0.14194400000000007
h  10  4  4.743684  4.869409  4.972989  4.910609  4.84058  4.739765  4.550466  4.274319  4.017768  3.937338  3.969845  4.052306  4.162135  4.254764  4.375364  4.598189  4.898661  5.211261  5.471832  5.658576  5.76507  5.766246  0  0  0  0  0  0  0  0  0  0  0  0  0  0  0  0  0  0  0  0  0  0  0  0  0  0  0  0  0  0  0  0  0  0  0  0  0  0  0  0  0  0  0  0  0  0  0  0  0  0  0  0  0  0  0  0  0  0  0  0  0  0  0  0  0  -0.008844999999999992
g  10  5  1.587614  0.880272  -0.311841  -1.446799  -2.360874  -2.882235  -3.245666  -3.299426  -3.186785  -2.87295  -2.383988  -1.857474  -1.354787  -0.908807  -0.532159  -0.246282  -0.02136  0.201211  0.450498  0.748097  1.106844  1.50218  0  0  0  0  0  0  0  0  0  0  0  0  0  0  0  0  0  0  0  0  0  0  0  0  0  0  0  0  0  0  0  0  0  0  0  0  0  0  0  0  0  0  0  0  0  0  0  0  0  0  0  0  0  0  0  0  0  0  0  0  0  0  0  0  0  0.08069000000000015
h  10  5  -7.967336  -8.505865  -9.150147  -9.592227  -9.769609  -9.733144  -9.577173  -9.355496  -9.041888  -8.692596  -8.308396  -7.858643  -7.417068  -6.986372  -6.556565  -6.121008  -5.643014  -5.102832  -4.511627  -3.898886  -3.356598  -2.981569  0  0  0  0  0  0  0  0  0  0  0  0  0  0  0  0  0  0  0  0  0  0  0  0  0  0  0  0  0  0  0  0  0  0  0  0  0  0  0  0  0  0  0  0  0  0  0  0  0  0  0  0  0  0  0  0  0  0  0  0  0  0  0  0  0  0.058267999999999986
g  10  6  -0.428032  -0.839687  -0.46369  -0.301375  -0.331498  -0.461095  -0.785586  -1.172447  -1.417114  -1.430451  -1.216818  -0.874051  -0.486972  -0.054912  0.444531  0.981749  1.505358  1.934014  2.180789  2.178886  1.959028  1.602296  0  0  0  0  0  0  0  0  0  0  0  0  0  0  0  0  0  0  0  0  0  0  0  0  0  0  0  0  0  0  0  0  0  0  0  0  0  0  0  0  0  0  0  0  0  0  0  0  0  0  0  0  0  0  0  0  0  0  0  0  0  0  0  0  0  -0.07811699999999999
h  10  6  -0.414476  -0.011586  0.821888  1.599215  2.366494  2.890344  3.186207  3.491076  3.761264  3.981964  4.230388  4.5152  4.857186  5.249918  5.591429  5.765904  5.71003  5.455438  5.057818  4.607916  4.199062  3.893206  0  0  0  0  0  0  0  0  0  0  0  0  0  0  0  0  0  0  0  0  0  0  0  0  0  0  0  0  0  0  0  0  0  0  0  0  0  0  0  0  0  0  0  0  0  0  0  0  0  0  0  0  0  0  0  0  0  0  0  0  0  0  0  0  0  -0.05168499999999998
g  10  7  2.046812  2.15965  2.748802  3.197915  3.5597  3.847196  4.119425  4.283981  4.158817  3.584052  2.598902  1.342565  -0.027404  -1.388948  -2.674997  -3.817525  -4.757601  -5.483668  -5.989764  -6.319088  -6.543148  -6.706539  0  0  0  0  0  0  0  0  0  0  0  0  0  0  0  0  0  0  0  0  0  0  0  0  0  0  0  0  0  0  0  0  0  0  0  0  0  0  0  0  0  0  0  0  0  0  0  0  0  0  0  0  0  0  0  0  0  0  0  0  0  0  0  0  0  -0.029182000000000485
h  10  7  -4.054895  -4.348128  -4.568796  -4.755777  -5.02274  -5.418317  -5.97071  -6.83278  -7.878981  -8.946815  -9.846947  -10.50048  -10.920136  -11.119081  -11.124853  -10.984549  -10.75054  -10.42614  -10.021136  -9.58333  -9.135078  -8.674006  0  0  0  0  0  0  0  0  0  0  0  0  0  0  0  0  0  0  0  0  0  0  0  0  0  0  0  0  0  0  0  0  0  0  0  0  0  0  0  0  0  0  0  0  0  0  0  0  0  0  0  0  0  0  0  0  0  0  0  0  0  0  0  0  0  0.09325999999999901
g  10  8  2.303943  1.484364  0.573444  -0.293028  -1.161602  -1.863828  -2.335743  -2.574221  -2.556107  -2.35362  -2.041616  -1.685751  -1.317619  -0.908316  -0.470543  -0.003364  0.526982  1.131381  1.800934  2.479572  3.087083  3.544489  0  0  0  0  0  0  0  0  0  0  0  0  0  0  0  0  0  0  0  0  0  0  0  0  0  0  0  0  0  0  0  0  0  0  0  0  0  0  0  0  0  0  0  0  0  0  0  0  0  0  0  0  0  0  0  0  0  0  0  0  0  0  0  0  0  0.07502899999999979
h  10  8  -2.962913  -3.485369  -3.757966  -3.82029  -3.8874  -3.905095  -3.768978  -3.570596  -3.353738  -3.152051  -2.982593  -2.822035  -2.647092  -2.461183  -2.280726  -2.123184  -2.059463  -2.149544  -2.398966  -2.826627  -3.465525  -4.305993  0  0  0  0  0  0  0  0  0  0  0  0  0  0  0  0  0  0  0  0  0  0  0  0  0  0  0  0  0  0  0  0  0  0  0  0  0  0  0  0  0  0  0  0  0  0  0  0  0  0  0  0  0  0  0  0  0  0  0  0  0  0  0  0  0  -0.18149199999999954
g  10  9  -1.741502  -2.35141  -2.692135  -2.792055  -2.822933  -2.858507  -2.775337  -2.553297  -2.036062  -1.151202  0.009379  1.28951  2.579102  3.810624  4.897167  5.766574  6.357312  6.604916  6.399776  5.70373  4.592477  3.215537  0  0  0  0  0  0  0  0  0  0  0  0  0  0  0  0  0  0  0  0  0  0  0  0  0  0  0  0  0  0  0  0  0  0  0  0  0  0  0  0  0  0  0  0  0  0  0  0  0  0  0  0  0  0  0  0  0  0  0  0  0  0  0  0  0  -0.2873520000000003
h  10  9  -1.293719  -0.177179  0.373014  0.948143  1.584507  2.236749  2.865216  3.442105  3.980136  4.473371  4.858076  5.076597  5.059149  4.767807  4.215587  3.452693  2.494751  1.354157  0.09525  -1.129547  -2.17038  -2.906399  0  0  0  0  0  0  0  0  0  0  0  0  0  0  0  0  0  0  0  0  0  0  0  0  0  0  0  0  0  0  0  0  0  0  0  0  0  0  0  0  0  0  0  0  0  0  0  0  0  0  0  0  0  0  0  0  0  0  0  0  0  0  0  0  0  -0.11825200000000002
g  10  10  -3.485675  -3.804029  -3.394606  -3.051333  -2.794974  -2.439764  -1.896746  -1.339933  -1.035157  -1.110244  -1.510184  -2.158318  -2.956699  -3.881184  -4.956661  -6.138499  -7.325022  -8.420378  -9.243392  -9.629693  -9.511276  -8.883867  0  0  0  0  0  0  0  0  0  0  0  0  0  0  0  0  0  0  0  0  0  0  0  0  0  0  0  0  0  0  0  0  0  0  0  0  0  0  0  0  0  0  0  0  0  0  0  0  0  0  0  0  0  0  0  0  0  0  0  0  0  0  0  0  0  0.16561599999999999
h  10  10  -8.577165  -8.760908  -8.58116  -8.405849  -8.307037  -8.303455  -8.521328  -9.044928  -9.818468  -10.689398  -11.510258  -12.112924  -12.38703  -12.298323  -11.780492  -10.752661  -9.186426  -7.124212  -4.752568  -2.289853  0.158224  2.48499  0  0  0  0  0  0  0  0  0  0  0  0  0  0  0  0  0  0  0  0  0  0  0  0  0  0  0  0  0  0  0  0  0  0  0  0  0  0  0  0  0  0  0  0  0  0  0  0  0  0  0  0  0  0  0  0  0  0  0  0  0  0  0  0  0  0.4474849999999999
g  11  0  3.129826  3.000899  3.026614  3.203989  3.441001  3.613241  3.670552  3.62409  3.495574  3.32564  3.13384  2.962367  2.805354  2.682887  2.604252  2.534734  2.424202  2.274245  2.103931  1.918599  1.716942  1.491672  0  0  0  0  0  0  0  0  0  0  0  0  0  0  0  0  0  0  0  0  0  0  0  0  0  0  0  0  0  0  0  0  0  0  0  0  0  0  0  0  0  0  0  0  0  0  0  0  0  0  0  0  0  0  0  0  0  0  0  0  0  0  0  0  0  -0.047182999999999975
g  11  1  -1.333876  -1.432724  -0.992777  -0.383606  0.174336  0.602005  0.921095  1.020161  0.92035  0.687125  0.302557  -0.133031  -0.514713  -0.831722  -1.12149  -1.400095  -1.646907  -1.842667  -2.00035  -2.127314  -2.224664  -2.294956  0  0  0  0  0  0  0  0  0  0  0  0  0  0  0  0  0  0  0  0  0  0  0  0  0  0  0  0  0  0  0  0  0  0  0  0  0  0  0  0  0  0  0  0  0  0  0  0  0  0  0  0  0  0  0  0  0  0  0  0  0  0  0  0  0  -0.011563000000000212
h  11  1  0.299032  -0.088685  0.050843  0.372614  0.826334  1.336236  1.833173  2.247624  2.526909  2.68782  2.841569  3.023077  3.224458  3.405695  3.531487  3.582543  3.59389  3.595176  3.586413  3.548647  3.482874  3.407248  0  0  0  0  0  0  0  0  0  0  0  0  0  0  0  0  0  0  0  0  0  0  0  0  0  0  0  0  0  0  0  0  0  0  0  0  0  0  0  0  0  0  0  0  0  0  0  0  0  0  0  0  0  0  0  0  0  0  0  0  0  0  0  0  0  -0.015025999999999762
g  11  2  -2.407538  -2.791984  -2.724881  -2.585522  -2.368447  -2.113597  -1.893209  -1.712756  -1.640813  -1.713215  -1.927632  -2.231467  -2.55724  -2.862176  -3.150413  -3.425461  -3.686451  -3.927397  -4.138746  -4.310482  -4.439524  -4.514254  0  0  0  0  0  0  0  0  0  0  0  0  0  0  0  0  0  0  0  0  0  0  0  0  0  0  0  0  0  0  0  0  0  0  0  0  0  0  0  0  0  0  0  0  0  0  0  0  0  0  0  0  0  0  0  0  0  0  0  0  0  0  0  0  0  -0.009472999999999843
h  11  2  2.07937  2.477205  2.337304  1.989962  1.609382  1.241075  1.059144  1.134935  1.213849  1.165469  1.01559  0.827315  0.67568  0.59249  0.530457  0.467502  0.407437  0.347587  0.312085  0.314148  0.339864  0.371996  0  0  0  0  0  0  0  0  0  0  0  0  0  0  0  0  0  0  0  0  0  0  0  0  0  0  0  0  0  0  0  0  0  0  0  0  0  0  0  0  0  0  0  0  0  0  0  0  0  0  0  0  0  0  0  0  0  0  0  0  0  0  0  0  0  0.0064810000000000145
g  11  3  2.00894  2.452039  2.377532  2.025019  1.543025  1.076333  0.688985  0.413357  0.234487  0.051117  -0.15351  -0.366179  -0.549066  -0.684775  -0.787372  -0.859355  -0.893711  -0.858347  -0.705029  -0.43353  -0.06605  0.363926  0  0  0  0  0  0  0  0  0  0  0  0  0  0  0  0  0  0  0  0  0  0  0  0  0  0  0  0  0  0  0  0  0  0  0  0  0  0  0  0  0  0  0  0  0  0  0  0  0  0  0  0  0  0  0  0  0  0  0  0  0  0  0  0  0  0.08843900000000005
h  11  3  -0.585096  -0.557486  -0.492404  -0.319483  -0.097014  0.151409  0.313868  0.466602  0.626422  0.761803  0.910517  1.068564  1.181984  1.228694  1.268577  1.380438  1.571239  1.80763  2.054266  2.278384  2.448543  2.54519  0  0  0  0  0  0  0  0  0  0  0  0  0  0  0  0  0  0  0  0  0  0  0  0  0  0  0  0  0  0  0  0  0  0  0  0  0  0  0  0  0  0  0  0  0  0  0  0  0  0  0  0  0  0  0  0  0  0  0  0  0  0  0  0  0  0.012875999999999888
g  11  4  -0.677707  -1.081459  -0.967117  -0.590981  -0.106228  0.36257  0.696964  0.867491  0.906398  0.887712  0.86328  0.807303  0.735842  0.687195  0.679071  0.693741  0.695753  0.655951  0.559339  0.424135  0.273086  0.109614  0  0  0  0  0  0  0  0  0  0  0  0  0  0  0  0  0  0  0  0  0  0  0  0  0  0  0  0  0  0  0  0  0  0  0  0  0  0  0  0  0  0  0  0  0  0  0  0  0  0  0  0  0  0  0  0  0  0  0  0  0  0  0  0  0  -0.033732
h  11  4  -1.276412  -0.46089  0.13792  0.728824  1.218083  1.485487  1.65511  1.765991  1.834767  1.898251  2.033442  2.211296  2.376737  2.512314  2.627681  2.711826  2.758742  2.775544  2.785406  2.810632  2.856184  2.908988  0  0  0  0  0  0  0  0  0  0  0  0  0  0  0  0  0  0  0  0  0  0  0  0  0  0  0  0  0  0  0  0  0  0  0  0  0  0  0  0  0  0  0  0  0  0  0  0  0  0  0  0  0  0  0  0  0  0  0  0  0  0  0  0  0  0.010758999999999741
g  11  5  0.600532  0.272234  -0.196949  -0.683576  -1.116145  -1.306791  -1.529354  -1.716085  -1.8201  -1.80508  -1.615247  -1.335752  -1.050575  -0.774741  -0.498977  -0.215454  0.061359  0.289369  0.449458  0.55042  0.586435  0.562392  0  0  0  0  0  0  0  0  0  0  0  0  0  0  0  0  0  0  0  0  0  0  0  0  0  0  0  0  0  0  0  0  0  0  0  0  0  0  0  0  0  0  0  0  0  0  0  0  0  0  0  0  0  0  0  0  0  0  0  0  0  0  0  0  0  -0.008442999999999978
h  11  5  0.688705  0.606338  0.114339  -0.377314  -0.73298  -0.950271  -1.150292  -1.281278  -1.379222  -1.385302  -1.239029  -1.027639  -0.803382  -0.607155  -0.457937  -0.371478  -0.359528  -0.412556  -0.522197  -0.685409  -0.890566  -1.116948  0  0  0  0  0  0  0  0  0  0  0  0  0  0  0  0  0  0  0  0  0  0  0  0  0  0  0  0  0  0  0  0  0  0  0  0  0  0  0  0  0  0  0  0  0  0  0  0  0  0  0  0  0  0  0  0  0  0  0  0  0  0  0  0  0  -0.046062999999999965
g  11  6  -0.961924  -0.782857  -1.033584  -1.304857  -1.519641  -1.693959  -1.895978  -2.128431  -2.318798  -2.412874  -2.431034  -2.458781  -2.524605  -2.610995  -2.681407  -2.720038  -2.730162  -2.717056  -2.678516  -2.620905  -2.549669  -2.458767  0  0  0  0  0  0  0  0  0  0  0  0  0  0  0  0  0  0  0  0  0  0  0  0  0  0  0  0  0  0  0  0  0  0  0  0  0  0  0  0  0  0  0  0  0  0  0  0  0  0  0  0  0  0  0  0  0  0  0  0  0  0  0  0  0  0.019851000000000063
h  11  6  -0.14278  -0.077031  0.411554  0.774219  1.007856  1.137395  1.169115  1.118437  1.01911  0.909756  0.845903  0.808853  0.795114  0.826551  0.90709  1.053249  1.266422  1.545294  1.882755  2.248185  2.614764  2.960631  0  0  0  0  0  0  0  0  0  0  0  0  0  0  0  0  0  0  0  0  0  0  0  0  0  0  0  0  0  0  0  0  0  0  0  0  0  0  0  0  0  0  0  0  0  0  0  0  0  0  0  0  0  0  0  0  0  0  0  0  0  0  0  0  0  0.06603599999999998
g  11  7  -0.100334  -0.029253  -0.102857  -0.153416  -0.2434  -0.333382  -0.399599  -0.487357  -0.54612  -0.5435  -0.520422  -0.497305  -0.480651  -0.485538  -0.540938  -0.659607  -0.805833  -0.941489  -1.042349  -1.092897  -1.061584  -0.916303  0  0  0  0  0  0  0  0  0  0  0  0  0  0  0  0  0  0  0  0  0  0  0  0  0  0  0  0  0  0  0  0  0  0  0  0  0  0  0  0  0  0  0  0  0  0  0  0  0  0  0  0  0  0  0  0  0  0  0  0  0  0  0  0  0  0.03874299999999997
h  11  7  -2.117354  -1.692705  -1.496939  -1.331267  -1.152513  -1.028194  -0.999694  -0.971467  -0.903561  -0.808164  -0.672913  -0.486004  -0.272133  -0.053712  0.13385  0.309952  0.524412  0.802307  1.141626  1.503245  1.862532  2.211542  0  0  0  0  0  0  0  0  0  0  0  0  0  0  0  0  0  0  0  0  0  0  0  0  0  0  0  0  0  0  0  0  0  0  0  0  0  0  0  0  0  0  0  0  0  0  0  0  0  0  0  0  0  0  0  0  0  0  0  0  0  0  0  0  0  0.06840000000000002
g  11  8  1.633038  1.482486  1.469425  1.404471  1.398499  1.49857  1.738674  2.032619  2.270906  2.414225  2.462631  2.431215  2.367703  2.290838  2.192328  2.063528  1.887784  1.663031  1.412413  1.177846  1.01103  0.942229  0  0  0  0  0  0  0  0  0  0  0  0  0  0  0  0  0  0  0  0  0  0  0  0  0  0  0  0  0  0  0  0  0  0  0  0  0  0  0  0  0  0  0  0  0  0  0  0  0  0  0  0  0  0  0  0  0  0  0  0  0  0  0  0  0  -0.005171000000000037
h  11  8  -1.287821  -1.535268  -1.472256  -1.314226  -1.173888  -1.069264  -1.026388  -1.083401  -1.236701  -1.448153  -1.67775  -1.895717  -2.086548  -2.261666  -2.438299  -2.621957  -2.7834  -2.871808  -2.852191  -2.709365  -2.447458  -2.09321  0  0  0  0  0  0  0  0  0  0  0  0  0  0  0  0  0  0  0  0  0  0  0  0  0  0  0  0  0  0  0  0  0  0  0  0  0  0  0  0  0  0  0  0  0  0  0  0  0  0  0  0  0  0  0  0  0  0  0  0  0  0  0  0  0  0.07661300000000004
g  11  9  -0.122605  -0.378306  -0.638275  -0.848059  -1.004019  -1.144522  -1.28983  -1.422172  -1.545322  -1.646071  -1.739965  -1.828323  -1.860617  -1.807867  -1.68606  -1.513657  -1.316548  -1.122179  -0.94262  -0.777506  -0.626045  -0.495966  0  0  0  0  0  0  0  0  0  0  0  0  0  0  0  0  0  0  0  0  0  0  0  0  0  0  0  0  0  0  0  0  0  0  0  0  0  0  0  0  0  0  0  0  0  0  0  0  0  0  0  0  0  0  0  0  0  0  0  0  0  0  0  0  0  0.02423299999999995
h  11  9  -2.60117  -2.899686  -2.966558  -2.927355  -2.875871  -2.838069  -2.800557  -2.740672  -2.62785  -2.456905  -2.219777  -1.90711  -1.525883  -1.097846  -0.637141  -0.183105  0.197402  0.453159  0.579451  0.603686  0.547896  0.436141  0  0  0  0  0  0  0  0  0  0  0  0  0  0  0  0  0  0  0  0  0  0  0  0  0  0  0  0  0  0  0  0  0  0  0  0  0  0  0  0  0  0  0  0  0  0  0  0  0  0  0  0  0  0  0  0  0  0  0  0  0  0  0  0  0  -0.025197000000000025
g  11  10  0.327503  0.10142  -0.075776  -0.214081  -0.262337  -0.320792  -0.41076  -0.484019  -0.473518  -0.338535  -0.095265  0.207602  0.53318  0.84699  1.104768  1.272544  1.334298  1.258955  1.050815  0.747986  0.392699  0.024535  0  0  0  0  0  0  0  0  0  0  0  0  0  0  0  0  0  0  0  0  0  0  0  0  0  0  0  0  0  0  0  0  0  0  0  0  0  0  0  0  0  0  0  0  0  0  0  0  0  0  0  0  0  0  0  0  0  0  0  0  0  0  0  0  0  -0.072902
h  11  10  -2.13035  -1.77531  -1.758234  -1.717451  -1.682224  -1.625302  -1.500585  -1.300296  -1.025005  -0.709867  -0.404199  -0.147276  0.0157  0.060416  -0.011007  -0.170929  -0.410607  -0.692151  -0.970188  -1.200691  -1.324531  -1.294277  0  0  0  0  0  0  0  0  0  0  0  0  0  0  0  0  0  0  0  0  0  0  0  0  0  0  0  0  0  0  0  0  0  0  0  0  0  0  0  0  0  0  0  0  0  0  0  0  0  0  0  0  0  0  0  0  0  0  0  0  0  0  0  0  0  0.019912000000000152
g  11  11  3.527434  3.195106  3.372289  3.396998  3.292764  3.179542  3.096915  3.026002  2.882768  2.660386  2.404576  2.135091  1.857017  1.576349  1.295641  1.016238  0.736487  0.492256  0.351209  0.344635  0.46759  0.695347  0  0  0  0  0  0  0  0  0  0  0  0  0  0  0  0  0  0  0  0  0  0  0  0  0  0  0  0  0  0  0  0  0  0  0  0  0  0  0  0  0  0  0  0  0  0  0  0  0  0  0  0  0  0  0  0  0  0  0  0  0  0  0  0  0  0.0513030000000001
h  11  11  -2.298349  -2.498906  -2.485396  -2.454607  -2.372128  -2.265968  -2.142421  -2.011358  -1.924378  -1.903264  -1.902402  -1.838271  -1.638336  -1.26563  -0.709689  0.000968  0.815977  1.675491  2.489032  3.156448  3.606402  3.770729  0  0  0  0  0  0  0  0  0  0  0  0  0  0  0  0  0  0  0  0  0  0  0  0  0  0  0  0  0  0  0  0  0  0  0  0  0  0  0  0  0  0  0  0  0  0  0  0  0  0  0  0  0  0  0  0  0  0  0  0  0  0  0  0  0  0.007432000000000105
g  12  0  -2.031014  -1.971218  -1.817609  -1.528577  -1.16188  -0.736743  -0.316945  0.058573  0.382209  0.640096  0.816758  0.947655  1.045774  1.119579  1.180007  1.200766  1.147228  1.03165  0.874123  0.687748  0.483229  0.271401  0  0  0  0  0  0  0  0  0  0  0  0  0  0  0  0  0  0  0  0  0  0  0  0  0  0  0  0  0  0  0  0  0  0  0  0  0  0  0  0  0  0  0  0  0  0  0  0  0  0  0  0  0  0  0  0  0  0  0  0  0  0  0  0  0  -0.04219600000000001
g  12  1  -0.19496  -0.234302  -0.25754  -0.103604  0.103754  0.310308  0.473014  0.559137  0.581355  0.565537  0.526321  0.52141  0.575718  0.665007  0.77059  0.90252  1.064497  1.244764  1.429077  1.613247  1.792707  1.965265  0  0  0  0  0  0  0  0  0  0  0  0  0  0  0  0  0  0  0  0  0  0  0  0  0  0  0  0  0  0  0  0  0  0  0  0  0  0  0  0  0  0  0  0  0  0  0  0  0  0  0  0  0  0  0  0  0  0  0  0  0  0  0  0  0  0.03390800000000005
h  12  1  -0.918395  -1.117997  -1.058733  -0.919082  -0.766627  -0.638043  -0.566135  -0.565902  -0.633487  -0.709291  -0.714034  -0.640564  -0.527442  -0.438432  -0.41366  -0.447262  -0.495318  -0.525528  -0.528979  -0.505069  -0.454883  -0.381631  0  0  0  0  0  0  0  0  0  0  0  0  0  0  0  0  0  0  0  0  0  0  0  0  0  0  0  0  0  0  0  0  0  0  0  0  0  0  0  0  0  0  0  0  0  0  0  0  0  0  0  0  0  0  0  0  0  0  0  0  0  0  0  0  0  0.016154999999999975
g  12  2  0.515043  0.509791  0.608207  0.70038  0.745159  0.683817  0.50656  0.228884  -0.073604  -0.40678  -0.751893  -1.051576  -1.299398  -1.490413  -1.638103  -1.751458  -1.819189  -1.818565  -1.742564  -1.606708  -1.43693  -1.255757  0  0  0  0  0  0  0  0  0  0  0  0  0  0  0  0  0  0  0  0  0  0  0  0  0  0  0  0  0  0  0  0  0  0  0  0  0  0  0  0  0  0  0  0  0  0  0  0  0  0  0  0  0  0  0  0  0  0  0  0  0  0  0  0  0  0.03635300000000008
h  12  2  0.433226  0.484526  0.522297  0.500204  0.376919  0.22479  0.139142  0.110293  0.103644  0.123534  0.209752  0.344783  0.50887  0.682715  0.839272  0.98022  1.131504  1.306182  1.501753  1.701411  1.886539  2.044961  0  0  0  0  0  0  0  0  0  0  0  0  0  0  0  0  0  0  0  0  0  0  0  0  0  0  0  0  0  0  0  0  0  0  0  0  0  0  0  0  0  0  0  0  0  0  0  0  0  0  0  0  0  0  0  0  0  0  0  0  0  0  0  0  0  0.02951999999999977
g  12  3  1.234638  1.25683  1.313312  1.32769  1.284239  1.252669  1.223318  1.194813  1.137818  1.073992  1.014581  0.970942  0.943272  0.928403  0.913875  0.886381  0.842655  0.799544  0.775308  0.774442  0.788633  0.803397  0  0  0  0  0  0  0  0  0  0  0  0  0  0  0  0  0  0  0  0  0  0  0  0  0  0  0  0  0  0  0  0  0  0  0  0  0  0  0  0  0  0  0  0  0  0  0  0  0  0  0  0  0  0  0  0  0  0  0  0  0  0  0  0  0  0.0022690000000000765
h  12  3  1.743648  1.518963  1.418079  1.364096  1.342371  1.312386  1.213898  1.08431  0.934965  0.784293  0.639722  0.501369  0.372027  0.241127  0.095186  -0.077092  -0.269399  -0.452644  -0.598171  -0.693419  -0.72625  -0.684846  0  0  0  0  0  0  0  0  0  0  0  0  0  0  0  0  0  0  0  0  0  0  0  0  0  0  0  0  0  0  0  0  0  0  0  0  0  0  0  0  0  0  0  0  0  0  0  0  0  0  0  0  0  0  0  0  0  0  0  0  0  0  0  0  0  0.01479700000000006
g  12  4  -0.996915  -0.834964  -0.732684  -0.626033  -0.490932  -0.395175  -0.313775  -0.247675  -0.205686  -0.187814  -0.159992  -0.12165  -0.07232  0.020116  0.164826  0.339949  0.519042  0.670688  0.76543  0.793057  0.755964  0.659334  0  0  0  0  0  0  0  0  0  0  0  0  0  0  0  0  0  0  0  0  0  0  0  0  0  0  0  0  0  0  0  0  0  0  0  0  0  0  0  0  0  0  0  0  0  0  0  0  0  0  0  0  0  0  0  0  0  0  0  0  0  0  0  0  0  -0.023394000000000026
h  12  4  -2.232496  -2.016529  -2.155504  -2.312032  -2.323132  -2.229143  -2.078214  -1.864731  -1.592024  -1.261214  -0.865275  -0.452894  -0.064672  0.276128  0.548123  0.741823  0.853687  0.88337  0.8518  0.78991  0.723513  0.667013  0  0  0  0  0  0  0  0  0  0  0  0  0  0  0  0  0  0  0  0  0  0  0  0  0  0  0  0  0  0  0  0  0  0  0  0  0  0  0  0  0  0  0  0  0  0  0  0  0  0  0  0  0  0  0  0  0  0  0  0  0  0  0  0  0  -0.010207999999999995
g  12  5  0.872324  0.808403  0.596781  0.426203  0.310539  0.271841  0.275159  0.310735  0.390693  0.470932  0.509389  0.46004  0.333551  0.156399  -0.045572  -0.255944  -0.450954  -0.608646  -0.712928  -0.757417  -0.738553  -0.649724  0  0  0  0  0  0  0  0  0  0  0  0  0  0  0  0  0  0  0  0  0  0  0  0  0  0  0  0  0  0  0  0  0  0  0  0  0  0  0  0  0  0  0  0  0  0  0  0  0  0  0  0  0  0  0  0  0  0  0  0  0  0  0  0  0  0.02343700000000004
h  12  5  0.092074  0.121142  -0.068642  -0.26804  -0.465379  -0.610051  -0.722586  -0.806358  -0.859401  -0.889686  -0.884406  -0.838016  -0.767132  -0.689098  -0.611101  -0.535638  -0.458513  -0.368608  -0.278742  -0.208296  -0.168348  -0.164416  0  0  0  0  0  0  0  0  0  0  0  0  0  0  0  0  0  0  0  0  0  0  0  0  0  0  0  0  0  0  0  0  0  0  0  0  0  0  0  0  0  0  0  0  0  0  0  0  0  0  0  0  0  0  0  0  0  0  0  0  0  0  0  0  0  -0.0023440000000000127
g  12  6  0.112707  0.218395  0.414599  0.581226  0.648839  0.672442  0.670413  0.635054  0.618244  0.642992  0.732775  0.869606  1.012733  1.145381  1.262379  1.330292  1.321006  1.238391  1.119874  0.997055  0.890643  0.815215  0  0  0  0  0  0  0  0  0  0  0  0  0  0  0  0  0  0  0  0  0  0  0  0  0  0  0  0  0  0  0  0  0  0  0  0  0  0  0  0  0  0  0  0  0  0  0  0  0  0  0  0  0  0  0  0  0  0  0  0  0  0  0  0  0  -0.012260999999999966
h  12  6  0.606067  0.88035  1.141536  1.380534  1.524749  1.527105  1.412919  1.224883  0.990985  0.732437  0.512281  0.316156  0.122044  -0.054264  -0.225358  -0.4085  -0.589287  -0.729819  -0.797624  -0.786896  -0.715628  -0.610395  0  0  0  0  0  0  0  0  0  0  0  0  0  0  0  0  0  0  0  0  0  0  0  0  0  0  0  0  0  0  0  0  0  0  0  0  0  0  0  0  0  0  0  0  0  0  0  0  0  0  0  0  0  0  0  0  0  0  0  0  0  0  0  0  0  0.022577999999999987
g  12  7  0.393141  0.480962  0.505032  0.487772  0.344896  0.137812  -0.059547  -0.231099  -0.396489  -0.549782  -0.667616  -0.735954  -0.756069  -0.739416  -0.709503  -0.691494  -0.690209  -0.713843  -0.793374  -0.953303  -1.199125  -1.530299  0  0  0  0  0  0  0  0  0  0  0  0  0  0  0  0  0  0  0  0  0  0  0  0  0  0  0  0  0  0  0  0  0  0  0  0  0  0  0  0  0  0  0  0  0  0  0  0  0  0  0  0  0  0  0  0  0  0  0  0  0  0  0  0  0  -0.07246700000000006
h  12  7  -0.140037  -0.269488  -0.412079  -0.557975  -0.623766  -0.734433  -0.906851  -1.06378  -1.169051  -1.185218  -1.109835  -0.979852  -0.827659  -0.68125  -0.565564  -0.499868  -0.493418  -0.555773  -0.687657  -0.878534  -1.10654  -1.337613  0  0  0  0  0  0  0  0  0  0  0  0  0  0  0  0  0  0  0  0  0  0  0  0  0  0  0  0  0  0  0  0  0  0  0  0  0  0  0  0  0  0  0  0  0  0  0  0  0  0  0  0  0  0  0  0  0  0  0  0  0  0  0  0  0  -0.044103
g  12  8  -0.400406  -0.165894  -0.169171  -0.219212  -0.294835  -0.386278  -0.459401  -0.494848  -0.481234  -0.423574  -0.35589  -0.308306  -0.288678  -0.297178  -0.322475  -0.3324  -0.297166  -0.219881  -0.131215  -0.053133  0.000374  0.030023  0  0  0  0  0  0  0  0  0  0  0  0  0  0  0  0  0  0  0  0  0  0  0  0  0  0  0  0  0  0  0  0  0  0  0  0  0  0  0  0  0  0  0  0  0  0  0  0  0  0  0  0  0  0  0  0  0  0  0  0  0  0  0  0  0  0.0048340000000000015
h  12  8  0.316664  0.389841  0.347577  0.3158  0.27739  0.220871  0.173969  0.1404  0.127262  0.130279  0.129759  0.114733  0.095579  0.086844  0.10379  0.151124  0.221533  0.300035  0.358195  0.383357  0.38628  0.390333  0  0  0  0  0  0  0  0  0  0  0  0  0  0  0  0  0  0  0  0  0  0  0  0  0  0  0  0  0  0  0  0  0  0  0  0  0  0  0  0  0  0  0  0  0  0  0  0  0  0  0  0  0  0  0  0  0  0  0  0  0  0  0  0  0  0.0018329999999999735
g  12  9  -0.546578  -0.502072  -0.397143  -0.24842  -0.11161  0.026656  0.192317  0.354095  0.458276  0.487783  0.438575  0.329156  0.200522  0.072934  -0.057278  -0.188328  -0.305733  -0.398036  -0.440369  -0.428195  -0.382223  -0.321394  0  0  0  0  0  0  0  0  0  0  0  0  0  0  0  0  0  0  0  0  0  0  0  0  0  0  0  0  0  0  0  0  0  0  0  0  0  0  0  0  0  0  0  0  0  0  0  0  0  0  0  0  0  0  0  0  0  0  0  0  0  0  0  0  0  0.01275499999999996
h  12  9  0.291467  0.227847  0.304827  0.363643  0.350263  0.325822  0.250998  0.113923  -0.0541  -0.235298  -0.418564  -0.587941  -0.723995  -0.816761  -0.856336  -0.831292  -0.742175  -0.599546  -0.417025  -0.212968  0.002527  0.22496  0  0  0  0  0  0  0  0  0  0  0  0  0  0  0  0  0  0  0  0  0  0  0  0  0  0  0  0  0  0  0  0  0  0  0  0  0  0  0  0  0  0  0  0  0  0  0  0  0  0  0  0  0  0  0  0  0  0  0  0  0  0  0  0  0  0.044521000000000005
g  12  10  0.412603  0.124973  -0.003864  -0.136251  -0.247047  -0.344609  -0.416933  -0.471408  -0.519639  -0.540361  -0.53822  -0.524715  -0.481243  -0.379321  -0.22721  -0.040118  0.180865  0.423874  0.660789  0.855276  0.97699  1.000817  0  0  0  0  0  0  0  0  0  0  0  0  0  0  0  0  0  0  0  0  0  0  0  0  0  0  0  0  0  0  0  0  0  0  0  0  0  0  0  0  0  0  0  0  0  0  0  0  0  0  0  0  0  0  0  0  0  0  0  0  0  0  0  0  0  -0.0038559999999998595
h  12  10  -0.851183  -0.924116  -0.976928  -1.032669  -1.102685  -1.143088  -1.149185  -1.106974  -1.010086  -0.862197  -0.67347  -0.453538  -0.217236  0.009644  0.209753  0.365244  0.445825  0.434271  0.343688  0.18738  -0.020248  -0.25142  0  0  0  0  0  0  0  0  0  0  0  0  0  0  0  0  0  0  0  0  0  0  0  0  0  0  0  0  0  0  0  0  0  0  0  0  0  0  0  0  0  0  0  0  0  0  0  0  0  0  0  0  0  0  0  0  0  0  0  0  0  0  0  0  0  -0.04625199999999999
g  12  11  -0.863801  -1.006365  -0.970628  -0.869892  -0.688365  -0.448019  -0.210205  -0.016671  0.170425  0.373523  0.583329  0.774314  0.928659  1.043268  1.10765  1.120006  1.089699  1.026883  0.924513  0.766255  0.546309  0.274257  0  0  0  0  0  0  0  0  0  0  0  0  0  0  0  0  0  0  0  0  0  0  0  0  0  0  0  0  0  0  0  0  0  0  0  0  0  0  0  0  0  0  0  0  0  0  0  0  0  0  0  0  0  0  0  0  0  0  0  0  0  0  0  0  0  -0.057520000000000016
h  12  11  -0.028543  0.049408  0.265159  0.483499  0.663709  0.809042  0.915815  1.01008  1.121123  1.244284  1.341629  1.376255  1.333236  1.210554  1.020367  0.783756  0.513738  0.224143  -0.064605  -0.310126  -0.477833  -0.552594  0  0  0  0  0  0  0  0  0  0  0  0  0  0  0  0  0  0  0  0  0  0  0  0  0  0  0  0  0  0  0  0  0  0  0  0  0  0  0  0  0  0  0  0  0  0  0  0  0  0  0  0  0  0  0  0  0  0  0  0  0  0  0  0  0  -0.006938
g  12  12  -0.01149  -0.279209  -0.288824  -0.272484  -0.245962  -0.196185  -0.102632  0.016811  0.099037  0.114412  0.055031  -0.075658  -0.25174  -0.448546  -0.651613  -0.843121  -0.998225  -1.082815  -1.038862  -0.838715  -0.507355  -0.08352  0  0  0  0  0  0  0  0  0  0  0  0  0  0  0  0  0  0  0  0  0  0  0  0  0  0  0  0  0  0  0  0  0  0  0  0  0  0  0  0  0  0  0  0  0  0  0  0  0  0  0  0  0  0  0  0  0  0  0  0  0  0  0  0  0  0.090261
h  12  12  0.696386  0.695237  0.867291  0.972815  1.001485  0.993901  0.997449  0.97147  0.869002  0.703711  0.53365  0.42252  0.402099  0.475331  0.637609  0.888996  1.228448  1.632955  2.041213  2.372738  2.570224  2.596283  0  0  0  0  0  0  0  0  0  0  0  0  0  0  0  0  0  0  0  0  0  0  0  0  0  0  0  0  0  0  0  0  0  0  0  0  0  0  0  0  0  0  0  0  0  0  0  0  0  0  0  0  0  0  0  0  0  0  0  0  0  0  0  0  0  -0.0101239999999998
g  13  0  -0.045152  0.020447  0.044639  0.077829  0.153195  0.253441  0.327926  0.355689  0.343402  0.308598  0.261617  0.208771  0.150041  0.092439  0.04166  -0.009261  -0.067855  -0.123779  -0.162059  -0.180763  -0.188815  -0.192842  0  0  0  0  0  0  0  0  0  0  0  0  0  0  0  0  0  0  0  0  0  0  0  0  0  0  0  0  0  0  0  0  0  0  0  0  0  0  0  0  0  0  0  0  0  0  0  0  0  0  0  0  0  0  0  0  0  0  0  0  0  0  0  0  0  -0.0005770000000000219
g  13  1  -0.683268  -0.732116  -0.654066  -0.575041  -0.515943  -0.49501  -0.483548  -0.496549  -0.541186  -0.600107  -0.669172  -0.718358  -0.719608  -0.656792  -0.540461  -0.393768  -0.237514  -0.082243  0.074405  0.229432  0.376253  0.511835  0  0  0  0  0  0  0  0  0  0  0  0  0  0  0  0  0  0  0  0  0  0  0  0  0  0  0  0  0  0  0  0  0  0  0  0  0  0  0  0  0  0  0  0  0  0  0  0  0  0  0  0  0  0  0  0  0  0  0  0  0  0  0  0  0  0.026068000000000036
h  13  1  -0.779932  -0.824253  -0.778287  -0.732615  -0.719339  -0.70419  -0.719893  -0.770056  -0.856424  -0.958576  -1.012363  -0.995212  -0.922587  -0.817623  -0.714289  -0.629969  -0.555144  -0.480369  -0.408752  -0.347303  -0.300721  -0.269432  0  0  0  0  0  0  0  0  0  0  0  0  0  0  0  0  0  0  0  0  0  0  0  0  0  0  0  0  0  0  0  0  0  0  0  0  0  0  0  0  0  0  0  0  0  0  0  0  0  0  0  0  0  0  0  0  0  0  0  0  0  0  0  0  0  0.005020999999999998
g  13  2  0.435704  0.49929  0.569089  0.613619  0.600359  0.543825  0.459626  0.364548  0.282836  0.214851  0.159616  0.131311  0.121151  0.119994  0.110852  0.07988  0.027354  -0.033406  -0.093375  -0.149294  -0.201136  -0.253988  0  0  0  0  0  0  0  0  0  0  0  0  0  0  0  0  0  0  0  0  0  0  0  0  0  0  0  0  0  0  0  0  0  0  0  0  0  0  0  0  0  0  0  0  0  0  0  0  0  0  0  0  0  0  0  0  0  0  0  0  0  0  0  0  0  -0.01072999999999999
h  13  2  0.381522  0.630281  0.568136  0.505443  0.434135  0.346479  0.272159  0.198427  0.073218  -0.116283  -0.319862  -0.48444  -0.587003  -0.633704  -0.650742  -0.656734  -0.648485  -0.620311  -0.575645  -0.525634  -0.476685  -0.428482  0  0  0  0  0  0  0  0  0  0  0  0  0  0  0  0  0  0  0  0  0  0  0  0  0  0  0  0  0  0  0  0  0  0  0  0  0  0  0  0  0  0  0  0  0  0  0  0  0  0  0  0  0  0  0  0  0  0  0  0  0  0  0  0  0  0.009794000000000025
g  13  3  0.594965  0.73333  0.633112  0.481967  0.322344  0.18476  0.059307  -0.078426  -0.217316  -0.350292  -0.467798  -0.539054  -0.547232  -0.492563  -0.400322  -0.296222  -0.198848  -0.122024  -0.073773  -0.050247  -0.047473  -0.063515  0  0  0  0  0  0  0  0  0  0  0  0  0  0  0  0  0  0  0  0  0  0  0  0  0  0  0  0  0  0  0  0  0  0  0  0  0  0  0  0  0  0  0  0  0  0  0  0  0  0  0  0  0  0  0  0  0  0  0  0  0  0  0  0  0  -0.004565
h  13  3  1.492446  1.468504  1.402881  1.300934  1.215219  1.133445  1.008585  0.866501  0.748461  0.658549  0.597518  0.561873  0.540564  0.519725  0.4883  0.447928  0.400329  0.346888  0.289265  0.231203  0.174188  0.118788  0  0  0  0  0  0  0  0  0  0  0  0  0  0  0  0  0  0  0  0  0  0  0  0  0  0  0  0  0  0  0  0  0  0  0  0  0  0  0  0  0  0  0  0  0  0  0  0  0  0  0  0  0  0  0  0  0  0  0  0  0  0  0  0  0  -0.010826000000000002
g  13  4  -0.462039  -0.520496  -0.460861  -0.355787  -0.242691  -0.144899  -0.061425  -0.029612  -0.064674  -0.148581  -0.263764  -0.392075  -0.513689  -0.622861  -0.720777  -0.81336  -0.9008  -0.970302  -1.00545  -0.992588  -0.929097  -0.821573  0  0  0  0  0  0  0  0  0  0  0  0  0  0  0  0  0  0  0  0  0  0  0  0  0  0  0  0  0  0  0  0  0  0  0  0  0  0  0  0  0  0  0  0  0  0  0  0  0  0  0  0  0  0  0  0  0  0  0  0  0  0  0  0  0  0.024453999999999976
h  13  4  -0.577332  -0.529356  -0.590795  -0.632792  -0.649068  -0.643028  -0.617861  -0.579132  -0.550264  -0.528072  -0.50001  -0.467302  -0.43201  -0.388349  -0.332881  -0.267259  -0.197084  -0.129921  -0.071816  -0.030176  -0.013713  -0.026192  0  0  0  0  0  0  0  0  0  0  0  0  0  0  0  0  0  0  0  0  0  0  0  0  0  0  0  0  0  0  0  0  0  0  0  0  0  0  0  0  0  0  0  0  0  0  0  0  0  0  0  0  0  0  0  0  0  0  0  0  0  0  0  0  0  -0.005025000000000002
g  13  5  0.902474  0.750672  0.58827  0.426617  0.24669  0.125312  0.039896  -0.00601  -0.014074  0.001389  0.00367  -0.035775  -0.115671  -0.215537  -0.308994  -0.387081  -0.449392  -0.491681  -0.512441  -0.520694  -0.527395  -0.535059  0  0  0  0  0  0  0  0  0  0  0  0  0  0  0  0  0  0  0  0  0  0  0  0  0  0  0  0  0  0  0  0  0  0  0  0  0  0  0  0  0  0  0  0  0  0  0  0  0  0  0  0  0  0  0  0  0  0  0  0  0  0  0  0  0  -0.0017139999999999933
h  13  5  -1.178538  -1.160885  -1.259378  -1.379413  -1.457591  -1.488265  -1.476797  -1.413927  -1.308571  -1.19862  -1.089505  -0.998514  -0.932732  -0.875375  -0.813449  -0.741738  -0.660283  -0.570346  -0.473986  -0.378169  -0.285899  -0.194013  0  0  0  0  0  0  0  0  0  0  0  0  0  0  0  0  0  0  0  0  0  0  0  0  0  0  0  0  0  0  0  0  0  0  0  0  0  0  0  0  0  0  0  0  0  0  0  0  0  0  0  0  0  0  0  0  0  0  0  0  0  0  0  0  0  0.018455
g  13  6  -0.266293  -0.019016  -0.055675  -0.078885  -0.076755  -0.080841  -0.107222  -0.170385  -0.240711  -0.289154  -0.31336  -0.330605  -0.352451  -0.377473  -0.390589  -0.38827  -0.381544  -0.386398  -0.406484  -0.440308  -0.487062  -0.547732  0  0  0  0  0  0  0  0  0  0  0  0  0  0  0  0  0  0  0  0  0  0  0  0  0  0  0  0  0  0  0  0  0  0  0  0  0  0  0  0  0  0  0  0  0  0  0  0  0  0  0  0  0  0  0  0  0  0  0  0  0  0  0  0  0  -0.01314000000000004
h  13  6  0.058302  0.031658  0.21365  0.355292  0.430432  0.436011  0.39448  0.327665  0.263408  0.20398  0.158704  0.121053  0.084532  0.048616  0.016499  -0.012716  -0.038378  -0.058739  -0.075968  -0.092079  -0.107991  -0.118643  0  0  0  0  0  0  0  0  0  0  0  0  0  0  0  0  0  0  0  0  0  0  0  0  0  0  0  0  0  0  0  0  0  0  0  0  0  0  0  0  0  0  0  0  0  0  0  0  0  0  0  0  0  0  0  0  0  0  0  0  0  0  0  0  0  -0.0012650000000000022
g  13  7  0.634623  0.660208  0.649323  0.629891  0.586686  0.567503  0.589182  0.62727  0.660939  0.691243  0.704011  0.701543  0.691038  0.670151  0.640178  0.611918  0.58923  0.561701  0.51978  0.464903  0.401158  0.332235  0  0  0  0  0  0  0  0  0  0  0  0  0  0  0  0  0  0  0  0  0  0  0  0  0  0  0  0  0  0  0  0  0  0  0  0  0  0  0  0  0  0  0  0  0  0  0  0  0  0  0  0  0  0  0  0  0  0  0  0  0  0  0  0  0  -0.013871000000000022
h  13  7  0.406101  0.207788  0.118701  0.058182  0.041961  0.05165  0.014059  -0.06477  -0.145211  -0.223079  -0.285328  -0.322414  -0.340731  -0.342305  -0.32352  -0.280454  -0.219103  -0.158767  -0.109227  -0.068359  -0.033936  -0.00512  0  0  0  0  0  0  0  0  0  0  0  0  0  0  0  0  0  0  0  0  0  0  0  0  0  0  0  0  0  0  0  0  0  0  0  0  0  0  0  0  0  0  0  0  0  0  0  0  0  0  0  0  0  0  0  0  0  0  0  0  0  0  0  0  0  0.005402
g  13  8  -0.05142  -0.078803  -0.1021  -0.140291  -0.180294  -0.196112  -0.188828  -0.172212  -0.154719  -0.130533  -0.106755  -0.090884  -0.086072  -0.095618  -0.123857  -0.168732  -0.226031  -0.292396  -0.364907  -0.436693  -0.50286  -0.555392  0  0  0  0  0  0  0  0  0  0  0  0  0  0  0  0  0  0  0  0  0  0  0  0  0  0  0  0  0  0  0  0  0  0  0  0  0  0  0  0  0  0  0  0  0  0  0  0  0  0  0  0  0  0  0  0  0  0  0  0  0  0  0  0  0  -0.009210000000000051
h  13  8  -0.024946  -0.242906  -0.278548  -0.290959  -0.314511  -0.355433  -0.375151  -0.379218  -0.373227  -0.363367  -0.346788  -0.335536  -0.335681  -0.346014  -0.360916  -0.376686  -0.385011  -0.380827  -0.364042  -0.344388  -0.331212  -0.332886  0  0  0  0  0  0  0  0  0  0  0  0  0  0  0  0  0  0  0  0  0  0  0  0  0  0  0  0  0  0  0  0  0  0  0  0  0  0  0  0  0  0  0  0  0  0  0  0  0  0  0  0  0  0  0  0  0  0  0  0  0  0  0  0  0  -0.001951000000000036
g  13  9  0.383535  0.394996  0.336592  0.267267  0.186237  0.132218  0.072367  0.007477  -0.025407  -0.030893  -0.020122  -0.011975  -0.001634  0.010941  0.018212  0.017691  0.011379  0.006567  0.01419  0.043064  0.100266  0.185273  0  0  0  0  0  0  0  0  0  0  0  0  0  0  0  0  0  0  0  0  0  0  0  0  0  0  0  0  0  0  0  0  0  0  0  0  0  0  0  0  0  0  0  0  0  0  0  0  0  0  0  0  0  0  0  0  0  0  0  0  0  0  0  0  0  0.018734
h  13  9  0.492799  0.431911  0.359411  0.265213  0.188775  0.127064  0.066039  0.010155  -0.032494  -0.064297  -0.091625  -0.11754  -0.136452  -0.152419  -0.171477  -0.196502  -0.221727  -0.236028  -0.231287  -0.20572  -0.160618  -0.104312  0  0  0  0  0  0  0  0  0  0  0  0  0  0  0  0  0  0  0  0  0  0  0  0  0  0  0  0  0  0  0  0  0  0  0  0  0  0  0  0  0  0  0  0  0  0  0  0  0  0  0  0  0  0  0  0  0  0  0  0  0  0  0  0  0  0.011649999999999994
g  13  10  0.00489  0.074957  0.12686  0.13516  0.116623  0.072907  0.029424  -0.005278  -0.038669  -0.076096  -0.121372  -0.17004  -0.215886  -0.247378  -0.261186  -0.265987  -0.268893  -0.269495  -0.266328  -0.259077  -0.244089  -0.226174  0  0  0  0  0  0  0  0  0  0  0  0  0  0  0  0  0  0  0  0  0  0  0  0  0  0  0  0  0  0  0  0  0  0  0  0  0  0  0  0  0  0  0  0  0  0  0  0  0  0  0  0  0  0  0  0  0  0  0  0  0  0  0  0  0  0.00325700000000001
h  13  10  0.324616  0.450247  0.427582  0.377714  0.31529  0.27026  0.237537  0.214412  0.191671  0.163354  0.124922  0.08734  0.062326  0.053876  0.060568  0.076449  0.099023  0.137559  0.198332  0.276085  0.354906  0.413903  0  0  0  0  0  0  0  0  0  0  0  0  0  0  0  0  0  0  0  0  0  0  0  0  0  0  0  0  0  0  0  0  0  0  0  0  0  0  0  0  0  0  0  0  0  0  0  0  0  0  0  0  0  0  0  0  0  0  0  0  0  0  0  0  0  0.009332000000000007
g  13  11  0.366263  0.545703  0.509388  0.450478  0.412797  0.375879  0.346157  0.339223  0.334679  0.302205  0.239083  0.161876  0.093797  0.049485  0.030802  0.037835  0.068472  0.11059  0.151913  0.185771  0.210762  0.227037  0  0  0  0  0  0  0  0  0  0  0  0  0  0  0  0  0  0  0  0  0  0  0  0  0  0  0  0  0  0  0  0  0  0  0  0  0  0  0  0  0  0  0  0  0  0  0  0  0  0  0  0  0  0  0  0  0  0  0  0  0  0  0  0  0  0.002670999999999979
h  13  11  -0.281948  -0.289571  -0.349041  -0.356951  -0.345806  -0.325228  -0.291472  -0.254035  -0.221115  -0.188927  -0.142022  -0.080683  -0.011283  0.057599  0.120833  0.174675  0.21433  0.243617  0.275967  0.321285  0.379492  0.442746  0  0  0  0  0  0  0  0  0  0  0  0  0  0  0  0  0  0  0  0  0  0  0  0  0  0  0  0  0  0  0  0  0  0  0  0  0  0  0  0  0  0  0  0  0  0  0  0  0  0  0  0  0  0  0  0  0  0  0  0  0  0  0  0  0  0.012792999999999999
g  13  12  -0.354866  -0.365507  -0.360117  -0.333295  -0.278792  -0.197988  -0.106918  -0.017739  0.079564  0.189994  0.305591  0.418197  0.514916  0.58117  0.598212  0.555279  0.451415  0.283085  0.069084  -0.150259  -0.333367  -0.442757  0  0  0  0  0  0  0  0  0  0  0  0  0  0  0  0  0  0  0  0  0  0  0  0  0  0  0  0  0  0  0  0  0  0  0  0  0  0  0  0  0  0  0  0  0  0  0  0  0  0  0  0  0  0  0  0  0  0  0  0  0  0  0  0  0  -0.014799000000000007
h  13  12  -0.325115  -0.233317  -0.111818  -0.001227  0.078985  0.123473  0.149596  0.176053  0.203706  0.225365  0.216703  0.161084  0.05548  -0.101628  -0.302045  -0.524944  -0.746546  -0.936592  -1.062085  -1.10442  -1.062732  -0.953843  0  0  0  0  0  0  0  0  0  0  0  0  0  0  0  0  0  0  0  0  0  0  0  0  0  0  0  0  0  0  0  0  0  0  0  0  0  0  0  0  0  0  0  0  0  0  0  0  0  0  0  0  0  0  0  0  0  0  0  0  0  0  0  0  0  0.025719000000000047
g  13  13  -0.348878  -0.425931  -0.442371  -0.424039  -0.372633  -0.28495  -0.201533  -0.146726  -0.126857  -0.133208  -0.172126  -0.247531  -0.354332  -0.480696  -0.609599  -0.717216  -0.780685  -0.769346  -0.655543  -0.442649  -0.167898  0.114935  0  0  0  0  0  0  0  0  0  0  0  0  0  0  0  0  0  0  0  0  0  0  0  0  0  0  0  0  0  0  0  0  0  0  0  0  0  0  0  0  0  0  0  0  0  0  0  0  0  0  0  0  0  0  0  0  0  0  0  0  0  0  0  0  0  0.054445999999999994
h  13  13  -0.651258  -0.482315  -0.303793  -0.133134  0.013369  0.134711  0.220369  0.250269  0.227943  0.177492  0.131127  0.119154  0.157113  0.250768  0.393559  0.567301  0.744934  0.89601  0.990031  1.005398  0.937447  0.794045  0  0  0  0  0  0  0  0  0  0  0  0  0  0  0  0  0  0  0  0  0  0  0  0  0  0  0  0  0  0  0  0  0  0  0  0  0  0  0  0  0  0  0  0  0  0  0  0  0  0  0  0  0  0  0  0  0  0  0  0  0  0  0  0  0  -0.03386800000000001
