# 2019 MPG data assimilation forecast
# units of nT 
c/s d o  GUFM1  GUFM1  GUFM1  GUFM1  GUFM1  GUFM1  GUFM1  GUFM1  GUFM1  GUFM1  GUFM1  GUFM1  GUFM1  GUFM1  GUFM1  GUFM1  GUFM1  GUFM1  GUFM1  GUFM1  GUFM1  GUFM1  GUFM1  GUFM1  GUFM1  GUFM1  GUFM1  GUFM1  GUFM1  GUFM1  GUFM1  GUFM1  GUFM1  GUFM1  GUFM1  GUFM1  GUFM1  GUFM1  GUFM1  GUFM1  GUFM1  GUFM1  GUFM1  GUFM1  GUFM1  GUFM1  GUFM1  GUFM1  GUFM1  GUFM1  GUFM1  GUFM1  GUFM1  GUFM1  GUFM1  GUFM1  GUFM1  GUFM1  GUFM1  GUFM1  GUFM1  GUFM1   IGRF   IGRF   IGRF   IGRF   IGRF   IGRF   IGRF   IGRF   IGRF   DGRF   DGRF   DGRF   DGRF   DGRF   DGRF   DGRF   DGRF   DGRF   DGRF   DGRF   DGRF      DGRF      DGRF     DGRF     IGRF      SV
g/h n m 1590.0 1595.0 1600.0 1605.0 1610.0 1615.0 1620.0 1625.0 1630.0 1635.0 1640.0 1645.0 1650.0 1655.0 1660.0 1665.0 1670.0 1675.0 1680.0 1685.0 1690.0 1695.0 1700.0 1705.0 1710.0 1715.0 1720.0 1725.0 1730.0 1735.0 1740.0 1745.0 1750.0 1755.0 1760.0 1765.0 1770.0 1775.0 1780.0 1785.0 1790.0 1795.0 1800.0 1805.0 1810.0 1815.0 1820.0 1825.0 1830.0 1835.0 1840.0 1845.0 1850.0 1855.0 1860.0 1865.0 1870.0 1875.0 1880.0 1885.0 1890.0 1895.0 1900.0 1905.0 1910.0 1915.0 1920.0 1925.0 1930.0 1935.0 1940.0 1945.0 1950.0 1955.0 1960.0 1965.0 1970.0 1975.0 1980.0 1985.0 1990.0 1995.0 2000.0    2005.0    2010.0   2015.0   2020.0 2020-25
g  1  0  -29441.663086  -29403.892161  -29373.142051  -29340.39763  -29314.521126  -29289.39944  -29265.910626  -29237.519197  -29200.427872  -29158.777661  -29112.870407  -29065.737929  -29018.203659  -28966.569103  -28908.359499  -28843.470669  -28771.689236  -28692.895354  -28608.930579  -28520.982619  -28429.49938  -28334.97335  0  0  0  0  0  0  0  0  0  0  0  0  0  0  0  0  0  0  0  0  0  0  0  0  0  0  0  0  0  0  0  0  0  0  0  0  0  0  0  0  0  0  0  0  0  0  0  0  0  0  0  0  0  0  0  0  0  0  0  0  0  0  0  0  0  19.123826999999437
g  1  1  -1501.518036  -1449.923947  -1415.958271  -1394.371827  -1378.551138  -1360.731787  -1342.686013  -1330.103428  -1320.639854  -1312.424482  -1304.262696  -1299.348223  -1297.966197  -1300.948122  -1309.609443  -1325.324874  -1349.455011  -1383.050525  -1424.814231  -1469.853444  -1513.306955  -1551.854904  0  0  0  0  0  0  0  0  0  0  0  0  0  0  0  0  0  0  0  0  0  0  0  0  0  0  0  0  0  0  0  0  0  0  0  0  0  0  0  0  0  0  0  0  0  0  0  0  0  0  0  0  0  0  0  0  0  0  0  0  0  0  0  0  0  -7.222483000000011
h  1  1  4796.321596  4652.352754  4504.931735  4382.137352  4291.865999  4223.858656  4159.45124  4095.585879  4038.523464  3988.793801  3945.674154  3903.114281  3858.593347  3812.315723  3764.886246  3715.454902  3667.237797  3623.877242  3585.911962  3553.187744  3525.074608  3502.90991  0  0  0  0  0  0  0  0  0  0  0  0  0  0  0  0  0  0  0  0  0  0  0  0  0  0  0  0  0  0  0  0  0  0  0  0  0  0  0  0  0  0  0  0  0  0  0  0  0  0  0  0  0  0  0  0  0  0  0  0  0  0  0  0  0  -3.834244000000126
g  2  0  -2446.932759  -2499.493914  -2544.902312  -2583.739194  -2614.5159  -2647.325264  -2677.646714  -2704.938447  -2731.201153  -2756.782689  -2782.648172  -2806.580459  -2827.555237  -2846.125404  -2863.812117  -2879.913063  -2891.377975  -2894.638636  -2887.637582  -2870.349294  -2843.271854  -2806.795461  0  0  0  0  0  0  0  0  0  0  0  0  0  0  0  0  0  0  0  0  0  0  0  0  0  0  0  0  0  0  0  0  0  0  0  0  0  0  0  0  0  0  0  0  0  0  0  0  0  0  0  0  0  0  0  0  0  0  0  0  0  0  0  0  0  8.03098699999964
g  2  1  3012.159888  2981.824749  2963.855257  2950.044602  2926.153803  2895.277589  2871.529834  2858.994079  2854.72506  2851.883204  2848.639804  2847.766611  2849.744689  2854.225625  2861.680043  2872.65871  2888.292635  2908.881817  2932.665341  2957.647002  2980.932325  2999.08946  0  0  0  0  0  0  0  0  0  0  0  0  0  0  0  0  0  0  0  0  0  0  0  0  0  0  0  0  0  0  0  0  0  0  0  0  0  0  0  0  0  0  0  0  0  0  0  0  0  0  0  0  0  0  0  0  0  0  0  0  0  0  0  0  0  3.0674690000000737
h  2  1  -2845.878329  -2990.669188  -3116.231426  -3219.847091  -3307.241726  -3390.593382  -3471.341267  -3542.102673  -3600.01925  -3649.798131  -3697.893123  -3746.966206  -3797.836224  -3849.288279  -3900.806836  -3953.629852  -4007.990792  -4063.98085  -4122.785038  -4186.562993  -4255.639079  -4329.225882  0  0  0  0  0  0  0  0  0  0  0  0  0  0  0  0  0  0  0  0  0  0  0  0  0  0  0  0  0  0  0  0  0  0  0  0  0  0  0  0  0  0  0  0  0  0  0  0  0  0  0  0  0  0  0  0  0  0  0  0  0  0  0  0  0  -15.032578999999714
g  2  2  1676.331296  1676.838512  1650.024824  1600.854354  1534.105391  1467.200785  1414.225317  1369.298057  1325.321161  1282.001505  1236.640005  1187.38585  1134.885118  1077.544622  1013.475387  944.399196  872.111822  796.340231  717.173385  635.288593  552.329665  470.658289  0  0  0  0  0  0  0  0  0  0  0  0  0  0  0  0  0  0  0  0  0  0  0  0  0  0  0  0  0  0  0  0  0  0  0  0  0  0  0  0  0  0  0  0  0  0  0  0  0  0  0  0  0  0  0  0  0  0  0  0  0  0  0  0  0  -16.11344399999996
h  2  2  -642.034013  -733.703718  -826.634434  -908.110026  -973.198965  -1033.383327  -1104.072748  -1187.390006  -1275.808803  -1366.155898  -1458.779903  -1554.290437  -1652.126519  -1750.988929  -1847.390711  -1938.545048  -2021.012191  -2092.319018  -2151.326063  -2197.548459  -2230.825638  -2250.498203  0  0  0  0  0  0  0  0  0  0  0  0  0  0  0  0  0  0  0  0  0  0  0  0  0  0  0  0  0  0  0  0  0  0  0  0  0  0  0  0  0  0  0  0  0  0  0  0  0  0  0  0  0  0  0  0  0  0  0  0  0  0  0  0  0  -2.7978210000001127
g  3  0  1350.163627  1363.569885  1367.922132  1375.721296  1383.371909  1397.132481  1412.377062  1428.893628  1444.722667  1457.082858  1467.198914  1474.221279  1475.233921  1470.572996  1462.247962  1451.925268  1440.477713  1428.38331  1415.576344  1403.471138  1394.117189  1389.340513  0  0  0  0  0  0  0  0  0  0  0  0  0  0  0  0  0  0  0  0  0  0  0  0  0  0  0  0  0  0  0  0  0  0  0  0  0  0  0  0  0  0  0  0  0  0  0  0  0  0  0  0  0  0  0  0  0  0  0  0  0  0  0  0  0  -0.5209749999999076
g  3  1  -2351.957783  -2381.482521  -2408.010763  -2428.888009  -2440.641419  -2450.154455  -2459.039753  -2464.146809  -2463.857381  -2456.923589  -2443.747202  -2424.992736  -2401.987592  -2374.970334  -2344.063041  -2309.260164  -2270.4254  -2227.567654  -2181.687229  -2134.054133  -2085.480121  -2036.041719  0  0  0  0  0  0  0  0  0  0  0  0  0  0  0  0  0  0  0  0  0  0  0  0  0  0  0  0  0  0  0  0  0  0  0  0  0  0  0  0  0  0  0  0  0  0  0  0  0  0  0  0  0  0  0  0  0  0  0  0  0  0  0  0  0  9.967320999999856
h  3  1  -115.007149  -81.788744  -60.170256  -40.557976  -12.301339  17.437683  46.290181  75.378392  105.030166  133.555561  160.335115  186.80606  213.520853  241.070151  268.828995  295.87708  321.451322  345.787448  368.971516  390.826855  411.095558  429.836824  0  0  0  0  0  0  0  0  0  0  0  0  0  0  0  0  0  0  0  0  0  0  0  0  0  0  0  0  0  0  0  0  0  0  0  0  0  0  0  0  0  0  0  0  0  0  0  0  0  0  0  0  0  0  0  0  0  0  0  0  0  0  0  0  0  3.6274269999999547
g  3  2  1226.358098  1235.770451  1246.888295  1256.3936  1267.209924  1275.968221  1284.179135  1290.785186  1298.050844  1307.879601  1322.514271  1340.889181  1360.810965  1380.312343  1398.749425  1416.93295  1436.240802  1458.002969  1482.966643  1511.859824  1544.461542  1579.611188  0  0  0  0  0  0  0  0  0  0  0  0  0  0  0  0  0  0  0  0  0  0  0  0  0  0  0  0  0  0  0  0  0  0  0  0  0  0  0  0  0  0  0  0  0  0  0  0  0  0  0  0  0  0  0  0  0  0  0  0  0  0  0  0  0  7.168730000000096
h  3  2  245.141598  241.724291  248.922948  260.493689  263.023816  257.934477  252.667378  255.297554  266.178925  281.053909  295.877412  309.020601  318.499948  324.648171  329.256219  333.938833  341.136501  352.194481  365.901325  380.209882  393.418426  403.95197  0  0  0  0  0  0  0  0  0  0  0  0  0  0  0  0  0  0  0  0  0  0  0  0  0  0  0  0  0  0  0  0  0  0  0  0  0  0  0  0  0  0  0  0  0  0  0  0  0  0  0  0  0  0  0  0  0  0  0  0  0  0  0  0  0  1.8439789999999903
g  3  3  581.936287  525.75137  472.08846  413.585102  355.450446  304.348867  270.86308  249.594246  232.859191  220.749816  212.927147  208.286412  204.045164  196.831613  183.624399  164.142319  137.200623  100.384177  52.275978  -6.266869  -73.212097  -146.903947  0  0  0  0  0  0  0  0  0  0  0  0  0  0  0  0  0  0  0  0  0  0  0  0  0  0  0  0  0  0  0  0  0  0  0  0  0  0  0  0  0  0  0  0  0  0  0  0  0  0  0  0  0  0  0  0  0  0  0  0  0  0  0  0  0  -15.19141399999998
h  3  3  -538.675374  -543.615133  -558.769549  -579.27376  -596.502874  -619.130807  -647.065311  -681.911519  -718.838567  -758.738813  -802.763833  -849.285152  -897.56491  -946.171168  -994.131636  -1039.860808  -1081.261073  -1117.149186  -1146.482712  -1168.445225  -1182.09343  -1186.045974  0  0  0  0  0  0  0  0  0  0  0  0  0  0  0  0  0  0  0  0  0  0  0  0  0  0  0  0  0  0  0  0  0  0  0  0  0  0  0  0  0  0  0  0  0  0  0  0  0  0  0  0  0  0  0  0  0  0  0  0  0  0  0  0  0  0.029913000000078682
g  4  0  907.077904  903.072112  897.370824  899.23267  904.297479  908.933352  910.479966  910.212763  909.254404  909.361602  912.230919  918.50234  927.872756  938.057145  946.043771  949.304872  946.076125  936.279372  921.51316  903.766279  884.579929  865.339815  0  0  0  0  0  0  0  0  0  0  0  0  0  0  0  0  0  0  0  0  0  0  0  0  0  0  0  0  0  0  0  0  0  0  0  0  0  0  0  0  0  0  0  0  0  0  0  0  0  0  0  0  0  0  0  0  0  0  0  0  0  0  0  0  0  -3.7930869999999004
g  4  1  813.445431  809.441536  798.295852  777.906353  751.468896  724.622613  697.765666  671.813609  645.827854  619.990085  594.131895  568.860885  544.192457  520.534883  498.754261  478.629528  459.328099  440.274604  421.150903  402.094342  383.303962  364.842598  0  0  0  0  0  0  0  0  0  0  0  0  0  0  0  0  0  0  0  0  0  0  0  0  0  0  0  0  0  0  0  0  0  0  0  0  0  0  0  0  0  0  0  0  0  0  0  0  0  0  0  0  0  0  0  0  0  0  0  0  0  0  0  0  0  -3.661812999999995
h  4  1  283.270309  281.337089  263.379351  242.859388  223.696798  205.083088  187.53777  167.406847  144.020974  117.294815  88.40096  58.924121  30.510533  4.315345  -20.010588  -42.659676  -64.345937  -85.881118  -107.262544  -128.419389  -149.039206  -168.383416  0  0  0  0  0  0  0  0  0  0  0  0  0  0  0  0  0  0  0  0  0  0  0  0  0  0  0  0  0  0  0  0  0  0  0  0  0  0  0  0  0  0  0  0  0  0  0  0  0  0  0  0  0  0  0  0  0  0  0  0  0  0  0  0  0  -3.7366090000000156
g  4  2  120.665452  85.852558  64.871053  50.617036  40.91587  31.956964  23.09178  16.828685  11.385411  6.567559  2.233134  -1.265004  -3.576896  -4.018681  -1.375506  4.452321  13.192804  24.291672  36.975864  50.13517  62.704407  73.269534  0  0  0  0  0  0  0  0  0  0  0  0  0  0  0  0  0  0  0  0  0  0  0  0  0  0  0  0  0  0  0  0  0  0  0  0  0  0  0  0  0  0  0  0  0  0  0  0  0  0  0  0  0  0  0  0  0  0  0  0  0  0  0  0  0  1.8812639999999874
h  4  2  -188.72613  -158.94228  -124.745793  -90.654883  -53.496933  -18.036428  15.040072  47.428591  78.024784  108.500846  138.304928  167.509326  197.477609  229.307443  262.716701  297.280484  332.687906  367.742541  401.14487  432.266708  460.953117  486.906379  0  0  0  0  0  0  0  0  0  0  0  0  0  0  0  0  0  0  0  0  0  0  0  0  0  0  0  0  0  0  0  0  0  0  0  0  0  0  0  0  0  0  0  0  0  0  0  0  0  0  0  0  0  0  0  0  0  0  0  0  0  0  0  0  0  4.968251000000009
g  4  3  -334.296318  -309.890182  -286.933571  -264.483679  -242.903931  -222.83037  -206.52768  -197.029541  -193.106031  -191.632991  -188.459407  -181.546401  -170.01964  -153.512319  -132.330584  -107.262179  -79.500413  -50.056187  -19.594486  10.687362  39.179281  64.941836  0  0  0  0  0  0  0  0  0  0  0  0  0  0  0  0  0  0  0  0  0  0  0  0  0  0  0  0  0  0  0  0  0  0  0  0  0  0  0  0  0  0  0  0  0  0  0  0  0  0  0  0  0  0  0  0  0  0  0  0  0  0  0  0  0  4.902978999999995
h  4  3  181.090971  199.766988  219.981191  239.185267  252.844794  264.952367  279.463923  298.137184  320.700752  346.462482  375.150735  407.450055  442.957888  480.6934  518.907675  555.422157  588.742925  617.820627  642.844665  664.461155  682.770499  697.969605  0  0  0  0  0  0  0  0  0  0  0  0  0  0  0  0  0  0  0  0  0  0  0  0  0  0  0  0  0  0  0  0  0  0  0  0  0  0  0  0  0  0  0  0  0  0  0  0  0  0  0  0  0  0  0  0  0  0  0  0  0  0  0  0  0  2.819941999999969
g  4  4  70.133664  47.775501  25.16047  0.500811  -23.227792  -37.747281  -42.622527  -39.650706  -35.31681  -33.566061  -33.91484  -37.501577  -45.184105  -58.918635  -80.071865  -108.600448  -144.399997  -187.840075  -237.656862  -291.000209  -344.637124  -395.775272  0  0  0  0  0  0  0  0  0  0  0  0  0  0  0  0  0  0  0  0  0  0  0  0  0  0  0  0  0  0  0  0  0  0  0  0  0  0  0  0  0  0  0  0  0  0  0  0  0  0  0  0  0  0  0  0  0  0  0  0  0  0  0  0  0  -9.919028999999966
h  4  4  -328.892272  -350.057493  -370.606624  -390.881635  -407.665149  -421.224807  -432.970776  -442.199106  -451.255193  -460.316534  -470.28763  -481.332115  -493.717407  -507.197108  -520.244932  -530.229344  -534.780531  -533.199502  -525.393966  -511.076292  -489.368834  -459.679822  0  0  0  0  0  0  0  0  0  0  0  0  0  0  0  0  0  0  0  0  0  0  0  0  0  0  0  0  0  0  0  0  0  0  0  0  0  0  0  0  0  0  0  0  0  0  0  0  0  0  0  0  0  0  0  0  0  0  0  0  0  0  0  0  0  6.597888000000012
g  5  0  -232.824544  -233.930901  -235.504586  -233.44019  -230.068322  -226.02424  -219.485331  -211.156407  -202.222886  -192.785472  -180.952075  -166.161823  -148.566634  -128.80641  -108.151464  -87.640699  -68.182278  -49.893457  -32.050752  -14.054831  4.165572  22.192217  0  0  0  0  0  0  0  0  0  0  0  0  0  0  0  0  0  0  0  0  0  0  0  0  0  0  0  0  0  0  0  0  0  0  0  0  0  0  0  0  0  0  0  0  0  0  0  0  0  0  0  0  0  0  0  0  0  0  0  0  0  0  0  0  0  3.558947
g  5  1  360.000175  363.155657  359.486097  355.926863  350.775746  343.490343  333.451345  321.932745  310.269211  298.522323  286.7394  275.940419  266.696834  258.861616  252.213114  246.493139  240.852397  234.507298  227.373995  220.039659  213.00092  206.303206  0  0  0  0  0  0  0  0  0  0  0  0  0  0  0  0  0  0  0  0  0  0  0  0  0  0  0  0  0  0  0  0  0  0  0  0  0  0  0  0  0  0  0  0  0  0  0  0  0  0  0  0  0  0  0  0  0  0  0  0  0  0  0  0  0  -1.3138160000000028
h  5  1  47.032704  47.321944  43.911945  37.109076  27.582664  15.649283  2.546482  -11.68694  -27.644799  -44.778275  -62.989891  -81.299801  -97.970249  -112.819363  -125.719425  -136.152367  -144.47573  -151.605068  -157.935307  -163.729487  -169.427945  -175.522725  0  0  0  0  0  0  0  0  0  0  0  0  0  0  0  0  0  0  0  0  0  0  0  0  0  0  0  0  0  0  0  0  0  0  0  0  0  0  0  0  0  0  0  0  0  0  0  0  0  0  0  0  0  0  0  0  0  0  0  0  0  0  0  0  0  -1.2781510000000083
g  5  2  192.711498  187.681302  188.248297  191.847989  197.733518  204.834345  210.661919  215.573969  220.315023  225.979847  233.128201  242.425332  253.785712  266.32692  279.174924  291.514085  302.432641  311.32381  317.828641  321.905898  324.018021  325.067879  0  0  0  0  0  0  0  0  0  0  0  0  0  0  0  0  0  0  0  0  0  0  0  0  0  0  0  0  0  0  0  0  0  0  0  0  0  0  0  0  0  0  0  0  0  0  0  0  0  0  0  0  0  0  0  0  0  0  0  0  0  0  0  0  0  0.16775999999998703
h  5  2  196.989188  208.374695  225.963135  244.440934  260.59681  273.685336  284.454812  293.871443  301.828475  306.708308  307.96347  305.945406  301.025267  293.928256  285.132826  275.294219  265.640367  256.898095  249.069444  242.09976  235.864645  229.89648  0  0  0  0  0  0  0  0  0  0  0  0  0  0  0  0  0  0  0  0  0  0  0  0  0  0  0  0  0  0  0  0  0  0  0  0  0  0  0  0  0  0  0  0  0  0  0  0  0  0  0  0  0  0  0  0  0  0  0  0  0  0  0  0  0  -1.197876000000008
g  5  3  -140.847712  -140.516086  -133.844403  -126.346019  -123.510728  -120.363908  -118.288361  -118.105421  -118.584831  -119.66793  -121.217882  -123.362802  -125.747667  -127.770554  -127.999924  -125.742449  -120.659377  -112.148002  -100.311066  -86.184391  -71.456744  -57.566554  0  0  0  0  0  0  0  0  0  0  0  0  0  0  0  0  0  0  0  0  0  0  0  0  0  0  0  0  0  0  0  0  0  0  0  0  0  0  0  0  0  0  0  0  0  0  0  0  0  0  0  0  0  0  0  0  0  0  0  0  0  0  0  0  0  2.645228000000003
h  5  3  -119.155653  -120.832284  -121.749936  -117.499684  -106.576532  -94.155941  -81.970621  -67.798077  -53.819403  -40.917769  -28.989512  -17.286923  -5.036213  8.002839  21.324144  34.480233  47.430989  59.702244  70.389997  78.320414  82.470735  82.530362  0  0  0  0  0  0  0  0  0  0  0  0  0  0  0  0  0  0  0  0  0  0  0  0  0  0  0  0  0  0  0  0  0  0  0  0  0  0  0  0  0  0  0  0  0  0  0  0  0  0  0  0  0  0  0  0  0  0  0  0  0  0  0  0  0  -0.3083000000000027
g  5  4  -157.5194  -151.275084  -141.89729  -129.276492  -113.325772  -95.654579  -78.285342  -64.644088  -55.407268  -51.050302  -50.697195  -52.55194  -55.076627  -58.081283  -61.743015  -65.955542  -70.570358  -75.746028  -81.561305  -87.605734  -93.254509  -98.539552  0  0  0  0  0  0  0  0  0  0  0  0  0  0  0  0  0  0  0  0  0  0  0  0  0  0  0  0  0  0  0  0  0  0  0  0  0  0  0  0  0  0  0  0  0  0  0  0  0  0  0  0  0  0  0  0  0  0  0  0  0  0  0  0  0  -1.0437469999999962
h  5  4  15.928958  32.140359  44.442429  52.999509  53.813252  48.336428  40.136524  29.953245  18.313372  8.069674  1.205501  -2.655352  -4.647292  -5.931039  -7.266551  -8.391838  -8.699062  -8.048454  -6.415826  -4.118641  -1.515127  1.161865  0  0  0  0  0  0  0  0  0  0  0  0  0  0  0  0  0  0  0  0  0  0  0  0  0  0  0  0  0  0  0  0  0  0  0  0  0  0  0  0  0  0  0  0  0  0  0  0  0  0  0  0  0  0  0  0  0  0  0  0  0  0  0  0  0  0.5334099999999999
g  5  5  4.007316  13.996074  30.20043  51.85293  72.932652  93.371622  111.993749  126.152591  135.16162  138.521075  137.117016  131.352615  121.180145  106.901512  88.449489  66.77399  43.21256  18.589215  -5.929023  -28.666404  -48.215199  -63.589144  0  0  0  0  0  0  0  0  0  0  0  0  0  0  0  0  0  0  0  0  0  0  0  0  0  0  0  0  0  0  0  0  0  0  0  0  0  0  0  0  0  0  0  0  0  0  0  0  0  0  0  0  0  0  0  0  0  0  0  0  0  0  0  0  0  -2.693512999999996
h  5  5  100.195906  99.269966  100.098911  95.366486  87.010063  78.984034  72.563973  70.265796  71.47173  74.258851  77.696885  80.103461  81.336781  82.132567  83.902042  88.799961  98.015343  111.662759  129.841917  152.703646  180.356652  212.299926  0  0  0  0  0  0  0  0  0  0  0  0  0  0  0  0  0  0  0  0  0  0  0  0  0  0  0  0  0  0  0  0  0  0  0  0  0  0  0  0  0  0  0  0  0  0  0  0  0  0  0  0  0  0  0  0  0  0  0  0  0  0  0  0  0  6.689321000000007
g  6  0  69.747078  65.806849  62.498314  60.359086  60.531967  62.363017  65.410825  67.61931  68.626508  68.808454  69.319646  71.012826  73.688099  76.648565  79.638842  82.564226  85.514593  88.652885  91.922913  94.968507  97.48503  98.975396  0  0  0  0  0  0  0  0  0  0  0  0  0  0  0  0  0  0  0  0  0  0  0  0  0  0  0  0  0  0  0  0  0  0  0  0  0  0  0  0  0  0  0  0  0  0  0  0  0  0  0  0  0  0  0  0  0  0  0  0  0  0  0  0  0  0.18587800000000243
g  6  1  67.273143  65.919194  64.558728  58.477309  50.253749  42.163995  35.133753  27.808324  19.528371  10.799855  2.523058  -4.919044  -11.688619  -17.905524  -23.49452  -28.647439  -33.663741  -38.59137  -42.991497  -46.351883  -48.311466  -48.793739  0  0  0  0  0  0  0  0  0  0  0  0  0  0  0  0  0  0  0  0  0  0  0  0  0  0  0  0  0  0  0  0  0  0  0  0  0  0  0  0  0  0  0  0  0  0  0  0  0  0  0  0  0  0  0  0  0  0  0  0  0  0  0  0  0  0.01643399999999673
h  6  1  -20.883849  -19.186246  -25.047724  -36.118304  -49.173523  -61.286969  -72.103897  -81.646463  -90.90467  -100.228339  -108.820282  -116.410116  -122.708007  -127.155062  -129.182133  -128.429997  -124.963072  -118.96675  -110.796503  -100.735725  -89.082263  -76.176503  0  0  0  0  0  0  0  0  0  0  0  0  0  0  0  0  0  0  0  0  0  0  0  0  0  0  0  0  0  0  0  0  0  0  0  0  0  0  0  0  0  0  0  0  0  0  0  0  0  0  0  0  0  0  0  0  0  0  0  0  0  0  0  0  0  2.667211000000009
g  6  2  72.713737  72.623129  72.448478  73.36961  73.619288  72.18097  70.893794  69.086521  66.115139  61.21439  54.564602  47.233044  40.13629  34.243884  30.013006  27.236726  25.194513  23.14592  20.651614  17.787351  15.0304  12.947002  0  0  0  0  0  0  0  0  0  0  0  0  0  0  0  0  0  0  0  0  0  0  0  0  0  0  0  0  0  0  0  0  0  0  0  0  0  0  0  0  0  0  0  0  0  0  0  0  0  0  0  0  0  0  0  0  0  0  0  0  0  0  0  0  0  -0.33664500000000075
h  6  2  33.361345  25.522917  20.629076  14.113516  5.001133  -4.335266  -14.541319  -25.065081  -35.224108  -45.015372  -54.17474  -62.677936  -70.410636  -77.198222  -83.21896  -88.768298  -94.076688  -99.155265  -103.692204  -107.134532  -108.947276  -108.756488  0  0  0  0  0  0  0  0  0  0  0  0  0  0  0  0  0  0  0  0  0  0  0  0  0  0  0  0  0  0  0  0  0  0  0  0  0  0  0  0  0  0  0  0  0  0  0  0  0  0  0  0  0  0  0  0  0  0  0  0  0  0  0  0  0  0.21214100000000258
g  6  3  -129.45144  -121.446341  -111.043432  -99.311242  -88.623537  -78.316872  -68.607013  -58.745525  -48.42198  -37.747949  -27.428794  -18.629654  -12.116039  -7.687322  -4.549839  -1.913368  0.689894  3.742304  7.416429  11.255607  14.661987  17.433401  0  0  0  0  0  0  0  0  0  0  0  0  0  0  0  0  0  0  0  0  0  0  0  0  0  0  0  0  0  0  0  0  0  0  0  0  0  0  0  0  0  0  0  0  0  0  0  0  0  0  0  0  0  0  0  0  0  0  0  0  0  0  0  0  0  0.5041389999999986
h  6  3  58.535887  52.72108  51.052507  51.937224  54.197024  56.308306  57.337282  57.438684  57.390619  57.910192  59.375709  61.596479  64.547389  68.703193  74.374439  81.293332  88.992189  97.059929  105.216699  113.11309  120.260389  126.336802  0  0  0  0  0  0  0  0  0  0  0  0  0  0  0  0  0  0  0  0  0  0  0  0  0  0  0  0  0  0  0  0  0  0  0  0  0  0  0  0  0  0  0  0  0  0  0  0  0  0  0  0  0  0  0  0  0  0  0  0  0  0  0  0  0  1.1190150000000045
g  6  4  -28.864989  -35.842563  -41.32948  -47.913436  -56.188814  -64.634853  -71.681786  -78.425801  -84.68504  -90.096531  -94.183874  -96.382221  -96.439324  -94.426925  -90.318784  -84.123921  -75.868431  -65.644884  -53.976162  -41.636673  -29.440791  -18.082508  0  0  0  0  0  0  0  0  0  0  0  0  0  0  0  0  0  0  0  0  0  0  0  0  0  0  0  0  0  0  0  0  0  0  0  0  0  0  0  0  0  0  0  0  0  0  0  0  0  0  0  0  0  0  0  0  0  0  0  0  0  0  0  0  0  2.175498000000001
h  6  4  -66.693718  -64.551394  -61.375563  -56.503115  -52.240112  -46.432401  -39.795914  -32.483657  -23.928655  -14.620477  -4.467315  6.270278  17.65241  29.364833  40.793225  50.918158  59.067313  65.115496  69.010851  70.563661  69.596166  66.099864  0  0  0  0  0  0  0  0  0  0  0  0  0  0  0  0  0  0  0  0  0  0  0  0  0  0  0  0  0  0  0  0  0  0  0  0  0  0  0  0  0  0  0  0  0  0  0  0  0  0  0  0  0  0  0  0  0  0  0  0  0  0  0  0  0  -0.9024410000000103
g  6  5  12.731427  13.6241  13.376381  13.693947  15.515768  18.052176  19.724705  19.361671  16.713251  11.658507  4.800455  -2.997381  -10.99197  -19.115055  -27.505053  -36.04822  -44.321126  -51.947697  -58.78791  -64.996284  -70.860915  -76.505827  0  0  0  0  0  0  0  0  0  0  0  0  0  0  0  0  0  0  0  0  0  0  0  0  0  0  0  0  0  0  0  0  0  0  0  0  0  0  0  0  0  0  0  0  0  0  0  0  0  0  0  0  0  0  0  0  0  0  0  0  0  0  0  0  0  -1.1068700000000007
h  6  5  7.408945  8.935344  8.767542  8.591266  6.909607  2.417233  -4.623788  -13.836522  -25.114266  -37.059564  -48.737245  -60.017933  -71.117476  -82.017181  -92.474798  -102.181677  -110.718224  -118.083916  -124.452205  -129.749207  -133.625098  -135.713545  0  0  0  0  0  0  0  0  0  0  0  0  0  0  0  0  0  0  0  0  0  0  0  0  0  0  0  0  0  0  0  0  0  0  0  0  0  0  0  0  0  0  0  0  0  0  0  0  0  0  0  0  0  0  0  0  0  0  0  0  0  0  0  0  0  -0.2570440000000076
g  6  6  -70.842446  -64.568585  -54.439455  -42.756865  -34.46995  -30.116512  -28.159371  -27.658766  -28.112008  -29.152797  -30.826986  -33.519808  -37.514129  -43.082091  -50.202766  -58.471962  -67.129264  -75.442461  -82.761482  -88.383333  -91.879353  -92.850202  0  0  0  0  0  0  0  0  0  0  0  0  0  0  0  0  0  0  0  0  0  0  0  0  0  0  0  0  0  0  0  0  0  0  0  0  0  0  0  0  0  0  0  0  0  0  0  0  0  0  0  0  0  0  0  0  0  0  0  0  0  0  0  0  0  0.03230800000000045
h  6  6  62.757835  67.987811  74.344814  78.912719  81.593702  83.520381  85.120079  85.825736  85.579943  84.02931  80.932273  76.495819  70.951275  64.828914  59.206214  55.498835  54.448357  55.94603  60.142446  67.515105  78.24066  91.908223  0  0  0  0  0  0  0  0  0  0  0  0  0  0  0  0  0  0  0  0  0  0  0  0  0  0  0  0  0  0  0  0  0  0  0  0  0  0  0  0  0  0  0  0  0  0  0  0  0  0  0  0  0  0  0  0  0  0  0  0  0  0  0  0  0  2.934947000000008
g  7  0  81.113379  80.105093  76.30589  72.791626  69.204678  65.406865  61.204092  56.884249  52.777868  49.310904  46.342514  43.567371  40.96059  38.757442  37.187919  36.276796  36.064437  36.579295  37.774304  39.466853  41.324898  42.939406  0  0  0  0  0  0  0  0  0  0  0  0  0  0  0  0  0  0  0  0  0  0  0  0  0  0  0  0  0  0  0  0  0  0  0  0  0  0  0  0  0  0  0  0  0  0  0  0  0  0  0  0  0  0  0  0  0  0  0  0  0  0  0  0  0  0.28429299999999813
g  7  1  -76.226353  -76.353654  -77.565436  -79.056341  -79.984269  -81.209484  -83.367268  -86.384173  -90.016004  -93.923902  -97.529182  -99.87951  -100.864587  -100.757327  -99.74543  -97.924561  -95.185143  -91.420456  -86.630512  -80.957221  -74.547224  -67.590122  0  0  0  0  0  0  0  0  0  0  0  0  0  0  0  0  0  0  0  0  0  0  0  0  0  0  0  0  0  0  0  0  0  0  0  0  0  0  0  0  0  0  0  0  0  0  0  0  0  0  0  0  0  0  0  0  0  0  0  0  0  0  0  0  0  1.4253360000000015
h  7  1  -54.233279  -51.618632  -49.712126  -49.545351  -49.701182  -50.532811  -50.401344  -49.077937  -46.946167  -44.217788  -41.229303  -37.992713  -34.458601  -30.838064  -27.282198  -23.641779  -19.756539  -15.640058  -11.300657  -6.741382  -1.987725  2.935151  0  0  0  0  0  0  0  0  0  0  0  0  0  0  0  0  0  0  0  0  0  0  0  0  0  0  0  0  0  0  0  0  0  0  0  0  0  0  0  0  0  0  0  0  0  0  0  0  0  0  0  0  0  0  0  0  0  0  0  0  0  0  0  0  0  0.9977449999999999
g  7  2  -6.488322  -8.477221  -7.835176  -6.738047  -4.949853  -3.266333  -2.471315  -2.37841  -2.630049  -2.894935  -3.271072  -3.809423  -4.146004  -3.839329  -2.88235  -1.734835  -1.037037  -1.289967  -2.666648  -5.138026  -8.551306  -12.680256  0  0  0  0  0  0  0  0  0  0  0  0  0  0  0  0  0  0  0  0  0  0  0  0  0  0  0  0  0  0  0  0  0  0  0  0  0  0  0  0  0  0  0  0  0  0  0  0  0  0  0  0  0  0  0  0  0  0  0  0  0  0  0  0  0  -0.8745189999999994
h  7  2  -19.360788  -16.905217  -14.280887  -11.671898  -9.484324  -7.641936  -5.404079  -2.793091  0.157309  3.47451  7.28192  11.40416  15.511158  19.012797  21.237303  21.939452  21.164211  19.156428  16.263248  12.822998  9.143395  5.442772  0  0  0  0  0  0  0  0  0  0  0  0  0  0  0  0  0  0  0  0  0  0  0  0  0  0  0  0  0  0  0  0  0  0  0  0  0  0  0  0  0  0  0  0  0  0  0  0  0  0  0  0  0  0  0  0  0  0  0  0  0  0  0  0  0  -0.7334010000000006
g  7  3  51.892499  56.607289  60.495921  63.57961  65.445388  65.732691  65.959859  66.46146  67.621687  69.295045  70.771911  71.685481  71.825974  70.847835  68.464224  64.474095  58.871853  52.081427  44.686155  37.134901  29.685886  22.568757  0  0  0  0  0  0  0  0  0  0  0  0  0  0  0  0  0  0  0  0  0  0  0  0  0  0  0  0  0  0  0  0  0  0  0  0  0  0  0  0  0  0  0  0  0  0  0  0  0  0  0  0  0  0  0  0  0  0  0  0  0  0  0  0  0  -1.3851839999999989
h  7  3  5.396319  2.24325  -0.033456  -1.710198  -3.401964  -5.569244  -7.346458  -8.031643  -7.705791  -6.885157  -6.060575  -5.258957  -4.45467  -3.538471  -2.313173  -0.69009  1.466384  4.214532  7.427487  10.979987  14.753315  18.558681  0  0  0  0  0  0  0  0  0  0  0  0  0  0  0  0  0  0  0  0  0  0  0  0  0  0  0  0  0  0  0  0  0  0  0  0  0  0  0  0  0  0  0  0  0  0  0  0  0  0  0  0  0  0  0  0  0  0  0  0  0  0  0  0  0  0.7512709999999991
g  7  4  15.141753  15.681325  16.688442  17.614603  17.929835  17.765786  17.905234  18.070565  17.639201  16.44836  14.518081  11.883217  8.711682  5.335015  2.235181  -0.185502  -1.904542  -3.243663  -4.457526  -5.554704  -6.348946  -6.7777  0  0  0  0  0  0  0  0  0  0  0  0  0  0  0  0  0  0  0  0  0  0  0  0  0  0  0  0  0  0  0  0  0  0  0  0  0  0  0  0  0  0  0  0  0  0  0  0  0  0  0  0  0  0  0  0  0  0  0  0  0  0  0  0  0  -0.05959499999999984
h  7  4  24.710827  23.556664  23.670007  24.769195  25.895741  26.671557  27.707489  28.738023  29.227457  28.993924  28.512619  28.235291  28.408366  29.197945  30.51594  32.21618  34.183727  36.375969  38.753102  40.998169  42.782507  43.91325  0  0  0  0  0  0  0  0  0  0  0  0  0  0  0  0  0  0  0  0  0  0  0  0  0  0  0  0  0  0  0  0  0  0  0  0  0  0  0  0  0  0  0  0  0  0  0  0  0  0  0  0  0  0  0  0  0  0  0  0  0  0  0  0  0  0.16828499999999735
g  7  5  9.447458  5.91938  0.897466  -4.715627  -10.487498  -17.282184  -23.5503  -28.973371  -33.391655  -36.484435  -38.457111  -39.770503  -40.739461  -41.504265  -42.200315  -42.758946  -42.955658  -42.621982  -41.67324  -40.316576  -38.861481  -37.598079  0  0  0  0  0  0  0  0  0  0  0  0  0  0  0  0  0  0  0  0  0  0  0  0  0  0  0  0  0  0  0  0  0  0  0  0  0  0  0  0  0  0  0  0  0  0  0  0  0  0  0  0  0  0  0  0  0  0  0  0  0  0  0  0  0  0.22411400000000015
h  7  5  3.39253  -2.054456  -6.925542  -10.981893  -14.276208  -15.848537  -15.812525  -15.149003  -14.161005  -13.063312  -12.056924  -11.186553  -10.382266  -9.623712  -8.701304  -7.523486  -6.124676  -4.495667  -2.760824  -1.214595  -0.189328  0.202763  0  0  0  0  0  0  0  0  0  0  0  0  0  0  0  0  0  0  0  0  0  0  0  0  0  0  0  0  0  0  0  0  0  0  0  0  0  0  0  0  0  0  0  0  0  0  0  0  0  0  0  0  0  0  0  0  0  0  0  0  0  0  0  0  0  0.02937899999999999
g  7  6  -2.740848  -7.153931  -12.619566  -16.641431  -18.810165  -20.299466  -21.070055  -21.271057  -21.487077  -22.05765  -22.84778  -23.792054  -24.592728  -25.067205  -25.167978  -25.040951  -24.919258  -24.88486  -24.968452  -25.175868  -25.512675  -26.017249  0  0  0  0  0  0  0  0  0  0  0  0  0  0  0  0  0  0  0  0  0  0  0  0  0  0  0  0  0  0  0  0  0  0  0  0  0  0  0  0  0  0  0  0  0  0  0  0  0  0  0  0  0  0  0  0  0  0  0  0  0  0  0  0  0  -0.11480299999999843
h  7  6  -27.48662  -26.888458  -25.459758  -23.800273  -21.403975  -19.465364  -18.880274  -19.187882  -19.900815  -20.480991  -20.121595  -18.29535  -14.932866  -10.473065  -5.765539  -1.376005  2.551717  6.030518  9.27689  12.661984  16.513118  21.018504  0  0  0  0  0  0  0  0  0  0  0  0  0  0  0  0  0  0  0  0  0  0  0  0  0  0  0  0  0  0  0  0  0  0  0  0  0  0  0  0  0  0  0  0  0  0  0  0  0  0  0  0  0  0  0  0  0  0  0  0  0  0  0  0  0  0.9607759999999992
g  7  7  6.757819  9.747022  14.505378  18.805131  21.807663  22.50922  21.266886  18.935584  16.089059  12.863205  9.736602  6.934634  4.232828  1.523767  -1.121353  -3.618152  -5.813797  -7.674879  -9.199839  -10.059252  -9.814661  -8.04971  0  0  0  0  0  0  0  0  0  0  0  0  0  0  0  0  0  0  0  0  0  0  0  0  0  0  0  0  0  0  0  0  0  0  0  0  0  0  0  0  0  0  0  0  0  0  0  0  0  0  0  0  0  0  0  0  0  0  0  0  0  0  0  0  0  0.4967130000000015
h  7  7  -2.029544  -1.651354  -0.152058  0.387151  0.096311  -0.235468  0.17146  1.139283  1.864761  1.411264  -0.834992  -4.748389  -9.411974  -13.737905  -16.763179  -17.601929  -15.87457  -11.868906  -5.756014  2.332806  11.92498  22.261939  0  0  0  0  0  0  0  0  0  0  0  0  0  0  0  0  0  0  0  0  0  0  0  0  0  0  0  0  0  0  0  0  0  0  0  0  0  0  0  0  0  0  0  0  0  0  0  0  0  0  0  0  0  0  0  0  0  0  0  0  0  0  0  0  0  2.089246000000003
g  8  0  24.0253  24.019381  25.427972  26.775113  27.808615  28.726245  29.928426  31.285566  32.312533  32.954065  33.307773  33.315449  32.99051  32.393943  31.590848  30.709903  29.922751  29.422894  29.261797  29.393201  29.791472  30.448043  0  0  0  0  0  0  0  0  0  0  0  0  0  0  0  0  0  0  0  0  0  0  0  0  0  0  0  0  0  0  0  0  0  0  0  0  0  0  0  0  0  0  0  0  0  0  0  0  0  0  0  0  0  0  0  0  0  0  0  0  0  0  0  0  0  0.1534249999999986
g  8  1  8.834597  9.813642  11.078158  11.365547  11.203055  11.593715  12.460961  13.519884  14.446162  15.054094  15.274606  15.105017  14.533723  13.660772  12.658805  11.652071  10.768842  10.065844  9.507026  8.945064  8.295821  7.601675  0  0  0  0  0  0  0  0  0  0  0  0  0  0  0  0  0  0  0  0  0  0  0  0  0  0  0  0  0  0  0  0  0  0  0  0  0  0  0  0  0  0  0  0  0  0  0  0  0  0  0  0  0  0  0  0  0  0  0  0  0  0  0  0  0  -0.1379570000000001
h  8  1  10.087018  8.566947  6.134003  3.744947  1.253066  -1.251015  -3.740177  -6.3504  -8.809771  -10.906186  -12.398352  -13.252563  -13.653285  -13.772006  -13.575824  -13.054914  -12.231626  -11.001149  -9.264458  -6.997435  -4.270724  -1.222765  0  0  0  0  0  0  0  0  0  0  0  0  0  0  0  0  0  0  0  0  0  0  0  0  0  0  0  0  0  0  0  0  0  0  0  0  0  0  0  0  0  0  0  0  0  0  0  0  0  0  0  0  0  0  0  0  0  0  0  0  0  0  0  0  0  0.6276929999999998
g  8  2  -17.04644  -17.4423  -18.246623  -17.926924  -17.216785  -15.72749  -13.699203  -11.574746  -9.947268  -9.11703  -8.854073  -8.987301  -9.478822  -10.230521  -11.090893  -11.908887  -12.503521  -12.741248  -12.610734  -12.155316  -11.394639  -10.450306  0  0  0  0  0  0  0  0  0  0  0  0  0  0  0  0  0  0  0  0  0  0  0  0  0  0  0  0  0  0  0  0  0  0  0  0  0  0  0  0  0  0  0  0  0  0  0  0  0  0  0  0  0  0  0  0  0  0  0  0  0  0  0  0  0  0.1941620000000004
h  8  2  -18.297598  -15.390351  -13.704852  -13.867785  -15.186983  -16.462881  -17.489638  -18.400698  -19.138254  -19.954834  -20.688187  -20.921698  -20.528275  -19.601846  -18.339799  -17.001016  -15.795728  -14.806628  -13.997496  -13.309487  -12.746187  -12.349269  0  0  0  0  0  0  0  0  0  0  0  0  0  0  0  0  0  0  0  0  0  0  0  0  0  0  0  0  0  0  0  0  0  0  0  0  0  0  0  0  0  0  0  0  0  0  0  0  0  0  0  0  0  0  0  0  0  0  0  0  0  0  0  0  0  0.06347500000000039
g  8  3  -3.601927  -0.515412  1.66174  3.626685  5.378893  6.453871  6.921456  7.01273  6.813247  6.546753  6.482416  6.563323  6.728978  6.898676  6.984629  6.747911  5.941388  4.579711  2.905793  1.207145  -0.370654  -1.746779  0  0  0  0  0  0  0  0  0  0  0  0  0  0  0  0  0  0  0  0  0  0  0  0  0  0  0  0  0  0  0  0  0  0  0  0  0  0  0  0  0  0  0  0  0  0  0  0  0  0  0  0  0  0  0  0  0  0  0  0  0  0  0  0  0  -0.253981
h  8  3  13.265885  12.857643  12.98126  12.924437  12.50709  12.018516  11.228562  10.112889  8.831156  7.71706  6.7003  5.6303  4.406773  2.858514  0.933269  -1.356751  -3.982544  -6.841646  -9.762318  -12.531375  -15.050774  -17.278877  0  0  0  0  0  0  0  0  0  0  0  0  0  0  0  0  0  0  0  0  0  0  0  0  0  0  0  0  0  0  0  0  0  0  0  0  0  0  0  0  0  0  0  0  0  0  0  0  0  0  0  0  0  0  0  0  0  0  0  0  0  0  0  0  0  -0.42098600000000275
g  8  4  -20.614576  -21.121371  -22.52687  -22.996339  -23.1374  -23.189561  -22.628548  -21.778065  -20.744896  -19.606229  -18.719521  -18.111416  -17.683476  -17.39659  -17.28679  -17.412553  -17.858443  -18.64714  -19.756682  -21.092948  -22.498495  -23.732285  0  0  0  0  0  0  0  0  0  0  0  0  0  0  0  0  0  0  0  0  0  0  0  0  0  0  0  0  0  0  0  0  0  0  0  0  0  0  0  0  0  0  0  0  0  0  0  0  0  0  0  0  0  0  0  0  0  0  0  0  0  0  0  0  0  -0.21890800000000254
h  8  4  -14.537752  -11.790023  -9.534288  -7.55512  -5.799862  -4.250513  -2.744253  -1.476784  -0.197998  1.042365  2.256597  3.585427  4.881673  6.168152  7.533375  8.987988  10.499006  12.034579  13.555953  15.003375  16.315584  17.502825  0  0  0  0  0  0  0  0  0  0  0  0  0  0  0  0  0  0  0  0  0  0  0  0  0  0  0  0  0  0  0  0  0  0  0  0  0  0  0  0  0  0  0  0  0  0  0  0  0  0  0  0  0  0  0  0  0  0  0  0  0  0  0  0  0  0.22792100000000204
g  8  5  13.131548  15.026578  15.899085  16.717719  17.452148  17.894234  18.343679  18.876053  19.223187  19.38775  19.409284  19.222091  18.70234  17.723996  16.124764  13.99407  11.631237  9.291726  7.184537  5.375954  3.773946  2.306598  0  0  0  0  0  0  0  0  0  0  0  0  0  0  0  0  0  0  0  0  0  0  0  0  0  0  0  0  0  0  0  0  0  0  0  0  0  0  0  0  0  0  0  0  0  0  0  0  0  0  0  0  0  0  0  0  0  0  0  0  0  0  0  0  0  -0.2848219999999997
h  8  5  16.227534  14.80105  12.136463  9.117362  6.057586  3.023199  -0.369904  -4.235723  -8.246117  -12.130808  -15.496076  -18.315405  -20.78076  -22.991947  -24.799854  -25.879208  -26.079034  -25.485647  -24.416314  -23.293257  -22.390228  -21.895647  0  0  0  0  0  0  0  0  0  0  0  0  0  0  0  0  0  0  0  0  0  0  0  0  0  0  0  0  0  0  0  0  0  0  0  0  0  0  0  0  0  0  0  0  0  0  0  0  0  0  0  0  0  0  0  0  0  0  0  0  0  0  0  0  0  0.059038000000001034
g  8  6  11.574332  13.679108  13.317812  12.175796  10.414488  8.172976  5.957116  4.318026  3.282743  3.068195  3.43977  3.966287  4.544756  5.229114  6.179185  7.52106  9.339476  11.665556  14.320337  17.014549  19.520278  21.500834  0  0  0  0  0  0  0  0  0  0  0  0  0  0  0  0  0  0  0  0  0  0  0  0  0  0  0  0  0  0  0  0  0  0  0  0  0  0  0  0  0  0  0  0  0  0  0  0  0  0  0  0  0  0  0  0  0  0  0  0  0  0  0  0  0  0.3344839999999998
h  8  6  5.570807  3.660061  1.007837  -1.241412  -3.056837  -4.187254  -4.44375  -4.222906  -3.50005  -2.216385  -0.539415  1.617522  4.303693  7.369607  10.608981  13.797876  16.774571  19.371157  21.231187  22.013223  21.482334  19.57114  0  0  0  0  0  0  0  0  0  0  0  0  0  0  0  0  0  0  0  0  0  0  0  0  0  0  0  0  0  0  0  0  0  0  0  0  0  0  0  0  0  0  0  0  0  0  0  0  0  0  0  0  0  0  0  0  0  0  0  0  0  0  0  0  0  -0.4885319999999993
g  8  7  -15.903674  -16.754309  -17.173854  -17.115587  -16.229205  -14.452628  -12.434038  -10.782445  -9.677959  -9.139752  -9.042023  -9.011726  -8.76239  -8.221124  -7.338225  -6.187609  -4.834436  -3.353455  -1.902819  -0.582897  0.621489  1.83695  0  0  0  0  0  0  0  0  0  0  0  0  0  0  0  0  0  0  0  0  0  0  0  0  0  0  0  0  0  0  0  0  0  0  0  0  0  0  0  0  0  0  0  0  0  0  0  0  0  0  0  0  0  0  0  0  0  0  0  0  0  0  0  0  0  0.254308
h  8  7  -8.727659  -6.974959  -4.35328  -1.576609  0.600187  2.412522  3.751431  4.172246  3.977619  3.466644  2.986629  2.847492  3.033252  3.243069  3.177666  2.818028  2.34006  1.903608  1.67524  1.862071  2.581925  3.848863  0  0  0  0  0  0  0  0  0  0  0  0  0  0  0  0  0  0  0  0  0  0  0  0  0  0  0  0  0  0  0  0  0  0  0  0  0  0  0  0  0  0  0  0  0  0  0  0  0  0  0  0  0  0  0  0  0  0  0  0  0  0  0  0  0  0.29471099999999995
g  8  8  -1.932336  -0.535665  1.776631  4.242966  6.01749  6.835293  6.806619  6.200397  5.492079  4.741553  3.859729  2.838233  1.567291  -0.069194  -2.028613  -4.175959  -6.240579  -7.895655  -8.992439  -9.427332  -9.116569  -7.928744  0  0  0  0  0  0  0  0  0  0  0  0  0  0  0  0  0  0  0  0  0  0  0  0  0  0  0  0  0  0  0  0  0  0  0  0  0  0  0  0  0  0  0  0  0  0  0  0  0  0  0  0  0  0  0  0  0  0  0  0  0  0  0  0  0  0.31673999999999936
h  8  8  2.16908  2.912009  2.815438  1.663084  -0.497128  -3.125761  -5.570859  -8.102678  -10.91313  -13.966033  -17.009598  -19.659352  -21.498672  -22.250284  -21.763885  -19.968572  -17.012751  -13.276069  -9.034216  -4.531126  -0.117741  3.830698  0  0  0  0  0  0  0  0  0  0  0  0  0  0  0  0  0  0  0  0  0  0  0  0  0  0  0  0  0  0  0  0  0  0  0  0  0  0  0  0  0  0  0  0  0  0  0  0  0  0  0  0  0  0  0  0  0  0  0  0  0  0  0  0  0  0.7366419999999998
g  9  0  5.154018  4.950277  4.635712  4.161514  3.693316  3.190539  2.777803  2.417026  2.13722  1.984713  1.904524  1.843489  1.748004  1.623718  1.493812  1.294501  0.915879  0.296212  -0.573231  -1.688689  -2.990778  -4.36656  0  0  0  0  0  0  0  0  0  0  0  0  0  0  0  0  0  0  0  0  0  0  0  0  0  0  0  0  0  0  0  0  0  0  0  0  0  0  0  0  0  0  0  0  0  0  0  0  0  0  0  0  0  0  0  0  0  0  0  0  0  0  0  0  0  -0.27549699999999966
g  9  1  8.983816  8.85699  10.241039  11.92044  13.235295  14.001753  14.48265  14.8556  15.073845  15.137743  15.189167  15.373181  15.691171  16.058741  16.352185  16.526711  16.593034  16.597936  16.565801  16.48816  16.339028  16.092339  0  0  0  0  0  0  0  0  0  0  0  0  0  0  0  0  0  0  0  0  0  0  0  0  0  0  0  0  0  0  0  0  0  0  0  0  0  0  0  0  0  0  0  0  0  0  0  0  0  0  0  0  0  0  0  0  0  0  0  0  0  0  0  0  0  -0.05784399999999934
h  9  1  -21.712955  -23.496365  -23.676737  -23.230774  -22.767137  -22.070996  -21.191855  -19.949154  -18.400865  -16.595071  -14.375764  -11.865155  -9.365687  -7.143925  -5.375095  -4.136556  -3.393754  -3.008522  -2.816458  -2.685309  -2.517919  -2.291058  0  0  0  0  0  0  0  0  0  0  0  0  0  0  0  0  0  0  0  0  0  0  0  0  0  0  0  0  0  0  0  0  0  0  0  0  0  0  0  0  0  0  0  0  0  0  0  0  0  0  0  0  0  0  0  0  0  0  0  0  0  0  0  0  0  0.05046600000000012
g  9  2  3.000121  2.939803  3.646878  4.753151  5.823529  6.755732  7.273952  7.459682  7.451843  7.340386  7.137999  6.810567  6.347353  5.723114  5.035063  4.410004  4.002206  3.906464  4.061976  4.322966  4.557825  4.671009  0  0  0  0  0  0  0  0  0  0  0  0  0  0  0  0  0  0  0  0  0  0  0  0  0  0  0  0  0  0  0  0  0  0  0  0  0  0  0  0  0  0  0  0  0  0  0  0  0  0  0  0  0  0  0  0  0  0  0  0  0  0  0  0  0  0.010000999999999927
h  9  2  10.624395  10.49788  9.949661  9.660838  9.70709  9.626606  9.41909  9.19792  9.004975  8.769096  8.499987  8.183364  7.833592  7.537348  7.286982  7.049255  6.814444  6.578838  6.347225  6.10876  5.835427  5.489168  0  0  0  0  0  0  0  0  0  0  0  0  0  0  0  0  0  0  0  0  0  0  0  0  0  0  0  0  0  0  0  0  0  0  0  0  0  0  0  0  0  0  0  0  0  0  0  0  0  0  0  0  0  0  0  0  0  0  0  0  0  0  0  0  0  -0.07778699999999983
g  9  3  -3.542547  -1.343529  0.515897  1.789342  2.859278  3.299903  3.051835  2.496932  1.718359  1.042927  0.671778  0.63774  0.851179  1.138167  1.409721  1.617817  1.74075  1.820428  1.917098  2.039294  2.200382  2.404195  0  0  0  0  0  0  0  0  0  0  0  0  0  0  0  0  0  0  0  0  0  0  0  0  0  0  0  0  0  0  0  0  0  0  0  0  0  0  0  0  0  0  0  0  0  0  0  0  0  0  0  0  0  0  0  0  0  0  0  0  0  0  0  0  0  0.0441060000000002
h  9  3  11.671504  9.920727  9.086057  8.54  7.858155  6.684372  5.255862  3.847544  2.596873  1.596966  0.94538  0.728191  0.843597  1.097969  1.398885  1.65132  1.766053  1.739988  1.609183  1.431948  1.27599  1.153776  0  0  0  0  0  0  0  0  0  0  0  0  0  0  0  0  0  0  0  0  0  0  0  0  0  0  0  0  0  0  0  0  0  0  0  0  0  0  0  0  0  0  0  0  0  0  0  0  0  0  0  0  0  0  0  0  0  0  0  0  0  0  0  0  0  -0.020897000000000165
g  9  4  0.629395  -1.193649  -2.161576  -2.379165  -2.527882  -2.43064  -1.947883  -1.171926  -0.32179  0.527952  1.391274  2.27402  3.14364  4.093969  5.236267  6.604642  8.113814  9.611614  10.94042  12.014394  12.821755  13.383544  0  0  0  0  0  0  0  0  0  0  0  0  0  0  0  0  0  0  0  0  0  0  0  0  0  0  0  0  0  0  0  0  0  0  0  0  0  0  0  0  0  0  0  0  0  0  0  0  0  0  0  0  0  0  0  0  0  0  0  0  0  0  0  0  0  0.09409899999999993
h  9  4  -6.706449  -5.172244  -4.445081  -4.019747  -3.919403  -3.878135  -3.609857  -2.999412  -2.047538  -0.880754  0.243489  1.198585  2.11934  3.130904  4.228978  5.260034  6.015879  6.340711  6.185113  5.623483  4.78162  3.803993  0  0  0  0  0  0  0  0  0  0  0  0  0  0  0  0  0  0  0  0  0  0  0  0  0  0  0  0  0  0  0  0  0  0  0  0  0  0  0  0  0  0  0  0  0  0  0  0  0  0  0  0  0  0  0  0  0  0  0  0  0  0  0  0  0  -0.19848599999999994
g  9  5  -13.565798  -13.508298  -14.017432  -14.707052  -15.034167  -15.201252  -15.176263  -14.613496  -13.905939  -13.173718  -12.212862  -11.046809  -9.655244  -7.997848  -6.223591  -4.527526  -3.074875  -2.108874  -1.778161  -2.039586  -2.789539  -3.900131  0  0  0  0  0  0  0  0  0  0  0  0  0  0  0  0  0  0  0  0  0  0  0  0  0  0  0  0  0  0  0  0  0  0  0  0  0  0  0  0  0  0  0  0  0  0  0  0  0  0  0  0  0  0  0  0  0  0  0  0  0  0  0  0  0  -0.24119199999999985
h  9  5  -6.982266  -6.356351  -7.122496  -7.958976  -8.757528  -9.623139  -10.135943  -10.206672  -9.849708  -8.920615  -7.723243  -6.427458  -5.091047  -3.869895  -2.949444  -2.421665  -2.346282  -2.745488  -3.504717  -4.446099  -5.378076  -6.140489  0  0  0  0  0  0  0  0  0  0  0  0  0  0  0  0  0  0  0  0  0  0  0  0  0  0  0  0  0  0  0  0  0  0  0  0  0  0  0  0  0  0  0  0  0  0  0  0  0  0  0  0  0  0  0  0  0  0  0  0  0  0  0  0  0  -0.13338099999999997
g  9  6  -0.009956  0.846857  0.827765  0.67285  0.885026  1.251574  1.674255  2.046461  2.302837  2.332723  1.970063  1.131476  -0.271516  -2.209825  -4.499605  -6.942495  -9.328341  -11.475343  -13.285814  -14.693173  -15.677252  -16.280578  0  0  0  0  0  0  0  0  0  0  0  0  0  0  0  0  0  0  0  0  0  0  0  0  0  0  0  0  0  0  0  0  0  0  0  0  0  0  0  0  0  0  0  0  0  0  0  0  0  0  0  0  0  0  0  0  0  0  0  0  0  0  0  0  0  -0.09405999999999892
h  9  6  7.910053  8.115127  7.908778  7.441924  6.834163  6.167245  5.216834  4.135096  3.119885  2.178453  1.275652  0.500203  -0.078041  -0.304793  5.2e-05  0.892887  2.306739  4.068287  5.974766  7.842986  9.527432  10.924667  0  0  0  0  0  0  0  0  0  0  0  0  0  0  0  0  0  0  0  0  0  0  0  0  0  0  0  0  0  0  0  0  0  0  0  0  0  0  0  0  0  0  0  0  0  0  0  0  0  0  0  0  0  0  0  0  0  0  0  0  0  0  0  0  0  0.2530959999999993
g  9  7  8.632104  8.882814  8.141013  6.777591  5.203318  3.761382  2.500039  1.524689  0.92436  0.568704  0.412025  0.409247  0.487856  0.634895  0.886327  1.171055  1.432182  1.660052  1.833328  1.864996  1.680935  1.166723  0  0  0  0  0  0  0  0  0  0  0  0  0  0  0  0  0  0  0  0  0  0  0  0  0  0  0  0  0  0  0  0  0  0  0  0  0  0  0  0  0  0  0  0  0  0  0  0  0  0  0  0  0  0  0  0  0  0  0  0  0  0  0  0  0  -0.13600500000000015
h  9  7  0.839195  0.166073  -1.262027  -2.824311  -4.051325  -5.016869  -5.895203  -6.526735  -7.004816  -7.26071  -7.227799  -6.934311  -6.499877  -6.073567  -5.889705  -6.117798  -6.743521  -7.693672  -8.931373  -10.443403  -12.205646  -14.137735  0  0  0  0  0  0  0  0  0  0  0  0  0  0  0  0  0  0  0  0  0  0  0  0  0  0  0  0  0  0  0  0  0  0  0  0  0  0  0  0  0  0  0  0  0  0  0  0  0  0  0  0  0  0  0  0  0  0  0  0  0  0  0  0  0  -0.39241299999999946
g  9  8  -9.031952  -9.358021  -9.030083  -8.021441  -6.410206  -4.201008  -1.892454  0.348861  2.353484  3.952703  5.103683  5.910281  6.452906  6.751718  6.837733  6.699956  6.348566  5.808638  5.109998  4.294603  3.43302  2.666746  0  0  0  0  0  0  0  0  0  0  0  0  0  0  0  0  0  0  0  0  0  0  0  0  0  0  0  0  0  0  0  0  0  0  0  0  0  0  0  0  0  0  0  0  0  0  0  0  0  0  0  0  0  0  0  0  0  0  0  0  0  0  0  0  0  -0.13653700000000013
h  9  8  -3.997571  -1.473642  0.755919  2.534994  4.03312  5.346378  6.090261  6.407724  6.405866  6.169203  5.863349  5.526686  5.131026  4.649979  4.109866  3.624013  3.335247  3.323114  3.649899  4.357521  5.439805  6.828159  0  0  0  0  0  0  0  0  0  0  0  0  0  0  0  0  0  0  0  0  0  0  0  0  0  0  0  0  0  0  0  0  0  0  0  0  0  0  0  0  0  0  0  0  0  0  0  0  0  0  0  0  0  0  0  0  0  0  0  0  0  0  0  0  0  0.29595400000000005
g  9  9  -10.312949  -11.498425  -10.95186  -10.331782  -10.018431  -10.133788  -10.622431  -11.272737  -11.797803  -12.014676  -11.921999  -11.685817  -11.50474  -11.497175  -11.612349  -11.697392  -11.543813  -10.963971  -9.932046  -8.434275  -6.441024  -3.919262  0  0  0  0  0  0  0  0  0  0  0  0  0  0  0  0  0  0  0  0  0  0  0  0  0  0  0  0  0  0  0  0  0  0  0  0  0  0  0  0  0  0  0  0  0  0  0  0  0  0  0  0  0  0  0  0  0  0  0  0  0  0  0  0  0  0.5495929999999998
h  9  9  8.145913  9.464779  10.201766  10.12039  9.288021  8.103468  6.901644  5.730373  4.712106  3.902939  3.368871  3.22722  3.59044  4.554174  6.196931  8.513147  11.306502  14.21953  16.990462  19.493717  21.630644  23.307914  0  0  0  0  0  0  0  0  0  0  0  0  0  0  0  0  0  0  0  0  0  0  0  0  0  0  0  0  0  0  0  0  0  0  0  0  0  0  0  0  0  0  0  0  0  0  0  0  0  0  0  0  0  0  0  0  0  0  0  0  0  0  0  0  0  0.2937989999999999
g  10  0  -1.979289  -1.773982  -1.640487  -1.648444  -1.782827  -1.835899  -1.749676  -1.494444  -1.096729  -0.572547  0.064396  0.665785  1.144881  1.507938  1.799154  2.049708  2.270227  2.430804  2.500606  2.476636  2.386084  2.277959  0  0  0  0  0  0  0  0  0  0  0  0  0  0  0  0  0  0  0  0  0  0  0  0  0  0  0  0  0  0  0  0  0  0  0  0  0  0  0  0  0  0  0  0  0  0  0  0  0  0  0  0  0  0  0  0  0  0  0  0  0  0  0  0  0  -0.021425999999999945
g  10  1  -6.212972  -6.272402  -5.79868  -5.339375  -4.668998  -3.907071  -3.157898  -2.516596  -2.001995  -1.626303  -1.348364  -1.158421  -0.981807  -0.689201  -0.22903  0.369476  0.995038  1.532967  1.922856  2.151424  2.207957  2.088886  0  0  0  0  0  0  0  0  0  0  0  0  0  0  0  0  0  0  0  0  0  0  0  0  0  0  0  0  0  0  0  0  0  0  0  0  0  0  0  0  0  0  0  0  0  0  0  0  0  0  0  0  0  0  0  0  0  0  0  0  0  0  0  0  0  -0.0370689999999998
h  10  1  3.434177  3.738892  4.827468  6.282331  7.635978  8.77527  9.736993  10.564211  11.301495  11.988678  12.612635  13.141453  13.559783  13.812272  13.862137  13.682622  13.22438  12.484216  11.513631  10.374289  9.117287  7.77401  0  0  0  0  0  0  0  0  0  0  0  0  0  0  0  0  0  0  0  0  0  0  0  0  0  0  0  0  0  0  0  0  0  0  0  0  0  0  0  0  0  0  0  0  0  0  0  0  0  0  0  0  0  0  0  0  0  0  0  0  0  0  0  0  0  -0.27489900000000045
g  10  2  0.140903  -0.199922  -1.062139  -1.810893  -2.551669  -3.157424  -3.422997  -3.354072  -3.005512  -2.328643  -1.292333  0.000378  1.423453  2.868864  4.225124  5.404495  6.354204  7.061994  7.529477  7.751048  7.717415  7.464783  0  0  0  0  0  0  0  0  0  0  0  0  0  0  0  0  0  0  0  0  0  0  0  0  0  0  0  0  0  0  0  0  0  0  0  0  0  0  0  0  0  0  0  0  0  0  0  0  0  0  0  0  0  0  0  0  0  0  0  0  0  0  0  0  0  -0.06460000000000043
h  10  2  -0.280437  0.084683  0.721768  0.992174  1.002475  1.083539  1.404372  1.785387  2.100057  2.321715  2.426608  2.518033  2.57734  2.480205  2.136613  1.574433  0.888313  0.204056  -0.403092  -0.92866  -1.401819  -1.858548  0  0  0  0  0  0  0  0  0  0  0  0  0  0  0  0  0  0  0  0  0  0  0  0  0  0  0  0  0  0  0  0  0  0  0  0  0  0  0  0  0  0  0  0  0  0  0  0  0  0  0  0  0  0  0  0  0  0  0  0  0  0  0  0  0  -0.09198499999999998
g  10  3  0.336294  1.885057  2.212181  2.356764  2.72596  3.093532  3.269753  3.146701  2.736234  2.139937  1.498868  0.842638  0.213206  -0.403801  -1.044482  -1.69608  -2.304529  -2.81857  -3.200425  -3.415364  -3.44071  -3.277305  0  0  0  0  0  0  0  0  0  0  0  0  0  0  0  0  0  0  0  0  0  0  0  0  0  0  0  0  0  0  0  0  0  0  0  0  0  0  0  0  0  0  0  0  0  0  0  0  0  0  0  0  0  0  0  0  0  0  0  0  0  0  0  0  0  0.04730599999999985
h  10  3  4.77233  3.624887  3.898845  4.427544  5.061368  5.569786  5.98451  6.227826  6.234392  6.094884  5.896756  5.71652  5.618307  5.572092  5.494674  5.370863  5.222372  5.054507  4.862072  4.64203  4.404418  4.159564  0  0  0  0  0  0  0  0  0  0  0  0  0  0  0  0  0  0  0  0  0  0  0  0  0  0  0  0  0  0  0  0  0  0  0  0  0  0  0  0  0  0  0  0  0  0  0  0  0  0  0  0  0  0  0  0  0  0  0  0  0  0  0  0  0  -0.04940200000000061
g  10  4  -0.5086  -1.036708  -1.093166  -1.048171  -0.926527  -0.829829  -0.765987  -0.702698  -0.549207  -0.255605  0.193755  0.749421  1.327153  1.814179  2.108959  2.221843  2.210934  2.163807  2.159813  2.240228  2.42719  2.704927  0  0  0  0  0  0  0  0  0  0  0  0  0  0  0  0  0  0  0  0  0  0  0  0  0  0  0  0  0  0  0  0  0  0  0  0  0  0  0  0  0  0  0  0  0  0  0  0  0  0  0  0  0  0  0  0  0  0  0  0  0  0  0  0  0  0.05983300000000025
h  10  4  4.342109  4.927415  5.556429  6.054874  6.790611  7.63546  8.362854  8.902454  9.230861  9.377958  9.346503  9.178652  8.846024  8.351194  7.841965  7.431939  7.148266  6.99123  6.924854  6.885376  6.806263  6.62549  0  0  0  0  0  0  0  0  0  0  0  0  0  0  0  0  0  0  0  0  0  0  0  0  0  0  0  0  0  0  0  0  0  0  0  0  0  0  0  0  0  0  0  0  0  0  0  0  0  0  0  0  0  0  0  0  0  0  0  0  0  0  0  0  0  -0.04699700000000018
g  10  5  1.709091  0.775679  -0.053732  -0.975623  -1.884001  -2.637886  -3.356379  -3.997849  -4.604534  -5.099547  -5.379841  -5.443733  -5.283504  -4.867469  -4.265786  -3.595543  -2.945749  -2.386961  -1.945116  -1.607539  -1.353498  -1.163137  0  0  0  0  0  0  0  0  0  0  0  0  0  0  0  0  0  0  0  0  0  0  0  0  0  0  0  0  0  0  0  0  0  0  0  0  0  0  0  0  0  0  0  0  0  0  0  0  0  0  0  0  0  0  0  0  0  0  0  0  0  0  0  0  0  0.03406799999999999
h  10  5  -7.902326  -8.634754  -9.614659  -10.333632  -10.642672  -10.620443  -10.277201  -9.66985  -8.840986  -7.840802  -6.716638  -5.551414  -4.404106  -3.314283  -2.336294  -1.461643  -0.697717  -0.065762  0.41733  0.774493  1.038423  1.234933  0  0  0  0  0  0  0  0  0  0  0  0  0  0  0  0  0  0  0  0  0  0  0  0  0  0  0  0  0  0  0  0  0  0  0  0  0  0  0  0  0  0  0  0  0  0  0  0  0  0  0  0  0  0  0  0  0  0  0  0  0  0  0  0  0  0.034758999999999984
g  10  6  -0.75421  -0.599016  -0.389623  -0.415348  -0.603434  -0.966442  -1.533001  -2.154717  -2.72476  -3.229985  -3.606564  -3.910707  -4.200767  -4.427624  -4.518007  -4.464396  -4.307082  -4.08764  -3.856456  -3.644464  -3.454463  -3.260688  0  0  0  0  0  0  0  0  0  0  0  0  0  0  0  0  0  0  0  0  0  0  0  0  0  0  0  0  0  0  0  0  0  0  0  0  0  0  0  0  0  0  0  0  0  0  0  0  0  0  0  0  0  0  0  0  0  0  0  0  0  0  0  0  0  0.040788000000000046
h  10  6  -0.393699  0.149587  0.931576  1.727801  2.411822  2.94473  3.580853  4.415465  5.305745  6.121515  6.743359  7.1271  7.351057  7.488943  7.548011  7.524192  7.411947  7.198856  6.906755  6.596178  6.339812  6.174726  0  0  0  0  0  0  0  0  0  0  0  0  0  0  0  0  0  0  0  0  0  0  0  0  0  0  0  0  0  0  0  0  0  0  0  0  0  0  0  0  0  0  0  0  0  0  0  0  0  0  0  0  0  0  0  0  0  0  0  0  0  0  0  0  0  -0.024789000000000172
g  10  7  2.069617  2.018305  2.162865  2.130318  2.003058  2.05865  2.298219  2.656909  3.011752  3.224656  3.139025  2.689594  1.931176  0.975062  -0.019198  -0.936446  -1.718543  -2.34629  -2.837224  -3.212353  -3.496419  -3.720928  0  0  0  0  0  0  0  0  0  0  0  0  0  0  0  0  0  0  0  0  0  0  0  0  0  0  0  0  0  0  0  0  0  0  0  0  0  0  0  0  0  0  0  0  0  0  0  0  0  0  0  0  0  0  0  0  0  0  0  0  0  0  0  0  0  -0.041627999999999776
h  10  7  -4.445377  -4.502204  -5.344024  -5.767037  -6.142079  -6.559302  -6.838995  -7.115399  -7.480895  -7.96304  -8.521586  -9.014657  -9.315751  -9.384141  -9.202613  -8.810141  -8.267852  -7.635155  -6.970309  -6.348884  -5.840979  -5.466171  0  0  0  0  0  0  0  0  0  0  0  0  0  0  0  0  0  0  0  0  0  0  0  0  0  0  0  0  0  0  0  0  0  0  0  0  0  0  0  0  0  0  0  0  0  0  0  0  0  0  0  0  0  0  0  0  0  0  0  0  0  0  0  0  0  0.0645920000000002
g  10  8  2.476948  1.453214  0.591543  -0.138811  -0.786496  -1.196689  -1.385574  -1.537418  -1.67948  -1.849948  -2.084682  -2.347507  -2.614325  -2.901498  -3.179673  -3.41005  -3.560438  -3.578395  -3.403943  -3.024329  -2.487287  -1.904094  0  0  0  0  0  0  0  0  0  0  0  0  0  0  0  0  0  0  0  0  0  0  0  0  0  0  0  0  0  0  0  0  0  0  0  0  0  0  0  0  0  0  0  0  0  0  0  0  0  0  0  0  0  0  0  0  0  0  0  0  0  0  0  0  0  0.11302200000000018
h  10  8  -2.905646  -3.432756  -3.63001  -3.52849  -3.32717  -3.159351  -2.934522  -2.613986  -2.158267  -1.59373  -1.021025  -0.518853  -0.141028  0.099688  0.222468  0.231848  0.199585  0.201152  0.224014  0.184836  0.009774  -0.340264  0  0  0  0  0  0  0  0  0  0  0  0  0  0  0  0  0  0  0  0  0  0  0  0  0  0  0  0  0  0  0  0  0  0  0  0  0  0  0  0  0  0  0  0  0  0  0  0  0  0  0  0  0  0  0  0  0  0  0  0  0  0  0  0  0  -0.08377600000000002
g  10  9  -1.739748  -2.362177  -2.527758  -2.405647  -2.210663  -1.960759  -1.79727  -1.788203  -1.944801  -2.268472  -2.730073  -3.280759  -3.856778  -4.355494  -4.659136  -4.75675  -4.706633  -4.558538  -4.355012  -4.127673  -3.865227  -3.505799  0  0  0  0  0  0  0  0  0  0  0  0  0  0  0  0  0  0  0  0  0  0  0  0  0  0  0  0  0  0  0  0  0  0  0  0  0  0  0  0  0  0  0  0  0  0  0  0  0  0  0  0  0  0  0  0  0  0  0  0  0  0  0  0  0  0.08395200000000003
h  10  9  -1.419448  -0.324349  0.462225  1.287203  2.184601  2.869394  3.33831  3.61743  3.733384  3.73713  3.705292  3.698805  3.739669  3.844072  4.001772  4.191719  4.408236  4.625064  4.833752  5.036903  5.236402  5.434932  0  0  0  0  0  0  0  0  0  0  0  0  0  0  0  0  0  0  0  0  0  0  0  0  0  0  0  0  0  0  0  0  0  0  0  0  0  0  0  0  0  0  0  0  0  0  0  0  0  0  0  0  0  0  0  0  0  0  0  0  0  0  0  0  0  0.03976899999999972
g  10  10  -3.504906  -3.780002  -3.881596  -3.996127  -4.525753  -5.241539  -5.859702  -6.213385  -6.219934  -5.912973  -5.48379  -5.129825  -4.979479  -5.081781  -5.381348  -5.759993  -6.044116  -6.084823  -5.872213  -5.434214  -4.803229  -4.004155  0  0  0  0  0  0  0  0  0  0  0  0  0  0  0  0  0  0  0  0  0  0  0  0  0  0  0  0  0  0  0  0  0  0  0  0  0  0  0  0  0  0  0  0  0  0  0  0  0  0  0  0  0  0  0  0  0  0  0  0  0  0  0  0  0  0.17295499999999997
h  10  10  -8.610559  -8.660969  -8.421508  -8.305242  -8.323007  -8.321796  -8.190744  -7.948396  -7.585037  -7.08836  -6.449042  -5.658098  -4.702259  -3.582375  -2.299525  -0.892075  0.528416  1.790101  2.776667  3.445787  3.766349  3.733716  0  0  0  0  0  0  0  0  0  0  0  0  0  0  0  0  0  0  0  0  0  0  0  0  0  0  0  0  0  0  0  0  0  0  0  0  0  0  0  0  0  0  0  0  0  0  0  0  0  0  0  0  0  0  0  0  0  0  0  0  0  0  0  0  0  -0.034441000000000166
g  11  0  3.005657  2.888687  2.898237  2.813191  2.667573  2.490407  2.295227  2.145571  2.036315  1.961188  1.898086  1.84691  1.815561  1.773381  1.694061  1.550734  1.355897  1.128651  0.871102  0.587878  0.298957  0.031237  0  0  0  0  0  0  0  0  0  0  0  0  0  0  0  0  0  0  0  0  0  0  0  0  0  0  0  0  0  0  0  0  0  0  0  0  0  0  0  0  0  0  0  0  0  0  0  0  0  0  0  0  0  0  0  0  0  0  0  0  0  0  0  0  0  -0.050443
g  11  1  -1.299591  -1.309216  -1.045667  -0.789296  -0.579016  -0.415661  -0.335334  -0.327022  -0.426867  -0.686624  -1.065333  -1.512988  -1.970189  -2.370918  -2.671164  -2.843668  -2.899446  -2.882037  -2.827816  -2.755713  -2.670187  -2.572324  0  0  0  0  0  0  0  0  0  0  0  0  0  0  0  0  0  0  0  0  0  0  0  0  0  0  0  0  0  0  0  0  0  0  0  0  0  0  0  0  0  0  0  0  0  0  0  0  0  0  0  0  0  0  0  0  0  0  0  0  0  0  0  0  0  0.020078999999999958
h  11  1  0.052727  -0.000216  0.026327  0.132411  0.28946  0.473773  0.61618  0.700101  0.737656  0.72005  0.721682  0.76313  0.806375  0.826166  0.829671  0.824739  0.817211  0.813253  0.815728  0.824518  0.836299  0.837474  0  0  0  0  0  0  0  0  0  0  0  0  0  0  0  0  0  0  0  0  0  0  0  0  0  0  0  0  0  0  0  0  0  0  0  0  0  0  0  0  0  0  0  0  0  0  0  0  0  0  0  0  0  0  0  0  0  0  0  0  0  0  0  0  0  -0.0015079999999999538
g  11  2  -2.168096  -2.339496  -2.275353  -2.098827  -1.92334  -1.753878  -1.565089  -1.30761  -0.988917  -0.699514  -0.488078  -0.347013  -0.236347  -0.141614  -0.071034  -0.021209  0.021566  0.064407  0.109372  0.153118  0.191789  0.234796  0  0  0  0  0  0  0  0  0  0  0  0  0  0  0  0  0  0  0  0  0  0  0  0  0  0  0  0  0  0  0  0  0  0  0  0  0  0  0  0  0  0  0  0  0  0  0  0  0  0  0  0  0  0  0  0  0  0  0  0  0  0  0  0  0  0.01008500000000001
h  11  2  1.924676  2.407841  2.31281  2.211566  2.13116  1.940325  1.574473  1.118002  0.642749  0.213734  -0.149356  -0.44381  -0.670131  -0.798553  -0.80871  -0.699792  -0.515238  -0.309188  -0.119482  0.037708  0.159761  0.256039  0  0  0  0  0  0  0  0  0  0  0  0  0  0  0  0  0  0  0  0  0  0  0  0  0  0  0  0  0  0  0  0  0  0  0  0  0  0  0  0  0  0  0  0  0  0  0  0  0  0  0  0  0  0  0  0  0  0  0  0  0  0  0  0  0  0.017637000000000014
g  11  3  1.77795  2.402789  2.581223  2.462477  2.271438  2.158483  2.014283  1.742404  1.400752  1.050369  0.747739  0.477798  0.260934  0.133387  0.118655  0.186021  0.296223  0.404379  0.463785  0.438908  0.294924  0.010057  0  0  0  0  0  0  0  0  0  0  0  0  0  0  0  0  0  0  0  0  0  0  0  0  0  0  0  0  0  0  0  0  0  0  0  0  0  0  0  0  0  0  0  0  0  0  0  0  0  0  0  0  0  0  0  0  0  0  0  0  0  0  0  0  0  -0.068484
h  11  3  -0.502135  -0.534313  -0.461957  -0.37416  -0.363267  -0.468466  -0.645445  -0.781326  -0.857902  -0.868235  -0.766151  -0.482014  0.00236  0.613473  1.235092  1.781361  2.207593  2.501758  2.681904  2.765802  2.771315  2.729665  0  0  0  0  0  0  0  0  0  0  0  0  0  0  0  0  0  0  0  0  0  0  0  0  0  0  0  0  0  0  0  0  0  0  0  0  0  0  0  0  0  0  0  0  0  0  0  0  0  0  0  0  0  0  0  0  0  0  0  0  0  0  0  0  0  -0.01043800000000017
g  11  4  -0.958798  -0.824763  -1.142852  -1.303231  -1.339163  -1.265999  -1.111381  -0.904629  -0.702965  -0.498868  -0.315115  -0.179963  -0.086457  -0.035468  -0.006823  0.022776  0.070514  0.153155  0.264693  0.3701  0.436579  0.444783  0  0  0  0  0  0  0  0  0  0  0  0  0  0  0  0  0  0  0  0  0  0  0  0  0  0  0  0  0  0  0  0  0  0  0  0  0  0  0  0  0  0  0  0  0  0  0  0  0  0  0  0  0  0  0  0  0  0  0  0  0  0  0  0  0  -0.003858000000000028
h  11  4  -1.298441  -0.353484  0.364778  0.986966  1.447216  1.777737  2.095933  2.325672  2.449591  2.457674  2.33926  2.077102  1.702394  1.293518  0.928534  0.621651  0.379042  0.190321  0.034924  -0.094704  -0.19658  -0.265937  0  0  0  0  0  0  0  0  0  0  0  0  0  0  0  0  0  0  0  0  0  0  0  0  0  0  0  0  0  0  0  0  0  0  0  0  0  0  0  0  0  0  0  0  0  0  0  0  0  0  0  0  0  0  0  0  0  0  0  0  0  0  0  0  0  -0.010625999999999969
g  11  5  0.426633  0.378714  0.392697  0.440672  0.571747  0.755852  0.964349  1.240951  1.495305  1.608741  1.58898  1.463145  1.255059  1.029635  0.804023  0.581848  0.397638  0.277018  0.219567  0.239337  0.35946  0.574117  0  0  0  0  0  0  0  0  0  0  0  0  0  0  0  0  0  0  0  0  0  0  0  0  0  0  0  0  0  0  0  0  0  0  0  0  0  0  0  0  0  0  0  0  0  0  0  0  0  0  0  0  0  0  0  0  0  0  0  0  0  0  0  0  0  0.048902
h  11  5  0.71429  0.688662  0.311559  0.008106  -0.143472  -0.288093  -0.483263  -0.763501  -1.1635  -1.645105  -2.119457  -2.521896  -2.812165  -2.98685  -3.068406  -3.059252  -2.980302  -2.873601  -2.767229  -2.663741  -2.561166  -2.468365  0  0  0  0  0  0  0  0  0  0  0  0  0  0  0  0  0  0  0  0  0  0  0  0  0  0  0  0  0  0  0  0  0  0  0  0  0  0  0  0  0  0  0  0  0  0  0  0  0  0  0  0  0  0  0  0  0  0  0  0  0  0  0  0  0  0.017577000000000176
g  11  6  -0.89361  -0.790967  -1.06819  -1.460014  -1.881603  -2.247874  -2.590755  -2.93823  -3.283912  -3.605263  -3.89447  -4.159727  -4.412426  -4.680886  -5.013279  -5.448711  -5.980649  -6.554057  -7.093239  -7.55265  -7.909327  -8.139363  0  0  0  0  0  0  0  0  0  0  0  0  0  0  0  0  0  0  0  0  0  0  0  0  0  0  0  0  0  0  0  0  0  0  0  0  0  0  0  0  0  0  0  0  0  0  0  0  0  0  0  0  0  0  0  0  0  0  0  0  0  0  0  0  0  -0.034741999999999607
h  11  6  -0.15976  -0.287725  0.237796  0.929606  1.593135  2.215112  2.782918  3.278427  3.704759  4.098257  4.452  4.706166  4.842662  4.857935  4.77933  4.666954  4.565387  4.492317  4.452812  4.457877  4.514099  4.616746  0  0  0  0  0  0  0  0  0  0  0  0  0  0  0  0  0  0  0  0  0  0  0  0  0  0  0  0  0  0  0  0  0  0  0  0  0  0  0  0  0  0  0  0  0  0  0  0  0  0  0  0  0  0  0  0  0  0  0  0  0  0  0  0  0  0.023464999999999847
g  11  7  0.280742  -0.00749  -0.023794  -0.069895  -0.111924  -0.1025  -0.100373  -0.131722  -0.167445  -0.22352  -0.284894  -0.357222  -0.432301  -0.461906  -0.384937  -0.201053  0.0294  0.254168  0.422314  0.492808  0.444353  0.299318  0  0  0  0  0  0  0  0  0  0  0  0  0  0  0  0  0  0  0  0  0  0  0  0  0  0  0  0  0  0  0  0  0  0  0  0  0  0  0  0  0  0  0  0  0  0  0  0  0  0  0  0  0  0  0  0  0  0  0  0  0  0  0  0  0  -0.03454600000000002
h  11  7  -2.175112  -1.719424  -1.452498  -1.370266  -1.294813  -1.215933  -1.107777  -0.951852  -0.790181  -0.656796  -0.542405  -0.430026  -0.302502  -0.124133  0.105566  0.338407  0.528796  0.649274  0.684963  0.639435  0.541074  0.42332  0  0  0  0  0  0  0  0  0  0  0  0  0  0  0  0  0  0  0  0  0  0  0  0  0  0  0  0  0  0  0  0  0  0  0  0  0  0  0  0  0  0  0  0  0  0  0  0  0  0  0  0  0  0  0  0  0  0  0  0  0  0  0  0  0  -0.02391800000000005
g  11  8  1.701614  1.69163  1.836325  1.852402  1.949104  2.173731  2.522452  2.926597  3.301423  3.567003  3.655096  3.591293  3.427517  3.162411  2.784154  2.297714  1.739099  1.158836  0.602758  0.11222  -0.28633  -0.597477  0  0  0  0  0  0  0  0  0  0  0  0  0  0  0  0  0  0  0  0  0  0  0  0  0  0  0  0  0  0  0  0  0  0  0  0  0  0  0  0  0  0  0  0  0  0  0  0  0  0  0  0  0  0  0  0  0  0  0  0  0  0  0  0  0  -0.05600800000000006
h  11  8  -1.587576  -1.688706  -1.769442  -1.681847  -1.507828  -1.273148  -1.023036  -0.849444  -0.860707  -1.086263  -1.449168  -1.847312  -2.255802  -2.659581  -3.011596  -3.28512  -3.452831  -3.494785  -3.428084  -3.280017  -3.080811  -2.85866  0  0  0  0  0  0  0  0  0  0  0  0  0  0  0  0  0  0  0  0  0  0  0  0  0  0  0  0  0  0  0  0  0  0  0  0  0  0  0  0  0  0  0  0  0  0  0  0  0  0  0  0  0  0  0  0  0  0  0  0  0  0  0  0  0  0.045414000000000065
g  11  9  0.159289  -0.571381  -0.94496  -1.259356  -1.48174  -1.569971  -1.596085  -1.630204  -1.703754  -1.799949  -1.89617  -2.026852  -2.190483  -2.361982  -2.505309  -2.577183  -2.549467  -2.404327  -2.128981  -1.742334  -1.296538  -0.861111  0  0  0  0  0  0  0  0  0  0  0  0  0  0  0  0  0  0  0  0  0  0  0  0  0  0  0  0  0  0  0  0  0  0  0  0  0  0  0  0  0  0  0  0  0  0  0  0  0  0  0  0  0  0  0  0  0  0  0  0  0  0  0  0  0  0.08243600000000006
h  11  9  -2.654057  -3.127154  -3.339097  -3.366415  -3.241301  -3.068139  -2.861297  -2.599818  -2.284723  -1.978221  -1.738768  -1.585948  -1.512896  -1.491471  -1.488001  -1.478706  -1.419818  -1.289366  -1.115309  -0.95762  -0.853726  -0.813021  0  0  0  0  0  0  0  0  0  0  0  0  0  0  0  0  0  0  0  0  0  0  0  0  0  0  0  0  0  0  0  0  0  0  0  0  0  0  0  0  0  0  0  0  0  0  0  0  0  0  0  0  0  0  0  0  0  0  0  0  0  0  0  0  0  0.0038209999999999633
g  11  10  0.433809  0.281157  -0.070878  -0.383391  -0.653492  -0.813759  -0.900359  -0.954335  -1.029983  -1.170128  -1.377602  -1.618126  -1.819473  -1.927396  -1.913426  -1.797352  -1.615726  -1.382941  -1.105749  -0.776727  -0.374358  0.113249  0  0  0  0  0  0  0  0  0  0  0  0  0  0  0  0  0  0  0  0  0  0  0  0  0  0  0  0  0  0  0  0  0  0  0  0  0  0  0  0  0  0  0  0  0  0  0  0  0  0  0  0  0  0  0  0  0  0  0  0  0  0  0  0  0  0.10411200000000001
h  11  10  -1.99294  -1.983914  -1.783911  -1.454733  -1.150532  -0.908643  -0.717388  -0.644957  -0.713363  -0.879288  -1.084226  -1.235807  -1.280059  -1.204379  -1.03201  -0.788472  -0.499024  -0.194383  0.116756  0.430241  0.72154  0.9528  0  0  0  0  0  0  0  0  0  0  0  0  0  0  0  0  0  0  0  0  0  0  0  0  0  0  0  0  0  0  0  0  0  0  0  0  0  0  0  0  0  0  0  0  0  0  0  0  0  0  0  0  0  0  0  0  0  0  0  0  0  0  0  0  0  0.039158999999999944
g  11  11  3.456231  3.138335  2.832727  2.425494  1.949916  1.456435  1.0467  0.721673  0.444979  0.178073  -0.137311  -0.529126  -0.993976  -1.497362  -1.974304  -2.333335  -2.480244  -2.366285  -2.058934  -1.64948  -1.195746  -0.729917  0  0  0  0  0  0  0  0  0  0  0  0  0  0  0  0  0  0  0  0  0  0  0  0  0  0  0  0  0  0  0  0  0  0  0  0  0  0  0  0  0  0  0  0  0  0  0  0  0  0  0  0  0  0  0  0  0  0  0  0  0  0  0  0  0  0.09400399999999998
h  11  11  -2.320668  -2.790637  -3.076976  -3.28866  -3.436301  -3.430553  -3.19352  -2.690281  -2.005924  -1.276983  -0.606988  -0.042771  0.394383  0.718918  0.992946  1.256545  1.502977  1.686539  1.760414  1.722941  1.586896  1.379436  0  0  0  0  0  0  0  0  0  0  0  0  0  0  0  0  0  0  0  0  0  0  0  0  0  0  0  0  0  0  0  0  0  0  0  0  0  0  0  0  0  0  0  0  0  0  0  0  0  0  0  0  0  0  0  0  0  0  0  0  0  0  0  0  0  -0.046116999999999964
g  12  0  -2.107561  -1.965332  -1.817737  -1.663505  -1.460426  -1.333986  -1.24781  -1.179089  -1.128704  -1.092261  -1.069424  -1.038609  -0.972681  -0.846269  -0.66503  -0.452271  -0.21834  0.020891  0.248153  0.450719  0.616075  0.739348  0  0  0  0  0  0  0  0  0  0  0  0  0  0  0  0  0  0  0  0  0  0  0  0  0  0  0  0  0  0  0  0  0  0  0  0  0  0  0  0  0  0  0  0  0  0  0  0  0  0  0  0  0  0  0  0  0  0  0  0  0  0  0  0  0  0.021499000000000046
g  12  1  -0.216179  -0.155754  -0.226283  -0.234483  -0.21267  -0.176718  -0.127879  -0.077537  -0.035876  -0.008558  0.00293  -0.004506  -0.015468  -0.014523  0.002245  0.022846  0.044772  0.074668  0.114603  0.173426  0.268212  0.406255  0  0  0  0  0  0  0  0  0  0  0  0  0  0  0  0  0  0  0  0  0  0  0  0  0  0  0  0  0  0  0  0  0  0  0  0  0  0  0  0  0  0  0  0  0  0  0  0  0  0  0  0  0  0  0  0  0  0  0  0  0  0  0  0  0  0.03095899999999996
h  12  1  -0.97237  -0.954167  -0.797219  -0.560508  -0.300113  -0.05079  0.189936  0.423366  0.634352  0.815825  0.95087  1.024082  1.043734  1.022015  0.969906  0.895598  0.80475  0.697779  0.575356  0.432101  0.267102  0.086069  0  0  0  0  0  0  0  0  0  0  0  0  0  0  0  0  0  0  0  0  0  0  0  0  0  0  0  0  0  0  0  0  0  0  0  0  0  0  0  0  0  0  0  0  0  0  0  0  0  0  0  0  0  0  0  0  0  0  0  0  0  0  0  0  0  -0.037119
g  12  2  0.219141  0.33591  0.385581  0.399451  0.359259  0.232633  0.041423  -0.17991  -0.429069  -0.689688  -0.930178  -1.138836  -1.316005  -1.471786  -1.615122  -1.744145  -1.868203  -2.000708  -2.138543  -2.270267  -2.383454  -2.466595  0  0  0  0  0  0  0  0  0  0  0  0  0  0  0  0  0  0  0  0  0  0  0  0  0  0  0  0  0  0  0  0  0  0  0  0  0  0  0  0  0  0  0  0  0  0  0  0  0  0  0  0  0  0  0  0  0  0  0  0  0  0  0  0  0  -0.013806999999999903
h  12  2  0.465671  0.502048  0.542409  0.467567  0.335979  0.238279  0.158215  0.045126  -0.099015  -0.247584  -0.36155  -0.432066  -0.480901  -0.532582  -0.571711  -0.566405  -0.498006  -0.36485  -0.181928  0.031438  0.2558  0.472194  0  0  0  0  0  0  0  0  0  0  0  0  0  0  0  0  0  0  0  0  0  0  0  0  0  0  0  0  0  0  0  0  0  0  0  0  0  0  0  0  0  0  0  0  0  0  0  0  0  0  0  0  0  0  0  0  0  0  0  0  0  0  0  0  0  0.041632
g  12  3  1.12152  1.388933  1.445915  1.519319  1.621695  1.640555  1.536337  1.32168  1.02207  0.695338  0.392812  0.147277  -0.010882  -0.077018  -0.06637  0.000262  0.111367  0.261263  0.434954  0.617978  0.794254  0.943579  0  0  0  0  0  0  0  0  0  0  0  0  0  0  0  0  0  0  0  0  0  0  0  0  0  0  0  0  0  0  0  0  0  0  0  0  0  0  0  0  0  0  0  0  0  0  0  0  0  0  0  0  0  0  0  0  0  0  0  0  0  0  0  0  0  0.02692299999999992
h  12  3  1.828009  1.533967  1.43094  1.32906  1.152889  0.931513  0.70499  0.492078  0.293146  0.135683  0.035152  -0.01866  -0.023785  0.006177  0.063268  0.159639  0.29208  0.443001  0.582333  0.678209  0.713971  0.686837  0  0  0  0  0  0  0  0  0  0  0  0  0  0  0  0  0  0  0  0  0  0  0  0  0  0  0  0  0  0  0  0  0  0  0  0  0  0  0  0  0  0  0  0  0  0  0  0  0  0  0  0  0  0  0  0  0  0  0  0  0  0  0  0  0  -0.009977000000000014
g  12  4  -0.779874  -1.070334  -1.155039  -1.281356  -1.416779  -1.560482  -1.733385  -1.994042  -2.280015  -2.53493  -2.723955  -2.858556  -2.96041  -3.032156  -3.074092  -3.082451  -3.054068  -3.002488  -2.941245  -2.873049  -2.797807  -2.711205  0  0  0  0  0  0  0  0  0  0  0  0  0  0  0  0  0  0  0  0  0  0  0  0  0  0  0  0  0  0  0  0  0  0  0  0  0  0  0  0  0  0  0  0  0  0  0  0  0  0  0  0  0  0  0  0  0  0  0  0  0  0  0  0  0  0.01855299999999982
h  12  4  -2.197855  -1.894789  -1.778218  -1.638814  -1.355328  -1.008966  -0.673643  -0.333086  0.051404  0.507662  1.008543  1.496329  1.915507  2.220783  2.409129  2.483822  2.453733  2.346649  2.195948  2.02182  1.836284  1.655336  0  0  0  0  0  0  0  0  0  0  0  0  0  0  0  0  0  0  0  0  0  0  0  0  0  0  0  0  0  0  0  0  0  0  0  0  0  0  0  0  0  0  0  0  0  0  0  0  0  0  0  0  0  0  0  0  0  0  0  0  0  0  0  0  0  -0.03520100000000004
g  12  5  0.770275  0.582828  0.404317  0.197447  0.066899  -0.007283  -0.085846  -0.162337  -0.226186  -0.245055  -0.206452  -0.131191  -0.042922  0.055086  0.163631  0.284243  0.409359  0.531476  0.638951  0.722116  0.784786  0.830713  0  0  0  0  0  0  0  0  0  0  0  0  0  0  0  0  0  0  0  0  0  0  0  0  0  0  0  0  0  0  0  0  0  0  0  0  0  0  0  0  0  0  0  0  0  0  0  0  0  0  0  0  0  0  0  0  0  0  0  0  0  0  0  0  0  0.00763400000000003
h  12  5  0.361441  0.107584  -0.242096  -0.504488  -0.60983  -0.621226  -0.585297  -0.531849  -0.485256  -0.45184  -0.431042  -0.457841  -0.523182  -0.608448  -0.705769  -0.805805  -0.899111  -0.981326  -1.046313  -1.085689  -1.095082  -1.076134  0  0  0  0  0  0  0  0  0  0  0  0  0  0  0  0  0  0  0  0  0  0  0  0  0  0  0  0  0  0  0  0  0  0  0  0  0  0  0  0  0  0  0  0  0  0  0  0  0  0  0  0  0  0  0  0  0  0  0  0  0  0  0  0  0  0.005713000000000079
g  12  6  0.154744  0.412174  0.715793  0.992147  1.189369  1.345526  1.460672  1.537932  1.601506  1.6311  1.608044  1.541505  1.428826  1.281353  1.114473  0.935258  0.751268  0.572681  0.411731  0.278786  0.184572  0.130119  0  0  0  0  0  0  0  0  0  0  0  0  0  0  0  0  0  0  0  0  0  0  0  0  0  0  0  0  0  0  0  0  0  0  0  0  0  0  0  0  0  0  0  0  0  0  0  0  0  0  0  0  0  0  0  0  0  0  0  0  0  0  0  0  0  -0.008258999999999989
h  12  6  0.541064  0.691226  0.514013  0.315608  0.095014  -0.126887  -0.329425  -0.45969  -0.556392  -0.647613  -0.703237  -0.722996  -0.704548  -0.640055  -0.539948  -0.416373  -0.282112  -0.140133  0.00406  0.140794  0.256965  0.333412  0  0  0  0  0  0  0  0  0  0  0  0  0  0  0  0  0  0  0  0  0  0  0  0  0  0  0  0  0  0  0  0  0  0  0  0  0  0  0  0  0  0  0  0  0  0  0  0  0  0  0  0  0  0  0  0  0  0  0  0  0  0  0  0  0  0.011177999999999966
g  12  7  0.433795  0.455136  0.429844  0.417301  0.405737  0.312501  0.194664  0.024655  -0.20339  -0.468614  -0.752043  -1.040191  -1.331031  -1.609739  -1.838985  -1.997548  -2.08716  -2.103575  -2.037882  -1.900533  -1.714413  -1.501922  0  0  0  0  0  0  0  0  0  0  0  0  0  0  0  0  0  0  0  0  0  0  0  0  0  0  0  0  0  0  0  0  0  0  0  0  0  0  0  0  0  0  0  0  0  0  0  0  0  0  0  0  0  0  0  0  0  0  0  0  0  0  0  0  0  0.043692000000000064
h  12  7  -0.112894  -0.100378  -0.016454  0.089099  0.168924  0.204459  0.203136  0.211491  0.221157  0.22843  0.229055  0.221881  0.205143  0.191877  0.18805  0.186993  0.183688  0.178178  0.170541  0.149866  0.100604  0.006727  0  0  0  0  0  0  0  0  0  0  0  0  0  0  0  0  0  0  0  0  0  0  0  0  0  0  0  0  0  0  0  0  0  0  0  0  0  0  0  0  0  0  0  0  0  0  0  0  0  0  0  0  0  0  0  0  0  0  0  0  0  0  0  0  0  -0.022854
g  12  8  -0.345561  -0.337956  -0.344377  -0.28518  -0.226019  -0.229969  -0.274785  -0.361019  -0.483829  -0.590143  -0.63563  -0.59289  -0.463319  -0.282775  -0.080947  0.114662  0.274978  0.371473  0.37579  0.283968  0.111141  -0.105396  0  0  0  0  0  0  0  0  0  0  0  0  0  0  0  0  0  0  0  0  0  0  0  0  0  0  0  0  0  0  0  0  0  0  0  0  0  0  0  0  0  0  0  0  0  0  0  0  0  0  0  0  0  0  0  0  0  0  0  0  0  0  0  0  0  -0.044403000000000005
h  12  8  0.135094  0.41587  0.491709  0.464642  0.329704  0.183916  0.050704  -0.054076  -0.104119  -0.079828  0.006643  0.126898  0.24602  0.347844  0.43401  0.488206  0.490132  0.438892  0.357703  0.281315  0.23779  0.248886  0  0  0  0  0  0  0  0  0  0  0  0  0  0  0  0  0  0  0  0  0  0  0  0  0  0  0  0  0  0  0  0  0  0  0  0  0  0  0  0  0  0  0  0  0  0  0  0  0  0  0  0  0  0  0  0  0  0  0  0  0  0  0  0  0  0.007172999999999985
g  12  9  -0.390774  -0.407429  -0.251769  -0.112284  -0.041731  0.014394  0.108343  0.20247  0.257462  0.25655  0.173001  0.004361  -0.239478  -0.542866  -0.866492  -1.158791  -1.378132  -1.508155  -1.560376  -1.561239  -1.535221  -1.499409  0  0  0  0  0  0  0  0  0  0  0  0  0  0  0  0  0  0  0  0  0  0  0  0  0  0  0  0  0  0  0  0  0  0  0  0  0  0  0  0  0  0  0  0  0  0  0  0  0  0  0  0  0  0  0  0  0  0  0  0  0  0  0  0  0  0.007324000000000108
h  12  9  0.214091  0.2563  0.290926  0.311658  0.340309  0.357968  0.334929  0.266096  0.155125  0.027234  -0.093443  -0.177059  -0.204497  -0.169545  -0.067321  0.077057  0.235725  0.379951  0.486558  0.55208  0.588613  0.609766  0  0  0  0  0  0  0  0  0  0  0  0  0  0  0  0  0  0  0  0  0  0  0  0  0  0  0  0  0  0  0  0  0  0  0  0  0  0  0  0  0  0  0  0  0  0  0  0  0  0  0  0  0  0  0  0  0  0  0  0  0  0  0  0  0  0.003746000000000027
g  12  10  0.277626  0.190343  0.075569  -0.108721  -0.32452  -0.533934  -0.752713  -0.966008  -1.163094  -1.323719  -1.421679  -1.456244  -1.426143  -1.317016  -1.126644  -0.881609  -0.613772  -0.346443  -0.077377  0.19856  0.463647  0.681881  0  0  0  0  0  0  0  0  0  0  0  0  0  0  0  0  0  0  0  0  0  0  0  0  0  0  0  0  0  0  0  0  0  0  0  0  0  0  0  0  0  0  0  0  0  0  0  0  0  0  0  0  0  0  0  0  0  0  0  0  0  0  0  0  0  0.038018999999999914
h  12  10  -1.040977  -1.055472  -1.200748  -1.306424  -1.353025  -1.380239  -1.370175  -1.30443  -1.167131  -0.99137  -0.806431  -0.626825  -0.44086  -0.245724  -0.048797  0.149387  0.359709  0.589615  0.83878  1.087456  1.305364  1.47165  0  0  0  0  0  0  0  0  0  0  0  0  0  0  0  0  0  0  0  0  0  0  0  0  0  0  0  0  0  0  0  0  0  0  0  0  0  0  0  0  0  0  0  0  0  0  0  0  0  0  0  0  0  0  0  0  0  0  0  0  0  0  0  0  0  0.028899000000000008
g  12  11  -0.84068  -1.011601  -1.084534  -1.079728  -0.965556  -0.731248  -0.450423  -0.184451  0.024601  0.163183  0.235068  0.261483  0.252549  0.196801  0.093301  -0.04985  -0.206801  -0.335798  -0.413229  -0.421613  -0.352402  -0.209566  0  0  0  0  0  0  0  0  0  0  0  0  0  0  0  0  0  0  0  0  0  0  0  0  0  0  0  0  0  0  0  0  0  0  0  0  0  0  0  0  0  0  0  0  0  0  0  0  0  0  0  0  0  0  0  0  0  0  0  0  0  0  0  0  0  0.034076999999999996
h  12  11  -0.123203  -0.061496  0.264049  0.549216  0.723098  0.835439  0.855702  0.734809  0.496842  0.186476  -0.129578  -0.406347  -0.628651  -0.779961  -0.841353  -0.808493  -0.694094  -0.526187  -0.328713  -0.12348  0.062604  0.205016  0  0  0  0  0  0  0  0  0  0  0  0  0  0  0  0  0  0  0  0  0  0  0  0  0  0  0  0  0  0  0  0  0  0  0  0  0  0  0  0  0  0  0  0  0  0  0  0  0  0  0  0  0  0  0  0  0  0  0  0  0  0  0  0  0  0.023741000000000012
g  12  12  -0.107718  -0.166387  -0.326913  -0.506853  -0.64094  -0.732264  -0.812511  -0.893917  -0.955119  -0.985921  -1.009837  -1.057674  -1.119077  -1.162447  -1.164298  -1.092818  -0.918637  -0.637815  -0.300837  0.027755  0.310666  0.541636  0  0  0  0  0  0  0  0  0  0  0  0  0  0  0  0  0  0  0  0  0  0  0  0  0  0  0  0  0  0  0  0  0  0  0  0  0  0  0  0  0  0  0  0  0  0  0  0  0  0  0  0  0  0  0  0  0  0  0  0  0  0  0  0  0  0.04280100000000003
h  12  12  0.769195  0.635426  0.580588  0.52262  0.468025  0.404421  0.382752  0.448355  0.576726  0.717559  0.830071  0.893891  0.914629  0.915248  0.933114  0.983252  1.045041  1.071765  1.015613  0.868648  0.656961  0.420177  0  0  0  0  0  0  0  0  0  0  0  0  0  0  0  0  0  0  0  0  0  0  0  0  0  0  0  0  0  0  0  0  0  0  0  0  0  0  0  0  0  0  0  0  0  0  0  0  0  0  0  0  0  0  0  0  0  0  0  0  0  0  0  0  0  -0.048097999999999974
g  13  0  -0.056592  0.040037  0.18136  0.283079  0.341825  0.359355  0.329667  0.270232  0.201114  0.11507  0.00991  -0.104082  -0.201801  -0.268929  -0.318613  -0.360374  -0.397115  -0.427022  -0.446152  -0.450342  -0.440975  -0.418216  0  0  0  0  0  0  0  0  0  0  0  0  0  0  0  0  0  0  0  0  0  0  0  0  0  0  0  0  0  0  0  0  0  0  0  0  0  0  0  0  0  0  0  0  0  0  0  0  0  0  0  0  0  0  0  0  0  0  0  0  0  0  0  0  0  0.005746000000000029
g  13  1  -0.945014  -0.892769  -0.946136  -0.936007  -0.882131  -0.805218  -0.720653  -0.628999  -0.522924  -0.405914  -0.283329  -0.166089  -0.041647  0.103943  0.261806  0.409663  0.53407  0.628031  0.692126  0.729087  0.738699  0.722569  0  0  0  0  0  0  0  0  0  0  0  0  0  0  0  0  0  0  0  0  0  0  0  0  0  0  0  0  0  0  0  0  0  0  0  0  0  0  0  0  0  0  0  0  0  0  0  0  0  0  0  0  0  0  0  0  0  0  0  0  0  0  0  0  0  -0.005051000000000028
h  13  1  -0.958555  -0.880451  -0.854455  -0.827682  -0.791399  -0.746989  -0.692458  -0.634596  -0.579607  -0.540681  -0.534186  -0.561484  -0.606892  -0.648709  -0.669064  -0.659585  -0.622082  -0.565  -0.497305  -0.424571  -0.350792  -0.278995  0  0  0  0  0  0  0  0  0  0  0  0  0  0  0  0  0  0  0  0  0  0  0  0  0  0  0  0  0  0  0  0  0  0  0  0  0  0  0  0  0  0  0  0  0  0  0  0  0  0  0  0  0  0  0  0  0  0  0  0  0  0  0  0  0  0.014073000000000002
g  13  2  0.382046  0.54432  0.498246  0.424453  0.366095  0.321444  0.283959  0.257794  0.260061  0.286018  0.310818  0.319566  0.321404  0.335089  0.362469  0.387487  0.399273  0.388438  0.349675  0.290668  0.227797  0.175426  0  0  0  0  0  0  0  0  0  0  0  0  0  0  0  0  0  0  0  0  0  0  0  0  0  0  0  0  0  0  0  0  0  0  0  0  0  0  0  0  0  0  0  0  0  0  0  0  0  0  0  0  0  0  0  0  0  0  0  0  0  0  0  0  0  -0.009159
h  13  2  0.518927  0.41657  0.353247  0.3515  0.369566  0.368896  0.35297  0.325037  0.296001  0.276232  0.26993  0.279045  0.305683  0.346601  0.395022  0.434216  0.449433  0.431269  0.377678  0.29377  0.192767  0.089774  0  0  0  0  0  0  0  0  0  0  0  0  0  0  0  0  0  0  0  0  0  0  0  0  0  0  0  0  0  0  0  0  0  0  0  0  0  0  0  0  0  0  0  0  0  0  0  0  0  0  0  0  0  0  0  0  0  0  0  0  0  0  0  0  0  -0.020146999999999998
g  13  3  0.589198  0.769816  0.787209  0.706232  0.591151  0.492977  0.411969  0.316003  0.214538  0.10937  -0.014943  -0.155862  -0.297209  -0.414188  -0.492774  -0.540848  -0.570675  -0.591856  -0.61102  -0.623777  -0.62384  -0.610972  0  0  0  0  0  0  0  0  0  0  0  0  0  0  0  0  0  0  0  0  0  0  0  0  0  0  0  0  0  0  0  0  0  0  0  0  0  0  0  0  0  0  0  0  0  0  0  0  0  0  0  0  0  0  0  0  0  0  0  0  0  0  0  0  0  0.003478000000000092
h  13  3  1.666846  1.300002  1.292624  1.235013  1.151265  1.077924  1.007959  0.935434  0.869534  0.800066  0.729489  0.674972  0.64523  0.63206  0.628197  0.633619  0.644746  0.652594  0.649084  0.631381  0.598313  0.552468  0  0  0  0  0  0  0  0  0  0  0  0  0  0  0  0  0  0  0  0  0  0  0  0  0  0  0  0  0  0  0  0  0  0  0  0  0  0  0  0  0  0  0  0  0  0  0  0  0  0  0  0  0  0  0  0  0  0  0  0  0  0  0  0  0  -0.009848999999999997
g  13  4  -0.377965  -0.321887  -0.320603  -0.264929  -0.212575  -0.196494  -0.190651  -0.189799  -0.175052  -0.148115  -0.122145  -0.11305  -0.111136  -0.105516  -0.09908  -0.10791  -0.137265  -0.176453  -0.208733  -0.223071  -0.217708  -0.193157  0  0  0  0  0  0  0  0  0  0  0  0  0  0  0  0  0  0  0  0  0  0  0  0  0  0  0  0  0  0  0  0  0  0  0  0  0  0  0  0  0  0  0  0  0  0  0  0  0  0  0  0  0  0  0  0  0  0  0  0  0  0  0  0  0  0.006389000000000006
h  13  4  -0.685139  -0.427824  -0.362257  -0.30325  -0.301135  -0.294664  -0.268092  -0.243385  -0.236888  -0.252366  -0.284491  -0.332892  -0.396556  -0.479424  -0.573564  -0.665116  -0.735084  -0.761609  -0.737533  -0.668607  -0.564712  -0.435203  0  0  0  0  0  0  0  0  0  0  0  0  0  0  0  0  0  0  0  0  0  0  0  0  0  0  0  0  0  0  0  0  0  0  0  0  0  0  0  0  0  0  0  0  0  0  0  0  0  0  0  0  0  0  0  0  0  0  0  0  0  0  0  0  0  0.027561999999999975
g  13  5  0.890493  0.858204  0.682365  0.479998  0.292699  0.136127  0.010582  -0.083344  -0.1429  -0.175068  -0.184396  -0.188168  -0.197655  -0.213551  -0.235759  -0.264917  -0.298686  -0.333047  -0.369024  -0.408179  -0.449594  -0.493645  0  0  0  0  0  0  0  0  0  0  0  0  0  0  0  0  0  0  0  0  0  0  0  0  0  0  0  0  0  0  0  0  0  0  0  0  0  0  0  0  0  0  0  0  0  0  0  0  0  0  0  0  0  0  0  0  0  0  0  0  0  0  0  0  0  -0.008965999999999974
h  13  5  -1.258842  -1.230713  -1.326666  -1.370528  -1.339076  -1.273154  -1.185533  -1.095318  -0.997714  -0.90797  -0.831756  -0.76938  -0.728849  -0.702484  -0.694503  -0.707143  -0.731416  -0.758341  -0.778282  -0.780185  -0.755216  -0.69997  0  0  0  0  0  0  0  0  0  0  0  0  0  0  0  0  0  0  0  0  0  0  0  0  0  0  0  0  0  0  0  0  0  0  0  0  0  0  0  0  0  0  0  0  0  0  0  0  0  0  0  0  0  0  0  0  0  0  0  0  0  0  0  0  0  0.013395999999999963
g  13  6  -0.328339  0.005038  -0.017424  -0.087997  -0.184125  -0.280207  -0.379333  -0.457707  -0.508676  -0.516977  -0.469513  -0.362974  -0.211722  -0.039662  0.121584  0.24548  0.320937  0.343564  0.310677  0.224063  0.091053  -0.076998  0  0  0  0  0  0  0  0  0  0  0  0  0  0  0  0  0  0  0  0  0  0  0  0  0  0  0  0  0  0  0  0  0  0  0  0  0  0  0  0  0  0  0  0  0  0  0  0  0  0  0  0  0  0  0  0  0  0  0  0  0  0  0  0  0  -0.035733999999999995
h  13  6  -0.140467  -0.036761  0.098892  0.261365  0.383825  0.498217  0.609606  0.711906  0.779111  0.820112  0.842807  0.832839  0.788907  0.705214  0.580695  0.423527  0.244434  0.054354  -0.131423  -0.301385  -0.45164  -0.582151  0  0  0  0  0  0  0  0  0  0  0  0  0  0  0  0  0  0  0  0  0  0  0  0  0  0  0  0  0  0  0  0  0  0  0  0  0  0  0  0  0  0  0  0  0  0  0  0  0  0  0  0  0  0  0  0  0  0  0  0  0  0  0  0  0  -0.024488999999999983
g  13  7  0.790409  0.8605  0.868055  0.840626  0.76988  0.6592  0.565515  0.49627  0.457024  0.455354  0.453051  0.410307  0.318151  0.186563  0.030027  -0.132791  -0.287194  -0.413682  -0.491931  -0.521307  -0.509362  -0.461335  0  0  0  0  0  0  0  0  0  0  0  0  0  0  0  0  0  0  0  0  0  0  0  0  0  0  0  0  0  0  0  0  0  0  0  0  0  0  0  0  0  0  0  0  0  0  0  0  0  0  0  0  0  0  0  0  0  0  0  0  0  0  0  0  0  0.012035999999999991
h  13  7  0.467589  0.27065  0.131884  0.003247  -0.082366  -0.121905  -0.137021  -0.15015  -0.167389  -0.200066  -0.260796  -0.338649  -0.418473  -0.47624  -0.491437  -0.466419  -0.409248  -0.327984  -0.24244  -0.172572  -0.128594  -0.114456  0  0  0  0  0  0  0  0  0  0  0  0  0  0  0  0  0  0  0  0  0  0  0  0  0  0  0  0  0  0  0  0  0  0  0  0  0  0  0  0  0  0  0  0  0  0  0  0  0  0  0  0  0  0  0  0  0  0  0  0  0  0  0  0  0  0.0003009999999999957
g  13  8  -0.211778  -0.046007  -0.081988  -0.083048  -0.036992  0.012821  0.04913  0.058688  0.043774  0.016679  -0.012862  -0.02428  0.010796  0.102807  0.238648  0.389025  0.519659  0.613733  0.67144  0.699999  0.709445  0.71327  0  0  0  0  0  0  0  0  0  0  0  0  0  0  0  0  0  0  0  0  0  0  0  0  0  0  0  0  0  0  0  0  0  0  0  0  0  0  0  0  0  0  0  0  0  0  0  0  0  0  0  0  0  0  0  0  0  0  0  0  0  0  0  0  0  0.0010519999999999419
h  13  8  -0.055455  -0.183787  -0.240811  -0.27564  -0.270156  -0.250043  -0.223686  -0.211497  -0.220908  -0.24906  -0.28126  -0.301251  -0.305074  -0.302365  -0.306352  -0.319166  -0.332365  -0.328554  -0.296661  -0.241002  -0.170987  -0.093169  0  0  0  0  0  0  0  0  0  0  0  0  0  0  0  0  0  0  0  0  0  0  0  0  0  0  0  0  0  0  0  0  0  0  0  0  0  0  0  0  0  0  0  0  0  0  0  0  0  0  0  0  0  0  0  0  0  0  0  0  0  0  0  0  0  0.015995999999999996
g  13  9  0.443874  0.403817  0.456167  0.523387  0.583868  0.615389  0.617183  0.614921  0.625521  0.668549  0.757262  0.876246  0.997609  1.094856  1.152329  1.163654  1.130981  1.062274  0.958053  0.822564  0.664266  0.490877  0  0  0  0  0  0  0  0  0  0  0  0  0  0  0  0  0  0  0  0  0  0  0  0  0  0  0  0  0  0  0  0  0  0  0  0  0  0  0  0  0  0  0  0  0  0  0  0  0  0  0  0  0  0  0  0  0  0  0  0  0  0  0  0  0  -0.035362000000000005
h  13  9  0.348637  0.379975  0.264638  0.137127  0.002714  -0.121127  -0.191642  -0.205412  -0.169989  -0.095041  -0.014871  0.028876  0.021266  -0.036092  -0.122574  -0.220595  -0.31889  -0.415683  -0.510734  -0.596761  -0.663331  -0.703252  0  0  0  0  0  0  0  0  0  0  0  0  0  0  0  0  0  0  0  0  0  0  0  0  0  0  0  0  0  0  0  0  0  0  0  0  0  0  0  0  0  0  0  0  0  0  0  0  0  0  0  0  0  0  0  0  0  0  0  0  0  0  0  0  0  -0.005745
g  13  10  -0.03867  0.07228  0.117569  0.085171  -0.007022  -0.120373  -0.227555  -0.314517  -0.380423  -0.446761  -0.539497  -0.672978  -0.831357  -0.982009  -1.084058  -1.108075  -1.05117  -0.933272  -0.78354  -0.62171  -0.456099  -0.294485  0  0  0  0  0  0  0  0  0  0  0  0  0  0  0  0  0  0  0  0  0  0  0  0  0  0  0  0  0  0  0  0  0  0  0  0  0  0  0  0  0  0  0  0  0  0  0  0  0  0  0  0  0  0  0  0  0  0  0  0  0  0  0  0  0  0.03145300000000001
h  13  10  0.433502  0.498511  0.481127  0.395848  0.278709  0.152451  0.042487  -0.047435  -0.12591  -0.204541  -0.278354  -0.321356  -0.313383  -0.249619  -0.141755  -0.019898  0.093906  0.189235  0.266617  0.332102  0.38342  0.412084  0  0  0  0  0  0  0  0  0  0  0  0  0  0  0  0  0  0  0  0  0  0  0  0  0  0  0  0  0  0  0  0  0  0  0  0  0  0  0  0  0  0  0  0  0  0  0  0  0  0  0  0  0  0  0  0  0  0  0  0  0  0  0  0  0  0.0036490000000000133
g  13  11  0.366962  0.600242  0.612535  0.538551  0.438131  0.311914  0.154858  0.011123  -0.088452  -0.140331  -0.150009  -0.126342  -0.082084  -0.031598  0.013778  0.04256  0.04465  0.027537  0.012867  0.012196  0.020844  0.023177  0  0  0  0  0  0  0  0  0  0  0  0  0  0  0  0  0  0  0  0  0  0  0  0  0  0  0  0  0  0  0  0  0  0  0  0  0  0  0  0  0  0  0  0  0  0  0  0  0  0  0  0  0  0  0  0  0  0  0  0  0  0  0  0  0  -0.000896000000000001
h  13  11  -0.269091  -0.353813  -0.369478  -0.348715  -0.325738  -0.296442  -0.234285  -0.141775  -0.040589  0.041476  0.095389  0.12539  0.140719  0.152308  0.168046  0.183848  0.202354  0.227003  0.257805  0.284074  0.290608  0.269688  0  0  0  0  0  0  0  0  0  0  0  0  0  0  0  0  0  0  0  0  0  0  0  0  0  0  0  0  0  0  0  0  0  0  0  0  0  0  0  0  0  0  0  0  0  0  0  0  0  0  0  0  0  0  0  0  0  0  0  0  0  0  0  0  0  -0.0061329999999999996
g  13  12  -0.322614  -0.34259  -0.400535  -0.396775  -0.355017  -0.255042  -0.127978  -0.013746  0.06077  0.087534  0.068568  0.009895  -0.084297  -0.210008  -0.347556  -0.472785  -0.561659  -0.595332  -0.575815  -0.51124  -0.411011  -0.286537  0  0  0  0  0  0  0  0  0  0  0  0  0  0  0  0  0  0  0  0  0  0  0  0  0  0  0  0  0  0  0  0  0  0  0  0  0  0  0  0  0  0  0  0  0  0  0  0  0  0  0  0  0  0  0  0  0  0  0  0  0  0  0  0  0  0.026290000000000036
h  13  12  -0.458451  -0.189769  -0.027103  0.109191  0.201949  0.231945  0.180479  0.070541  -0.070246  -0.215049  -0.337436  -0.426528  -0.479815  -0.486578  -0.438363  -0.343132  -0.214969  -0.067276  0.089083  0.244828  0.386348  0.49776  0  0  0  0  0  0  0  0  0  0  0  0  0  0  0  0  0  0  0  0  0  0  0  0  0  0  0  0  0  0  0  0  0  0  0  0  0  0  0  0  0  0  0  0  0  0  0  0  0  0  0  0  0  0  0  0  0  0  0  0  0  0  0  0  0  0.01900799999999997
g  13  13  -0.423583  -0.489637  -0.637225  -0.739513  -0.803274  -0.859176  -0.950091  -1.071436  -1.191232  -1.277805  -1.323365  -1.335278  -1.313906  -1.25875  -1.17587  -1.064495  -0.924213  -0.764625  -0.614845  -0.499869  -0.421236  -0.361586  0  0  0  0  0  0  0  0  0  0  0  0  0  0  0  0  0  0  0  0  0  0  0  0  0  0  0  0  0  0  0  0  0  0  0  0  0  0  0  0  0  0  0  0  0  0  0  0  0  0  0  0  0  0  0  0  0  0  0  0  0  0  0  0  0  0.011818999999999968
h  13  13  -0.730985  -0.539676  -0.398687  -0.258517  -0.146269  -0.058677  0.033049  0.140395  0.252091  0.336705  0.366678  0.34783  0.303676  0.261022  0.248715  0.283979  0.359212  0.443111  0.499014  0.526345  0.551204  0.596362  0  0  0  0  0  0  0  0  0  0  0  0  0  0  0  0  0  0  0  0  0  0  0  0  0  0  0  0  0  0  0  0  0  0  0  0  0  0  0  0  0  0  0  0  0  0  0  0  0  0  0  0  0  0  0  0  0  0  0  0  0  0  0  0  0  0.01095999999999997
