# 2019 MPG data assimilation forecast
# units of nT 
c/s d o  GUFM1  GUFM1  GUFM1  GUFM1  GUFM1  GUFM1  GUFM1  GUFM1  GUFM1  GUFM1  GUFM1  GUFM1  GUFM1  GUFM1  GUFM1  GUFM1  GUFM1  GUFM1  GUFM1  GUFM1  GUFM1  GUFM1  GUFM1  GUFM1  GUFM1  GUFM1  GUFM1  GUFM1  GUFM1  GUFM1  GUFM1  GUFM1  GUFM1  GUFM1  GUFM1  GUFM1  GUFM1  GUFM1  GUFM1  GUFM1  GUFM1  GUFM1  GUFM1  GUFM1  GUFM1  GUFM1  GUFM1  GUFM1  GUFM1  GUFM1  GUFM1  GUFM1  GUFM1  GUFM1  GUFM1  GUFM1  GUFM1  GUFM1  GUFM1  GUFM1  GUFM1  GUFM1   IGRF   IGRF   IGRF   IGRF   IGRF   IGRF   IGRF   IGRF   IGRF   DGRF   DGRF   DGRF   DGRF   DGRF   DGRF   DGRF   DGRF   DGRF   DGRF   DGRF   DGRF      DGRF      DGRF     DGRF     IGRF      SV
g/h n m 1590.0 1595.0 1600.0 1605.0 1610.0 1615.0 1620.0 1625.0 1630.0 1635.0 1640.0 1645.0 1650.0 1655.0 1660.0 1665.0 1670.0 1675.0 1680.0 1685.0 1690.0 1695.0 1700.0 1705.0 1710.0 1715.0 1720.0 1725.0 1730.0 1735.0 1740.0 1745.0 1750.0 1755.0 1760.0 1765.0 1770.0 1775.0 1780.0 1785.0 1790.0 1795.0 1800.0 1805.0 1810.0 1815.0 1820.0 1825.0 1830.0 1835.0 1840.0 1845.0 1850.0 1855.0 1860.0 1865.0 1870.0 1875.0 1880.0 1885.0 1890.0 1895.0 1900.0 1905.0 1910.0 1915.0 1920.0 1925.0 1930.0 1935.0 1940.0 1945.0 1950.0 1955.0 1960.0 1965.0 1970.0 1975.0 1980.0 1985.0 1990.0 1995.0 2000.0    2005.0    2010.0   2015.0   2020.0 2020-25
g  1  0  -29441.599678  -29404.682262  -29361.396296  -29306.163192  -29250.918698  -29191.311169  -29133.406151  -29083.120289  -29038.266719  -29000.132541  -28969.629605  -28943.674027  -28920.904838  -28901.032889  -28881.101853  -28860.442824  -28838.521149  -28812.633953  -28780.993981  -28742.607654  -28696.430773  -28642.746677  0  0  0  0  0  0  0  0  0  0  0  0  0  0  0  0  0  0  0  0  0  0  0  0  0  0  0  0  0  0  0  0  0  0  0  0  0  0  0  0  0  0  0  0  0  0  0  0  0  0  0  0  0  0  0  0  0  0  0  0  0  0  0  0  0  11.265911000002234
g  1  1  -1501.444456  -1451.453008  -1433.969058  -1434.252576  -1431.825154  -1424.005093  -1413.340781  -1403.341225  -1389.510911  -1370.743657  -1350.197602  -1329.048176  -1306.289689  -1282.710439  -1258.22213  -1232.253354  -1204.796467  -1179.679393  -1163.406972  -1159.166697  -1167.628624  -1188.283107  0  0  0  0  0  0  0  0  0  0  0  0  0  0  0  0  0  0  0  0  0  0  0  0  0  0  0  0  0  0  0  0  0  0  0  0  0  0  0  0  0  0  0  0  0  0  0  0  0  0  0  0  0  0  0  0  0  0  0  0  0  0  0  0  0  -5.056354000000056
h  1  1  4796.22718  4654.088968  4526.424428  4412.219739  4310.623226  4213.634282  4123.655823  4041.343273  3967.119426  3899.953886  3839.306205  3785.752823  3741.30958  3708.797493  3687.783653  3673.346831  3661.063593  3647.686485  3630.405751  3608.766213  3584.10208  3556.334462  0  0  0  0  0  0  0  0  0  0  0  0  0  0  0  0  0  0  0  0  0  0  0  0  0  0  0  0  0  0  0  0  0  0  0  0  0  0  0  0  0  0  0  0  0  0  0  0  0  0  0  0  0  0  0  0  0  0  0  0  0  0  0  0  0  -5.8552590000003875
g  2  0  -2446.091816  -2499.555867  -2543.82271  -2586.669135  -2631.527161  -2678.17815  -2725.518602  -2773.622464  -2821.231683  -2865.565463  -2907.863696  -2946.654337  -2982.189951  -3015.392612  -3045.463809  -3070.032075  -3086.498795  -3093.824509  -3090.667978  -3074.102099  -3042.729916  -2997.567589  0  0  0  0  0  0  0  0  0  0  0  0  0  0  0  0  0  0  0  0  0  0  0  0  0  0  0  0  0  0  0  0  0  0  0  0  0  0  0  0  0  0  0  0  0  0  0  0  0  0  0  0  0  0  0  0  0  0  0  0  0  0  0  0  0  9.954005999999936
g  2  1  3011.868114  2982.622806  2961.506061  2929.561027  2882.635742  2830.576648  2784.487796  2743.826863  2704.693309  2664.521943  2622.965802  2579.189261  2532.272827  2481.827062  2427.629363  2369.285571  2304.915048  2234.590488  2161.396089  2089.017382  2021.520865  1962.149517  0  0  0  0  0  0  0  0  0  0  0  0  0  0  0  0  0  0  0  0  0  0  0  0  0  0  0  0  0  0  0  0  0  0  0  0  0  0  0  0  0  0  0  0  0  0  0  0  0  0  0  0  0  0  0  0  0  0  0  0  0  0  0  0  0  -11.075284999999894
h  2  1  -2845.629278  -2991.63363  -3118.672862  -3238.034835  -3350.671146  -3462.637068  -3582.973533  -3707.357877  -3827.915674  -3941.848959  -4049.501722  -4150.876535  -4245.542902  -4334.000547  -4417.194636  -4497.607047  -4578.045623  -4661.762087  -4750.290883  -4842.307075  -4935.812887  -5032.167772  0  0  0  0  0  0  0  0  0  0  0  0  0  0  0  0  0  0  0  0  0  0  0  0  0  0  0  0  0  0  0  0  0  0  0  0  0  0  0  0  0  0  0  0  0  0  0  0  0  0  0  0  0  0  0  0  0  0  0  0  0  0  0  0  0  -19.603855999999723
g  2  2  1676.170354  1676.468339  1647.944894  1595.926166  1537.018156  1472.309756  1406.540172  1333.917613  1254.249756  1173.058026  1092.353821  1011.098024  927.325857  837.850911  740.455602  634.456919  519.600824  396.65986  266.96799  132.113111  -6.942987  -147.920929  0  0  0  0  0  0  0  0  0  0  0  0  0  0  0  0  0  0  0  0  0  0  0  0  0  0  0  0  0  0  0  0  0  0  0  0  0  0  0  0  0  0  0  0  0  0  0  0  0  0  0  0  0  0  0  0  0  0  0  0  0  0  0  0  0  -28.108331000000007
h  2  2  -642.001407  -733.869098  -822.59842  -885.943159  -937.528764  -992.2886  -1043.563477  -1089.951029  -1134.343938  -1182.532083  -1232.567027  -1284.569295  -1337.906953  -1391.30416  -1444.542073  -1498.795252  -1553.93983  -1609.453662  -1666.877028  -1727.549367  -1791.510357  -1858.010268  0  0  0  0  0  0  0  0  0  0  0  0  0  0  0  0  0  0  0  0  0  0  0  0  0  0  0  0  0  0  0  0  0  0  0  0  0  0  0  0  0  0  0  0  0  0  0  0  0  0  0  0  0  0  0  0  0  0  0  0  0  0  0  0  0  -13.454177999999956
g  3  0  1350.652197  1363.270207  1374.468139  1395.626349  1417.786173  1443.936753  1470.63286  1492.671305  1511.044399  1525.522384  1534.95769  1541.042868  1544.145802  1545.461729  1546.980845  1548.213178  1548.161281  1547.859959  1547.745426  1547.845191  1548.521951  1548.876075  0  0  0  0  0  0  0  0  0  0  0  0  0  0  0  0  0  0  0  0  0  0  0  0  0  0  0  0  0  0  0  0  0  0  0  0  0  0  0  0  0  0  0  0  0  0  0  0  0  0  0  0  0  0  0  0  0  0  0  0  0  0  0  0  0  -0.058099000000083834
g  3  1  -2352.01838  -2380.476183  -2422.316888  -2471.823842  -2519.075801  -2562.971086  -2601.092923  -2629.728967  -2645.731856  -2649.098793  -2643.973488  -2630.903399  -2610.050393  -2583.912778  -2553.057644  -2516.652458  -2473.6456  -2423.123492  -2364.503327  -2297.69251  -2222.320224  -2137.612996  0  0  0  0  0  0  0  0  0  0  0  0  0  0  0  0  0  0  0  0  0  0  0  0  0  0  0  0  0  0  0  0  0  0  0  0  0  0  0  0  0  0  0  0  0  0  0  0  0  0  0  0  0  0  0  0  0  0  0  0  0  0  0  0  0  17.657482999999957
h  3  1  -114.969973  -81.300133  -46.447144  -16.787586  16.258382  50.479585  86.405478  125.453376  168.588465  213.28744  260.145217  308.474237  356.985086  405.448762  453.193344  498.971661  542.62407  583.965992  622.638562  660.101172  698.544359  739.680845  0  0  0  0  0  0  0  0  0  0  0  0  0  0  0  0  0  0  0  0  0  0  0  0  0  0  0  0  0  0  0  0  0  0  0  0  0  0  0  0  0  0  0  0  0  0  0  0  0  0  0  0  0  0  0  0  0  0  0  0  0  0  0  0  0  8.485893000000033
g  3  2  1225.759125  1236.287672  1255.052565  1270.0849  1281.115911  1285.747216  1287.332385  1286.500133  1287.031618  1287.178933  1285.785664  1283.506174  1280.519775  1277.341584  1274.120311  1270.407109  1266.431747  1263.631436  1263.29013  1266.325022  1273.714819  1287.502742  0  0  0  0  0  0  0  0  0  0  0  0  0  0  0  0  0  0  0  0  0  0  0  0  0  0  0  0  0  0  0  0  0  0  0  0  0  0  0  0  0  0  0  0  0  0  0  0  0  0  0  0  0  0  0  0  0  0  0  0  0  0  0  0  0  3.3376929999999447
h  3  2  244.977032  241.698832  240.698936  231.97318  210.636544  194.611463  179.517444  166.80013  157.6097  153.936042  156.050982  162.164645  170.250402  179.96449  192.678198  208.9272  228.790222  253.187869  282.959256  318.165052  358.678169  402.90872  0  0  0  0  0  0  0  0  0  0  0  0  0  0  0  0  0  0  0  0  0  0  0  0  0  0  0  0  0  0  0  0  0  0  0  0  0  0  0  0  0  0  0  0  0  0  0  0  0  0  0  0  0  0  0  0  0  0  0  0  0  0  0  0  0  9.052086000000031
g  3  3  581.691093  525.253412  467.505837  406.601696  350.478442  303.069851  263.298431  222.429592  178.702988  134.166786  89.412665  44.278334  -1.716012  -48.828312  -98.829535  -153.743011  -215.691284  -285.606002  -363.727603  -449.082908  -539.705295  -633.645561  0  0  0  0  0  0  0  0  0  0  0  0  0  0  0  0  0  0  0  0  0  0  0  0  0  0  0  0  0  0  0  0  0  0  0  0  0  0  0  0  0  0  0  0  0  0  0  0  0  0  0  0  0  0  0  0  0  0  0  0  0  0  0  0  0  -18.919880000000035
h  3  3  -539.145549  -542.540556  -552.193516  -567.636062  -583.483828  -614.242885  -653.171542  -696.837995  -740.731508  -783.841751  -826.046741  -866.980051  -906.877123  -945.204259  -981.869904  -1017.800506  -1053.255158  -1087.727999  -1120.585541  -1150.316591  -1175.057209  -1193.558897  0  0  0  0  0  0  0  0  0  0  0  0  0  0  0  0  0  0  0  0  0  0  0  0  0  0  0  0  0  0  0  0  0  0  0  0  0  0  0  0  0  0  0  0  0  0  0  0  0  0  0  0  0  0  0  0  0  0  0  0  0  0  0  0  0  -3.1344279999998435
g  4  0  907.189646  902.905081  896.127482  894.550596  895.40803  896.843941  896.450643  895.517195  892.628923  887.788642  883.307186  880.429767  878.642374  877.527321  876.137707  874.578584  873.444402  872.221386  870.309358  867.500738  863.442657  856.970692  0  0  0  0  0  0  0  0  0  0  0  0  0  0  0  0  0  0  0  0  0  0  0  0  0  0  0  0  0  0  0  0  0  0  0  0  0  0  0  0  0  0  0  0  0  0  0  0  0  0  0  0  0  0  0  0  0  0  0  0  0  0  0  0  0  -1.5428819999999632
g  4  1  813.754254  809.687617  802.881797  793.662108  782.900544  773.443899  763.132666  750.809308  735.042573  715.976072  696.913567  680.391136  667.628826  657.086329  646.637969  634.732682  620.296931  603.66912  586.591642  571.005837  557.785891  546.774541  0  0  0  0  0  0  0  0  0  0  0  0  0  0  0  0  0  0  0  0  0  0  0  0  0  0  0  0  0  0  0  0  0  0  0  0  0  0  0  0  0  0  0  0  0  0  0  0  0  0  0  0  0  0  0  0  0  0  0  0  0  0  0  0  0  -2.0616790000000265
h  4  1  283.576987  281.383008  269.721909  253.747278  234.533081  208.581064  176.9237  139.794487  98.616311  55.340894  9.956059  -39.39703  -93.047169  -149.072164  -205.29703  -260.7266  -314.934388  -366.381161  -412.414419  -449.912236  -477.300915  -495.372283  0  0  0  0  0  0  0  0  0  0  0  0  0  0  0  0  0  0  0  0  0  0  0  0  0  0  0  0  0  0  0  0  0  0  0  0  0  0  0  0  0  0  0  0  0  0  0  0  0  0  0  0  0  0  0  0  0  0  0  0  0  0  0  0  0  -2.937527999999986
g  4  2  120.834414  85.670329  63.571106  46.853641  30.243787  11.459016  -11.487988  -31.168647  -45.158207  -54.625259  -59.692748  -60.191667  -56.738908  -49.427168  -39.878331  -29.583868  -19.677635  -10.319177  -0.44571  11.030416  23.825108  36.545685  0  0  0  0  0  0  0  0  0  0  0  0  0  0  0  0  0  0  0  0  0  0  0  0  0  0  0  0  0  0  0  0  0  0  0  0  0  0  0  0  0  0  0  0  0  0  0  0  0  0  0  0  0  0  0  0  0  0  0  0  0  0  0  0  0  2.466650999999999
h  4  2  -188.639255  -158.969406  -130.252279  -98.502139  -63.727618  -26.654926  13.885618  58.766117  104.436667  148.566805  188.586661  222.761281  251.776786  277.221901  300.277174  321.98746  343.445875  365.131814  386.862117  408.825648  432.031376  457.544512  0  0  0  0  0  0  0  0  0  0  0  0  0  0  0  0  0  0  0  0  0  0  0  0  0  0  0  0  0  0  0  0  0  0  0  0  0  0  0  0  0  0  0  0  0  0  0  0  0  0  0  0  0  0  0  0  0  0  0  0  0  0  0  0  0  5.316156999999976
g  4  3  -335.061804  -309.643659  -290.562717  -273.835149  -252.531879  -228.858969  -203.75058  -179.558766  -155.650356  -131.428949  -106.591786  -80.861152  -54.658761  -29.850096  -6.65436  16.686549  41.62879  67.986477  94.513258  119.869187  142.707834  162.315932  0  0  0  0  0  0  0  0  0  0  0  0  0  0  0  0  0  0  0  0  0  0  0  0  0  0  0  0  0  0  0  0  0  0  0  0  0  0  0  0  0  0  0  0  0  0  0  0  0  0  0  0  0  0  0  0  0  0  0  0  0  0  0  0  0  3.664163000000002
h  4  3  180.826126  199.998091  219.816009  235.50568  243.271406  252.92917  264.927362  277.593754  291.564738  306.976909  322.229541  337.265216  352.240157  367.913717  384.914799  403.214471  422.840321  443.196934  462.905448  480.547164  495.727357  508.146346  0  0  0  0  0  0  0  0  0  0  0  0  0  0  0  0  0  0  0  0  0  0  0  0  0  0  0  0  0  0  0  0  0  0  0  0  0  0  0  0  0  0  0  0  0  0  0  0  0  0  0  0  0  0  0  0  0  0  0  0  0  0  0  0  0  2.247231999999997
g  4  4  70.466777  47.569332  26.6776  7.693702  -5.758108  -7.155882  -2.925872  3.221598  7.897083  9.178287  7.503927  1.79504  -8.10823  -21.423885  -37.430256  -56.131971  -77.925955  -102.913539  -130.214924  -158.900587  -188.387256  -218.123814  0  0  0  0  0  0  0  0  0  0  0  0  0  0  0  0  0  0  0  0  0  0  0  0  0  0  0  0  0  0  0  0  0  0  0  0  0  0  0  0  0  0  0  0  0  0  0  0  0  0  0  0  0  0  0  0  0  0  0  0  0  0  0  0  0  -5.920493000000022
h  4  4  -329.01512  -350.000951  -370.747978  -390.553559  -409.619442  -433.229005  -460.067156  -487.291933  -514.843923  -540.344702  -564.011491  -586.596091  -608.194216  -628.2454  -645.906673  -660.087677  -670.242543  -676.200982  -678.257985  -676.782357  -671.840128  -663.750843  0  0  0  0  0  0  0  0  0  0  0  0  0  0  0  0  0  0  0  0  0  0  0  0  0  0  0  0  0  0  0  0  0  0  0  0  0  0  0  0  0  0  0  0  0  0  0  0  0  0  0  0  0  0  0  0  0  0  0  0  0  0  0  0  0  1.86291099999994
g  5  0  -232.623198  -234.503334  -236.8167  -234.735083  -229.899757  -222.347813  -213.326669  -205.114489  -197.928636  -192.088061  -186.974919  -182.637825  -179.066044  -176.090965  -173.440022  -170.432575  -166.403273  -160.834941  -153.785266  -146.012937  -137.938584  -129.698254  0  0  0  0  0  0  0  0  0  0  0  0  0  0  0  0  0  0  0  0  0  0  0  0  0  0  0  0  0  0  0  0  0  0  0  0  0  0  0  0  0  0  0  0  0  0  0  0  0  0  0  0  0  0  0  0  0  0  0  0  0  0  0  0  0  1.6604169999999954
g  5  1  360.298141  362.888405  364.566708  364.664969  363.565794  362.357791  361.286055  360.563813  361.363953  363.074334  365.83616  369.977953  375.612064  382.229194  389.018656  395.110599  399.732014  402.909772  405.201238  406.852997  407.595319  406.856898  0  0  0  0  0  0  0  0  0  0  0  0  0  0  0  0  0  0  0  0  0  0  0  0  0  0  0  0  0  0  0  0  0  0  0  0  0  0  0  0  0  0  0  0  0  0  0  0  0  0  0  0  0  0  0  0  0  0  0  0  0  0  0  0  0  -0.31791499999997086
h  5  1  47.36627  48.0654  47.231988  44.218346  41.85474  41.006039  40.42325  40.477155  40.472077  40.181903  39.704505  38.285877  36.051356  33.769715  30.933406  27.587124  23.994205  19.889795  15.499552  11.531687  8.249767  5.270305  0  0  0  0  0  0  0  0  0  0  0  0  0  0  0  0  0  0  0  0  0  0  0  0  0  0  0  0  0  0  0  0  0  0  0  0  0  0  0  0  0  0  0  0  0  0  0  0  0  0  0  0  0  0  0  0  0  0  0  0  0  0  0  0  0  -0.6034500000000005
g  5  2  192.596403  188.173288  188.835556  192.561397  200.132521  208.561877  216.228181  224.38403  231.118991  236.253258  240.867863  245.026324  249.471286  255.139922  262.161343  270.665156  280.949196  292.26176  303.269203  312.956452  320.516523  325.68101  0  0  0  0  0  0  0  0  0  0  0  0  0  0  0  0  0  0  0  0  0  0  0  0  0  0  0  0  0  0  0  0  0  0  0  0  0  0  0  0  0  0  0  0  0  0  0  0  0  0  0  0  0  0  0  0  0  0  0  0  0  0  0  0  0  0.8099170000000413
h  5  2  196.732653  208.24339  221.09015  233.913525  243.572356  251.605424  258.8416  265.87321  272.302281  278.483795  284.433519  290.262922  296.5955  303.988317  312.269052  320.207594  326.598321  331.269017  334.644421  336.967162  338.748919  340.57596  0  0  0  0  0  0  0  0  0  0  0  0  0  0  0  0  0  0  0  0  0  0  0  0  0  0  0  0  0  0  0  0  0  0  0  0  0  0  0  0  0  0  0  0  0  0  0  0  0  0  0  0  0  0  0  0  0  0  0  0  0  0  0  0  0  0.39800100000002203
g  5  3  -140.965073  -140.915299  -138.193361  -132.567305  -128.917423  -125.297775  -121.770675  -118.709911  -115.493058  -112.449702  -110.421949  -109.399028  -109.12062  -109.227953  -108.589089  -106.368475  -101.851448  -94.434547  -83.973146  -70.953154  -55.922802  -38.957697  0  0  0  0  0  0  0  0  0  0  0  0  0  0  0  0  0  0  0  0  0  0  0  0  0  0  0  0  0  0  0  0  0  0  0  0  0  0  0  0  0  0  0  0  0  0  0  0  0  0  0  0  0  0  0  0  0  0  0  0  0  0  0  0  0  3.5381359999999944
h  5  3  -119.08837  -121.202347  -119.558694  -115.439015  -107.453772  -98.918364  -89.992388  -78.473984  -65.151778  -50.486441  -35.306893  -20.599485  -6.622019  7.335302  21.738307  37.061769  53.31883  69.798474  86.033548  101.926976  117.777284  133.297396  0  0  0  0  0  0  0  0  0  0  0  0  0  0  0  0  0  0  0  0  0  0  0  0  0  0  0  0  0  0  0  0  0  0  0  0  0  0  0  0  0  0  0  0  0  0  0  0  0  0  0  0  0  0  0  0  0  0  0  0  0  0  0  0  0  3.0575039999999944
g  5  4  -157.195994  -150.907945  -142.71  -132.543252  -120.354635  -110.06148  -99.654495  -88.807676  -77.429053  -65.726792  -54.607196  -44.752701  -36.79761  -30.826882  -26.802491  -24.895373  -25.290294  -27.723677  -31.257404  -35.070762  -38.656247  -41.376862  0  0  0  0  0  0  0  0  0  0  0  0  0  0  0  0  0  0  0  0  0  0  0  0  0  0  0  0  0  0  0  0  0  0  0  0  0  0  0  0  0  0  0  0  0  0  0  0  0  0  0  0  0  0  0  0  0  0  0  0  0  0  0  0  0  -0.44382300000000185
h  5  4  16.095716  32.582666  48.576188  61.773645  72.761784  82.919294  92.388639  102.410882  111.907859  121.095749  129.67568  137.718237  144.778923  150.374835  154.637303  158.318887  162.590094  167.749837  173.265743  178.574388  183.293148  186.967501  0  0  0  0  0  0  0  0  0  0  0  0  0  0  0  0  0  0  0  0  0  0  0  0  0  0  0  0  0  0  0  0  0  0  0  0  0  0  0  0  0  0  0  0  0  0  0  0  0  0  0  0  0  0  0  0  0  0  0  0  0  0  0  0  0  0.6356839999999977
g  5  5  4.029496  14.023811  26.689  39.697434  54.904021  73.122548  91.584007  107.802075  120.304225  128.52586  132.093396  131.757781  128.431037  122.571069  114.627183  104.308082  91.042629  74.879379  56.418449  36.915254  18.013902  1.402438  0  0  0  0  0  0  0  0  0  0  0  0  0  0  0  0  0  0  0  0  0  0  0  0  0  0  0  0  0  0  0  0  0  0  0  0  0  0  0  0  0  0  0  0  0  0  0  0  0  0  0  0  0  0  0  0  0  0  0  0  0  0  0  0  0  -3.0646449999999996
h  5  5  99.965203  98.697959  97.017255  93.984132  90.612429  85.607257  76.143876  61.361004  43.198851  22.657439  1.922796  -17.891438  -36.78677  -54.617693  -71.916354  -89.649084  -107.733375  -125.15219  -140.20955  -151.30092  -157.493512  -158.557337  0  0  0  0  0  0  0  0  0  0  0  0  0  0  0  0  0  0  0  0  0  0  0  0  0  0  0  0  0  0  0  0  0  0  0  0  0  0  0  0  0  0  0  0  0  0  0  0  0  0  0  0  0  0  0  0  0  0  0  0  0  0  0  0  0  0.20241699999999696
g  6  0  69.775382  65.815163  61.42021  58.222736  55.406185  50.799667  46.199388  41.762143  36.657774  31.383842  26.366769  21.887532  18.152631  14.868085  11.755495  8.692468  5.432412  1.698655  -2.658714  -7.704016  -13.224897  -19.10892  0  0  0  0  0  0  0  0  0  0  0  0  0  0  0  0  0  0  0  0  0  0  0  0  0  0  0  0  0  0  0  0  0  0  0  0  0  0  0  0  0  0  0  0  0  0  0  0  0  0  0  0  0  0  0  0  0  0  0  0  0  0  0  0  0  -1.1877410000000026
g  6  1  67.544059  65.519029  64.763498  62.781776  60.846024  59.765438  59.237809  58.633783  58.261329  57.864704  57.615208  57.994914  59.303488  61.18067  62.990758  64.395659  64.91227  64.10615  61.948761  58.703752  54.194  47.929259  0  0  0  0  0  0  0  0  0  0  0  0  0  0  0  0  0  0  0  0  0  0  0  0  0  0  0  0  0  0  0  0  0  0  0  0  0  0  0  0  0  0  0  0  0  0  0  0  0  0  0  0  0  0  0  0  0  0  0  0  0  0  0  0  0  -1.400151000000001
h  6  1  -21.050421  -19.167741  -24.744486  -34.992328  -47.154676  -58.383298  -68.812225  -78.827335  -88.146306  -96.334995  -103.249825  -109.588544  -115.470881  -120.14501  -123.5822  -126.239822  -128.494233  -130.044536  -130.413165  -129.365737  -127.027294  -123.706371  0  0  0  0  0  0  0  0  0  0  0  0  0  0  0  0  0  0  0  0  0  0  0  0  0  0  0  0  0  0  0  0  0  0  0  0  0  0  0  0  0  0  0  0  0  0  0  0  0  0  0  0  0  0  0  0  0  0  0  0  0  0  0  0  0  0.7324759999999912
g  6  2  72.015316  72.825576  72.304768  71.436645  68.265645  63.401103  58.200371  53.317074  49.182914  45.945784  43.199805  41.252699  40.387326  40.586811  42.102266  44.91987  48.62988  52.998424  57.881363  63.248728  68.645069  73.138323  0  0  0  0  0  0  0  0  0  0  0  0  0  0  0  0  0  0  0  0  0  0  0  0  0  0  0  0  0  0  0  0  0  0  0  0  0  0  0  0  0  0  0  0  0  0  0  0  0  0  0  0  0  0  0  0  0  0  0  0  0  0  0  0  0  0.7793900000000065
h  6  2  33.445418  25.059548  19.790981  15.870256  12.812439  12.404523  13.510586  16.459852  20.907201  25.895046  30.402793  34.722171  39.13379  43.471638  47.522627  51.080492  54.130402  56.34673  57.220392  56.326478  53.785443  50.10634  0  0  0  0  0  0  0  0  0  0  0  0  0  0  0  0  0  0  0  0  0  0  0  0  0  0  0  0  0  0  0  0  0  0  0  0  0  0  0  0  0  0  0  0  0  0  0  0  0  0  0  0  0  0  0  0  0  0  0  0  0  0  0  0  0  -0.8224859999999978
g  6  3  -130.121356  -121.544303  -114.334141  -105.415292  -95.776492  -86.104088  -75.758102  -65.369792  -55.905109  -47.235669  -39.936939  -33.773658  -28.430294  -24.101084  -20.732782  -18.23411  -16.653075  -15.672124  -14.924109  -14.148857  -13.221783  -11.882222  0  0  0  0  0  0  0  0  0  0  0  0  0  0  0  0  0  0  0  0  0  0  0  0  0  0  0  0  0  0  0  0  0  0  0  0  0  0  0  0  0  0  0  0  0  0  0  0  0  0  0  0  0  0  0  0  0  0  0  0  0  0  0  0  0  0.30706599999999895
h  6  3  58.655875  52.805719  49.659073  50.626708  53.143407  55.213302  56.891722  57.511753  57.618782  57.724808  58.276365  59.200193  60.420684  62.174436  64.739621  68.363881  73.574905  80.326785  88.123526  96.680501  106.045918  116.145432  0  0  0  0  0  0  0  0  0  0  0  0  0  0  0  0  0  0  0  0  0  0  0  0  0  0  0  0  0  0  0  0  0  0  0  0  0  0  0  0  0  0  0  0  0  0  0  0  0  0  0  0  0  0  0  0  0  0  0  0  0  0  0  0  0  2.058558000000005
g  6  4  -28.743963  -35.8583  -37.80919  -38.278623  -39.769504  -42.33864  -42.743635  -41.602372  -38.786669  -34.536176  -29.701441  -24.217393  -18.335929  -12.80188  -7.851367  -3.889977  -1.074747  0.704526  1.644987  1.831815  1.165265  -0.159086  0  0  0  0  0  0  0  0  0  0  0  0  0  0  0  0  0  0  0  0  0  0  0  0  0  0  0  0  0  0  0  0  0  0  0  0  0  0  0  0  0  0  0  0  0  0  0  0  0  0  0  0  0  0  0  0  0  0  0  0  0  0  0  0  0  -0.312497
h  6  4  -66.597504  -64.652547  -66.159264  -66.183502  -67.326435  -67.881147  -66.987252  -64.724546  -60.739285  -55.889031  -50.902479  -45.947885  -41.349169  -37.266693  -33.837254  -31.402587  -29.71016  -28.314092  -26.869444  -25.206621  -23.055855  -20.113021  0  0  0  0  0  0  0  0  0  0  0  0  0  0  0  0  0  0  0  0  0  0  0  0  0  0  0  0  0  0  0  0  0  0  0  0  0  0  0  0  0  0  0  0  0  0  0  0  0  0  0  0  0  0  0  0  0  0  0  0  0  0  0  0  0  0.6671079999999989
g  6  5  12.867371  13.29702  10.536116  8.43785  7.019084  5.241618  4.353046  3.617039  3.679644  4.415945  5.520151  6.85018  8.345724  9.871713  11.115494  11.925506  12.427075  12.70414  12.89146  13.010716  12.910191  12.432478  0  0  0  0  0  0  0  0  0  0  0  0  0  0  0  0  0  0  0  0  0  0  0  0  0  0  0  0  0  0  0  0  0  0  0  0  0  0  0  0  0  0  0  0  0  0  0  0  0  0  0  0  0  0  0  0  0  0  0  0  0  0  0  0  0  -0.13028000000000084
h  6  5  7.384098  8.839526  8.287559  6.988388  4.955879  2.420492  -0.672765  -4.210971  -8.645258  -13.477472  -18.372682  -23.132802  -27.828864  -32.696441  -37.941582  -43.483897  -49.319687  -55.487396  -61.775149  -67.945079  -73.865314  -79.542258  0  0  0  0  0  0  0  0  0  0  0  0  0  0  0  0  0  0  0  0  0  0  0  0  0  0  0  0  0  0  0  0  0  0  0  0  0  0  0  0  0  0  0  0  0  0  0  0  0  0  0  0  0  0  0  0  0  0  0  0  0  0  0  0  0  -1.1025929999999988
g  6  6  -70.837355  -64.491104  -56.972946  -49.337469  -42.049384  -33.858174  -25.196253  -17.881727  -12.502967  -9.238911  -7.829365  -7.865601  -9.356861  -12.598882  -17.604866  -24.224466  -32.222324  -41.153561  -50.662239  -60.445173  -70.163276  -79.561183  0  0  0  0  0  0  0  0  0  0  0  0  0  0  0  0  0  0  0  0  0  0  0  0  0  0  0  0  0  0  0  0  0  0  0  0  0  0  0  0  0  0  0  0  0  0  0  0  0  0  0  0  0  0  0  0  0  0  0  0  0  0  0  0  0  -1.8466260000000005
h  6  6  62.770739  68.061171  72.366058  75.010854  77.699653  78.307704  75.427001  69.307081  61.153537  52.401805  43.93662  36.007391  29.010144  23.392743  19.673144  18.059185  18.768102  22.15032  28.304098  37.165429  48.595777  62.333804  0  0  0  0  0  0  0  0  0  0  0  0  0  0  0  0  0  0  0  0  0  0  0  0  0  0  0  0  0  0  0  0  0  0  0  0  0  0  0  0  0  0  0  0  0  0  0  0  0  0  0  0  0  0  0  0  0  0  0  0  0  0  0  0  0  2.920498000000002
g  7  0  81.132409  80.373552  79.186532  79.693674  80.992746  82.438938  82.932145  82.214829  80.059616  76.961837  73.45054  69.973685  66.901936  64.258331  62.211987  60.836791  59.913486  59.013352  57.882469  56.313462  54.370159  52.436525  0  0  0  0  0  0  0  0  0  0  0  0  0  0  0  0  0  0  0  0  0  0  0  0  0  0  0  0  0  0  0  0  0  0  0  0  0  0  0  0  0  0  0  0  0  0  0  0  0  0  0  0  0  0  0  0  0  0  0  0  0  0  0  0  0  -0.36599599999999555
g  7  1  -75.799043  -76.625688  -78.00225  -80.231096  -82.247703  -84.349382  -86.464147  -88.143294  -89.068761  -89.089374  -88.230836  -86.504187  -83.850666  -80.150984  -75.662639  -70.775605  -65.719847  -60.60028  -55.436205  -50.238207  -45.152643  -40.362539  0  0  0  0  0  0  0  0  0  0  0  0  0  0  0  0  0  0  0  0  0  0  0  0  0  0  0  0  0  0  0  0  0  0  0  0  0  0  0  0  0  0  0  0  0  0  0  0  0  0  0  0  0  0  0  0  0  0  0  0  0  0  0  0  0  0.9286889999999985
h  7  1  -53.953301  -51.283535  -49.004582  -46.037079  -41.638253  -37.393888  -32.958325  -28.68823  -25.048333  -21.731702  -19.037223  -16.83526  -14.943395  -13.151974  -11.625558  -10.497038  -9.738826  -9.359659  -9.284421  -9.294892  -9.398795  -9.945994  0  0  0  0  0  0  0  0  0  0  0  0  0  0  0  0  0  0  0  0  0  0  0  0  0  0  0  0  0  0  0  0  0  0  0  0  0  0  0  0  0  0  0  0  0  0  0  0  0  0  0  0  0  0  0  0  0  0  0  0  0  0  0  0  0  -0.16036300000000026
g  7  2  -6.854657  -8.392281  -8.506678  -7.48521  -5.573749  -4.766152  -4.925451  -6.054672  -8.204032  -11.207612  -14.65436  -18.330102  -22.15115  -26.118267  -30.262322  -34.526544  -38.52456  -42.027097  -45.175483  -48.059183  -50.752199  -53.459048  0  0  0  0  0  0  0  0  0  0  0  0  0  0  0  0  0  0  0  0  0  0  0  0  0  0  0  0  0  0  0  0  0  0  0  0  0  0  0  0  0  0  0  0  0  0  0  0  0  0  0  0  0  0  0  0  0  0  0  0  0  0  0  0  0  -0.5570560000000029
h  7  2  -19.617036  -17.193578  -16.070616  -15.415024  -15.392293  -15.182393  -14.437946  -12.640764  -9.646914  -5.693489  -1.169564  3.905206  9.37775  14.725497  19.552977  23.7028  27.103342  29.81163  32.019989  33.744329  34.865084  35.351542  0  0  0  0  0  0  0  0  0  0  0  0  0  0  0  0  0  0  0  0  0  0  0  0  0  0  0  0  0  0  0  0  0  0  0  0  0  0  0  0  0  0  0  0  0  0  0  0  0  0  0  0  0  0  0  0  0  0  0  0  0  0  0  0  0  0.051687999999998624
g  7  3  52.008389  56.551184  60.374989  63.793666  66.413408  68.578293  71.279876  73.496657  75.309659  76.634722  77.459057  77.788335  77.626073  76.68331  74.890879  72.345985  69.012459  65.011639  60.63521  55.962051  50.807107  45.040706  0  0  0  0  0  0  0  0  0  0  0  0  0  0  0  0  0  0  0  0  0  0  0  0  0  0  0  0  0  0  0  0  0  0  0  0  0  0  0  0  0  0  0  0  0  0  0  0  0  0  0  0  0  0  0  0  0  0  0  0  0  0  0  0  0  -1.2035839999999993
h  7  3  5.517774  2.138162  1.264792  1.358271  1.215841  1.872611  3.013323  4.122695  5.4845  7.14663  9.337862  12.011903  15.109761  18.566401  22.269725  25.800861  28.765916  30.989239  32.564531  33.851409  35.093719  36.141362  0  0  0  0  0  0  0  0  0  0  0  0  0  0  0  0  0  0  0  0  0  0  0  0  0  0  0  0  0  0  0  0  0  0  0  0  0  0  0  0  0  0  0  0  0  0  0  0  0  0  0  0  0  0  0  0  0  0  0  0  0  0  0  0  0  0.18645500000000226
g  7  4  15.263022  15.715507  19.304122  22.832205  26.234066  28.968792  30.94408  33.018788  34.229661  34.461633  34.208613  33.609684  32.617956  31.105703  29.055126  26.480048  23.514247  20.487974  17.909627  16.132577  15.135293  14.791067  0  0  0  0  0  0  0  0  0  0  0  0  0  0  0  0  0  0  0  0  0  0  0  0  0  0  0  0  0  0  0  0  0  0  0  0  0  0  0  0  0  0  0  0  0  0  0  0  0  0  0  0  0  0  0  0  0  0  0  0  0  0  0  0  0  -0.02647800000000089
h  7  4  24.603991  23.592877  23.64335  23.823103  24.28461  23.536439  21.771617  19.999697  18.255877  17.028128  16.196442  15.495639  14.671998  13.565772  12.341787  11.342989  10.830467  10.979351  11.844129  13.353355  15.457943  18.090698  0  0  0  0  0  0  0  0  0  0  0  0  0  0  0  0  0  0  0  0  0  0  0  0  0  0  0  0  0  0  0  0  0  0  0  0  0  0  0  0  0  0  0  0  0  0  0  0  0  0  0  0  0  0  0  0  0  0  0  0  0  0  0  0  0  0.5609490000000008
g  7  5  9.458864  6.348334  4.35156  2.179016  0.70095  -0.957876  -3.022841  -4.367432  -5.568873  -6.391881  -6.557774  -6.565442  -6.45063  -6.062709  -5.57703  -5.101298  -4.773602  -4.793457  -5.190378  -5.828935  -6.560474  -7.086427  0  0  0  0  0  0  0  0  0  0  0  0  0  0  0  0  0  0  0  0  0  0  0  0  0  0  0  0  0  0  0  0  0  0  0  0  0  0  0  0  0  0  0  0  0  0  0  0  0  0  0  0  0  0  0  0  0  0  0  0  0  0  0  0  0  -0.07131299999999996
h  7  5  3.407055  -1.963185  -7.658401  -13.121808  -17.269719  -20.238267  -21.033005  -20.713174  -19.979479  -18.978257  -18.259489  -17.746683  -17.01829  -16.046275  -14.660847  -12.742586  -10.502229  -8.163274  -5.658905  -2.839881  0.386766  4.044729  0  0  0  0  0  0  0  0  0  0  0  0  0  0  0  0  0  0  0  0  0  0  0  0  0  0  0  0  0  0  0  0  0  0  0  0  0  0  0  0  0  0  0  0  0  0  0  0  0  0  0  0  0  0  0  0  0  0  0  0  0  0  0  0  0  0.7577500000000001
g  7  6  -2.851061  -7.139679  -11.458816  -15.431021  -18.811064  -22.133043  -25.099826  -27.223926  -28.157281  -27.738952  -26.175654  -23.780952  -21.055257  -18.514382  -16.236547  -13.996446  -11.519695  -8.739898  -5.873489  -3.258997  -1.110765  0.609814  0  0  0  0  0  0  0  0  0  0  0  0  0  0  0  0  0  0  0  0  0  0  0  0  0  0  0  0  0  0  0  0  0  0  0  0  0  0  0  0  0  0  0  0  0  0  0  0  0  0  0  0  0  0  0  0  0  0  0  0  0  0  0  0  0  0.313314
h  7  6  -27.534074  -27.100131  -25.007621  -22.63972  -20.296172  -17.749221  -15.09887  -12.649433  -9.835103  -7.106926  -4.612267  -2.436551  -0.758477  0.503217  1.556494  2.495286  3.291158  3.814751  3.869693  3.504188  2.996926  2.658246  0  0  0  0  0  0  0  0  0  0  0  0  0  0  0  0  0  0  0  0  0  0  0  0  0  0  0  0  0  0  0  0  0  0  0  0  0  0  0  0  0  0  0  0  0  0  0  0  0  0  0  0  0  0  0  0  0  0  0  0  0  0  0  0  0  -0.03879499999999991
g  7  7  6.636054  9.741263  13.62787  17.163437  20.408132  24.115083  28.086981  31.681264  34.874264  37.088176  37.889721  37.253966  35.1811  32.039157  28.280074  24.019633  19.152105  13.682838  7.764485  1.693016  -4.256909  -9.893523  0  0  0  0  0  0  0  0  0  0  0  0  0  0  0  0  0  0  0  0  0  0  0  0  0  0  0  0  0  0  0  0  0  0  0  0  0  0  0  0  0  0  0  0  0  0  0  0  0  0  0  0  0  0  0  0  0  0  0  0  0  0  0  0  0  -1.0929710000000004
h  7  7  -2.258589  -2.29294  -2.470687  -3.19366  -4.36079  -6.297799  -9.221238  -13.259176  -18.118998  -23.070232  -27.608299  -31.449551  -34.28713  -36.030073  -36.839146  -36.864314  -36.011324  -34.201777  -31.371859  -27.493863  -22.68204  -17.181097  0  0  0  0  0  0  0  0  0  0  0  0  0  0  0  0  0  0  0  0  0  0  0  0  0  0  0  0  0  0  0  0  0  0  0  0  0  0  0  0  0  0  0  0  0  0  0  0  0  0  0  0  0  0  0  0  0  0  0  0  0  0  0  0  0  1.1420549999999992
g  8  0  24.096231  23.565623  24.67779  26.470263  28.09944  29.364548  30.671029  32.280786  33.627205  34.594075  35.414122  36.240031  37.33857  38.705581  40.265021  42.015639  43.88258  45.708454  47.343665  48.670309  49.712454  50.586689  0  0  0  0  0  0  0  0  0  0  0  0  0  0  0  0  0  0  0  0  0  0  0  0  0  0  0  0  0  0  0  0  0  0  0  0  0  0  0  0  0  0  0  0  0  0  0  0  0  0  0  0  0  0  0  0  0  0  0  0  0  0  0  0  0  0.16626500000000277
g  8  1  9.066334  9.706102  12.477358  15.487385  18.793579  22.065021  24.857352  26.987648  28.347449  28.931091  28.648673  27.581563  25.895034  23.841446  21.586096  19.388709  17.525234  16.097014  15.152107  14.743085  14.882847  15.587205  0  0  0  0  0  0  0  0  0  0  0  0  0  0  0  0  0  0  0  0  0  0  0  0  0  0  0  0  0  0  0  0  0  0  0  0  0  0  0  0  0  0  0  0  0  0  0  0  0  0  0  0  0  0  0  0  0  0  0  0  0  0  0  0  0  0.19160100000000035
h  8  1  10.129856  8.480623  5.301238  2.71244  0.693438  -0.681565  -1.943218  -3.486075  -5.199727  -6.698728  -7.777094  -8.478515  -8.901258  -9.165125  -9.421523  -9.75201  -10.085933  -10.243234  -10.194532  -10.095255  -10.058027  -10.04048  0  0  0  0  0  0  0  0  0  0  0  0  0  0  0  0  0  0  0  0  0  0  0  0  0  0  0  0  0  0  0  0  0  0  0  0  0  0  0  0  0  0  0  0  0  0  0  0  0  0  0  0  0  0  0  0  0  0  0  0  0  0  0  0  0  0.005319999999999325
g  8  2  -16.890354  -17.546986  -19.130163  -19.941691  -20.53483  -21.145161  -21.51231  -21.126989  -20.290765  -19.258597  -18.156674  -17.145944  -16.148346  -15.1946  -14.301324  -13.526433  -12.9196  -12.38938  -11.966664  -11.768315  -11.85255  -12.195559  0  0  0  0  0  0  0  0  0  0  0  0  0  0  0  0  0  0  0  0  0  0  0  0  0  0  0  0  0  0  0  0  0  0  0  0  0  0  0  0  0  0  0  0  0  0  0  0  0  0  0  0  0  0  0  0  0  0  0  0  0  0  0  0  0  -0.0821550000000002
h  8  2  -18.428435  -15.361209  -13.70169  -12.424243  -11.235703  -10.135367  -8.790295  -7.496323  -5.994122  -4.608047  -3.585473  -2.751585  -1.938512  -1.082729  -0.123703  0.938268  2.085319  3.33868  4.785068  6.475561  8.488578  10.951137  0  0  0  0  0  0  0  0  0  0  0  0  0  0  0  0  0  0  0  0  0  0  0  0  0  0  0  0  0  0  0  0  0  0  0  0  0  0  0  0  0  0  0  0  0  0  0  0  0  0  0  0  0  0  0  0  0  0  0  0  0  0  0  0  0  0.5286299999999997
g  8  3  -3.15683  -0.497001  1.754592  4.249849  6.534222  8.162441  9.248398  9.945809  10.425573  10.949502  11.536367  12.034879  12.251172  12.193509  11.847663  11.313506  10.674289  9.994276  9.441243  9.160354  9.120783  9.161542  0  0  0  0  0  0  0  0  0  0  0  0  0  0  0  0  0  0  0  0  0  0  0  0  0  0  0  0  0  0  0  0  0  0  0  0  0  0  0  0  0  0  0  0  0  0  0  0  0  0  0  0  0  0  0  0  0  0  0  0  0  0  0  0  0  0.004580999999999946
h  8  3  13.456457  12.852529  13.057466  13.365236  14.413426  15.797334  17.247354  18.720912  20.222652  21.899332  23.723939  25.44338  26.917267  28.021573  28.74864  29.152175  29.361131  29.411204  29.27524  28.981477  28.549209  27.957244  0  0  0  0  0  0  0  0  0  0  0  0  0  0  0  0  0  0  0  0  0  0  0  0  0  0  0  0  0  0  0  0  0  0  0  0  0  0  0  0  0  0  0  0  0  0  0  0  0  0  0  0  0  0  0  0  0  0  0  0  0  0  0  0  0  -0.13666200000000117
g  8  4  -20.836993  -21.204178  -22.358103  -22.619217  -22.177987  -22.16853  -22.062944  -21.509019  -20.917028  -20.223695  -19.672143  -19.417523  -19.424297  -19.729554  -20.316602  -21.030682  -21.714026  -22.29916  -22.754821  -23.05029  -23.204653  -23.205923  0  0  0  0  0  0  0  0  0  0  0  0  0  0  0  0  0  0  0  0  0  0  0  0  0  0  0  0  0  0  0  0  0  0  0  0  0  0  0  0  0  0  0  0  0  0  0  0  0  0  0  0  0  0  0  0  0  0  0  0  0  0  0  0  0  0.006181000000001546
h  8  4  -14.562024  -11.96546  -11.127221  -10.36411  -9.682091  -9.011751  -7.980917  -6.771836  -5.227967  -3.239963  -1.019523  1.353071  3.676878  5.837556  7.907237  9.852317  11.575839  13.181665  14.89736  16.904926  19.286778  22.042804  0  0  0  0  0  0  0  0  0  0  0  0  0  0  0  0  0  0  0  0  0  0  0  0  0  0  0  0  0  0  0  0  0  0  0  0  0  0  0  0  0  0  0  0  0  0  0  0  0  0  0  0  0  0  0  0  0  0  0  0  0  0  0  0  0  0.5742410000000007
g  8  5  13.583454  15.20445  16.336429  17.618035  19.193916  20.253955  20.873774  21.099409  20.846915  20.112174  19.031396  17.625527  16.084507  14.740052  13.586179  12.473803  11.356298  10.221665  9.079588  7.922962  6.695941  5.447012  0  0  0  0  0  0  0  0  0  0  0  0  0  0  0  0  0  0  0  0  0  0  0  0  0  0  0  0  0  0  0  0  0  0  0  0  0  0  0  0  0  0  0  0  0  0  0  0  0  0  0  0  0  0  0  0  0  0  0  0  0  0  0  0  0  -0.2481
h  8  5  16.052538  14.598264  11.40278  7.883561  4.360316  0.758572  -2.834932  -6.185127  -9.242147  -11.85753  -13.965052  -15.566284  -16.540867  -16.876091  -16.596179  -15.80005  -14.687415  -13.458702  -12.146128  -10.724437  -9.180675  -7.496952  0  0  0  0  0  0  0  0  0  0  0  0  0  0  0  0  0  0  0  0  0  0  0  0  0  0  0  0  0  0  0  0  0  0  0  0  0  0  0  0  0  0  0  0  0  0  0  0  0  0  0  0  0  0  0  0  0  0  0  0  0  0  0  0  0  0.3517779999999995
g  8  6  11.589696  13.346056  14.259843  14.756912  14.750809  14.539162  13.913711  12.988554  11.838859  10.884325  10.359186  10.161173  10.118712  10.032584  9.747011  9.244704  8.534348  7.699319  6.770629  5.668012  4.321052  2.749814  0  0  0  0  0  0  0  0  0  0  0  0  0  0  0  0  0  0  0  0  0  0  0  0  0  0  0  0  0  0  0  0  0  0  0  0  0  0  0  0  0  0  0  0  0  0  0  0  0  0  0  0  0  0  0  0  0  0  0  0  0  0  0  0  0  -0.3310249999999999
h  8  6  5.735175  3.748373  2.624251  2.225818  2.258596  2.81626  3.87723  5.127442  6.431937  7.586793  8.270636  8.334632  7.902109  7.100761  6.066679  4.948487  3.822153  2.696219  1.48855  0.146132  -1.291635  -2.737185  0  0  0  0  0  0  0  0  0  0  0  0  0  0  0  0  0  0  0  0  0  0  0  0  0  0  0  0  0  0  0  0  0  0  0  0  0  0  0  0  0  0  0  0  0  0  0  0  0  0  0  0  0  0  0  0  0  0  0  0  0  0  0  0  0  -0.27985700000000024
g  8  7  -15.668337  -16.956721  -17.597225  -18.086544  -18.292364  -18.395152  -18.457617  -18.20138  -17.45531  -16.302402  -14.916358  -13.368432  -11.607975  -9.582387  -7.318448  -4.931215  -2.579282  -0.438874  1.385182  2.787392  3.683374  4.07036  0  0  0  0  0  0  0  0  0  0  0  0  0  0  0  0  0  0  0  0  0  0  0  0  0  0  0  0  0  0  0  0  0  0  0  0  0  0  0  0  0  0  0  0  0  0  0  0  0  0  0  0  0  0  0  0  0  0  0  0  0  0  0  0  0  0.038603000000000165
h  8  7  -8.909988  -6.90307  -5.191261  -4.289684  -4.410603  -4.465965  -4.293075  -3.909169  -3.29556  -2.397957  -1.372143  -0.273104  0.745956  1.507716  1.896556  1.930997  1.716091  1.297374  0.653673  -0.176887  -1.130536  -2.179308  0  0  0  0  0  0  0  0  0  0  0  0  0  0  0  0  0  0  0  0  0  0  0  0  0  0  0  0  0  0  0  0  0  0  0  0  0  0  0  0  0  0  0  0  0  0  0  0  0  0  0  0  0  0  0  0  0  0  0  0  0  0  0  0  0  -0.21369999999999978
g  8  8  -1.855206  -0.408023  0.944606  2.267638  3.885927  6.087369  8.449468  10.569566  11.994872  12.323814  11.401902  9.419262  6.604656  3.159941  -0.718747  -4.935406  -9.448265  -14.088939  -18.617319  -22.772677  -26.299663  -28.991799  0  0  0  0  0  0  0  0  0  0  0  0  0  0  0  0  0  0  0  0  0  0  0  0  0  0  0  0  0  0  0  0  0  0  0  0  0  0  0  0  0  0  0  0  0  0  0  0  0  0  0  0  0  0  0  0  0  0  0  0  0  0  0  0  0  -0.4639659999999992
h  8  8  2.187342  2.87803  3.348821  4.185342  5.050584  5.525961  5.514294  4.418423  2.438358  0.214758  -1.841934  -3.590868  -5.026073  -6.156897  -6.968363  -7.42678  -7.37665  -6.662976  -5.257591  -3.208287  -0.63968  2.283512  0  0  0  0  0  0  0  0  0  0  0  0  0  0  0  0  0  0  0  0  0  0  0  0  0  0  0  0  0  0  0  0  0  0  0  0  0  0  0  0  0  0  0  0  0  0  0  0  0  0  0  0  0  0  0  0  0  0  0  0  0  0  0  0  0  0.605127
g  9  0  5.440534  4.992678  5.489231  6.058605  6.201137  5.99089  5.546713  4.964413  4.288712  3.638164  3.171559  2.918245  2.902504  3.054894  3.294201  3.643576  4.088632  4.50682  4.860952  5.209553  5.565075  5.893684  0  0  0  0  0  0  0  0  0  0  0  0  0  0  0  0  0  0  0  0  0  0  0  0  0  0  0  0  0  0  0  0  0  0  0  0  0  0  0  0  0  0  0  0  0  0  0  0  0  0  0  0  0  0  0  0  0  0  0  0  0  0  0  0  0  0.06077300000000019
g  9  1  8.872651  8.175569  8.443974  8.551887  8.646619  8.79634  8.877324  8.954194  8.944192  8.860784  8.733433  8.535989  8.334105  8.266207  8.389629  8.665558  9.076098  9.6204  10.213158  10.748254  11.160183  11.488582  0  0  0  0  0  0  0  0  0  0  0  0  0  0  0  0  0  0  0  0  0  0  0  0  0  0  0  0  0  0  0  0  0  0  0  0  0  0  0  0  0  0  0  0  0  0  0  0  0  0  0  0  0  0  0  0  0  0  0  0  0  0  0  0  0  0.06288999999999945
h  9  1  -21.474342  -23.081497  -22.790118  -21.911555  -20.752486  -19.523814  -18.088881  -16.499624  -14.948717  -13.383256  -11.819145  -10.246777  -8.557259  -6.785677  -5.026548  -3.389166  -1.974178  -0.800861  0.151378  0.938399  1.591117  2.019804  0  0  0  0  0  0  0  0  0  0  0  0  0  0  0  0  0  0  0  0  0  0  0  0  0  0  0  0  0  0  0  0  0  0  0  0  0  0  0  0  0  0  0  0  0  0  0  0  0  0  0  0  0  0  0  0  0  0  0  0  0  0  0  0  0  0.06324500000000022
g  9  2  2.78852  3.027814  3.551678  4.417805  5.301918  5.996538  6.505585  6.761381  6.740813  6.417492  5.746788  4.78195  3.584493  2.25779  0.920082  -0.397781  -1.709129  -3.034608  -4.339004  -5.521449  -6.424765  -6.957845  0  0  0  0  0  0  0  0  0  0  0  0  0  0  0  0  0  0  0  0  0  0  0  0  0  0  0  0  0  0  0  0  0  0  0  0  0  0  0  0  0  0  0  0  0  0  0  0  0  0  0  0  0  0  0  0  0  0  0  0  0  0  0  0  0  -0.07289199999999951
h  9  2  10.56339  10.950713  10.635544  9.698217  8.590127  7.298448  5.982295  4.884267  3.999767  3.226399  2.48514  1.747792  1.058746  0.487906  0.102496  -0.019303  0.137536  0.529754  1.179034  2.096715  3.196797  4.397008  0  0  0  0  0  0  0  0  0  0  0  0  0  0  0  0  0  0  0  0  0  0  0  0  0  0  0  0  0  0  0  0  0  0  0  0  0  0  0  0  0  0  0  0  0  0  0  0  0  0  0  0  0  0  0  0  0  0  0  0  0  0  0  0  0  0.24850399999999961
g  9  3  -3.244667  -1.426483  -0.146593  0.58424  1.523101  2.491826  3.431204  4.473253  5.481163  6.527074  7.578313  8.56557  9.396193  9.993852  10.328201  10.497802  10.50818  10.301213  9.938097  9.499485  8.950715  8.178291  0  0  0  0  0  0  0  0  0  0  0  0  0  0  0  0  0  0  0  0  0  0  0  0  0  0  0  0  0  0  0  0  0  0  0  0  0  0  0  0  0  0  0  0  0  0  0  0  0  0  0  0  0  0  0  0  0  0  0  0  0  0  0  0  0  -0.17123699999999964
h  9  3  12.20509  9.971289  8.657868  8.134461  8.373977  8.660834  8.92977  9.181328  9.401164  9.580601  9.667152  9.542978  9.160783  8.463197  7.487047  6.25418  4.798793  3.275741  1.837496  0.595617  -0.42951  -1.273873  0  0  0  0  0  0  0  0  0  0  0  0  0  0  0  0  0  0  0  0  0  0  0  0  0  0  0  0  0  0  0  0  0  0  0  0  0  0  0  0  0  0  0  0  0  0  0  0  0  0  0  0  0  0  0  0  0  0  0  0  0  0  0  0  0  -0.15332199999999996
g  9  4  0.957027  -1.354906  -1.767458  -1.730495  -1.841359  -2.085094  -2.471823  -2.931317  -3.402528  -3.910589  -4.434795  -4.926462  -5.328118  -5.457426  -5.220637  -4.638653  -3.787887  -2.745177  -1.58587  -0.413331  0.561626  1.07532  0  0  0  0  0  0  0  0  0  0  0  0  0  0  0  0  0  0  0  0  0  0  0  0  0  0  0  0  0  0  0  0  0  0  0  0  0  0  0  0  0  0  0  0  0  0  0  0  0  0  0  0  0  0  0  0  0  0  0  0  0  0  0  0  0  0.05531100000000011
h  9  4  -7.189601  -5.244342  -4.538716  -4.239354  -4.08083  -3.879707  -3.6817  -3.274541  -2.645019  -1.868055  -1.008239  -0.066898  0.945118  2.01073  3.077401  4.035221  4.706685  4.989005  4.911417  4.529799  3.907414  3.122505  0  0  0  0  0  0  0  0  0  0  0  0  0  0  0  0  0  0  0  0  0  0  0  0  0  0  0  0  0  0  0  0  0  0  0  0  0  0  0  0  0  0  0  0  0  0  0  0  0  0  0  0  0  0  0  0  0  0  0  0  0  0  0  0  0  -0.16877500000000012
g  9  5  -13.227618  -13.279912  -14.401134  -16.059694  -17.453908  -18.543484  -19.710442  -20.595692  -21.042796  -21.274875  -21.262523  -21.079573  -20.87952  -20.605345  -20.22103  -19.679318  -18.898249  -17.903073  -16.749801  -15.534334  -14.397383  -13.446816  0  0  0  0  0  0  0  0  0  0  0  0  0  0  0  0  0  0  0  0  0  0  0  0  0  0  0  0  0  0  0  0  0  0  0  0  0  0  0  0  0  0  0  0  0  0  0  0  0  0  0  0  0  0  0  0  0  0  0  0  0  0  0  0  0  0.17143199999999936
h  9  5  -6.943925  -6.330219  -7.231113  -8.199605  -8.64232  -8.91772  -9.118223  -9.032289  -8.935593  -8.754072  -8.466418  -8.090494  -7.53647  -6.837597  -6.075779  -5.219968  -4.260202  -3.321922  -2.532466  -1.941345  -1.550995  -1.300023  0  0  0  0  0  0  0  0  0  0  0  0  0  0  0  0  0  0  0  0  0  0  0  0  0  0  0  0  0  0  0  0  0  0  0  0  0  0  0  0  0  0  0  0  0  0  0  0  0  0  0  0  0  0  0  0  0  0  0  0  0  0  0  0  0  0.039821000000000106
g  9  6  -0.399894  1.067638  1.827406  2.799076  4.040589  5.317719  6.606958  7.796812  8.814083  9.664545  10.329455  10.73346  10.884192  10.699715  10.072339  8.975833  7.453265  5.657317  3.795333  2.048301  0.576865  -0.450896  0  0  0  0  0  0  0  0  0  0  0  0  0  0  0  0  0  0  0  0  0  0  0  0  0  0  0  0  0  0  0  0  0  0  0  0  0  0  0  0  0  0  0  0  0  0  0  0  0  0  0  0  0  0  0  0  0  0  0  0  0  0  0  0  0  -0.166611
h  9  6  7.75125  7.87532  8.232853  8.745225  9.496609  10.113066  10.605681  10.819745  10.782327  10.588519  10.127959  9.349538  8.254919  6.876744  5.292726  3.681606  2.283016  1.322812  0.902652  1.053958  1.74709  2.871128  0  0  0  0  0  0  0  0  0  0  0  0  0  0  0  0  0  0  0  0  0  0  0  0  0  0  0  0  0  0  0  0  0  0  0  0  0  0  0  0  0  0  0  0  0  0  0  0  0  0  0  0  0  0  0  0  0  0  0  0  0  0  0  0  0  0.2507380000000001
g  9  7  8.487253  8.994507  8.631225  7.55362  5.856321  4.017252  2.086512  0.08169  -1.821855  -3.53881  -5.048707  -6.223587  -7.01611  -7.472982  -7.71474  -7.916943  -8.228447  -8.747716  -9.491088  -10.424549  -11.474733  -12.470274  0  0  0  0  0  0  0  0  0  0  0  0  0  0  0  0  0  0  0  0  0  0  0  0  0  0  0  0  0  0  0  0  0  0  0  0  0  0  0  0  0  0  0  0  0  0  0  0  0  0  0  0  0  0  0  0  0  0  0  0  0  0  0  0  0  -0.18482599999999927
h  9  7  0.99843  0.517934  -0.067579  -0.578097  -0.960116  -1.084683  -1.05207  -0.789381  -0.398561  0.04518  0.567477  1.191637  1.861149  2.489604  2.95844  3.20888  3.316579  3.364034  3.406911  3.517799  3.784165  4.274441  0  0  0  0  0  0  0  0  0  0  0  0  0  0  0  0  0  0  0  0  0  0  0  0  0  0  0  0  0  0  0  0  0  0  0  0  0  0  0  0  0  0  0  0  0  0  0  0  0  0  0  0  0  0  0  0  0  0  0  0  0  0  0  0  0  0.1187560000000003
g  9  8  -9.139165  -9.196117  -8.864658  -7.876567  -6.390031  -4.82471  -3.214171  -1.425458  0.556956  2.510499  4.340402  6.108296  7.79194  9.299146  10.587559  11.669445  12.569925  13.289656  13.766776  13.885675  13.544333  12.731428  0  0  0  0  0  0  0  0  0  0  0  0  0  0  0  0  0  0  0  0  0  0  0  0  0  0  0  0  0  0  0  0  0  0  0  0  0  0  0  0  0  0  0  0  0  0  0  0  0  0  0  0  0  0  0  0  0  0  0  0  0  0  0  0  0  -0.19739400000000096
h  9  8  -4.011907  -1.636557  -0.096482  0.928944  1.558278  2.20639  2.790447  3.382533  4.014401  4.505832  4.784362  4.839401  4.66829  4.309955  3.825232  3.221071  2.417078  1.295922  -0.215197  -2.07673  -4.135961  -6.189438  0  0  0  0  0  0  0  0  0  0  0  0  0  0  0  0  0  0  0  0  0  0  0  0  0  0  0  0  0  0  0  0  0  0  0  0  0  0  0  0  0  0  0  0  0  0  0  0  0  0  0  0  0  0  0  0  0  0  0  0  0  0  0  0  0  -0.3986320000000001
g  9  9  -10.420106  -11.492239  -10.786857  -9.824341  -8.610894  -7.013909  -5.320334  -3.756526  -2.550498  -1.874435  -1.735903  -2.097097  -2.900742  -4.039242  -5.434037  -7.05398  -8.843335  -10.6707  -12.393019  -13.902739  -15.1479  -16.118637  0  0  0  0  0  0  0  0  0  0  0  0  0  0  0  0  0  0  0  0  0  0  0  0  0  0  0  0  0  0  0  0  0  0  0  0  0  0  0  0  0  0  0  0  0  0  0  0  0  0  0  0  0  0  0  0  0  0  0  0  0  0  0  0  0  -0.1718119999999992
h  9  9  8.672075  9.605612  10.797511  11.800724  12.267083  12.1548  11.574625  10.512488  8.988747  7.176208  5.233685  3.230888  1.322925  -0.318581  -1.598267  -2.47027  -2.902096  -2.853724  -2.32494  -1.392051  -0.190234  1.125527  0  0  0  0  0  0  0  0  0  0  0  0  0  0  0  0  0  0  0  0  0  0  0  0  0  0  0  0  0  0  0  0  0  0  0  0  0  0  0  0  0  0  0  0  0  0  0  0  0  0  0  0  0  0  0  0  0  0  0  0  0  0  0  0  0  0.264964
g  10  0  -1.892109  -1.779457  -1.305664  -0.558867  -0.046751  0.262337  0.40858  0.405998  0.31876  0.164154  -0.053822  -0.298413  -0.500657  -0.617521  -0.663789  -0.659245  -0.599951  -0.506793  -0.40501  -0.300285  -0.215394  -0.145162  0  0  0  0  0  0  0  0  0  0  0  0  0  0  0  0  0  0  0  0  0  0  0  0  0  0  0  0  0  0  0  0  0  0  0  0  0  0  0  0  0  0  0  0  0  0  0  0  0  0  0  0  0  0  0  0  0  0  0  0  0  0  0  0  0  0.012706999999999996
g  10  1  -6.164316  -6.197183  -5.403276  -4.388643  -3.148278  -1.841184  -0.595505  0.447111  1.232366  1.804393  2.134687  2.181134  1.986251  1.643854  1.210543  0.725994  0.263533  -0.099719  -0.356436  -0.521035  -0.589805  -0.553856  0  0  0  0  0  0  0  0  0  0  0  0  0  0  0  0  0  0  0  0  0  0  0  0  0  0  0  0  0  0  0  0  0  0  0  0  0  0  0  0  0  0  0  0  0  0  0  0  0  0  0  0  0  0  0  0  0  0  0  0  0  0  0  0  0  0.014514000000000027
h  10  1  3.441019  3.682105  4.305954  5.182901  6.025433  6.818132  7.537413  8.168046  8.703737  9.18913  9.626366  9.979145  10.220223  10.37057  10.496909  10.633428  10.767935  10.878127  10.937917  10.920548  10.816688  10.654942  0  0  0  0  0  0  0  0  0  0  0  0  0  0  0  0  0  0  0  0  0  0  0  0  0  0  0  0  0  0  0  0  0  0  0  0  0  0  0  0  0  0  0  0  0  0  0  0  0  0  0  0  0  0  0  0  0  0  0  0  0  0  0  0  0  -0.036303000000000196
g  10  2  0.282324  -0.21403  -1.192869  -2.163933  -3.128571  -4.018446  -4.75954  -5.292571  -5.513726  -5.518183  -5.332639  -5.033604  -4.671116  -4.179641  -3.539411  -2.75931  -1.898235  -1.035085  -0.256891  0.329383  0.721696  1.047583  0  0  0  0  0  0  0  0  0  0  0  0  0  0  0  0  0  0  0  0  0  0  0  0  0  0  0  0  0  0  0  0  0  0  0  0  0  0  0  0  0  0  0  0  0  0  0  0  0  0  0  0  0  0  0  0  0  0  0  0  0  0  0  0  0  0.06717099999999998
h  10  2  -0.176617  -0.088531  0.35147  0.812328  1.168196  1.486725  1.902639  2.3667  2.788679  3.1498  3.408692  3.513495  3.483104  3.35597  3.146164  2.902079  2.669178  2.488337  2.366852  2.263555  2.163768  2.102948  0  0  0  0  0  0  0  0  0  0  0  0  0  0  0  0  0  0  0  0  0  0  0  0  0  0  0  0  0  0  0  0  0  0  0  0  0  0  0  0  0  0  0  0  0  0  0  0  0  0  0  0  0  0  0  0  0  0  0  0  0  0  0  0  0  -0.006949000000000094
g  10  3  0.598817  1.68826  2.385673  2.707724  2.904895  2.94469  2.805979  2.338667  1.628207  0.757607  -0.253999  -1.362332  -2.499602  -3.60484  -4.612513  -5.459953  -6.130239  -6.635165  -6.979054  -7.174702  -7.250814  -7.233152  0  0  0  0  0  0  0  0  0  0  0  0  0  0  0  0  0  0  0  0  0  0  0  0  0  0  0  0  0  0  0  0  0  0  0  0  0  0  0  0  0  0  0  0  0  0  0  0  0  0  0  0  0  0  0  0  0  0  0  0  0  0  0  0  0  0.010261000000000742
h  10  3  4.575713  3.571539  3.536985  3.270719  3.016039  2.627174  2.209704  1.839421  1.561856  1.345476  1.153874  0.991303  0.863744  0.768453  0.672799  0.539436  0.364996  0.166878  -0.012901  -0.124421  -0.146105  -0.102765  0  0  0  0  0  0  0  0  0  0  0  0  0  0  0  0  0  0  0  0  0  0  0  0  0  0  0  0  0  0  0  0  0  0  0  0  0  0  0  0  0  0  0  0  0  0  0  0  0  0  0  0  0  0  0  0  0  0  0  0  0  0  0  0  0  0.013093000000000007
g  10  4  -0.473507  -0.984011  -1.155715  -1.027489  -0.720606  -0.587534  -0.73019  -0.873971  -0.986965  -1.193326  -1.437556  -1.756338  -2.191853  -2.645024  -3.080366  -3.437192  -3.61924  -3.625337  -3.515628  -3.309478  -3.013722  -2.660772  0  0  0  0  0  0  0  0  0  0  0  0  0  0  0  0  0  0  0  0  0  0  0  0  0  0  0  0  0  0  0  0  0  0  0  0  0  0  0  0  0  0  0  0  0  0  0  0  0  0  0  0  0  0  0  0  0  0  0  0  0  0  0  0  0  0.07276900000000008
h  10  4  4.245342  4.84469  4.9138  4.833553  5.157136  5.47164  5.813368  6.263531  6.642473  7.006507  7.354694  7.594673  7.754076  7.897445  8.034463  8.179131  8.288043  8.312562  8.280114  8.235503  8.190757  8.135353  0  0  0  0  0  0  0  0  0  0  0  0  0  0  0  0  0  0  0  0  0  0  0  0  0  0  0  0  0  0  0  0  0  0  0  0  0  0  0  0  0  0  0  0  0  0  0  0  0  0  0  0  0  0  0  0  0  0  0  0  0  0  0  0  0  -0.012416999999999234
g  10  5  1.814368  0.748403  -0.192841  -1.11473  -1.93746  -2.673526  -3.396577  -3.905183  -4.172956  -4.232039  -4.13347  -3.948938  -3.738731  -3.511563  -3.300615  -3.151866  -3.009225  -2.78395  -2.43635  -1.985204  -1.485171  -0.993866  0  0  0  0  0  0  0  0  0  0  0  0  0  0  0  0  0  0  0  0  0  0  0  0  0  0  0  0  0  0  0  0  0  0  0  0  0  0  0  0  0  0  0  0  0  0  0  0  0  0  0  0  0  0  0  0  0  0  0  0  0  0  0  0  0  0.09562100000000007
h  10  5  -7.782633  -8.729996  -9.604238  -10.417523  -10.889209  -11.057525  -11.03213  -10.962631  -10.866871  -10.703861  -10.484388  -10.262623  -10.071792  -9.89258  -9.668118  -9.312552  -8.783708  -8.110024  -7.316387  -6.407152  -5.426839  -4.451035  0  0  0  0  0  0  0  0  0  0  0  0  0  0  0  0  0  0  0  0  0  0  0  0  0  0  0  0  0  0  0  0  0  0  0  0  0  0  0  0  0  0  0  0  0  0  0  0  0  0  0  0  0  0  0  0  0  0  0  0  0  0  0  0  0  0.1907639999999997
g  10  6  -0.613124  -0.767291  -0.673966  -0.466167  -0.462632  -0.568893  -0.83416  -1.190092  -1.596498  -1.99778  -2.353133  -2.650187  -2.894231  -3.0932  -3.274457  -3.479238  -3.735746  -4.013119  -4.27371  -4.518527  -4.775574  -5.087737  0  0  0  0  0  0  0  0  0  0  0  0  0  0  0  0  0  0  0  0  0  0  0  0  0  0  0  0  0  0  0  0  0  0  0  0  0  0  0  0  0  0  0  0  0  0  0  0  0  0  0  0  0  0  0  0  0  0  0  0  0  0  0  0  0  -0.06963499999999989
h  10  6  -0.726703  -0.056812  0.531919  0.88271  1.090769  1.196765  1.263551  1.370771  1.537334  1.782187  2.096541  2.418729  2.731328  3.009044  3.217026  3.35824  3.442276  3.455549  3.395614  3.273077  3.10537  2.897337  0  0  0  0  0  0  0  0  0  0  0  0  0  0  0  0  0  0  0  0  0  0  0  0  0  0  0  0  0  0  0  0  0  0  0  0  0  0  0  0  0  0  0  0  0  0  0  0  0  0  0  0  0  0  0  0  0  0  0  0  0  0  0  0  0  -0.04459400000000002
g  10  7  2.168696  1.890128  2.208573  2.427876  2.412527  2.520133  2.674787  2.660227  2.393809  1.850292  1.062197  0.138119  -0.836492  -1.816686  -2.734535  -3.52616  -4.164254  -4.650834  -4.992639  -5.215673  -5.357569  -5.428431  0  0  0  0  0  0  0  0  0  0  0  0  0  0  0  0  0  0  0  0  0  0  0  0  0  0  0  0  0  0  0  0  0  0  0  0  0  0  0  0  0  0  0  0  0  0  0  0  0  0  0  0  0  0  0  0  0  0  0  0  0  0  0  0  0  -0.009148999999999852
h  10  7  -4.311557  -4.455105  -4.842291  -4.963145  -5.088825  -5.383211  -5.726259  -6.107489  -6.507163  -6.909778  -7.208609  -7.310769  -7.20154  -6.913435  -6.4728  -5.923786  -5.314667  -4.698976  -4.122596  -3.608622  -3.175388  -2.82229  0  0  0  0  0  0  0  0  0  0  0  0  0  0  0  0  0  0  0  0  0  0  0  0  0  0  0  0  0  0  0  0  0  0  0  0  0  0  0  0  0  0  0  0  0  0  0  0  0  0  0  0  0  0  0  0  0  0  0  0  0  0  0  0  0  0.06527899999999986
g  10  8  2.283288  1.628118  0.948362  0.317084  -0.319799  -0.841447  -1.248703  -1.553226  -1.693733  -1.655641  -1.518448  -1.357661  -1.229452  -1.202002  -1.29789  -1.521106  -1.866616  -2.26651  -2.612845  -2.812676  -2.818017  -2.617466  0  0  0  0  0  0  0  0  0  0  0  0  0  0  0  0  0  0  0  0  0  0  0  0  0  0  0  0  0  0  0  0  0  0  0  0  0  0  0  0  0  0  0  0  0  0  0  0  0  0  0  0  0  0  0  0  0  0  0  0  0  0  0  0  0  0.05423800000000023
h  10  8  -2.726292  -3.759222  -4.448208  -4.830123  -5.125077  -5.468381  -5.686777  -5.800849  -5.878185  -5.970547  -6.145326  -6.40433  -6.718876  -7.031234  -7.269897  -7.409723  -7.454676  -7.418509  -7.328617  -7.21535  -7.120634  -7.090167  0  0  0  0  0  0  0  0  0  0  0  0  0  0  0  0  0  0  0  0  0  0  0  0  0  0  0  0  0  0  0  0  0  0  0  0  0  0  0  0  0  0  0  0  0  0  0  0  0  0  0  0  0  0  0  0  0  0  0  0  0  0  0  0  0  7.899999999949614e-05
g  10  9  -1.771106  -2.469963  -2.571224  -2.279248  -1.719337  -1.199744  -0.716553  -0.225637  0.331635  0.993754  1.752476  2.572091  3.40527  4.20326  4.942935  5.616994  6.182279  6.570625  6.729016  6.621545  6.245807  5.654888  0  0  0  0  0  0  0  0  0  0  0  0  0  0  0  0  0  0  0  0  0  0  0  0  0  0  0  0  0  0  0  0  0  0  0  0  0  0  0  0  0  0  0  0  0  0  0  0  0  0  0  0  0  0  0  0  0  0  0  0  0  0  0  0  0  -0.132606
h  10  9  -1.145669  -0.371557  0.251003  0.803489  1.386933  2.014193  2.632702  3.309462  4.039407  4.717725  5.244525  5.610347  5.798867  5.796638  5.577061  5.087412  4.301773  3.277519  2.125371  0.975874  -0.048586  -0.869194  0  0  0  0  0  0  0  0  0  0  0  0  0  0  0  0  0  0  0  0  0  0  0  0  0  0  0  0  0  0  0  0  0  0  0  0  0  0  0  0  0  0  0  0  0  0  0  0  0  0  0  0  0  0  0  0  0  0  0  0  0  0  0  0  0  -0.14521700000000004
g  10  10  -3.572844  -3.730051  -3.526678  -3.359275  -3.223513  -2.944545  -2.482466  -2.007608  -1.752523  -1.866746  -2.367897  -3.232683  -4.362748  -5.603254  -6.832728  -7.973841  -8.971085  -9.767685  -10.290934  -10.483435  -10.30546  -9.722791  0  0  0  0  0  0  0  0  0  0  0  0  0  0  0  0  0  0  0  0  0  0  0  0  0  0  0  0  0  0  0  0  0  0  0  0  0  0  0  0  0  0  0  0  0  0  0  0  0  0  0  0  0  0  0  0  0  0  0  0  0  0  0  0  0  0.15033299999999983
h  10  10  -8.473656  -8.72802  -8.782346  -8.773573  -8.726415  -8.70349  -8.710404  -8.86247  -9.251355  -9.794584  -10.356768  -10.786426  -10.941726  -10.747147  -10.18649  -9.263206  -7.986195  -6.400108  -4.603533  -2.723003  -0.877837  0.831401  0  0  0  0  0  0  0  0  0  0  0  0  0  0  0  0  0  0  0  0  0  0  0  0  0  0  0  0  0  0  0  0  0  0  0  0  0  0  0  0  0  0  0  0  0  0  0  0  0  0  0  0  0  0  0  0  0  0  0  0  0  0  0  0  0  0.3265119999999999
g  11  0  3.016085  2.985865  3.26731  3.383015  3.351296  3.200888  2.925354  2.602709  2.30283  2.010603  1.695868  1.343913  0.954416  0.550591  0.16918  -0.169081  -0.443983  -0.657369  -0.802734  -0.849408  -0.806309  -0.733937  0  0  0  0  0  0  0  0  0  0  0  0  0  0  0  0  0  0  0  0  0  0  0  0  0  0  0  0  0  0  0  0  0  0  0  0  0  0  0  0  0  0  0  0  0  0  0  0  0  0  0  0  0  0  0  0  0  0  0  0  0  0  0  0  0  0.014484000000000052
g  11  1  -1.271531  -1.302146  -1.258669  -1.2128  -1.114393  -0.941879  -0.752195  -0.575503  -0.441744  -0.354166  -0.273976  -0.213139  -0.190257  -0.195735  -0.234179  -0.331307  -0.513802  -0.780529  -1.127377  -1.555813  -2.06707  -2.646663  0  0  0  0  0  0  0  0  0  0  0  0  0  0  0  0  0  0  0  0  0  0  0  0  0  0  0  0  0  0  0  0  0  0  0  0  0  0  0  0  0  0  0  0  0  0  0  0  0  0  0  0  0  0  0  0  0  0  0  0  0  0  0  0  0  -0.12045700000000004
h  11  1  0.072279  0.26213  0.539537  0.974069  1.414541  1.801085  2.212672  2.640294  3.094845  3.561724  4.037934  4.517283  4.989065  5.45616  5.891878  6.276165  6.583286  6.796524  6.894961  6.861435  6.708059  6.473125  0  0  0  0  0  0  0  0  0  0  0  0  0  0  0  0  0  0  0  0  0  0  0  0  0  0  0  0  0  0  0  0  0  0  0  0  0  0  0  0  0  0  0  0  0  0  0  0  0  0  0  0  0  0  0  0  0  0  0  0  0  0  0  0  0  -0.05173400000000061
g  11  2  -2.258947  -2.321716  -2.315349  -2.291813  -2.341092  -2.43314  -2.551753  -2.706374  -2.891657  -3.115806  -3.391364  -3.685302  -3.932346  -4.080734  -4.112056  -4.021732  -3.844423  -3.627111  -3.395336  -3.162182  -2.917322  -2.647576  0  0  0  0  0  0  0  0  0  0  0  0  0  0  0  0  0  0  0  0  0  0  0  0  0  0  0  0  0  0  0  0  0  0  0  0  0  0  0  0  0  0  0  0  0  0  0  0  0  0  0  0  0  0  0  0  0  0  0  0  0  0  0  0  0  0.05602600000000013
h  11  2  2.127568  2.430537  2.621628  2.584133  2.392226  2.137529  1.860104  1.609096  1.369041  1.128753  0.911028  0.750723  0.655381  0.626258  0.660713  0.752411  0.900694  1.097005  1.322211  1.55293  1.755354  1.886345  0  0  0  0  0  0  0  0  0  0  0  0  0  0  0  0  0  0  0  0  0  0  0  0  0  0  0  0  0  0  0  0  0  0  0  0  0  0  0  0  0  0  0  0  0  0  0  0  0  0  0  0  0  0  0  0  0  0  0  0  0  0  0  0  0  0.019085999999999936
g  11  3  1.807614  2.478291  2.637432  2.451216  2.279883  2.145378  2.010716  1.878422  1.801012  1.773888  1.767989  1.78718  1.809633  1.795743  1.733094  1.656813  1.613131  1.596869  1.598311  1.622761  1.659267  1.695638  0  0  0  0  0  0  0  0  0  0  0  0  0  0  0  0  0  0  0  0  0  0  0  0  0  0  0  0  0  0  0  0  0  0  0  0  0  0  0  0  0  0  0  0  0  0  0  0  0  0  0  0  0  0  0  0  0  0  0  0  0  0  0  0  0  0.008178000000000019
h  11  3  -0.500489  -0.609074  -0.645663  -0.614502  -0.366235  -0.052597  0.130027  0.309094  0.440633  0.486471  0.476907  0.406724  0.313667  0.234758  0.190931  0.193472  0.224934  0.271096  0.337673  0.417811  0.49578  0.576449  0  0  0  0  0  0  0  0  0  0  0  0  0  0  0  0  0  0  0  0  0  0  0  0  0  0  0  0  0  0  0  0  0  0  0  0  0  0  0  0  0  0  0  0  0  0  0  0  0  0  0  0  0  0  0  0  0  0  0  0  0  0  0  0  0  0.017931999999999948
g  11  4  -0.732578  -0.83697  -0.729614  -0.396378  0.027409  0.437445  0.72869  0.91764  1.003002  0.99858  0.964085  0.929226  0.922857  0.974906  1.065849  1.158902  1.223674  1.247479  1.228831  1.168358  1.0497  0.845167  0  0  0  0  0  0  0  0  0  0  0  0  0  0  0  0  0  0  0  0  0  0  0  0  0  0  0  0  0  0  0  0  0  0  0  0  0  0  0  0  0  0  0  0  0  0  0  0  0  0  0  0  0  0  0  0  0  0  0  0  0  0  0  0  0  -0.04779599999999995
h  11  4  -1.112473  -0.503602  0.016638  0.334041  0.578097  0.718537  0.827852  0.945916  1.054194  1.148247  1.254032  1.384576  1.525686  1.640194  1.702593  1.710275  1.663105  1.569382  1.441929  1.290741  1.133911  1.006441  0  0  0  0  0  0  0  0  0  0  0  0  0  0  0  0  0  0  0  0  0  0  0  0  0  0  0  0  0  0  0  0  0  0  0  0  0  0  0  0  0  0  0  0  0  0  0  0  0  0  0  0  0  0  0  0  0  0  0  0  0  0  0  0  0  -0.02178200000000019
g  11  5  0.563388  0.259888  0.050332  -0.12785  -0.32479  -0.423507  -0.576029  -0.717963  -0.802646  -0.825741  -0.792865  -0.68813  -0.51786  -0.314517  -0.086056  0.141968  0.353334  0.565385  0.789711  1.010512  1.191028  1.28928  0  0  0  0  0  0  0  0  0  0  0  0  0  0  0  0  0  0  0  0  0  0  0  0  0  0  0  0  0  0  0  0  0  0  0  0  0  0  0  0  0  0  0  0  0  0  0  0  0  0  0  0  0  0  0  0  0  0  0  0  0  0  0  0  0  0.011925999999999881
h  11  5  0.49642  0.654712  0.262978  -0.036247  -0.170245  -0.264593  -0.471515  -0.71983  -0.980159  -1.272124  -1.558035  -1.824622  -2.077436  -2.298463  -2.5028  -2.700411  -2.863995  -3.000213  -3.134231  -3.246102  -3.312333  -3.329577  0  0  0  0  0  0  0  0  0  0  0  0  0  0  0  0  0  0  0  0  0  0  0  0  0  0  0  0  0  0  0  0  0  0  0  0  0  0  0  0  0  0  0  0  0  0  0  0  0  0  0  0  0  0  0  0  0  0  0  0  0  0  0  0  0  -0.0004919999999999369
g  11  6  -0.613698  -0.663008  -0.671117  -0.605377  -0.534093  -0.561721  -0.650536  -0.779847  -0.954928  -1.131417  -1.263617  -1.350931  -1.404474  -1.4444  -1.490882  -1.540295  -1.58408  -1.61722  -1.629732  -1.608554  -1.542321  -1.421514  0  0  0  0  0  0  0  0  0  0  0  0  0  0  0  0  0  0  0  0  0  0  0  0  0  0  0  0  0  0  0  0  0  0  0  0  0  0  0  0  0  0  0  0  0  0  0  0  0  0  0  0  0  0  0  0  0  0  0  0  0  0  0  0  0  0.027495000000000047
h  11  6  -0.068212  -0.319046  -0.031693  0.368274  0.799955  1.245567  1.629034  1.890696  2.036025  2.109251  2.141573  2.113062  2.051464  1.981502  1.900976  1.809973  1.72093  1.658475  1.645951  1.698621  1.808431  1.934573  0  0  0  0  0  0  0  0  0  0  0  0  0  0  0  0  0  0  0  0  0  0  0  0  0  0  0  0  0  0  0  0  0  0  0  0  0  0  0  0  0  0  0  0  0  0  0  0  0  0  0  0  0  0  0  0  0  0  0  0  0  0  0  0  0  0.023548000000000124
g  11  7  0.153188  -0.110972  -0.211643  -0.270373  -0.294463  -0.223173  -0.110638  -0.069086  -0.060147  -0.084618  -0.168841  -0.275281  -0.388453  -0.528516  -0.698078  -0.893305  -1.105568  -1.313375  -1.476315  -1.568883  -1.598291  -1.564096  0  0  0  0  0  0  0  0  0  0  0  0  0  0  0  0  0  0  0  0  0  0  0  0  0  0  0  0  0  0  0  0  0  0  0  0  0  0  0  0  0  0  0  0  0  0  0  0  0  0  0  0  0  0  0  0  0  0  0  0  0  0  0  0  0  0.011813000000000073
h  11  7  -2.244445  -1.719215  -1.277784  -0.996593  -0.806995  -0.618001  -0.489065  -0.354445  -0.159445  0.039175  0.225721  0.41115  0.572013  0.713353  0.830817  0.904402  0.92442  0.9111  0.898147  0.910409  0.947582  0.997186  0  0  0  0  0  0  0  0  0  0  0  0  0  0  0  0  0  0  0  0  0  0  0  0  0  0  0  0  0  0  0  0  0  0  0  0  0  0  0  0  0  0  0  0  0  0  0  0  0  0  0  0  0  0  0  0  0  0  0  0  0  0  0  0  0  0.01031100000000007
g  11  8  1.700158  1.528871  1.577424  1.615144  1.762169  2.073643  2.430362  2.770072  3.054293  3.283973  3.500139  3.720769  3.937609  4.125752  4.245067  4.236384  4.038974  3.655774  3.143936  2.558104  1.940817  1.334614  0  0  0  0  0  0  0  0  0  0  0  0  0  0  0  0  0  0  0  0  0  0  0  0  0  0  0  0  0  0  0  0  0  0  0  0  0  0  0  0  0  0  0  0  0  0  0  0  0  0  0  0  0  0  0  0  0  0  0  0  0  0  0  0  0  -0.11814999999999998
h  11  8  -1.261768  -1.611139  -1.616165  -1.460061  -1.337551  -1.275635  -1.202043  -1.159244  -1.248354  -1.412852  -1.628445  -1.901646  -2.242311  -2.664569  -3.153012  -3.687431  -4.212127  -4.658481  -4.998501  -5.232897  -5.364096  -5.39374  0  0  0  0  0  0  0  0  0  0  0  0  0  0  0  0  0  0  0  0  0  0  0  0  0  0  0  0  0  0  0  0  0  0  0  0  0  0  0  0  0  0  0  0  0  0  0  0  0  0  0  0  0  0  0  0  0  0  0  0  0  0  0  0  0  0.0021369999999993894
g  11  9  -0.155404  -0.526962  -0.618171  -0.708524  -0.79371  -0.82056  -0.854821  -0.86612  -0.862488  -0.847061  -0.820268  -0.793475  -0.734187  -0.59593  -0.365659  -0.055395  0.293055  0.630139  0.910648  1.092668  1.161524  1.151166  0  0  0  0  0  0  0  0  0  0  0  0  0  0  0  0  0  0  0  0  0  0  0  0  0  0  0  0  0  0  0  0  0  0  0  0  0  0  0  0  0  0  0  0  0  0  0  0  0  0  0  0  0  0  0  0  0  0  0  0  0  0  0  0  0  -0.00607000000000002
h  11  9  -2.463433  -2.897517  -3.128325  -3.202109  -3.228898  -3.239091  -3.193107  -3.071851  -2.854111  -2.568829  -2.228358  -1.827125  -1.377723  -0.925871  -0.534041  -0.259018  -0.130024  -0.138683  -0.244654  -0.379322  -0.461393  -0.421636  0  0  0  0  0  0  0  0  0  0  0  0  0  0  0  0  0  0  0  0  0  0  0  0  0  0  0  0  0  0  0  0  0  0  0  0  0  0  0  0  0  0  0  0  0  0  0  0  0  0  0  0  0  0  0  0  0  0  0  0  0  0  0  0  0  0.020194999999999963
g  11  10  0.492205  0.342621  0.215324  0.101913  0.069  0.05648  0.018407  0.004645  0.047975  0.172675  0.363525  0.594153  0.84438  1.082672  1.292329  1.490063  1.693031  1.876811  1.979695  1.932679  1.687344  1.246673  0  0  0  0  0  0  0  0  0  0  0  0  0  0  0  0  0  0  0  0  0  0  0  0  0  0  0  0  0  0  0  0  0  0  0  0  0  0  0  0  0  0  0  0  0  0  0  0  0  0  0  0  0  0  0  0  0  0  0  0  0  0  0  0  0  -0.10168100000000013
h  11  10  -2.223511  -2.087525  -2.114602  -2.12725  -2.093331  -2.020718  -1.858347  -1.581095  -1.219407  -0.845827  -0.513385  -0.24322  -0.061243  0.019098  0.017011  -0.035806  -0.134274  -0.29575  -0.540524  -0.861598  -1.222466  -1.57012  0  0  0  0  0  0  0  0  0  0  0  0  0  0  0  0  0  0  0  0  0  0  0  0  0  0  0  0  0  0  0  0  0  0  0  0  0  0  0  0  0  0  0  0  0  0  0  0  0  0  0  0  0  0  0  0  0  0  0  0  0  0  0  0  0  -0.06564900000000007
g  11  11  3.58813  3.30427  3.269901  3.187109  3.108351  3.128596  3.279765  3.438472  3.48303  3.37667  3.135677  2.795605  2.396377  1.963506  1.504445  1.021233  0.539196  0.123276  -0.145542  -0.206592  -0.042889  0.322018  0  0  0  0  0  0  0  0  0  0  0  0  0  0  0  0  0  0  0  0  0  0  0  0  0  0  0  0  0  0  0  0  0  0  0  0  0  0  0  0  0  0  0  0  0  0  0  0  0  0  0  0  0  0  0  0  0  0  0  0  0  0  0  0  0  0.08716100000000002
h  11  11  -2.295031  -2.486108  -2.404158  -2.296187  -2.16094  -1.988758  -1.839658  -1.795797  -1.863337  -1.986723  -2.107879  -2.183046  -2.206462  -2.177779  -2.098936  -1.950226  -1.687016  -1.28269  -0.751934  -0.161025  0.398125  0.846328  0  0  0  0  0  0  0  0  0  0  0  0  0  0  0  0  0  0  0  0  0  0  0  0  0  0  0  0  0  0  0  0  0  0  0  0  0  0  0  0  0  0  0  0  0  0  0  0  0  0  0  0  0  0  0  0  0  0  0  0  0  0  0  0  0  0.07815099999999997
g  12  0  -2.05105  -1.900689  -1.657644  -1.400596  -1.219227  -1.081317  -0.959507  -0.868827  -0.778606  -0.684115  -0.60704  -0.547519  -0.519788  -0.527955  -0.564211  -0.63202  -0.717809  -0.802655  -0.876774  -0.936074  -0.986854  -1.031635  0  0  0  0  0  0  0  0  0  0  0  0  0  0  0  0  0  0  0  0  0  0  0  0  0  0  0  0  0  0  0  0  0  0  0  0  0  0  0  0  0  0  0  0  0  0  0  0  0  0  0  0  0  0  0  0  0  0  0  0  0  0  0  0  0  -0.008255000000000123
g  12  1  -0.25955  -0.147782  -0.228943  -0.321803  -0.393614  -0.464698  -0.523182  -0.567684  -0.599043  -0.614083  -0.619176  -0.609618  -0.588738  -0.560322  -0.535909  -0.525404  -0.527486  -0.525872  -0.509731  -0.470543  -0.404293  -0.32134  0  0  0  0  0  0  0  0  0  0  0  0  0  0  0  0  0  0  0  0  0  0  0  0  0  0  0  0  0  0  0  0  0  0  0  0  0  0  0  0  0  0  0  0  0  0  0  0  0  0  0  0  0  0  0  0  0  0  0  0  0  0  0  0  0  0.01685500000000001
h  12  1  -0.914571  -0.983998  -0.964876  -0.94131  -0.891074  -0.821475  -0.73877  -0.642708  -0.547399  -0.481887  -0.441852  -0.427225  -0.432018  -0.444852  -0.459149  -0.466988  -0.46469  -0.462113  -0.46028  -0.450267  -0.433801  -0.425284  0  0  0  0  0  0  0  0  0  0  0  0  0  0  0  0  0  0  0  0  0  0  0  0  0  0  0  0  0  0  0  0  0  0  0  0  0  0  0  0  0  0  0  0  0  0  0  0  0  0  0  0  0  0  0  0  0  0  0  0  0  0  0  0  0  0.00043799999999999395
g  12  2  0.366072  0.403945  0.338129  0.177256  -0.022177  -0.274563  -0.553797  -0.82485  -1.036666  -1.199631  -1.350419  -1.488161  -1.612119  -1.705008  -1.751789  -1.759774  -1.738527  -1.712204  -1.699487  -1.71177  -1.744483  -1.783277  0  0  0  0  0  0  0  0  0  0  0  0  0  0  0  0  0  0  0  0  0  0  0  0  0  0  0  0  0  0  0  0  0  0  0  0  0  0  0  0  0  0  0  0  0  0  0  0  0  0  0  0  0  0  0  0  0  0  0  0  0  0  0  0  0  -0.008288000000000073
h  12  2  0.282611  0.333346  0.335395  0.29054  0.225672  0.191267  0.180001  0.237484  0.316796  0.370099  0.413561  0.433516  0.437376  0.448322  0.474315  0.502212  0.528054  0.558793  0.588234  0.598878  0.580317  0.535689  0  0  0  0  0  0  0  0  0  0  0  0  0  0  0  0  0  0  0  0  0  0  0  0  0  0  0  0  0  0  0  0  0  0  0  0  0  0  0  0  0  0  0  0  0  0  0  0  0  0  0  0  0  0  0  0  0  0  0  0  0  0  0  0  0  -0.010924000000000045
g  12  3  1.371  1.395069  1.48439  1.538876  1.629949  1.728554  1.802492  1.811386  1.737671  1.599071  1.42467  1.246388  1.085061  0.941886  0.808659  0.685174  0.591809  0.547199  0.54663  0.574506  0.619434  0.686647  0  0  0  0  0  0  0  0  0  0  0  0  0  0  0  0  0  0  0  0  0  0  0  0  0  0  0  0  0  0  0  0  0  0  0  0  0  0  0  0  0  0  0  0  0  0  0  0  0  0  0  0  0  0  0  0  0  0  0  0  0  0  0  0  0  0.015298000000000034
h  12  3  1.668995  1.233852  1.076728  0.863861  0.666718  0.511036  0.371384  0.268021  0.195423  0.120231  0.030492  -0.067524  -0.149735  -0.19679  -0.208174  -0.19605  -0.17992  -0.181275  -0.20788  -0.25696  -0.321466  -0.397872  0  0  0  0  0  0  0  0  0  0  0  0  0  0  0  0  0  0  0  0  0  0  0  0  0  0  0  0  0  0  0  0  0  0  0  0  0  0  0  0  0  0  0  0  0  0  0  0  0  0  0  0  0  0  0  0  0  0  0  0  0  0  0  0  0  -0.015653000000000028
g  12  4  -0.67709  -1.070799  -1.186782  -1.28887  -1.312614  -1.346095  -1.370511  -1.370372  -1.314371  -1.222965  -1.118679  -0.995692  -0.875452  -0.764437  -0.676891  -0.627022  -0.594891  -0.554841  -0.499082  -0.4173  -0.294891  -0.134912  0  0  0  0  0  0  0  0  0  0  0  0  0  0  0  0  0  0  0  0  0  0  0  0  0  0  0  0  0  0  0  0  0  0  0  0  0  0  0  0  0  0  0  0  0  0  0  0  0  0  0  0  0  0  0  0  0  0  0  0  0  0  0  0  0  0.03419900000000001
h  12  4  -2.27468  -1.965528  -1.920013  -1.967715  -1.952057  -1.910056  -1.79319  -1.578541  -1.341422  -1.105482  -0.86608  -0.629825  -0.399205  -0.171326  0.058357  0.304352  0.589518  0.903999  1.229427  1.544708  1.822568  2.048097  0  0  0  0  0  0  0  0  0  0  0  0  0  0  0  0  0  0  0  0  0  0  0  0  0  0  0  0  0  0  0  0  0  0  0  0  0  0  0  0  0  0  0  0  0  0  0  0  0  0  0  0  0  0  0  0  0  0  0  0  0  0  0  0  0  0.041223999999999705
g  12  5  0.958834  0.618731  0.511198  0.437921  0.403229  0.405258  0.411721  0.41851  0.45402  0.493637  0.540859  0.600271  0.671374  0.752408  0.833353  0.888964  0.906082  0.887099  0.849045  0.808743  0.77544  0.75106  0  0  0  0  0  0  0  0  0  0  0  0  0  0  0  0  0  0  0  0  0  0  0  0  0  0  0  0  0  0  0  0  0  0  0  0  0  0  0  0  0  0  0  0  0  0  0  0  0  0  0  0  0  0  0  0  0  0  0  0  0  0  0  0  0  -0.00361800000000001
h  12  5  0.221563  0.05646  -0.00738  -0.084229  -0.093937  -0.111424  -0.160545  -0.226643  -0.292672  -0.333537  -0.345782  -0.360598  -0.397472  -0.445668  -0.501037  -0.561798  -0.617956  -0.646835  -0.621935  -0.526794  -0.382462  -0.233674  0  0  0  0  0  0  0  0  0  0  0  0  0  0  0  0  0  0  0  0  0  0  0  0  0  0  0  0  0  0  0  0  0  0  0  0  0  0  0  0  0  0  0  0  0  0  0  0  0  0  0  0  0  0  0  0  0  0  0  0  0  0  0  0  0  0.02830900000000003
g  12  6  0.117601  0.344881  0.619832  0.955289  1.204135  1.304407  1.362915  1.35754  1.270496  1.143944  0.999963  0.865449  0.770167  0.736293  0.786489  0.91594  1.09712  1.303239  1.513927  1.699928  1.825129  1.859884  0  0  0  0  0  0  0  0  0  0  0  0  0  0  0  0  0  0  0  0  0  0  0  0  0  0  0  0  0  0  0  0  0  0  0  0  0  0  0  0  0  0  0  0  0  0  0  0  0  0  0  0  0  0  0  0  0  0  0  0  0  0  0  0  0  -0.0010329999999998396
h  12  6  0.654528  0.722049  0.730159  0.722445  0.689408  0.625364  0.521687  0.367781  0.180046  -0.012198  -0.178354  -0.324936  -0.449755  -0.561145  -0.67249  -0.79487  -0.941499  -1.118362  -1.317142  -1.522744  -1.723026  -1.918642  0  0  0  0  0  0  0  0  0  0  0  0  0  0  0  0  0  0  0  0  0  0  0  0  0  0  0  0  0  0  0  0  0  0  0  0  0  0  0  0  0  0  0  0  0  0  0  0  0  0  0  0  0  0  0  0  0  0  0  0  0  0  0  0  0  -0.03918200000000005
g  12  7  0.508828  0.520693  0.500941  0.445493  0.281632  0.069034  -0.137862  -0.309136  -0.47888  -0.634798  -0.785433  -0.938561  -1.092294  -1.243064  -1.371672  -1.454927  -1.475063  -1.424443  -1.316041  -1.190634  -1.091136  -1.03607  0  0  0  0  0  0  0  0  0  0  0  0  0  0  0  0  0  0  0  0  0  0  0  0  0  0  0  0  0  0  0  0  0  0  0  0  0  0  0  0  0  0  0  0  0  0  0  0  0  0  0  0  0  0  0  0  0  0  0  0  0  0  0  0  0  0.007312999999999903
h  12  7  -0.156949  -0.132748  -0.154632  -0.138016  -0.075092  -0.01849  0.003616  0.025632  0.054267  0.066099  0.052257  0.034458  0.023528  0.017342  0.016951  0.026434  0.038431  0.029212  -0.014217  -0.084912  -0.173097  -0.269008  0  0  0  0  0  0  0  0  0  0  0  0  0  0  0  0  0  0  0  0  0  0  0  0  0  0  0  0  0  0  0  0  0  0  0  0  0  0  0  0  0  0  0  0  0  0  0  0  0  0  0  0  0  0  0  0  0  0  0  0  0  0  0  0  0  -0.019810000000000022
g  12  8  -0.372524  -0.271663  -0.216654  -0.168945  -0.119002  -0.082426  -0.082458  -0.124488  -0.1732  -0.207438  -0.22094  -0.215585  -0.194746  -0.178359  -0.179177  -0.19669  -0.240046  -0.314172  -0.406229  -0.49873  -0.575554  -0.619587  0  0  0  0  0  0  0  0  0  0  0  0  0  0  0  0  0  0  0  0  0  0  0  0  0  0  0  0  0  0  0  0  0  0  0  0  0  0  0  0  0  0  0  0  0  0  0  0  0  0  0  0  0  0  0  0  0  0  0  0  0  0  0  0  0  -0.006156999999999968
h  12  8  0.224555  0.496333  0.550314  0.566839  0.53743  0.485994  0.447382  0.48212  0.583187  0.70971  0.827456  0.923786  0.983704  0.985466  0.927027  0.819622  0.688431  0.570869  0.483919  0.432779  0.412249  0.410058  0  0  0  0  0  0  0  0  0  0  0  0  0  0  0  0  0  0  0  0  0  0  0  0  0  0  0  0  0  0  0  0  0  0  0  0  0  0  0  0  0  0  0  0  0  0  0  0  0  0  0  0  0  0  0  0  0  0  0  0  0  0  0  0  0  0.0004269999999999552
g  12  9  -0.322553  -0.507444  -0.35764  -0.168592  0.088895  0.347679  0.603436  0.811177  0.939646  0.984624  0.960084  0.882528  0.776722  0.660389  0.544332  0.449106  0.383233  0.344014  0.337027  0.377722  0.485028  0.67044  0  0  0  0  0  0  0  0  0  0  0  0  0  0  0  0  0  0  0  0  0  0  0  0  0  0  0  0  0  0  0  0  0  0  0  0  0  0  0  0  0  0  0  0  0  0  0  0  0  0  0  0  0  0  0  0  0  0  0  0  0  0  0  0  0  0.04277300000000006
h  12  9  0.403462  0.163513  0.26884  0.391609  0.49453  0.594548  0.649325  0.620661  0.498245  0.333083  0.178907  0.067801  -0.000282  -0.033036  -0.038004  -0.030413  -0.031349  -0.041754  -0.046014  -0.031156  5.3e-05  0.031357  0  0  0  0  0  0  0  0  0  0  0  0  0  0  0  0  0  0  0  0  0  0  0  0  0  0  0  0  0  0  0  0  0  0  0  0  0  0  0  0  0  0  0  0  0  0  0  0  0  0  0  0  0  0  0  0  0  0  0  0  0  0  0  0  0  0.005521000000000002
g  12  10  0.24139  0.129216  0.117929  0.018421  -0.144879  -0.345249  -0.547624  -0.710529  -0.826878  -0.902654  -0.93582  -0.930002  -0.908547  -0.881628  -0.855526  -0.827167  -0.77344  -0.676597  -0.531572  -0.342222  -0.118702  0.129183  0  0  0  0  0  0  0  0  0  0  0  0  0  0  0  0  0  0  0  0  0  0  0  0  0  0  0  0  0  0  0  0  0  0  0  0  0  0  0  0  0  0  0  0  0  0  0  0  0  0  0  0  0  0  0  0  0  0  0  0  0  0  0  0  0  0.050801999999999986
h  12  10  -0.888403  -1.017118  -1.057665  -1.068005  -1.019984  -0.926063  -0.796049  -0.619981  -0.393667  -0.142317  0.106313  0.32963  0.523244  0.695395  0.859875  1.03708  1.24069  1.465113  1.695802  1.914116  2.097616  2.22359  0  0  0  0  0  0  0  0  0  0  0  0  0  0  0  0  0  0  0  0  0  0  0  0  0  0  0  0  0  0  0  0  0  0  0  0  0  0  0  0  0  0  0  0  0  0  0  0  0  0  0  0  0  0  0  0  0  0  0  0  0  0  0  0  0  0.019658000000000175
g  12  11  -0.775915  -1.006449  -0.926792  -0.786252  -0.579908  -0.384849  -0.209035  -0.05417  0.100792  0.268549  0.43856  0.60014  0.748532  0.875132  0.970631  1.028241  1.025793  0.937307  0.753548  0.482089  0.14716  -0.208614  0  0  0  0  0  0  0  0  0  0  0  0  0  0  0  0  0  0  0  0  0  0  0  0  0  0  0  0  0  0  0  0  0  0  0  0  0  0  0  0  0  0  0  0  0  0  0  0  0  0  0  0  0  0  0  0  0  0  0  0  0  0  0  0  0  -0.070546
h  12  11  0.007826  0.052535  0.314476  0.545432  0.728113  0.878179  1.031368  1.190023  1.33577  1.448396  1.502968  1.49201  1.408227  1.252901  1.035296  0.761894  0.431946  0.059376  -0.327131  -0.686683  -0.977787  -1.163907  0  0  0  0  0  0  0  0  0  0  0  0  0  0  0  0  0  0  0  0  0  0  0  0  0  0  0  0  0  0  0  0  0  0  0  0  0  0  0  0  0  0  0  0  0  0  0  0  0  0  0  0  0  0  0  0  0  0  0  0  0  0  0  0  0  -0.027474
g  12  12  -0.057351  -0.153515  -0.263536  -0.354644  -0.406902  -0.389255  -0.318708  -0.252805  -0.249839  -0.337077  -0.526406  -0.808084  -1.149358  -1.504334  -1.826277  -2.077983  -2.232887  -2.268485  -2.172141  -1.94956  -1.620337  -1.210657  0  0  0  0  0  0  0  0  0  0  0  0  0  0  0  0  0  0  0  0  0  0  0  0  0  0  0  0  0  0  0  0  0  0  0  0  0  0  0  0  0  0  0  0  0  0  0  0  0  0  0  0  0  0  0  0  0  0  0  0  0  0  0  0  0  0.08672599999999986
h  12  12  0.803351  0.508287  0.52649  0.548322  0.579837  0.620408  0.644492  0.607948  0.50164  0.338152  0.166015  0.045806  0.024361  0.12648  0.352289  0.680327  1.078052  1.511281  1.945742  2.343334  2.671808  2.90887  0  0  0  0  0  0  0  0  0  0  0  0  0  0  0  0  0  0  0  0  0  0  0  0  0  0  0  0  0  0  0  0  0  0  0  0  0  0  0  0  0  0  0  0  0  0  0  0  0  0  0  0  0  0  0  0  0  0  0  0  0  0  0  0  0  0.03933999999999971
g  13  0  -0.028249  0.147802  0.307261  0.412234  0.498263  0.549298  0.570427  0.574671  0.579111  0.583454  0.567297  0.535706  0.491724  0.437375  0.37955  0.32554  0.283229  0.265924  0.280806  0.326469  0.394148  0.469694  0  0  0  0  0  0  0  0  0  0  0  0  0  0  0  0  0  0  0  0  0  0  0  0  0  0  0  0  0  0  0  0  0  0  0  0  0  0  0  0  0  0  0  0  0  0  0  0  0  0  0  0  0  0  0  0  0  0  0  0  0  0  0  0  0  0.015129999999999977
g  13  1  -0.852397  -0.893928  -1.000793  -1.064092  -1.068546  -1.048834  -1.031115  -1.011565  -0.996484  -0.990515  -0.985866  -0.975555  -0.959621  -0.9352  -0.899086  -0.856706  -0.81715  -0.777719  -0.72583  -0.649895  -0.548651  -0.434733  0  0  0  0  0  0  0  0  0  0  0  0  0  0  0  0  0  0  0  0  0  0  0  0  0  0  0  0  0  0  0  0  0  0  0  0  0  0  0  0  0  0  0  0  0  0  0  0  0  0  0  0  0  0  0  0  0  0  0  0  0  0  0  0  0  0.023299000000000014
h  13  1  -0.764655  -0.711459  -0.629217  -0.547436  -0.501869  -0.483036  -0.472407  -0.463682  -0.44322  -0.419336  -0.391258  -0.356046  -0.321161  -0.285845  -0.257425  -0.244094  -0.237177  -0.227711  -0.216516  -0.209425  -0.207841  -0.201145  0  0  0  0  0  0  0  0  0  0  0  0  0  0  0  0  0  0  0  0  0  0  0  0  0  0  0  0  0  0  0  0  0  0  0  0  0  0  0  0  0  0  0  0  0  0  0  0  0  0  0  0  0  0  0  0  0  0  0  0  0  0  0  0  0  0.0021780000000000133
g  13  2  0.287356  0.476208  0.480546  0.468541  0.431421  0.371025  0.266527  0.121139  -0.034002  -0.176803  -0.299841  -0.393667  -0.449784  -0.467006  -0.452384  -0.413867  -0.361915  -0.309544  -0.267796  -0.241086  -0.232681  -0.244128  0  0  0  0  0  0  0  0  0  0  0  0  0  0  0  0  0  0  0  0  0  0  0  0  0  0  0  0  0  0  0  0  0  0  0  0  0  0  0  0  0  0  0  0  0  0  0  0  0  0  0  0  0  0  0  0  0  0  0  0  0  0  0  0  0  -0.003986000000000017
h  13  2  0.343902  0.411582  0.341067  0.226981  0.098957  -0.047511  -0.204269  -0.349237  -0.469402  -0.553995  -0.604692  -0.61846  -0.597689  -0.555598  -0.507476  -0.465517  -0.437501  -0.422957  -0.420629  -0.426364  -0.432051  -0.437471  0  0  0  0  0  0  0  0  0  0  0  0  0  0  0  0  0  0  0  0  0  0  0  0  0  0  0  0  0  0  0  0  0  0  0  0  0  0  0  0  0  0  0  0  0  0  0  0  0  0  0  0  0  0  0  0  0  0  0  0  0  0  0  0  0  -0.001464999999999994
g  13  3  0.659588  0.711076  0.716848  0.679209  0.637424  0.600237  0.564627  0.520281  0.47016  0.410852  0.342398  0.269466  0.19795  0.131005  0.07173  0.022742  -0.008116  -0.014641  0.000576  0.038563  0.093382  0.153184  0  0  0  0  0  0  0  0  0  0  0  0  0  0  0  0  0  0  0  0  0  0  0  0  0  0  0  0  0  0  0  0  0  0  0  0  0  0  0  0  0  0  0  0  0  0  0  0  0  0  0  0  0  0  0  0  0  0  0  0  0  0  0  0  0  0.011954999999999993
h  13  3  1.412307  1.272359  1.126087  0.994029  0.911963  0.882024  0.867415  0.869579  0.889271  0.895082  0.879016  0.848563  0.815263  0.795589  0.797035  0.819521  0.855876  0.886003  0.892809  0.87269  0.831421  0.782482  0  0  0  0  0  0  0  0  0  0  0  0  0  0  0  0  0  0  0  0  0  0  0  0  0  0  0  0  0  0  0  0  0  0  0  0  0  0  0  0  0  0  0  0  0  0  0  0  0  0  0  0  0  0  0  0  0  0  0  0  0  0  0  0  0  -0.009851999999999972
g  13  4  -0.3418  -0.32978  -0.313259  -0.217814  -0.077975  0.053575  0.156192  0.238517  0.287022  0.321018  0.351809  0.380722  0.404194  0.416403  0.405591  0.36141  0.279525  0.171432  0.055014  -0.055667  -0.148276  -0.207775  0  0  0  0  0  0  0  0  0  0  0  0  0  0  0  0  0  0  0  0  0  0  0  0  0  0  0  0  0  0  0  0  0  0  0  0  0  0  0  0  0  0  0  0  0  0  0  0  0  0  0  0  0  0  0  0  0  0  0  0  0  0  0  0  0  -0.008624999999999994
h  13  4  -0.519168  -0.353937  -0.317577  -0.30219  -0.29172  -0.271149  -0.239756  -0.205377  -0.186898  -0.177848  -0.17979  -0.192363  -0.21155  -0.243246  -0.288506  -0.339863  -0.37793  -0.382296  -0.354567  -0.310896  -0.263617  -0.218068  0  0  0  0  0  0  0  0  0  0  0  0  0  0  0  0  0  0  0  0  0  0  0  0  0  0  0  0  0  0  0  0  0  0  0  0  0  0  0  0  0  0  0  0  0  0  0  0  0  0  0  0  0  0  0  0  0  0  0  0  0  0  0  0  0  0.008556999999999981
g  13  5  0.978901  0.563717  0.315588  0.080973  -0.201954  -0.43966  -0.628872  -0.783106  -0.892488  -0.959363  -0.99533  -1.009565  -0.998441  -0.966545  -0.919942  -0.868774  -0.836959  -0.834207  -0.855782  -0.894511  -0.943375  -0.99477  0  0  0  0  0  0  0  0  0  0  0  0  0  0  0  0  0  0  0  0  0  0  0  0  0  0  0  0  0  0  0  0  0  0  0  0  0  0  0  0  0  0  0  0  0  0  0  0  0  0  0  0  0  0  0  0  0  0  0  0  0  0  0  0  0  -0.00984700000000005
h  13  5  -1.151731  -1.073488  -1.112184  -1.140584  -1.155529  -1.138408  -1.097966  -1.062536  -1.006761  -0.939163  -0.872802  -0.801902  -0.738463  -0.685513  -0.644907  -0.625503  -0.61952  -0.608156  -0.575917  -0.511032  -0.410619  -0.284639  0  0  0  0  0  0  0  0  0  0  0  0  0  0  0  0  0  0  0  0  0  0  0  0  0  0  0  0  0  0  0  0  0  0  0  0  0  0  0  0  0  0  0  0  0  0  0  0  0  0  0  0  0  0  0  0  0  0  0  0  0  0  0  0  0  0.026473000000000024
g  13  6  -0.080972  0.032016  0.062608  0.076817  0.073478  0.076686  0.062882  0.029198  -0.042265  -0.13891  -0.243987  -0.339177  -0.41642  -0.469398  -0.490385  -0.479625  -0.442726  -0.395125  -0.357689  -0.341383  -0.346901  -0.372058  0  0  0  0  0  0  0  0  0  0  0  0  0  0  0  0  0  0  0  0  0  0  0  0  0  0  0  0  0  0  0  0  0  0  0  0  0  0  0  0  0  0  0  0  0  0  0  0  0  0  0  0  0  0  0  0  0  0  0  0  0  0  0  0  0  -0.006419000000000008
h  13  6  -0.04607  -0.122258  -0.026003  0.07401  0.126129  0.170863  0.213845  0.254811  0.289449  0.310647  0.318161  0.31301  0.308856  0.310824  0.316956  0.321716  0.321428  0.315129  0.307815  0.30625  0.313496  0.326409  0  0  0  0  0  0  0  0  0  0  0  0  0  0  0  0  0  0  0  0  0  0  0  0  0  0  0  0  0  0  0  0  0  0  0  0  0  0  0  0  0  0  0  0  0  0  0  0  0  0  0  0  0  0  0  0  0  0  0  0  0  0  0  0  0  0.0027389999999999914
g  13  7  0.905741  0.785582  0.734241  0.721969  0.697167  0.681502  0.699603  0.732871  0.761799  0.784005  0.795733  0.792148  0.767186  0.716574  0.6412  0.554257  0.469505  0.39851  0.351124  0.326086  0.311359  0.30077  0  0  0  0  0  0  0  0  0  0  0  0  0  0  0  0  0  0  0  0  0  0  0  0  0  0  0  0  0  0  0  0  0  0  0  0  0  0  0  0  0  0  0  0  0  0  0  0  0  0  0  0  0  0  0  0  0  0  0  0  0  0  0  0  0  -0.002053000000000027
h  13  7  0.396773  0.19736  0.226951  0.281215  0.322926  0.352732  0.363166  0.350247  0.32509  0.28813  0.236364  0.175252  0.112853  0.057575  0.017449  -0.00671  -0.016495  -0.009309  0.014637  0.051093  0.087677  0.105833  0  0  0  0  0  0  0  0  0  0  0  0  0  0  0  0  0  0  0  0  0  0  0  0  0  0  0  0  0  0  0  0  0  0  0  0  0  0  0  0  0  0  0  0  0  0  0  0  0  0  0  0  0  0  0  0  0  0  0  0  0  0  0  0  0  0.0012399999999999911
g  13  8  -0.149417  -0.106293  -0.15142  -0.219091  -0.28322  -0.330712  -0.364619  -0.387422  -0.38879  -0.369059  -0.327549  -0.265803  -0.193631  -0.129415  -0.081507  -0.049152  -0.030054  -0.018822  -0.006162  0.011977  0.034512  0.060305  0  0  0  0  0  0  0  0  0  0  0  0  0  0  0  0  0  0  0  0  0  0  0  0  0  0  0  0  0  0  0  0  0  0  0  0  0  0  0  0  0  0  0  0  0  0  0  0  0  0  0  0  0  0  0  0  0  0  0  0  0  0  0  0  0  0.005204999999999994
h  13  8  -0.078417  -0.104955  -0.162401  -0.156341  -0.140531  -0.13534  -0.108507  -0.053376  0.004323  0.060999  0.113773  0.153879  0.163284  0.132487  0.077911  0.01622  -0.041913  -0.083859  -0.104522  -0.107914  -0.09987  -0.088694  0  0  0  0  0  0  0  0  0  0  0  0  0  0  0  0  0  0  0  0  0  0  0  0  0  0  0  0  0  0  0  0  0  0  0  0  0  0  0  0  0  0  0  0  0  0  0  0  0  0  0  0  0  0  0  0  0  0  0  0  0  0  0  0  0  0.0019610000000000044
g  13  9  0.390938  0.448128  0.541411  0.612266  0.639427  0.618565  0.559758  0.467295  0.362177  0.257016  0.153126  0.045534  -0.057283  -0.143071  -0.209324  -0.255451  -0.283773  -0.304162  -0.323667  -0.347256  -0.375458  -0.401903  0  0  0  0  0  0  0  0  0  0  0  0  0  0  0  0  0  0  0  0  0  0  0  0  0  0  0  0  0  0  0  0  0  0  0  0  0  0  0  0  0  0  0  0  0  0  0  0  0  0  0  0  0  0  0  0  0  0  0  0  0  0  0  0  0  -0.004825000000000024
h  13  9  0.494323  0.446403  0.352315  0.208419  0.039074  -0.111859  -0.215167  -0.270905  -0.287737  -0.27417  -0.24518  -0.203336  -0.150389  -0.094864  -0.042532  0.004176  0.038153  0.053921  0.062067  0.081381  0.122655  0.192927  0  0  0  0  0  0  0  0  0  0  0  0  0  0  0  0  0  0  0  0  0  0  0  0  0  0  0  0  0  0  0  0  0  0  0  0  0  0  0  0  0  0  0  0  0  0  0  0  0  0  0  0  0  0  0  0  0  0  0  0  0  0  0  0  0  0.016553999999999985
g  13  10  0.010153  0.056525  0.107473  0.132571  0.146893  0.144303  0.12963  0.096626  0.048246  -0.003462  -0.052615  -0.099791  -0.150604  -0.208333  -0.270586  -0.338886  -0.409133  -0.472074  -0.522727  -0.565709  -0.613349  -0.672162  0  0  0  0  0  0  0  0  0  0  0  0  0  0  0  0  0  0  0  0  0  0  0  0  0  0  0  0  0  0  0  0  0  0  0  0  0  0  0  0  0  0  0  0  0  0  0  0  0  0  0  0  0  0  0  0  0  0  0  0  0  0  0  0  0  -0.012660000000000005
h  13  10  0.472675  0.441882  0.502748  0.529757  0.530411  0.511072  0.45831  0.364629  0.253905  0.147189  0.05695  -0.022899  -0.101254  -0.181613  -0.267611  -0.356398  -0.435236  -0.495639  -0.53971  -0.569925  -0.583843  -0.57312  0  0  0  0  0  0  0  0  0  0  0  0  0  0  0  0  0  0  0  0  0  0  0  0  0  0  0  0  0  0  0  0  0  0  0  0  0  0  0  0  0  0  0  0  0  0  0  0  0  0  0  0  0  0  0  0  0  0  0  0  0  0  0  0  0  0.004682999999999993
g  13  11  0.452694  0.468919  0.484171  0.460044  0.408641  0.333757  0.230803  0.114356  -0.0011  -0.112318  -0.209709  -0.285764  -0.332238  -0.344206  -0.319648  -0.264322  -0.194675  -0.121644  -0.047444  0.019744  0.065446  0.082784  0  0  0  0  0  0  0  0  0  0  0  0  0  0  0  0  0  0  0  0  0  0  0  0  0  0  0  0  0  0  0  0  0  0  0  0  0  0  0  0  0  0  0  0  0  0  0  0  0  0  0  0  0  0  0  0  0  0  0  0  0  0  0  0  0  0.0011869999999999936
h  13  11  -0.364375  -0.277722  -0.310701  -0.364505  -0.42027  -0.464949  -0.490451  -0.49372  -0.468776  -0.418778  -0.349403  -0.259405  -0.153333  -0.042175  0.065067  0.157303  0.22506  0.262866  0.267283  0.235493  0.174852  0.10563  0  0  0  0  0  0  0  0  0  0  0  0  0  0  0  0  0  0  0  0  0  0  0  0  0  0  0  0  0  0  0  0  0  0  0  0  0  0  0  0  0  0  0  0  0  0  0  0  0  0  0  0  0  0  0  0  0  0  0  0  0  0  0  0  0  -0.013213000000000003
g  13  12  -0.379997  -0.560879  -0.610878  -0.576614  -0.511243  -0.420619  -0.327436  -0.238642  -0.143027  -0.039035  0.063035  0.151973  0.221857  0.271754  0.30124  0.310286  0.293967  0.240635  0.1384  -0.016726  -0.215856  -0.438533  0  0  0  0  0  0  0  0  0  0  0  0  0  0  0  0  0  0  0  0  0  0  0  0  0  0  0  0  0  0  0  0  0  0  0  0  0  0  0  0  0  0  0  0  0  0  0  0  0  0  0  0  0  0  0  0  0  0  0  0  0  0  0  0  0  -0.04522100000000001
h  13  12  -0.380582  -0.328036  -0.158565  0.019083  0.187884  0.315242  0.416289  0.504743  0.565977  0.579991  0.542347  0.46125  0.349662  0.220828  0.082615  -0.065208  -0.227572  -0.399801  -0.56537  -0.701328  -0.786309  -0.804985  0  0  0  0  0  0  0  0  0  0  0  0  0  0  0  0  0  0  0  0  0  0  0  0  0  0  0  0  0  0  0  0  0  0  0  0  0  0  0  0  0  0  0  0  0  0  0  0  0  0  0  0  0  0  0  0  0  0  0  0  0  0  0  0  0  0.002084000000000086
g  13  13  -0.464503  -0.426843  -0.496578  -0.511967  -0.472092  -0.382184  -0.269748  -0.176594  -0.129376  -0.136519  -0.188627  -0.268363  -0.357947  -0.444705  -0.524562  -0.596032  -0.649239  -0.664346  -0.620871  -0.510126  -0.340311  -0.135822  0  0  0  0  0  0  0  0  0  0  0  0  0  0  0  0  0  0  0  0  0  0  0  0  0  0  0  0  0  0  0  0  0  0  0  0  0  0  0  0  0  0  0  0  0  0  0  0  0  0  0  0  0  0  0  0  0  0  0  0  0  0  0  0  0  0.042159
h  13  13  -0.607602  -0.56318  -0.40553  -0.257332  -0.112512  0.007636  0.074274  0.069767  0.002936  -0.09264  -0.17907  -0.232091  -0.248305  -0.234546  -0.200211  -0.144736  -0.059192  0.055306  0.179542  0.281689  0.327196  0.291159  0  0  0  0  0  0  0  0  0  0  0  0  0  0  0  0  0  0  0  0  0  0  0  0  0  0  0  0  0  0  0  0  0  0  0  0  0  0  0  0  0  0  0  0  0  0  0  0  0  0  0  0  0  0  0  0  0  0  0  0  0  0  0  0  0  -0.014245999999999981
