# 2019 MPG data assimilation forecast
# units of nT 
c/s d o  GUFM1  GUFM1  GUFM1  GUFM1  GUFM1  GUFM1  GUFM1  GUFM1  GUFM1  GUFM1  GUFM1  GUFM1  GUFM1  GUFM1  GUFM1  GUFM1  GUFM1  GUFM1  GUFM1  GUFM1  GUFM1  GUFM1  GUFM1  GUFM1  GUFM1  GUFM1  GUFM1  GUFM1  GUFM1  GUFM1  GUFM1  GUFM1  GUFM1  GUFM1  GUFM1  GUFM1  GUFM1  GUFM1  GUFM1  GUFM1  GUFM1  GUFM1  GUFM1  GUFM1  GUFM1  GUFM1  GUFM1  GUFM1  GUFM1  GUFM1  GUFM1  GUFM1  GUFM1  GUFM1  GUFM1  GUFM1  GUFM1  GUFM1  GUFM1  GUFM1  GUFM1  GUFM1   IGRF   IGRF   IGRF   IGRF   IGRF   IGRF   IGRF   IGRF   IGRF   DGRF   DGRF   DGRF   DGRF   DGRF   DGRF   DGRF   DGRF   DGRF   DGRF   DGRF   DGRF      DGRF      DGRF     DGRF     IGRF      SV
g/h n m 1590.0 1595.0 1600.0 1605.0 1610.0 1615.0 1620.0 1625.0 1630.0 1635.0 1640.0 1645.0 1650.0 1655.0 1660.0 1665.0 1670.0 1675.0 1680.0 1685.0 1690.0 1695.0 1700.0 1705.0 1710.0 1715.0 1720.0 1725.0 1730.0 1735.0 1740.0 1745.0 1750.0 1755.0 1760.0 1765.0 1770.0 1775.0 1780.0 1785.0 1790.0 1795.0 1800.0 1805.0 1810.0 1815.0 1820.0 1825.0 1830.0 1835.0 1840.0 1845.0 1850.0 1855.0 1860.0 1865.0 1870.0 1875.0 1880.0 1885.0 1890.0 1895.0 1900.0 1905.0 1910.0 1915.0 1920.0 1925.0 1930.0 1935.0 1940.0 1945.0 1950.0 1955.0 1960.0 1965.0 1970.0 1975.0 1980.0 1985.0 1990.0 1995.0 2000.0    2005.0    2010.0   2015.0   2020.0 2020-25
g  1  0  -29441.598236  -29403.494926  -29352.343142  -29287.2255  -29211.312029  -29129.4781  -29040.842404  -28947.620626  -28845.799226  -28740.80143  -28635.523501  -28533.256844  -28437.620879  -28351.521307  -28272.859357  -28198.137452  -28124.249858  -28048.754216  -27971.853118  -27893.271638  -27811.334879  -27726.327483  0  0  0  0  0  0  0  0  0  0  0  0  0  0  0  0  0  0  0  0  0  0  0  0  0  0  0  0  0  0  0  0  0  0  0  0  0  0  0  0  0  0  0  0  0  0  0  0  0  0  0  0  0  0  0  0  0  0  0  0  0  0  0  0  0  17.107200999998895
g  1  1  -1502.018288  -1450.357963  -1451.761457  -1477.375887  -1503.447712  -1529.472515  -1552.782627  -1569.66547  -1585.325  -1600.421604  -1613.802282  -1630.881478  -1653.924487  -1683.766436  -1722.05658  -1767.317584  -1816.925813  -1869.596514  -1923.889112  -1978.169047  -2030.447395  -2079.945815  0  0  0  0  0  0  0  0  0  0  0  0  0  0  0  0  0  0  0  0  0  0  0  0  0  0  0  0  0  0  0  0  0  0  0  0  0  0  0  0  0  0  0  0  0  0  0  0  0  0  0  0  0  0  0  0  0  0  0  0  0  0  0  0  0  -9.691013999999996
h  1  1  4796.135181  4652.761472  4524.998713  4423.548474  4330.831704  4254.133031  4185.63973  4106.622082  4018.069947  3923.848429  3822.522134  3713.424032  3598.421125  3483.191127  3371.651857  3265.048877  3163.913497  3071.074869  2987.170249  2910.451796  2839.000186  2773.100236  0  0  0  0  0  0  0  0  0  0  0  0  0  0  0  0  0  0  0  0  0  0  0  0  0  0  0  0  0  0  0  0  0  0  0  0  0  0  0  0  0  0  0  0  0  0  0  0  0  0  0  0  0  0  0  0  0  0  0  0  0  0  0  0  0  -12.667707999999948
g  2  0  -2446.389098  -2500.039906  -2542.014437  -2570.002526  -2599.017358  -2632.54049  -2677.368072  -2733.344047  -2802.374279  -2885.67968  -2976.307262  -3064.492863  -3146.711572  -3220.833324  -3282.49705  -3330.166988  -3364.204623  -3386.191502  -3397.784882  -3400.257105  -3394.449893  -3381.948443  0  0  0  0  0  0  0  0  0  0  0  0  0  0  0  0  0  0  0  0  0  0  0  0  0  0  0  0  0  0  0  0  0  0  0  0  0  0  0  0  0  0  0  0  0  0  0  0  0  0  0  0  0  0  0  0  0  0  0  0  0  0  0  0  0  2.9279379999998127
g  2  1  3011.786202  2982.583629  2972.470841  2976.442033  2981.259027  2981.480333  2989.769129  3011.068409  3039.023546  3066.78471  3088.579861  3102.900365  3112.372098  3119.322413  3123.21126  3125.081184  3126.298209  3126.663208  3126.534451  3126.757956  3128.184061  3129.580739  0  0  0  0  0  0  0  0  0  0  0  0  0  0  0  0  0  0  0  0  0  0  0  0  0  0  0  0  0  0  0  0  0  0  0  0  0  0  0  0  0  0  0  0  0  0  0  0  0  0  0  0  0  0  0  0  0  0  0  0  0  0  0  0  0  0.18216100000017832
h  2  1  -2845.587344  -2991.085983  -3109.281275  -3207.570958  -3300.893204  -3395.710448  -3492.722506  -3596.583749  -3706.95483  -3823.982116  -3946.756269  -4069.367485  -4187.58355  -4301.066635  -4410.091389  -4516.318184  -4621.943863  -4729.099652  -4839.554096  -4953.006671  -5067.701488  -5183.101999  0  0  0  0  0  0  0  0  0  0  0  0  0  0  0  0  0  0  0  0  0  0  0  0  0  0  0  0  0  0  0  0  0  0  0  0  0  0  0  0  0  0  0  0  0  0  0  0  0  0  0  0  0  0  0  0  0  0  0  0  0  0  0  0  0  -23.141505000000507
g  2  2  1676.696669  1676.350008  1650.469496  1603.746188  1546.520353  1480.179282  1414.323788  1350.714279  1285.884856  1220.920433  1156.085403  1086.08184  1006.166973  915.926496  816.947212  712.443063  605.994163  499.807305  394.616258  291.239389  189.677388  87.504021  0  0  0  0  0  0  0  0  0  0  0  0  0  0  0  0  0  0  0  0  0  0  0  0  0  0  0  0  0  0  0  0  0  0  0  0  0  0  0  0  0  0  0  0  0  0  0  0  0  0  0  0  0  0  0  0  0  0  0  0  0  0  0  0  0  -20.635368
h  2  2  -642.288487  -733.453078  -819.473226  -885.977891  -939.408451  -993.361748  -1053.366541  -1122.197475  -1198.746074  -1280.586508  -1366.908141  -1459.624077  -1554.094862  -1644.154051  -1726.644344  -1800.700874  -1867.481055  -1928.363178  -1985.218262  -2039.443793  -2091.25067  -2138.823549  0  0  0  0  0  0  0  0  0  0  0  0  0  0  0  0  0  0  0  0  0  0  0  0  0  0  0  0  0  0  0  0  0  0  0  0  0  0  0  0  0  0  0  0  0  0  0  0  0  0  0  0  0  0  0  0  0  0  0  0  0  0  0  0  0  -9.027270000000044
g  3  0  1350.015637  1363.403238  1374.994398  1381.999324  1389.58468  1400.036892  1402.703255  1396.866101  1385.206172  1371.983268  1362.341542  1359.235446  1359.650307  1359.745165  1357.689802  1352.229488  1342.604697  1329.901002  1314.762102  1296.817574  1275.405535  1250.85008  0  0  0  0  0  0  0  0  0  0  0  0  0  0  0  0  0  0  0  0  0  0  0  0  0  0  0  0  0  0  0  0  0  0  0  0  0  0  0  0  0  0  0  0  0  0  0  0  0  0  0  0  0  0  0  0  0  0  0  0  0  0  0  0  0  -5.134618000000046
g  3  1  -2352.152443  -2381.142796  -2414.412152  -2444.756287  -2470.896337  -2489.964599  -2506.075718  -2520.15231  -2536.775385  -2558.100904  -2581.754221  -2600.876082  -2610.727218  -2611.247345  -2602.958687  -2586.268794  -2562.107549  -2532.243838  -2497.915801  -2459.901409  -2418.128375  -2372.810432  0  0  0  0  0  0  0  0  0  0  0  0  0  0  0  0  0  0  0  0  0  0  0  0  0  0  0  0  0  0  0  0  0  0  0  0  0  0  0  0  0  0  0  0  0  0  0  0  0  0  0  0  0  0  0  0  0  0  0  0  0  0  0  0  0  9.329943999999614
h  3  1  -114.785606  -81.644223  -49.891075  -17.730123  17.79724  59.856235  105.391857  142.803385  175.53773  205.086209  235.362031  270.432776  307.923859  345.186662  380.891813  414.314137  445.075676  474.315958  503.143212  532.318845  562.543785  594.018187  0  0  0  0  0  0  0  0  0  0  0  0  0  0  0  0  0  0  0  0  0  0  0  0  0  0  0  0  0  0  0  0  0  0  0  0  0  0  0  0  0  0  0  0  0  0  0  0  0  0  0  0  0  0  0  0  0  0  0  0  0  0  0  0  0  6.39554899999996
g  3  2  1225.552737  1235.547605  1250.472781  1264.611787  1273.451537  1275.113436  1274.221892  1273.141412  1271.612143  1270.480193  1267.730765  1262.625129  1255.358528  1247.239646  1240.282194  1236.441093  1236.719207  1240.485886  1246.753556  1255.335632  1265.215451  1274.741121  0  0  0  0  0  0  0  0  0  0  0  0  0  0  0  0  0  0  0  0  0  0  0  0  0  0  0  0  0  0  0  0  0  0  0  0  0  0  0  0  0  0  0  0  0  0  0  0  0  0  0  0  0  0  0  0  0  0  0  0  0  0  0  0  0  1.8039870000000064
h  3  2  244.99536  241.590334  242.395974  244.843198  243.073949  239.480291  237.905085  242.34061  252.168456  261.990951  271.91735  285.849042  304.865878  326.522763  349.082414  371.570809  392.144407  408.218021  418.853277  424.933517  427.435542  426.391877  0  0  0  0  0  0  0  0  0  0  0  0  0  0  0  0  0  0  0  0  0  0  0  0  0  0  0  0  0  0  0  0  0  0  0  0  0  0  0  0  0  0  0  0  0  0  0  0  0  0  0  0  0  0  0  0  0  0  0  0  0  0  0  0  0  -0.4611229999999864
g  3  3  581.768333  525.973993  474.279021  421.854593  369.450153  315.757089  262.895456  209.893652  150.821702  85.178166  13.158601  -66.19264  -154.825245  -250.89553  -352.934707  -459.376621  -567.300462  -673.235115  -773.810175  -866.34126  -949.807557  -1025.807779  0  0  0  0  0  0  0  0  0  0  0  0  0  0  0  0  0  0  0  0  0  0  0  0  0  0  0  0  0  0  0  0  0  0  0  0  0  0  0  0  0  0  0  0  0  0  0  0  0  0  0  0  0  0  0  0  0  0  0  0  0  0  0  0  0  -14.70272399999999
h  3  3  -538.778423  -543.170905  -547.602735  -553.202433  -559.449368  -576.749783  -602.994993  -638.514448  -678.978693  -719.792046  -758.361583  -794.803522  -827.085376  -851.362448  -867.868924  -877.121807  -879.050163  -873.841027  -862.23077  -844.850732  -821.927493  -792.848715  0  0  0  0  0  0  0  0  0  0  0  0  0  0  0  0  0  0  0  0  0  0  0  0  0  0  0  0  0  0  0  0  0  0  0  0  0  0  0  0  0  0  0  0  0  0  0  0  0  0  0  0  0  0  0  0  0  0  0  0  0  0  0  0  0  6.364974000000075
g  4  0  907.345318  902.64286  892.718342  889.936477  890.387989  888.231161  880.513156  871.366899  858.830462  842.933409  825.167599  805.643088  785.001341  763.912958  743.317918  723.404715  704.860781  688.41642  673.722564  659.80891  646.160271  633.440647  0  0  0  0  0  0  0  0  0  0  0  0  0  0  0  0  0  0  0  0  0  0  0  0  0  0  0  0  0  0  0  0  0  0  0  0  0  0  0  0  0  0  0  0  0  0  0  0  0  0  0  0  0  0  0  0  0  0  0  0  0  0  0  0  0  -2.421077999999966
g  4  1  813.491827  809.901782  807.660485  807.554731  806.755147  806.714818  804.370355  801.626327  797.375101  791.04836  783.344993  773.599765  760.775774  742.827099  717.701893  685.46102  647.981556  607.971169  567.307614  526.407138  485.49067  445.28415  0  0  0  0  0  0  0  0  0  0  0  0  0  0  0  0  0  0  0  0  0  0  0  0  0  0  0  0  0  0  0  0  0  0  0  0  0  0  0  0  0  0  0  0  0  0  0  0  0  0  0  0  0  0  0  0  0  0  0  0  0  0  0  0  0  -7.9598100000000045
h  4  1  283.648317  282.237924  284.520846  289.021673  291.069664  292.042051  289.458833  280.750493  264.83405  241.162936  211.883224  179.02878  143.97878  108.805856  76.087141  47.858098  24.824875  6.502696  -8.193379  -20.79416  -32.519541  -44.048079  0  0  0  0  0  0  0  0  0  0  0  0  0  0  0  0  0  0  0  0  0  0  0  0  0  0  0  0  0  0  0  0  0  0  0  0  0  0  0  0  0  0  0  0  0  0  0  0  0  0  0  0  0  0  0  0  0  0  0  0  0  0  0  0  0  -2.3215490000000045
g  4  2  120.479323  86.159276  66.707295  52.246879  37.205338  17.831887  -2.143536  -16.934846  -28.759031  -39.67873  -48.382529  -52.610463  -52.88606  -50.661317  -46.732715  -41.166579  -34.080038  -25.767024  -16.184375  -5.047986  7.540976  21.221205  0  0  0  0  0  0  0  0  0  0  0  0  0  0  0  0  0  0  0  0  0  0  0  0  0  0  0  0  0  0  0  0  0  0  0  0  0  0  0  0  0  0  0  0  0  0  0  0  0  0  0  0  0  0  0  0  0  0  0  0  0  0  0  0  0  2.800862000000002
h  4  2  -188.641182  -158.597327  -123.886162  -86.586181  -47.94503  -1.476253  50.644865  104.638288  158.315731  209.23214  256.682704  299.871064  337.192683  367.35599  390.031786  406.338679  417.909374  426.243111  432.124092  436.1342  438.707379  439.442601  0  0  0  0  0  0  0  0  0  0  0  0  0  0  0  0  0  0  0  0  0  0  0  0  0  0  0  0  0  0  0  0  0  0  0  0  0  0  0  0  0  0  0  0  0  0  0  0  0  0  0  0  0  0  0  0  0  0  0  0  0  0  0  0  0  -0.02458999999998923
g  4  3  -335.03411  -308.92708  -285.721253  -267.860738  -246.831085  -227.331501  -209.581007  -190.049376  -168.488642  -144.932297  -121.57918  -99.129633  -76.585698  -53.567439  -29.512067  -4.557939  20.208919  44.069951  67.0401  89.05032  109.550083  127.794574  0  0  0  0  0  0  0  0  0  0  0  0  0  0  0  0  0  0  0  0  0  0  0  0  0  0  0  0  0  0  0  0  0  0  0  0  0  0  0  0  0  0  0  0  0  0  0  0  0  0  0  0  0  0  0  0  0  0  0  0  0  0  0  0  0  3.420887999999991
h  4  3  180.581415  199.894266  220.609858  238.945105  253.321955  267.693011  284.983999  304.065622  325.282739  345.250443  361.298349  374.731781  385.703577  393.448762  397.227478  396.830945  392.451828  384.006088  371.770505  356.66986  339.350099  319.901102  0  0  0  0  0  0  0  0  0  0  0  0  0  0  0  0  0  0  0  0  0  0  0  0  0  0  0  0  0  0  0  0  0  0  0  0  0  0  0  0  0  0  0  0  0  0  0  0  0  0  0  0  0  0  0  0  0  0  0  0  0  0  0  0  0  -4.038747999999998
g  4  4  70.311481  47.522189  28.639333  12.353303  -2.666308  -12.978015  -22.157252  -31.644631  -44.521031  -61.525485  -81.038052  -105.959955  -137.475522  -174.243308  -214.068399  -255.505578  -296.746588  -336.373679  -372.804136  -404.995106  -432.47073  -456.114323  0  0  0  0  0  0  0  0  0  0  0  0  0  0  0  0  0  0  0  0  0  0  0  0  0  0  0  0  0  0  0  0  0  0  0  0  0  0  0  0  0  0  0  0  0  0  0  0  0  0  0  0  0  0  0  0  0  0  0  0  0  0  0  0  0  -4.48649800000004
h  4  4  -329.112982  -350.058822  -369.909537  -385.732346  -401.830936  -420.930629  -443.518225  -467.795191  -495.225127  -522.249947  -549.198413  -575.751882  -600.199915  -620.445044  -636.819046  -650.099173  -660.51929  -667.582636  -670.106026  -666.997618  -658.064724  -643.74732  0  0  0  0  0  0  0  0  0  0  0  0  0  0  0  0  0  0  0  0  0  0  0  0  0  0  0  0  0  0  0  0  0  0  0  0  0  0  0  0  0  0  0  0  0  0  0  0  0  0  0  0  0  0  0  0  0  0  0  0  0  0  0  0  0  3.2860130000000254
g  5  0  -232.6662  -234.230975  -236.099775  -237.619925  -237.822271  -239.240319  -242.838518  -247.684504  -251.953589  -255.196333  -257.143894  -257.185298  -255.206866  -251.432705  -245.885491  -239.190318  -232.295193  -225.777911  -219.540691  -213.061362  -205.947539  -198.371107  0  0  0  0  0  0  0  0  0  0  0  0  0  0  0  0  0  0  0  0  0  0  0  0  0  0  0  0  0  0  0  0  0  0  0  0  0  0  0  0  0  0  0  0  0  0  0  0  0  0  0  0  0  0  0  0  0  0  0  0  0  0  0  0  0  1.53938500000001
g  5  1  359.861318  363.405283  365.838266  368.867915  374.369344  379.672267  382.436168  382.286626  380.137504  376.093822  368.85465  358.648593  347.042486  335.093748  323.565495  312.99723  303.922147  296.888098  291.974107  288.364998  284.961558  281.115142  0  0  0  0  0  0  0  0  0  0  0  0  0  0  0  0  0  0  0  0  0  0  0  0  0  0  0  0  0  0  0  0  0  0  0  0  0  0  0  0  0  0  0  0  0  0  0  0  0  0  0  0  0  0  0  0  0  0  0  0  0  0  0  0  0  -0.8203940000000216
h  5  1  46.96166  47.389707  42.92267  35.583697  28.343813  20.809828  11.833289  0.794321  -12.809954  -28.166676  -44.219946  -59.330204  -72.452102  -84.410744  -96.103936  -108.0404  -120.578043  -133.760565  -147.600853  -162.360351  -178.224136  -194.785959  0  0  0  0  0  0  0  0  0  0  0  0  0  0  0  0  0  0  0  0  0  0  0  0  0  0  0  0  0  0  0  0  0  0  0  0  0  0  0  0  0  0  0  0  0  0  0  0  0  0  0  0  0  0  0  0  0  0  0  0  0  0  0  0  0  -3.3359979999999894
g  5  2  192.126665  188.234525  187.532149  189.214905  192.320145  192.359805  191.258339  190.397382  188.900292  187.531325  186.824116  185.939591  184.062467  181.182882  176.970904  171.578779  166.043356  161.495031  158.624669  157.609226  158.215794  160.407338  0  0  0  0  0  0  0  0  0  0  0  0  0  0  0  0  0  0  0  0  0  0  0  0  0  0  0  0  0  0  0  0  0  0  0  0  0  0  0  0  0  0  0  0  0  0  0  0  0  0  0  0  0  0  0  0  0  0  0  0  0  0  0  0  0  0.5593290000000195
h  5  2  197.189535  207.991667  222.369091  235.843706  248.427069  263.27189  277.216567  289.368449  297.981577  302.229682  302.599515  299.820457  295.754019  292.182251  290.188338  290.257465  292.561822  296.716621  302.443895  309.49229  317.483783  325.724761  0  0  0  0  0  0  0  0  0  0  0  0  0  0  0  0  0  0  0  0  0  0  0  0  0  0  0  0  0  0  0  0  0  0  0  0  0  0  0  0  0  0  0  0  0  0  0  0  0  0  0  0  0  0  0  0  0  0  0  0  0  0  0  0  0  1.622160000000008
g  5  3  -140.774909  -140.619803  -135.360348  -129.836304  -129.207131  -133.366998  -138.471085  -140.391132  -139.802497  -138.695183  -136.371957  -132.116724  -126.386223  -120.276099  -113.864974  -107.122085  -100.209464  -92.640292  -83.705113  -73.181434  -61.449813  -48.745377  0  0  0  0  0  0  0  0  0  0  0  0  0  0  0  0  0  0  0  0  0  0  0  0  0  0  0  0  0  0  0  0  0  0  0  0  0  0  0  0  0  0  0  0  0  0  0  0  0  0  0  0  0  0  0  0  0  0  0  0  0  0  0  0  0  2.602905
h  5  3  -119.082858  -121.326979  -119.526705  -113.300415  -104.200972  -92.371752  -78.726983  -62.962369  -46.791998  -31.14911  -17.252151  -7.158431  -1.934379  -0.91009  -2.503337  -4.902169  -6.055481  -4.427506  0.234971  7.397688  16.32587  26.050263  0  0  0  0  0  0  0  0  0  0  0  0  0  0  0  0  0  0  0  0  0  0  0  0  0  0  0  0  0  0  0  0  0  0  0  0  0  0  0  0  0  0  0  0  0  0  0  0  0  0  0  0  0  0  0  0  0  0  0  0  0  0  0  0  0  1.953565000000001
g  5  4  -157.686794  -151.124645  -140.474111  -128.236828  -114.907954  -102.07566  -92.47485  -83.470196  -73.661422  -62.862118  -51.814017  -40.40203  -28.415546  -16.012499  -3.600971  7.718036  16.70173  22.760883  26.117077  26.870027  25.062285  20.968154  0  0  0  0  0  0  0  0  0  0  0  0  0  0  0  0  0  0  0  0  0  0  0  0  0  0  0  0  0  0  0  0  0  0  0  0  0  0  0  0  0  0  0  0  0  0  0  0  0  0  0  0  0  0  0  0  0  0  0  0  0  0  0  0  0  -0.9906310000000005
h  5  4  15.780031  32.266906  48.51212  60.403413  70.044916  78.632394  87.229157  96.785185  106.777744  116.434712  125.172478  133.036826  138.859851  141.547388  140.755864  136.568169  129.744308  121.595232  113.407677  106.493967  101.652673  98.920545  0  0  0  0  0  0  0  0  0  0  0  0  0  0  0  0  0  0  0  0  0  0  0  0  0  0  0  0  0  0  0  0  0  0  0  0  0  0  0  0  0  0  0  0  0  0  0  0  0  0  0  0  0  0  0  0  0  0  0  0  0  0  0  0  0  -0.3807389999999913
g  5  5  3.862676  14.037787  31.561871  52.060203  74.134556  97.353644  119.282133  136.060362  145.404244  147.753371  144.335048  133.88334  116.131276  93.229181  67.608808  41.032728  14.888728  -10.344812  -34.668697  -57.889165  -79.350371  -98.684574  0  0  0  0  0  0  0  0  0  0  0  0  0  0  0  0  0  0  0  0  0  0  0  0  0  0  0  0  0  0  0  0  0  0  0  0  0  0  0  0  0  0  0  0  0  0  0  0  0  0  0  0  0  0  0  0  0  0  0  0  0  0  0  0  0  -3.685692000000003
h  5  5  100.178948  98.761846  100.445744  100.909995  97.737492  89.891601  76.613638  58.492062  36.898709  14.363663  -6.897375  -25.327497  -39.326552  -47.432876  -49.056345  -44.211216  -33.250503  -16.528513  5.659637  32.68645  63.160783  95.619674  0  0  0  0  0  0  0  0  0  0  0  0  0  0  0  0  0  0  0  0  0  0  0  0  0  0  0  0  0  0  0  0  0  0  0  0  0  0  0  0  0  0  0  0  0  0  0  0  0  0  0  0  0  0  0  0  0  0  0  0  0  0  0  0  0  6.600448999999998
g  6  0  69.873757  66.357746  63.236052  62.07916  59.958931  57.68434  55.97838  55.617824  55.392807  54.837647  54.397477  54.095166  53.658398  52.580534  50.148761  46.232135  41.111943  35.388718  29.614954  24.298785  19.880118  16.472259  0  0  0  0  0  0  0  0  0  0  0  0  0  0  0  0  0  0  0  0  0  0  0  0  0  0  0  0  0  0  0  0  0  0  0  0  0  0  0  0  0  0  0  0  0  0  0  0  0  0  0  0  0  0  0  0  0  0  0  0  0  0  0  0  0  -0.605599999999999
g  6  1  67.792657  65.688069  67.673522  69.696476  71.111936  71.254423  68.976673  64.963985  60.137641  54.526137  48.395949  42.951142  39.090296  36.530045  35.053705  34.454218  34.164323  33.896271  33.809612  34.168285  35.117417  36.385786  0  0  0  0  0  0  0  0  0  0  0  0  0  0  0  0  0  0  0  0  0  0  0  0  0  0  0  0  0  0  0  0  0  0  0  0  0  0  0  0  0  0  0  0  0  0  0  0  0  0  0  0  0  0  0  0  0  0  0  0  0  0  0  0  0  0.2669530000000009
h  6  1  -21.033023  -19.196555  -23.432243  -31.821157  -41.081694  -50.191477  -59.70094  -68.948958  -77.903456  -86.734211  -95.263886  -103.276928  -111.599863  -120.704357  -130.380873  -140.137217  -149.431795  -157.653152  -164.410103  -169.492384  -172.938284  -175.050979  0  0  0  0  0  0  0  0  0  0  0  0  0  0  0  0  0  0  0  0  0  0  0  0  0  0  0  0  0  0  0  0  0  0  0  0  0  0  0  0  0  0  0  0  0  0  0  0  0  0  0  0  0  0  0  0  0  0  0  0  0  0  0  0  0  -0.33515800000000695
g  6  2  73.135783  72.871515  73.826007  75.695971  76.759758  75.741729  72.217345  66.765609  59.076257  49.62152  38.716503  26.878138  14.618846  2.99389  -7.120983  -15.675672  -22.868419  -28.880526  -33.648918  -36.894641  -38.606185  -38.973684  0  0  0  0  0  0  0  0  0  0  0  0  0  0  0  0  0  0  0  0  0  0  0  0  0  0  0  0  0  0  0  0  0  0  0  0  0  0  0  0  0  0  0  0  0  0  0  0  0  0  0  0  0  0  0  0  0  0  0  0  0  0  0  0  0  0.024746999999997854
h  6  2  33.080246  24.949585  19.507013  12.156411  3.89116  -1.801414  -6.575372  -11.243021  -16.41898  -22.045744  -28.206835  -33.856267  -37.881031  -40.61242  -43.139961  -46.195883  -50.007001  -54.27469  -58.378594  -61.885073  -64.453908  -65.952976  0  0  0  0  0  0  0  0  0  0  0  0  0  0  0  0  0  0  0  0  0  0  0  0  0  0  0  0  0  0  0  0  0  0  0  0  0  0  0  0  0  0  0  0  0  0  0  0  0  0  0  0  0  0  0  0  0  0  0  0  0  0  0  0  0  -0.21641700000000696
g  6  3  -129.98307  -121.404573  -115.022396  -109.726057  -104.937597  -103.312298  -102.190021  -100.138879  -97.256969  -93.472066  -89.464801  -85.824099  -82.575076  -79.161739  -75.213024  -70.611646  -65.244256  -59.118746  -52.635066  -46.433934  -41.025665  -36.390211  0  0  0  0  0  0  0  0  0  0  0  0  0  0  0  0  0  0  0  0  0  0  0  0  0  0  0  0  0  0  0  0  0  0  0  0  0  0  0  0  0  0  0  0  0  0  0  0  0  0  0  0  0  0  0  0  0  0  0  0  0  0  0  0  0  0.8757429999999999
h  6  3  58.807138  53.011537  50.853403  50.923991  51.398013  51.821014  51.683833  50.946095  49.750033  47.92711  45.176788  41.87303  39.125307  38.135749  39.504512  43.060083  48.617683  55.780054  64.182166  73.279745  82.464004  91.476571  0  0  0  0  0  0  0  0  0  0  0  0  0  0  0  0  0  0  0  0  0  0  0  0  0  0  0  0  0  0  0  0  0  0  0  0  0  0  0  0  0  0  0  0  0  0  0  0  0  0  0  0  0  0  0  0  0  0  0  0  0  0  0  0  0  1.7810340000000053
g  6  4  -29.081471  -35.909904  -41.31659  -47.276753  -54.66728  -64.471095  -72.728628  -79.308935  -83.874189  -86.624439  -87.646687  -86.92492  -85.141104  -83.400311  -82.078578  -81.188222  -80.777898  -80.830221  -81.305927  -82.23596  -83.772186  -85.859403  0  0  0  0  0  0  0  0  0  0  0  0  0  0  0  0  0  0  0  0  0  0  0  0  0  0  0  0  0  0  0  0  0  0  0  0  0  0  0  0  0  0  0  0  0  0  0  0  0  0  0  0  0  0  0  0  0  0  0  0  0  0  0  0  0  -0.4523800000000051
h  6  4  -66.901973  -64.435803  -64.535123  -64.36582  -64.338446  -63.010525  -60.048062  -55.459501  -49.43239  -42.706601  -36.20454  -31.241879  -28.595189  -27.709418  -27.334674  -26.782933  -25.674443  -23.774153  -21.022082  -17.61259  -13.954155  -10.444036  0  0  0  0  0  0  0  0  0  0  0  0  0  0  0  0  0  0  0  0  0  0  0  0  0  0  0  0  0  0  0  0  0  0  0  0  0  0  0  0  0  0  0  0  0  0  0  0  0  0  0  0  0  0  0  0  0  0  0  0  0  0  0  0  0  0.6686789999999991
g  6  5  13.264004  13.20538  13.606082  15.877422  18.404092  21.183827  23.756895  25.677248  27.61268  29.578935  31.200012  32.593525  34.00547  34.828915  34.196377  31.308277  25.661957  17.114633  5.920638  -7.582456  -22.725485  -38.529741  0  0  0  0  0  0  0  0  0  0  0  0  0  0  0  0  0  0  0  0  0  0  0  0  0  0  0  0  0  0  0  0  0  0  0  0  0  0  0  0  0  0  0  0  0  0  0  0  0  0  0  0  0  0  0  0  0  0  0  0  0  0  0  0  0  -3.173839000000001
h  6  5  7.506031  8.982655  10.467329  11.020145  11.843329  10.120751  5.740713  0.800198  -5.502318  -13.224788  -21.970787  -31.170916  -41.325797  -52.682227  -65.135631  -78.140257  -90.984397  -102.997678  -113.503998  -121.969945  -128.14702  -131.976858  0  0  0  0  0  0  0  0  0  0  0  0  0  0  0  0  0  0  0  0  0  0  0  0  0  0  0  0  0  0  0  0  0  0  0  0  0  0  0  0  0  0  0  0  0  0  0  0  0  0  0  0  0  0  0  0  0  0  0  0  0  0  0  0  0  -0.5710149999999885
g  6  6  -70.516483  -64.478626  -55.251396  -43.683979  -32.692262  -22.047563  -11.925309  -3.942315  0.760617  2.567767  1.865943  -1.956735  -8.870986  -17.359675  -26.271037  -34.998091  -42.900665  -49.570272  -54.695882  -57.759736  -58.114406  -55.445625  0  0  0  0  0  0  0  0  0  0  0  0  0  0  0  0  0  0  0  0  0  0  0  0  0  0  0  0  0  0  0  0  0  0  0  0  0  0  0  0  0  0  0  0  0  0  0  0  0  0  0  0  0  0  0  0  0  0  0  0  0  0  0  0  0  0.7799499999999995
h  6  6  62.459689  68.235206  74.344629  79.175664  81.254044  80.428312  76.04026  68.895549  60.459611  52.264732  45.643825  41.246822  40.096679  42.582116  48.411142  57.19452  68.240931  80.676507  93.702873  106.593535  118.747613  129.844499  0  0  0  0  0  0  0  0  0  0  0  0  0  0  0  0  0  0  0  0  0  0  0  0  0  0  0  0  0  0  0  0  0  0  0  0  0  0  0  0  0  0  0  0  0  0  0  0  0  0  0  0  0  0  0  0  0  0  0  0  0  0  0  0  0  2.1280410000000103
g  7  0  80.951517  80.436803  76.821479  74.036601  71.410806  68.432828  65.155231  62.025874  59.326301  57.140407  55.467591  53.906269  52.162626  50.133441  47.938797  45.663706  43.541692  41.814868  40.57968  39.701901  38.961155  38.284765  0  0  0  0  0  0  0  0  0  0  0  0  0  0  0  0  0  0  0  0  0  0  0  0  0  0  0  0  0  0  0  0  0  0  0  0  0  0  0  0  0  0  0  0  0  0  0  0  0  0  0  0  0  0  0  0  0  0  0  0  0  0  0  0  0  -0.13158099999999706
g  7  1  -75.881037  -76.666279  -77.41606  -78.399164  -79.448683  -80.946042  -83.400363  -85.78697  -87.476416  -88.390341  -88.490544  -87.565368  -85.616562  -83.090197  -80.695126  -78.702054  -77.131263  -75.862285  -74.678506  -73.467026  -72.25758  -71.111437  0  0  0  0  0  0  0  0  0  0  0  0  0  0  0  0  0  0  0  0  0  0  0  0  0  0  0  0  0  0  0  0  0  0  0  0  0  0  0  0  0  0  0  0  0  0  0  0  0  0  0  0  0  0  0  0  0  0  0  0  0  0  0  0  0  0.22278200000000936
h  7  1  -54.245916  -51.553022  -50.627313  -49.366756  -48.383138  -47.995617  -47.601265  -47.089812  -47.008308  -47.556647  -48.589824  -49.865106  -51.435525  -53.278961  -55.236005  -56.984894  -58.116546  -58.320971  -57.543653  -55.716664  -53.026584  -49.793119  0  0  0  0  0  0  0  0  0  0  0  0  0  0  0  0  0  0  0  0  0  0  0  0  0  0  0  0  0  0  0  0  0  0  0  0  0  0  0  0  0  0  0  0  0  0  0  0  0  0  0  0  0  0  0  0  0  0  0  0  0  0  0  0  0  0.675335000000004
g  7  2  -6.311071  -8.011892  -7.272427  -5.75092  -3.153436  -1.545076  -0.721147  -0.250997  -0.172544  -0.984695  -2.493635  -4.206138  -5.912715  -7.702501  -9.834031  -12.527633  -15.76658  -19.357781  -23.094151  -26.724  -29.994683  -32.832358  0  0  0  0  0  0  0  0  0  0  0  0  0  0  0  0  0  0  0  0  0  0  0  0  0  0  0  0  0  0  0  0  0  0  0  0  0  0  0  0  0  0  0  0  0  0  0  0  0  0  0  0  0  0  0  0  0  0  0  0  0  0  0  0  0  -0.529201999999998
h  7  2  -19.338754  -16.837473  -14.412192  -13.088253  -11.114307  -8.645383  -7.158229  -7.192846  -8.043199  -9.026701  -10.088114  -11.297649  -12.827634  -14.552082  -16.342871  -17.97673  -19.20954  -19.992287  -20.342453  -20.107118  -19.224999  -17.926721  0  0  0  0  0  0  0  0  0  0  0  0  0  0  0  0  0  0  0  0  0  0  0  0  0  0  0  0  0  0  0  0  0  0  0  0  0  0  0  0  0  0  0  0  0  0  0  0  0  0  0  0  0  0  0  0  0  0  0  0  0  0  0  0  0  0.2780099999999983
g  7  3  51.891397  56.634064  62.333418  67.405897  70.235712  70.211393  69.382269  69.446063  70.443777  71.694412  73.065058  74.459097  75.923807  77.444063  79.062171  80.581417  81.661742  82.030059  81.410368  79.612177  76.546757  72.362992  0  0  0  0  0  0  0  0  0  0  0  0  0  0  0  0  0  0  0  0  0  0  0  0  0  0  0  0  0  0  0  0  0  0  0  0  0  0  0  0  0  0  0  0  0  0  0  0  0  0  0  0  0  0  0  0  0  0  0  0  0  0  0  0  0  -0.9074880000000007
h  7  3  5.641616  2.409086  0.700445  -0.526939  -1.845144  -3.050291  -3.666452  -3.846215  -3.559812  -3.444471  -3.572892  -3.651043  -3.49975  -3.163945  -3.003481  -3.271437  -3.944465  -4.821952  -5.697941  -6.473592  -7.12186  -7.571657  0  0  0  0  0  0  0  0  0  0  0  0  0  0  0  0  0  0  0  0  0  0  0  0  0  0  0  0  0  0  0  0  0  0  0  0  0  0  0  0  0  0  0  0  0  0  0  0  0  0  0  0  0  0  0  0  0  0  0  0  0  0  0  0  0  -0.0714990000000002
g  7  4  14.895174  15.917463  19.011943  22.999011  26.654271  28.353975  29.340565  30.218123  30.853432  30.891681  30.567238  29.907885  29.053124  28.575475  28.951951  30.342635  32.783397  36.089245  39.904468  43.983026  48.225411  52.570815  0  0  0  0  0  0  0  0  0  0  0  0  0  0  0  0  0  0  0  0  0  0  0  0  0  0  0  0  0  0  0  0  0  0  0  0  0  0  0  0  0  0  0  0  0  0  0  0  0  0  0  0  0  0  0  0  0  0  0  0  0  0  0  0  0  0.8729580000000041
h  7  4  24.535616  23.69601  23.94138  25.718747  27.049432  26.217937  24.040656  21.935777  20.145416  18.818113  17.910051  17.340795  17.338528  18.231655  20.068455  22.524549  25.182407  27.682756  29.835883  31.343175  31.881964  31.451264  0  0  0  0  0  0  0  0  0  0  0  0  0  0  0  0  0  0  0  0  0  0  0  0  0  0  0  0  0  0  0  0  0  0  0  0  0  0  0  0  0  0  0  0  0  0  0  0  0  0  0  0  0  0  0  0  0  0  0  0  0  0  0  0  0  -0.15814600000000212
g  7  5  9.330227  6.382952  2.926355  -1.066461  -3.821621  -5.916269  -7.735885  -8.56197  -8.943527  -8.938576  -8.091022  -6.750777  -5.679465  -5.289761  -5.686412  -6.534612  -7.560953  -8.619959  -9.665616  -10.710683  -11.804912  -12.961761  0  0  0  0  0  0  0  0  0  0  0  0  0  0  0  0  0  0  0  0  0  0  0  0  0  0  0  0  0  0  0  0  0  0  0  0  0  0  0  0  0  0  0  0  0  0  0  0  0  0  0  0  0  0  0  0  0  0  0  0  0  0  0  0  0  -0.2364739999999994
h  7  5  3.166816  -2.065437  -5.362388  -8.672547  -11.915457  -15.294893  -17.321679  -18.145137  -18.401379  -17.884001  -16.905435  -16.209539  -16.135136  -16.599787  -17.253873  -17.826735  -18.459934  -19.483512  -21.247981  -24.036057  -27.999176  -32.973271  0  0  0  0  0  0  0  0  0  0  0  0  0  0  0  0  0  0  0  0  0  0  0  0  0  0  0  0  0  0  0  0  0  0  0  0  0  0  0  0  0  0  0  0  0  0  0  0  0  0  0  0  0  0  0  0  0  0  0  0  0  0  0  0  0  -1.058804999999996
g  7  6  -2.827098  -7.032084  -10.923383  -14.32204  -17.231951  -19.703047  -22.102128  -23.9222  -25.028929  -25.380941  -24.986947  -23.633647  -21.185295  -18.108394  -15.141643  -12.933183  -11.757808  -11.554796  -12.171497  -13.584715  -15.662246  -18.051127  0  0  0  0  0  0  0  0  0  0  0  0  0  0  0  0  0  0  0  0  0  0  0  0  0  0  0  0  0  0  0  0  0  0  0  0  0  0  0  0  0  0  0  0  0  0  0  0  0  0  0  0  0  0  0  0  0  0  0  0  0  0  0  0  0  -0.48933099999999996
h  7  6  -27.692176  -27.230027  -25.268931  -23.560262  -22.123477  -21.321757  -20.98047  -20.59324  -20.136257  -20.324246  -21.149804  -22.504522  -24.809572  -28.353667  -33.146261  -38.822234  -44.824232  -50.664898  -55.967607  -60.389258  -63.501112  -64.99773  0  0  0  0  0  0  0  0  0  0  0  0  0  0  0  0  0  0  0  0  0  0  0  0  0  0  0  0  0  0  0  0  0  0  0  0  0  0  0  0  0  0  0  0  0  0  0  0  0  0  0  0  0  0  0  0  0  0  0  0  0  0  0  0  0  -0.16370899999999722
g  7  7  6.625586  9.649301  13.645822  17.814272  21.965296  25.930993  28.857374  29.986154  29.111275  26.508372  22.565614  17.095445  10.355552  3.540184  -2.440649  -7.112491  -10.21344  -11.678737  -11.487275  -9.624937  -6.205074  -1.63062  0  0  0  0  0  0  0  0  0  0  0  0  0  0  0  0  0  0  0  0  0  0  0  0  0  0  0  0  0  0  0  0  0  0  0  0  0  0  0  0  0  0  0  0  0  0  0  0  0  0  0  0  0  0  0  0  0  0  0  0  0  0  0  0  0  0.9825089999999999
h  7  7  -2.258615  -1.773319  -1.781495  -2.402646  -4.755839  -8.552285  -13.69622  -19.483835  -25.188943  -30.125936  -34.057448  -36.626851  -37.209358  -35.61675  -32.144838  -27.210708  -21.260804  -14.635157  -7.527371  -0.168271  7.167703  14.19768  0  0  0  0  0  0  0  0  0  0  0  0  0  0  0  0  0  0  0  0  0  0  0  0  0  0  0  0  0  0  0  0  0  0  0  0  0  0  0  0  0  0  0  0  0  0  0  0  0  0  0  0  0  0  0  0  0  0  0  0  0  0  0  0  0  1.3663950000000007
g  8  0  23.897418  23.771671  23.943608  24.30102  25.010545  25.76763  27.22553  29.273253  31.526891  33.750531  35.663403  37.352292  39.037905  40.846689  42.753745  44.620283  46.261819  47.555759  48.534245  49.123362  49.231882  48.886176  0  0  0  0  0  0  0  0  0  0  0  0  0  0  0  0  0  0  0  0  0  0  0  0  0  0  0  0  0  0  0  0  0  0  0  0  0  0  0  0  0  0  0  0  0  0  0  0  0  0  0  0  0  0  0  0  0  0  0  0  0  0  0  0  0  -0.10078800000000143
g  8  1  8.404385  9.449778  11.529621  14.243212  16.154959  17.097027  17.497169  17.639133  17.809062  17.822444  17.386711  16.33189  14.795964  13.155757  11.827562  11.075688  10.947034  11.399785  12.403004  13.809783  15.419143  17.106692  0  0  0  0  0  0  0  0  0  0  0  0  0  0  0  0  0  0  0  0  0  0  0  0  0  0  0  0  0  0  0  0  0  0  0  0  0  0  0  0  0  0  0  0  0  0  0  0  0  0  0  0  0  0  0  0  0  0  0  0  0  0  0  0  0  0.3397299999999994
h  8  1  9.961314  8.212225  4.516068  0.491636  -3.821015  -8.285498  -12.152054  -15.341985  -18.070895  -20.586945  -22.78527  -24.584142  -25.94302  -26.993682  -27.90417  -28.685293  -29.266256  -29.46433  -29.084012  -28.112587  -26.67373  -24.868053  0  0  0  0  0  0  0  0  0  0  0  0  0  0  0  0  0  0  0  0  0  0  0  0  0  0  0  0  0  0  0  0  0  0  0  0  0  0  0  0  0  0  0  0  0  0  0  0  0  0  0  0  0  0  0  0  0  0  0  0  0  0  0  0  0  0.3863069999999986
g  8  2  -16.901311  -17.703656  -19.838877  -21.01223  -21.149254  -20.882504  -20.569091  -20.147512  -19.597578  -18.9329  -18.043007  -17.031829  -16.167528  -15.586034  -15.381644  -15.546314  -15.873268  -16.196772  -16.526775  -16.912176  -17.276874  -17.480198  0  0  0  0  0  0  0  0  0  0  0  0  0  0  0  0  0  0  0  0  0  0  0  0  0  0  0  0  0  0  0  0  0  0  0  0  0  0  0  0  0  0  0  0  0  0  0  0  0  0  0  0  0  0  0  0  0  0  0  0  0  0  0  0  0  -0.021741999999999706
h  8  2  -18.254494  -15.526923  -13.455585  -12.379383  -12.059429  -11.896321  -12.406771  -13.387938  -14.744061  -16.143388  -17.253346  -18.152972  -18.646579  -18.499304  -17.737675  -16.416379  -14.61284  -12.52177  -10.299119  -8.080761  -5.969743  -4.046709  0  0  0  0  0  0  0  0  0  0  0  0  0  0  0  0  0  0  0  0  0  0  0  0  0  0  0  0  0  0  0  0  0  0  0  0  0  0  0  0  0  0  0  0  0  0  0  0  0  0  0  0  0  0  0  0  0  0  0  0  0  0  0  0  0  0.36666000000000043
g  8  3  -3.283651  -0.507555  0.514533  0.803019  0.086118  -2.002543  -4.151161  -5.013691  -4.822327  -3.730455  -1.813481  0.810114  4.034494  7.533305  10.885455  13.688013  15.74643  17.08085  17.759821  17.832615  17.443153  16.756259  0  0  0  0  0  0  0  0  0  0  0  0  0  0  0  0  0  0  0  0  0  0  0  0  0  0  0  0  0  0  0  0  0  0  0  0  0  0  0  0  0  0  0  0  0  0  0  0  0  0  0  0  0  0  0  0  0  0  0  0  0  0  0  0  0  -0.15338900000000066
h  8  3  13.127973  13.002999  13.500474  13.575845  14.701048  16.068897  17.188118  17.891505  18.110123  18.171106  17.85847  16.921453  15.381744  13.471623  11.461032  9.548109  7.897462  6.547916  5.404778  4.500813  3.932626  3.720769  0  0  0  0  0  0  0  0  0  0  0  0  0  0  0  0  0  0  0  0  0  0  0  0  0  0  0  0  0  0  0  0  0  0  0  0  0  0  0  0  0  0  0  0  0  0  0  0  0  0  0  0  0  0  0  0  0  0  0  0  0  0  0  0  0  -0.01509399999999994
g  8  4  -20.521329  -21.350584  -21.449821  -21.357153  -21.822384  -23.931637  -26.351198  -28.091534  -29.709415  -30.87396  -31.616763  -31.754503  -31.225692  -30.192505  -28.839685  -27.380082  -26.121996  -25.303564  -25.01931  -25.171654  -25.599533  -26.300945  0  0  0  0  0  0  0  0  0  0  0  0  0  0  0  0  0  0  0  0  0  0  0  0  0  0  0  0  0  0  0  0  0  0  0  0  0  0  0  0  0  0  0  0  0  0  0  0  0  0  0  0  0  0  0  0  0  0  0  0  0  0  0  0  0  -0.16360699999999895
h  8  4  -14.870935  -12.01799  -11.148916  -10.58478  -10.201905  -10.539879  -10.753595  -10.663017  -10.255832  -9.493968  -8.35004  -6.841721  -5.21659  -3.7065  -2.493855  -1.697548  -1.442  -1.727942  -2.459641  -3.552718  -4.999989  -6.729471  0  0  0  0  0  0  0  0  0  0  0  0  0  0  0  0  0  0  0  0  0  0  0  0  0  0  0  0  0  0  0  0  0  0  0  0  0  0  0  0  0  0  0  0  0  0  0  0  0  0  0  0  0  0  0  0  0  0  0  0  0  0  0  0  0  -0.3602509999999999
g  8  5  13.090006  15.044193  15.751452  16.925368  18.641239  19.739705  20.534023  20.835531  20.692895  20.26007  19.61351  18.554941  17.185428  16.026657  15.403005  15.29473  15.555383  15.94348  16.266591  16.487762  16.618412  16.605681  0  0  0  0  0  0  0  0  0  0  0  0  0  0  0  0  0  0  0  0  0  0  0  0  0  0  0  0  0  0  0  0  0  0  0  0  0  0  0  0  0  0  0  0  0  0  0  0  0  0  0  0  0  0  0  0  0  0  0  0  0  0  0  0  0  -0.018280999999998215
h  8  5  16.341551  14.943463  12.892507  10.433176  7.746558  4.524344  1.277442  -1.460574  -3.955614  -6.353156  -8.30412  -9.55473  -9.896359  -9.397811  -8.355292  -7.052662  -5.69025  -4.448819  -3.457013  -2.802861  -2.481462  -2.388096  0  0  0  0  0  0  0  0  0  0  0  0  0  0  0  0  0  0  0  0  0  0  0  0  0  0  0  0  0  0  0  0  0  0  0  0  0  0  0  0  0  0  0  0  0  0  0  0  0  0  0  0  0  0  0  0  0  0  0  0  0  0  0  0  0  0.00533500000000009
g  8  6  11.981753  13.391766  12.3514  10.857828  9.567045  8.487007  7.755674  7.661217  8.074152  8.780043  9.664959  10.514555  10.914584  10.663911  9.891535  8.811884  7.674665  6.747656  6.117875  5.766838  5.667569  5.761699  0  0  0  0  0  0  0  0  0  0  0  0  0  0  0  0  0  0  0  0  0  0  0  0  0  0  0  0  0  0  0  0  0  0  0  0  0  0  0  0  0  0  0  0  0  0  0  0  0  0  0  0  0  0  0  0  0  0  0  0  0  0  0  0  0  0.030395000000000394
h  8  6  5.834951  3.536071  1.491566  -0.48673  -1.945091  -2.767002  -2.767858  -2.248024  -1.598332  -1.004718  -0.701462  -1.17071  -2.461885  -4.159855  -5.886744  -7.412366  -8.665041  -9.750515  -10.849474  -12.027608  -13.249618  -14.375929  0  0  0  0  0  0  0  0  0  0  0  0  0  0  0  0  0  0  0  0  0  0  0  0  0  0  0  0  0  0  0  0  0  0  0  0  0  0  0  0  0  0  0  0  0  0  0  0  0  0  0  0  0  0  0  0  0  0  0  0  0  0  0  0  0  -0.20934600000000003
g  8  7  -15.804499  -16.56779  -17.127785  -18.001963  -18.742878  -18.941665  -18.710375  -18.03993  -16.723009  -14.73577  -12.165477  -8.982519  -5.407538  -2.044265  0.511657  1.91219  2.030268  0.96102  -1.071324  -3.929238  -7.510892  -11.622911  0  0  0  0  0  0  0  0  0  0  0  0  0  0  0  0  0  0  0  0  0  0  0  0  0  0  0  0  0  0  0  0  0  0  0  0  0  0  0  0  0  0  0  0  0  0  0  0  0  0  0  0  0  0  0  0  0  0  0  0  0  0  0  0  0  -0.8565120000000004
h  8  7  -9.107955  -6.920542  -4.69839  -3.11676  -2.431942  -1.715223  -0.68046  0.52014  1.349528  1.479388  0.864471  -0.486198  -2.754424  -5.953668  -9.819867  -13.973179  -17.941083  -21.276208  -23.671466  -25.047946  -25.406732  -24.802332  0  0  0  0  0  0  0  0  0  0  0  0  0  0  0  0  0  0  0  0  0  0  0  0  0  0  0  0  0  0  0  0  0  0  0  0  0  0  0  0  0  0  0  0  0  0  0  0  0  0  0  0  0  0  0  0  0  0  0  0  0  0  0  0  0  0.1925859999999986
g  8  8  -2.16645  -0.470862  0.766126  1.742599  2.90733  4.620745  5.852419  5.828727  4.724845  2.813504  0.258185  -3.005406  -6.681592  -10.040186  -12.553832  -14.008999  -14.470075  -14.201916  -13.444955  -12.263107  -10.660977  -8.694021  0  0  0  0  0  0  0  0  0  0  0  0  0  0  0  0  0  0  0  0  0  0  0  0  0  0  0  0  0  0  0  0  0  0  0  0  0  0  0  0  0  0  0  0  0  0  0  0  0  0  0  0  0  0  0  0  0  0  0  0  0  0  0  0  0  0.41912899999999986
h  8  8  2.071831  2.957113  3.682704  4.746154  5.27106  4.646492  2.787601  0.236307  -2.440154  -4.783339  -6.314564  -6.607952  -5.3484  -2.614496  1.160853  5.47632  9.830485  13.841407  17.277402  19.93944  21.670649  22.325384  0  0  0  0  0  0  0  0  0  0  0  0  0  0  0  0  0  0  0  0  0  0  0  0  0  0  0  0  0  0  0  0  0  0  0  0  0  0  0  0  0  0  0  0  0  0  0  0  0  0  0  0  0  0  0  0  0  0  0  0  0  0  0  0  0  0.038432000000000244
g  9  0  5.122815  5.099871  4.774781  4.555158  4.546208  4.411515  4.254613  4.115149  3.765783  3.287148  2.795501  2.392542  2.046679  1.701806  1.284821  0.785576  0.251824  -0.266985  -0.788342  -1.373831  -2.049437  -2.766374  0  0  0  0  0  0  0  0  0  0  0  0  0  0  0  0  0  0  0  0  0  0  0  0  0  0  0  0  0  0  0  0  0  0  0  0  0  0  0  0  0  0  0  0  0  0  0  0  0  0  0  0  0  0  0  0  0  0  0  0  0  0  0  0  0  -0.14156699999999978
g  9  1  8.795408  8.472354  9.021492  9.84936  10.359864  10.4608  10.387695  10.452596  10.916005  11.557624  12.082697  12.523217  12.968034  13.467455  14.071313  14.728165  15.327596  15.803046  16.178868  16.441719  16.51461  16.361123  0  0  0  0  0  0  0  0  0  0  0  0  0  0  0  0  0  0  0  0  0  0  0  0  0  0  0  0  0  0  0  0  0  0  0  0  0  0  0  0  0  0  0  0  0  0  0  0  0  0  0  0  0  0  0  0  0  0  0  0  0  0  0  0  0  -0.04881500000000116
h  9  1  -21.437225  -23.507566  -24.110067  -24.503345  -25.060726  -25.677857  -26.149707  -26.163445  -25.720794  -24.881673  -23.797665  -22.509413  -21.084802  -19.661454  -18.297029  -16.943836  -15.510331  -13.935333  -12.222686  -10.446866  -8.711025  -7.071768  0  0  0  0  0  0  0  0  0  0  0  0  0  0  0  0  0  0  0  0  0  0  0  0  0  0  0  0  0  0  0  0  0  0  0  0  0  0  0  0  0  0  0  0  0  0  0  0  0  0  0  0  0  0  0  0  0  0  0  0  0  0  0  0  0  0.3206800000000003
g  9  2  3.028061  2.949102  3.204011  3.361211  3.57116  3.528218  3.214577  2.735841  2.320996  2.015148  1.909828  1.903358  1.907877  2.073479  2.52215  3.159704  3.864138  4.539807  5.026913  5.195336  5.022947  4.564523  0  0  0  0  0  0  0  0  0  0  0  0  0  0  0  0  0  0  0  0  0  0  0  0  0  0  0  0  0  0  0  0  0  0  0  0  0  0  0  0  0  0  0  0  0  0  0  0  0  0  0  0  0  0  0  0  0  0  0  0  0  0  0  0  0  -0.1107869999999993
h  9  2  10.639185  10.869726  10.148912  8.912898  7.309804  5.328674  3.031824  0.785725  -1.210778  -2.855534  -4.056036  -4.831692  -5.158986  -5.140569  -5.026548  -4.934109  -4.82785  -4.65753  -4.385085  -4.075241  -3.801403  -3.586289  0  0  0  0  0  0  0  0  0  0  0  0  0  0  0  0  0  0  0  0  0  0  0  0  0  0  0  0  0  0  0  0  0  0  0  0  0  0  0  0  0  0  0  0  0  0  0  0  0  0  0  0  0  0  0  0  0  0  0  0  0  0  0  0  0  0.038841000000000125
g  9  3  -3.466889  -1.716071  -0.574114  0.168203  1.122346  1.907779  2.819884  4.031221  5.253686  6.617748  7.992572  9.297763  10.492556  11.549804  12.410317  13.022684  13.399094  13.594734  13.630153  13.512818  13.292603  13.035751  0  0  0  0  0  0  0  0  0  0  0  0  0  0  0  0  0  0  0  0  0  0  0  0  0  0  0  0  0  0  0  0  0  0  0  0  0  0  0  0  0  0  0  0  0  0  0  0  0  0  0  0  0  0  0  0  0  0  0  0  0  0  0  0  0  -0.05211599999999983
h  9  3  11.85546  10.28194  10.210574  10.606384  11.228589  11.650437  11.462037  10.775189  9.811638  8.751712  7.606708  6.538675  5.694237  5.1368  4.808302  4.61116  4.4641  4.2727  3.963365  3.532473  3.063018  2.669268  0  0  0  0  0  0  0  0  0  0  0  0  0  0  0  0  0  0  0  0  0  0  0  0  0  0  0  0  0  0  0  0  0  0  0  0  0  0  0  0  0  0  0  0  0  0  0  0  0  0  0  0  0  0  0  0  0  0  0  0  0  0  0  0  0  -0.06729899999999978
g  9  4  0.736382  -1.13647  -1.258274  -0.660952  -0.444308  -0.891356  -1.224688  -0.915383  -0.182015  0.61693  1.340715  2.07851  2.754524  3.270962  3.611665  3.830831  3.991779  4.156315  4.333615  4.490543  4.596271  4.587176  0  0  0  0  0  0  0  0  0  0  0  0  0  0  0  0  0  0  0  0  0  0  0  0  0  0  0  0  0  0  0  0  0  0  0  0  0  0  0  0  0  0  0  0  0  0  0  0  0  0  0  0  0  0  0  0  0  0  0  0  0  0  0  0  0  -0.014297999999999256
h  9  4  -6.704028  -5.112089  -4.161189  -2.941401  -1.6617  -1.037381  -1.202003  -1.540627  -1.752781  -1.727203  -1.64166  -1.828865  -2.399417  -3.127907  -3.682615  -3.99013  -4.149899  -4.314242  -4.590377  -4.95774  -5.362952  -5.796921  0  0  0  0  0  0  0  0  0  0  0  0  0  0  0  0  0  0  0  0  0  0  0  0  0  0  0  0  0  0  0  0  0  0  0  0  0  0  0  0  0  0  0  0  0  0  0  0  0  0  0  0  0  0  0  0  0  0  0  0  0  0  0  0  0  -0.0887500000000001
g  9  5  -13.459619  -13.508261  -14.055407  -14.962593  -15.563921  -15.982425  -16.373671  -16.501001  -16.428666  -16.414415  -16.245223  -15.692653  -14.898953  -13.991684  -13.086833  -12.276645  -11.547192  -10.843518  -10.125458  -9.28611  -8.22808  -6.999678  0  0  0  0  0  0  0  0  0  0  0  0  0  0  0  0  0  0  0  0  0  0  0  0  0  0  0  0  0  0  0  0  0  0  0  0  0  0  0  0  0  0  0  0  0  0  0  0  0  0  0  0  0  0  0  0  0  0  0  0  0  0  0  0  0  0.2542289999999996
h  9  5  -6.831136  -6.484572  -6.677411  -6.579333  -6.467571  -7.396881  -8.466198  -9.1093  -9.722991  -10.288049  -10.627508  -10.755969  -10.746287  -10.680501  -10.703094  -10.797214  -10.85112  -10.814809  -10.648795  -10.314764  -9.818272  -9.198574  0  0  0  0  0  0  0  0  0  0  0  0  0  0  0  0  0  0  0  0  0  0  0  0  0  0  0  0  0  0  0  0  0  0  0  0  0  0  0  0  0  0  0  0  0  0  0  0  0  0  0  0  0  0  0  0  0  0  0  0  0  0  0  0  0  0.1318179999999991
g  9  6  -0.3742  0.835682  2.01316  3.185273  4.398928  5.255763  5.634922  5.423994  4.944667  4.449538  3.869363  3.054145  2.217113  1.755185  1.793894  2.211989  2.873624  3.659391  4.47796  5.262188  5.949074  6.432792  0  0  0  0  0  0  0  0  0  0  0  0  0  0  0  0  0  0  0  0  0  0  0  0  0  0  0  0  0  0  0  0  0  0  0  0  0  0  0  0  0  0  0  0  0  0  0  0  0  0  0  0  0  0  0  0  0  0  0  0  0  0  0  0  0  0.07563999999999993
h  9  6  7.758879  7.663356  7.787038  7.414602  6.519403  5.166934  3.773296  2.454197  1.227958  0.222275  -0.536575  -0.977063  -1.090971  -1.06713  -1.117278  -1.335337  -1.776278  -2.496637  -3.510315  -4.801102  -6.321982  -7.98158  0  0  0  0  0  0  0  0  0  0  0  0  0  0  0  0  0  0  0  0  0  0  0  0  0  0  0  0  0  0  0  0  0  0  0  0  0  0  0  0  0  0  0  0  0  0  0  0  0  0  0  0  0  0  0  0  0  0  0  0  0  0  0  0  0  -0.3390770000000005
g  9  7  8.670632  8.880273  7.360307  5.461694  3.555948  1.848328  0.382417  -0.829223  -1.928398  -2.912972  -3.814907  -4.704124  -5.619203  -6.610856  -7.598301  -8.424524  -9.025706  -9.377212  -9.435123  -9.232264  -8.864895  -8.40016  0  0  0  0  0  0  0  0  0  0  0  0  0  0  0  0  0  0  0  0  0  0  0  0  0  0  0  0  0  0  0  0  0  0  0  0  0  0  0  0  0  0  0  0  0  0  0  0  0  0  0  0  0  0  0  0  0  0  0  0  0  0  0  0  0  0.09857599999999955
h  9  7  0.777689  0.441313  -0.783589  -1.631061  -2.00333  -1.982089  -1.811494  -1.632579  -1.415715  -1.09171  -0.813353  -0.666492  -0.560542  -0.333916  0.188722  1.048799  2.179294  3.542577  5.102096  6.800097  8.562248  10.332677  0  0  0  0  0  0  0  0  0  0  0  0  0  0  0  0  0  0  0  0  0  0  0  0  0  0  0  0  0  0  0  0  0  0  0  0  0  0  0  0  0  0  0  0  0  0  0  0  0  0  0  0  0  0  0  0  0  0  0  0  0  0  0  0  0  0.35137899999999966
g  9  8  -9.036121  -9.301843  -8.885605  -7.894628  -6.685685  -5.353449  -3.860549  -2.132328  -0.122619  2.088292  4.298866  6.399785  8.190593  9.33535  9.627725  9.07646  7.869106  6.298406  4.665477  3.17829  1.984468  1.213022  0  0  0  0  0  0  0  0  0  0  0  0  0  0  0  0  0  0  0  0  0  0  0  0  0  0  0  0  0  0  0  0  0  0  0  0  0  0  0  0  0  0  0  0  0  0  0  0  0  0  0  0  0  0  0  0  0  0  0  0  0  0  0  0  0  -0.11659299999999995
h  9  8  -3.92381  -1.559646  0.452665  1.864789  2.974225  4.079072  5.094173  6.002803  6.512581  6.421924  5.793931  4.65771  3.005621  1.029878  -0.925641  -2.55635  -3.664609  -4.148248  -4.044016  -3.534452  -2.805358  -1.977857  0  0  0  0  0  0  0  0  0  0  0  0  0  0  0  0  0  0  0  0  0  0  0  0  0  0  0  0  0  0  0  0  0  0  0  0  0  0  0  0  0  0  0  0  0  0  0  0  0  0  0  0  0  0  0  0  0  0  0  0  0  0  0  0  0  0.16868400000000006
g  9  9  -10.43813  -11.646953  -11.352859  -10.849391  -9.865711  -8.323588  -6.889913  -6.046171  -5.815961  -6.042721  -6.647674  -7.569918  -8.534279  -9.143391  -9.194206  -8.64474  -7.548118  -6.028699  -4.21508  -2.153671  0.055168  2.250307  0  0  0  0  0  0  0  0  0  0  0  0  0  0  0  0  0  0  0  0  0  0  0  0  0  0  0  0  0  0  0  0  0  0  0  0  0  0  0  0  0  0  0  0  0  0  0  0  0  0  0  0  0  0  0  0  0  0  0  0  0  0  0  0  0  0.42942499999999995
h  9  9  8.294811  9.6681  10.338925  10.493031  10.113813  9.126089  7.439587  5.351835  3.32688  1.7268  0.799348  0.764995  1.616501  3.084445  4.780964  6.359498  7.519594  8.024781  7.751562  6.679145  4.889148  2.468115  0  0  0  0  0  0  0  0  0  0  0  0  0  0  0  0  0  0  0  0  0  0  0  0  0  0  0  0  0  0  0  0  0  0  0  0  0  0  0  0  0  0  0  0  0  0  0  0  0  0  0  0  0  0  0  0  0  0  0  0  0  0  0  0  0  -0.5305969999999998
g  10  0  -1.99058  -1.786881  -1.545654  -1.187307  -1.052843  -0.92737  -0.771619  -0.637351  -0.604693  -0.691394  -0.836007  -1.050129  -1.263122  -1.416527  -1.519665  -1.595625  -1.629466  -1.592616  -1.510283  -1.424423  -1.340251  -1.255378  0  0  0  0  0  0  0  0  0  0  0  0  0  0  0  0  0  0  0  0  0  0  0  0  0  0  0  0  0  0  0  0  0  0  0  0  0  0  0  0  0  0  0  0  0  0  0  0  0  0  0  0  0  0  0  0  0  0  0  0  0  0  0  0  0  0.016926999999999914
g  10  1  -6.26497  -6.389911  -5.944411  -5.086644  -4.036826  -2.960401  -1.714208  -0.30371  1.043009  2.198743  3.103934  3.756887  4.168793  4.313055  4.188939  3.868388  3.453807  3.008536  2.564951  2.150769  1.788386  1.481425  0  0  0  0  0  0  0  0  0  0  0  0  0  0  0  0  0  0  0  0  0  0  0  0  0  0  0  0  0  0  0  0  0  0  0  0  0  0  0  0  0  0  0  0  0  0  0  0  0  0  0  0  0  0  0  0  0  0  0  0  0  0  0  0  0  -0.05750000000000011
h  10  1  3.352468  3.49065  3.92083  4.521762  5.000008  5.437987  5.916053  6.38911  6.743083  7.10707  7.499336  7.86056  8.162673  8.396784  8.574551  8.73103  8.900189  9.091647  9.270813  9.377437  9.345078  9.156368  0  0  0  0  0  0  0  0  0  0  0  0  0  0  0  0  0  0  0  0  0  0  0  0  0  0  0  0  0  0  0  0  0  0  0  0  0  0  0  0  0  0  0  0  0  0  0  0  0  0  0  0  0  0  0  0  0  0  0  0  0  0  0  0  0  -0.04898299999999978
g  10  2  0.099306  -0.34595  -1.089185  -1.854706  -2.536756  -3.173758  -3.848136  -4.444259  -4.837064  -5.071819  -5.10433  -4.876928  -4.441582  -3.835509  -3.10432  -2.322655  -1.54204  -0.803737  -0.149443  0.387315  0.815429  1.151269  0  0  0  0  0  0  0  0  0  0  0  0  0  0  0  0  0  0  0  0  0  0  0  0  0  0  0  0  0  0  0  0  0  0  0  0  0  0  0  0  0  0  0  0  0  0  0  0  0  0  0  0  0  0  0  0  0  0  0  0  0  0  0  0  0  0.060275999999999996
h  10  2  -0.378936  -0.124105  0.432527  0.85044  0.824341  0.474493  0.033275  -0.39249  -0.68115  -0.763216  -0.621497  -0.394644  -0.200188  -0.01135  0.183245  0.379678  0.607894  0.844143  1.081939  1.332996  1.588524  1.830909  0  0  0  0  0  0  0  0  0  0  0  0  0  0  0  0  0  0  0  0  0  0  0  0  0  0  0  0  0  0  0  0  0  0  0  0  0  0  0  0  0  0  0  0  0  0  0  0  0  0  0  0  0  0  0  0  0  0  0  0  0  0  0  0  0  0.046875
g  10  3  0.517329  1.557122  1.716677  1.375485  0.694535  -0.087128  -0.838381  -1.468211  -1.960087  -2.374134  -2.751763  -3.115879  -3.432085  -3.614195  -3.60817  -3.479317  -3.316749  -3.136393  -2.916829  -2.658044  -2.365548  -2.036923  0  0  0  0  0  0  0  0  0  0  0  0  0  0  0  0  0  0  0  0  0  0  0  0  0  0  0  0  0  0  0  0  0  0  0  0  0  0  0  0  0  0  0  0  0  0  0  0  0  0  0  0  0  0  0  0  0  0  0  0  0  0  0  0  0  0.06741900000000012
h  10  3  4.630949  3.708354  3.661568  3.628026  3.729353  3.845281  3.958532  4.04104  4.111155  4.121764  4.158978  4.259982  4.449149  4.685519  4.842751  4.872831  4.824201  4.755788  4.660923  4.46081  4.114994  3.654203  0  0  0  0  0  0  0  0  0  0  0  0  0  0  0  0  0  0  0  0  0  0  0  0  0  0  0  0  0  0  0  0  0  0  0  0  0  0  0  0  0  0  0  0  0  0  0  0  0  0  0  0  0  0  0  0  0  0  0  0  0  0  0  0  0  -0.09860399999999991
g  10  4  -0.520612  -0.932856  -0.462991  0.056107  0.165799  -0.045653  -0.340832  -0.604486  -0.780944  -0.895071  -0.914475  -0.912151  -0.928151  -0.902878  -0.753717  -0.448378  -0.01609  0.505244  1.068022  1.60323  2.057399  2.401659  0  0  0  0  0  0  0  0  0  0  0  0  0  0  0  0  0  0  0  0  0  0  0  0  0  0  0  0  0  0  0  0  0  0  0  0  0  0  0  0  0  0  0  0  0  0  0  0  0  0  0  0  0  0  0  0  0  0  0  0  0  0  0  0  0  0.05860300000000018
h  10  4  4.076574  4.696142  4.874541  4.810349  4.8388  4.835825  4.671767  4.449231  4.163937  3.993821  3.945969  3.959367  4.032571  4.201454  4.447661  4.683077  4.823642  4.837326  4.711936  4.490045  4.254923  4.047082  0  0  0  0  0  0  0  0  0  0  0  0  0  0  0  0  0  0  0  0  0  0  0  0  0  0  0  0  0  0  0  0  0  0  0  0  0  0  0  0  0  0  0  0  0  0  0  0  0  0  0  0  0  0  0  0  0  0  0  0  0  0  0  0  0  -0.039102000000000636
g  10  5  1.70398  0.818242  -0.495144  -2.0714  -3.612145  -4.882668  -5.800919  -6.376078  -6.660962  -6.718567  -6.607984  -6.383207  -6.18378  -6.116955  -6.16174  -6.250176  -6.309672  -6.292845  -6.178771  -5.946666  -5.611794  -5.219916  0  0  0  0  0  0  0  0  0  0  0  0  0  0  0  0  0  0  0  0  0  0  0  0  0  0  0  0  0  0  0  0  0  0  0  0  0  0  0  0  0  0  0  0  0  0  0  0  0  0  0  0  0  0  0  0  0  0  0  0  0  0  0  0  0  0.08082800000000034
h  10  5  -8.22464  -8.470638  -8.534514  -8.442047  -8.341164  -8.334702  -8.282647  -8.057653  -7.892559  -7.864521  -7.978364  -8.238096  -8.602972  -8.966717  -9.228991  -9.343158  -9.301439  -9.125883  -8.861757  -8.516545  -8.073272  -7.551128  0  0  0  0  0  0  0  0  0  0  0  0  0  0  0  0  0  0  0  0  0  0  0  0  0  0  0  0  0  0  0  0  0  0  0  0  0  0  0  0  0  0  0  0  0  0  0  0  0  0  0  0  0  0  0  0  0  0  0  0  0  0  0  0  0  0.10917099999999991
g  10  6  -0.58689  -0.87729  -0.544247  -0.533445  -0.501262  -0.347716  -0.27628  -0.234034  -0.045417  0.267865  0.762944  1.543414  2.481563  3.387966  4.184684  4.842882  5.345093  5.714076  5.986807  6.182079  6.317075  6.379712  0  0  0  0  0  0  0  0  0  0  0  0  0  0  0  0  0  0  0  0  0  0  0  0  0  0  0  0  0  0  0  0  0  0  0  0  0  0  0  0  0  0  0  0  0  0  0  0  0  0  0  0  0  0  0  0  0  0  0  0  0  0  0  0  0  0.005669999999999398
h  10  6  -0.612482  0.073444  0.36729  0.403429  0.301385  -0.142803  -0.536138  -0.537795  -0.401798  -0.288278  -0.123772  0.070539  0.165205  0.091668  -0.15818  -0.52881  -0.899661  -1.17218  -1.297047  -1.261407  -1.085216  -0.826965  0  0  0  0  0  0  0  0  0  0  0  0  0  0  0  0  0  0  0  0  0  0  0  0  0  0  0  0  0  0  0  0  0  0  0  0  0  0  0  0  0  0  0  0  0  0  0  0  0  0  0  0  0  0  0  0  0  0  0  0  0  0  0  0  0  0.05481900000000006
g  10  7  1.995318  1.924355  2.226782  2.475013  2.587731  2.680238  2.657935  2.344412  1.876153  1.330756  0.688917  -0.040596  -0.720172  -1.213627  -1.514037  -1.706376  -1.87507  -2.074628  -2.309356  -2.552881  -2.782246  -3.006613  0  0  0  0  0  0  0  0  0  0  0  0  0  0  0  0  0  0  0  0  0  0  0  0  0  0  0  0  0  0  0  0  0  0  0  0  0  0  0  0  0  0  0  0  0  0  0  0  0  0  0  0  0  0  0  0  0  0  0  0  0  0  0  0  0  -0.04460600000000037
h  10  7  -4.027766  -4.36727  -4.832643  -5.089135  -5.498636  -6.239224  -7.020122  -7.741442  -8.367872  -8.939595  -9.436521  -9.73714  -9.802441  -9.746484  -9.686971  -9.668743  -9.675288  -9.649415  -9.534226  -9.304504  -8.975004  -8.576807  0  0  0  0  0  0  0  0  0  0  0  0  0  0  0  0  0  0  0  0  0  0  0  0  0  0  0  0  0  0  0  0  0  0  0  0  0  0  0  0  0  0  0  0  0  0  0  0  0  0  0  0  0  0  0  0  0  0  0  0  0  0  0  0  0  0.08308499999999874
g  10  8  2.303869  1.456919  0.547694  -0.279562  -1.054712  -1.595882  -1.795277  -1.820224  -1.701837  -1.489994  -1.227454  -1.025162  -0.98503  -1.154012  -1.481836  -1.894932  -2.370048  -2.911082  -3.529787  -4.2498  -5.073868  -5.961887  0  0  0  0  0  0  0  0  0  0  0  0  0  0  0  0  0  0  0  0  0  0  0  0  0  0  0  0  0  0  0  0  0  0  0  0  0  0  0  0  0  0  0  0  0  0  0  0  0  0  0  0  0  0  0  0  0  0  0  0  0  0  0  0  0  -0.17967900000000014
h  10  8  -3.066696  -3.503375  -4.040464  -4.31222  -4.352141  -4.245497  -3.994523  -3.706767  -3.43346  -3.198549  -3.116847  -3.269389  -3.604967  -3.995878  -4.330382  -4.578305  -4.755072  -4.857815  -4.86479  -4.761432  -4.564239  -4.272697  0  0  0  0  0  0  0  0  0  0  0  0  0  0  0  0  0  0  0  0  0  0  0  0  0  0  0  0  0  0  0  0  0  0  0  0  0  0  0  0  0  0  0  0  0  0  0  0  0  0  0  0  0  0  0  0  0  0  0  0  0  0  0  0  0  0.06632299999999969
g  10  9  -1.3642  -2.36886  -2.458475  -2.120491  -1.614755  -1.11593  -0.581718  0.062651  0.896027  1.823174  2.79929  3.813649  4.737399  5.395185  5.700988  5.703514  5.553424  5.418652  5.398432  5.528212  5.814487  6.236852  0  0  0  0  0  0  0  0  0  0  0  0  0  0  0  0  0  0  0  0  0  0  0  0  0  0  0  0  0  0  0  0  0  0  0  0  0  0  0  0  0  0  0  0  0  0  0  0  0  0  0  0  0  0  0  0  0  0  0  0  0  0  0  0  0  0.09265100000000004
h  10  9  -1.479988  0.045963  0.966934  1.700996  2.414343  3.067727  3.655836  4.141442  4.465044  4.530514  4.320223  3.773045  2.848018  1.678105  0.466636  -0.612711  -1.448931  -2.007725  -2.326262  -2.495284  -2.598021  -2.697787  0  0  0  0  0  0  0  0  0  0  0  0  0  0  0  0  0  0  0  0  0  0  0  0  0  0  0  0  0  0  0  0  0  0  0  0  0  0  0  0  0  0  0  0  0  0  0  0  0  0  0  0  0  0  0  0  0  0  0  0  0  0  0  0  0  -0.022658999999999985
g  10  10  -3.264842  -3.736192  -3.411553  -2.816511  -2.024808  -1.064822  -0.16235  0.294957  0.161301  -0.462347  -1.413975  -2.522442  -3.513052  -4.125706  -4.268509  -3.951215  -3.266746  -2.36296  -1.372465  -0.381819  0.494059  1.15098  0  0  0  0  0  0  0  0  0  0  0  0  0  0  0  0  0  0  0  0  0  0  0  0  0  0  0  0  0  0  0  0  0  0  0  0  0  0  0  0  0  0  0  0  0  0  0  0  0  0  0  0  0  0  0  0  0  0  0  0  0  0  0  0  0  0.10951399999999989
h  10  10  -8.591857  -8.765107  -8.752294  -8.715756  -8.706118  -8.759387  -9.022897  -9.387647  -9.620184  -9.486342  -8.886383  -7.78771  -6.237642  -4.45569  -2.688391  -1.120475  0.114399  0.939603  1.343783  1.373369  1.119842  0.662319  0  0  0  0  0  0  0  0  0  0  0  0  0  0  0  0  0  0  0  0  0  0  0  0  0  0  0  0  0  0  0  0  0  0  0  0  0  0  0  0  0  0  0  0  0  0  0  0  0  0  0  0  0  0  0  0  0  0  0  0  0  0  0  0  0  -0.10396300000000003
g  11  0  3.071404  2.966574  3.006298  2.924582  2.814419  2.624837  2.333507  1.980927  1.629723  1.31139  1.0514  0.851843  0.691578  0.580009  0.522983  0.471349  0.374306  0.23087  0.049597  -0.169785  -0.41381  -0.676174  0  0  0  0  0  0  0  0  0  0  0  0  0  0  0  0  0  0  0  0  0  0  0  0  0  0  0  0  0  0  0  0  0  0  0  0  0  0  0  0  0  0  0  0  0  0  0  0  0  0  0  0  0  0  0  0  0  0  0  0  0  0  0  0  0  -0.0539980000000001
g  11  1  -1.384086  -1.474984  -1.339351  -1.199187  -1.113233  -1.130776  -1.129726  -1.099435  -1.058808  -1.009816  -0.994608  -1.064344  -1.180363  -1.256097  -1.252916  -1.189462  -1.102872  -1.020153  -0.958367  -0.924727  -0.924192  -0.962499  0  0  0  0  0  0  0  0  0  0  0  0  0  0  0  0  0  0  0  0  0  0  0  0  0  0  0  0  0  0  0  0  0  0  0  0  0  0  0  0  0  0  0  0  0  0  0  0  0  0  0  0  0  0  0  0  0  0  0  0  0  0  0  0  0  -0.011031000000000013
h  11  1  0.245642  -0.049934  -0.005273  0.096496  0.160003  0.276007  0.380587  0.572223  0.847154  1.178209  1.550092  1.948926  2.386212  2.844961  3.267158  3.623815  3.918975  4.150971  4.29335  4.317872  4.23006  4.057941  0  0  0  0  0  0  0  0  0  0  0  0  0  0  0  0  0  0  0  0  0  0  0  0  0  0  0  0  0  0  0  0  0  0  0  0  0  0  0  0  0  0  0  0  0  0  0  0  0  0  0  0  0  0  0  0  0  0  0  0  0  0  0  0  0  -0.03952200000000072
g  11  2  -2.324643  -2.548289  -2.581713  -2.56989  -2.379781  -2.144756  -1.907884  -1.711278  -1.582174  -1.477231  -1.367946  -1.248908  -1.141876  -1.039418  -0.940132  -0.844238  -0.736576  -0.612585  -0.5035  -0.419698  -0.339242  -0.266086  0  0  0  0  0  0  0  0  0  0  0  0  0  0  0  0  0  0  0  0  0  0  0  0  0  0  0  0  0  0  0  0  0  0  0  0  0  0  0  0  0  0  0  0  0  0  0  0  0  0  0  0  0  0  0  0  0  0  0  0  0  0  0  0  0  0.013056000000000012
h  11  2  2.038687  2.480917  2.587984  2.560126  2.368517  1.994247  1.5592  1.127977  0.70026  0.342429  0.060073  -0.169262  -0.336865  -0.416181  -0.419518  -0.382679  -0.340424  -0.333971  -0.389586  -0.499684  -0.654833  -0.857102  0  0  0  0  0  0  0  0  0  0  0  0  0  0  0  0  0  0  0  0  0  0  0  0  0  0  0  0  0  0  0  0  0  0  0  0  0  0  0  0  0  0  0  0  0  0  0  0  0  0  0  0  0  0  0  0  0  0  0  0  0  0  0  0  0  -0.044704999999999995
g  11  3  2.017826  2.316466  2.252968  2.002584  1.867662  1.862179  1.865594  1.923165  1.997216  2.083106  2.153136  2.211853  2.281477  2.328735  2.327101  2.26962  2.168712  2.048151  1.93456  1.844931  1.777187  1.72122  0  0  0  0  0  0  0  0  0  0  0  0  0  0  0  0  0  0  0  0  0  0  0  0  0  0  0  0  0  0  0  0  0  0  0  0  0  0  0  0  0  0  0  0  0  0  0  0  0  0  0  0  0  0  0  0  0  0  0  0  0  0  0  0  0  -0.010696000000000039
h  11  3  -0.52452  -0.403848  0.122375  0.66955  1.097899  1.396582  1.512895  1.505348  1.429321  1.317751  1.20314  1.068357  0.923216  0.793061  0.70175  0.659954  0.674514  0.726254  0.791057  0.845981  0.871828  0.871215  0  0  0  0  0  0  0  0  0  0  0  0  0  0  0  0  0  0  0  0  0  0  0  0  0  0  0  0  0  0  0  0  0  0  0  0  0  0  0  0  0  0  0  0  0  0  0  0  0  0  0  0  0  0  0  0  0  0  0  0  0  0  0  0  0  -0.0014260000000000383
g  11  4  -0.739453  -0.643904  -0.556191  -0.317006  -0.077539  0.007363  0.018687  0.101395  0.229779  0.380445  0.526126  0.670537  0.807928  0.935022  1.057772  1.159417  1.223682  1.263124  1.298997  1.336482  1.385412  1.458135  0  0  0  0  0  0  0  0  0  0  0  0  0  0  0  0  0  0  0  0  0  0  0  0  0  0  0  0  0  0  0  0  0  0  0  0  0  0  0  0  0  0  0  0  0  0  0  0  0  0  0  0  0  0  0  0  0  0  0  0  0  0  0  0  0  0.016432000000000002
h  11  4  -1.135033  -0.328454  0.346092  1.010888  1.505558  1.815247  1.88751  1.854157  1.7969  1.761088  1.792084  1.874645  1.94982  1.972271  1.936859  1.86788  1.796173  1.764152  1.794761  1.889874  2.041489  2.233734  0  0  0  0  0  0  0  0  0  0  0  0  0  0  0  0  0  0  0  0  0  0  0  0  0  0  0  0  0  0  0  0  0  0  0  0  0  0  0  0  0  0  0  0  0  0  0  0  0  0  0  0  0  0  0  0  0  0  0  0  0  0  0  0  0  0.04027000000000003
g  11  5  0.686323  0.4699  0.337061  0.173888  0.078695  0.00914  -0.011527  0.028003  0.077009  0.142852  0.215754  0.283333  0.346985  0.403741  0.466865  0.50795  0.482608  0.389817  0.2454  0.051462  -0.186315  -0.441256  0  0  0  0  0  0  0  0  0  0  0  0  0  0  0  0  0  0  0  0  0  0  0  0  0  0  0  0  0  0  0  0  0  0  0  0  0  0  0  0  0  0  0  0  0  0  0  0  0  0  0  0  0  0  0  0  0  0  0  0  0  0  0  0  0  -0.05101499999999998
h  11  5  0.654596  0.535615  0.20369  -0.058522  -0.397863  -0.955904  -1.616993  -2.207027  -2.791082  -3.333489  -3.726484  -3.935531  -3.971549  -3.885816  -3.745624  -3.610129  -3.478604  -3.331602  -3.177607  -3.021935  -2.857189  -2.692854  0  0  0  0  0  0  0  0  0  0  0  0  0  0  0  0  0  0  0  0  0  0  0  0  0  0  0  0  0  0  0  0  0  0  0  0  0  0  0  0  0  0  0  0  0  0  0  0  0  0  0  0  0  0  0  0  0  0  0  0  0  0  0  0  0  0.03180499999999986
g  11  6  -0.792833  -0.561549  -0.721651  -0.968317  -1.144034  -1.247335  -1.277781  -1.33963  -1.367088  -1.351093  -1.324912  -1.366855  -1.504253  -1.658467  -1.746138  -1.74387  -1.655482  -1.51032  -1.3435  -1.181573  -1.05096  -0.953044  0  0  0  0  0  0  0  0  0  0  0  0  0  0  0  0  0  0  0  0  0  0  0  0  0  0  0  0  0  0  0  0  0  0  0  0  0  0  0  0  0  0  0  0  0  0  0  0  0  0  0  0  0  0  0  0  0  0  0  0  0  0  0  0  0  0.017880000000000007
h  11  6  0.015179  -0.134451  0.389806  0.841259  1.13521  1.233128  1.319913  1.39104  1.379214  1.310837  1.205347  1.052501  0.882111  0.757997  0.721073  0.784626  0.934459  1.133661  1.354542  1.596994  1.859076  2.127376  0  0  0  0  0  0  0  0  0  0  0  0  0  0  0  0  0  0  0  0  0  0  0  0  0  0  0  0  0  0  0  0  0  0  0  0  0  0  0  0  0  0  0  0  0  0  0  0  0  0  0  0  0  0  0  0  0  0  0  0  0  0  0  0  0  0.053471000000000046
g  11  7  0.467554  0.146754  0.044482  -0.052181  -0.099672  0.009599  0.231838  0.395005  0.472964  0.496544  0.477145  0.435967  0.3733  0.228818  -0.020491  -0.314889  -0.574601  -0.764906  -0.877717  -0.892792  -0.790083  -0.574562  0  0  0  0  0  0  0  0  0  0  0  0  0  0  0  0  0  0  0  0  0  0  0  0  0  0  0  0  0  0  0  0  0  0  0  0  0  0  0  0  0  0  0  0  0  0  0  0  0  0  0  0  0  0  0  0  0  0  0  0  0  0  0  0  0  0.051190999999999987
h  11  7  -2.324537  -1.898022  -1.606357  -1.349474  -1.166665  -1.032485  -0.880539  -0.694469  -0.462477  -0.213127  0.045266  0.334457  0.626729  0.909075  1.224191  1.626118  2.1194  2.669528  3.241162  3.773275  4.202421  4.487261  0  0  0  0  0  0  0  0  0  0  0  0  0  0  0  0  0  0  0  0  0  0  0  0  0  0  0  0  0  0  0  0  0  0  0  0  0  0  0  0  0  0  0  0  0  0  0  0  0  0  0  0  0  0  0  0  0  0  0  0  0  0  0  0  0  0.04435300000000009
g  11  8  1.74488  1.573608  1.63554  1.681912  1.680102  1.748953  1.795654  1.782755  1.752447  1.738237  1.754834  1.798251  1.916367  2.121204  2.372115  2.606796  2.755746  2.769604  2.63645  2.364711  1.968459  1.460472  0  0  0  0  0  0  0  0  0  0  0  0  0  0  0  0  0  0  0  0  0  0  0  0  0  0  0  0  0  0  0  0  0  0  0  0  0  0  0  0  0  0  0  0  0  0  0  0  0  0  0  0  0  0  0  0  0  0  0  0  0  0  0  0  0  -0.10932000000000008
h  11  8  -1.560181  -1.726992  -1.761959  -1.690561  -1.648427  -1.665554  -1.678364  -1.667663  -1.622265  -1.559902  -1.447301  -1.237381  -0.957085  -0.702075  -0.553885  -0.542702  -0.665019  -0.89844  -1.213259  -1.576003  -1.948942  -2.295929  0  0  0  0  0  0  0  0  0  0  0  0  0  0  0  0  0  0  0  0  0  0  0  0  0  0  0  0  0  0  0  0  0  0  0  0  0  0  0  0  0  0  0  0  0  0  0  0  0  0  0  0  0  0  0  0  0  0  0  0  0  0  0  0  0  -0.06574100000000005
g  11  9  -0.097319  -0.643376  -0.981998  -1.296919  -1.538059  -1.632007  -1.544092  -1.317245  -1.043938  -0.741218  -0.434389  -0.185525  -0.027868  0.055933  0.077313  0.045474  -0.021884  -0.106047  -0.19353  -0.266221  -0.303929  -0.306116  0  0  0  0  0  0  0  0  0  0  0  0  0  0  0  0  0  0  0  0  0  0  0  0  0  0  0  0  0  0  0  0  0  0  0  0  0  0  0  0  0  0  0  0  0  0  0  0  0  0  0  0  0  0  0  0  0  0  0  0  0  0  0  0  0  0.001811000000000007
h  11  9  -2.516359  -3.151643  -3.369101  -3.374479  -3.175751  -2.833425  -2.460514  -2.158815  -1.897289  -1.700946  -1.621836  -1.662834  -1.772971  -1.895441  -1.996911  -2.072282  -2.13288  -2.19159  -2.242463  -2.274254  -2.299046  -2.329342  0  0  0  0  0  0  0  0  0  0  0  0  0  0  0  0  0  0  0  0  0  0  0  0  0  0  0  0  0  0  0  0  0  0  0  0  0  0  0  0  0  0  0  0  0  0  0  0  0  0  0  0  0  0  0  0  0  0  0  0  0  0  0  0  0  -0.0069150000000002265
g  11  10  0.476308  0.211685  -0.048628  -0.219129  -0.29597  -0.334059  -0.397931  -0.368815  -0.237519  -0.092467  0.026469  0.102531  0.076703  -0.101118  -0.405858  -0.755975  -1.060134  -1.251493  -1.301684  -1.218209  -1.031408  -0.777167  0  0  0  0  0  0  0  0  0  0  0  0  0  0  0  0  0  0  0  0  0  0  0  0  0  0  0  0  0  0  0  0  0  0  0  0  0  0  0  0  0  0  0  0  0  0  0  0  0  0  0  0  0  0  0  0  0  0  0  0  0  0  0  0  0  0.05408299999999999
h  11  10  -2.184154  -2.014686  -2.045874  -2.030118  -1.935531  -1.77807  -1.518117  -1.226856  -1.024082  -0.975466  -1.060964  -1.262168  -1.530616  -1.756208  -1.844721  -1.74869  -1.461913  -1.019703  -0.489804  0.051085  0.556623  1.000782  0  0  0  0  0  0  0  0  0  0  0  0  0  0  0  0  0  0  0  0  0  0  0  0  0  0  0  0  0  0  0  0  0  0  0  0  0  0  0  0  0  0  0  0  0  0  0  0  0  0  0  0  0  0  0  0  0  0  0  0  0  0  0  0  0  0.08243100000000003
g  11  11  3.405663  3.076047  3.116762  3.213061  3.309849  3.447597  3.54091  3.388598  2.939061  2.295117  1.58163  0.927033  0.477545  0.326766  0.468566  0.836637  1.327648  1.831671  2.270994  2.608888  2.802672  2.828192  0  0  0  0  0  0  0  0  0  0  0  0  0  0  0  0  0  0  0  0  0  0  0  0  0  0  0  0  0  0  0  0  0  0  0  0  0  0  0  0  0  0  0  0  0  0  0  0  0  0  0  0  0  0  0  0  0  0  0  0  0  0  0  0  0  -0.00919599999999976
h  11  11  -2.42458  -2.497461  -2.424938  -2.350368  -2.231391  -2.11571  -2.088903  -2.088224  -1.994436  -1.715185  -1.222605  -0.517186  0.330887  1.165973  1.850518  2.300924  2.476417  2.379473  2.065018  1.625134  1.138754  0.650323  0  0  0  0  0  0  0  0  0  0  0  0  0  0  0  0  0  0  0  0  0  0  0  0  0  0  0  0  0  0  0  0  0  0  0  0  0  0  0  0  0  0  0  0  0  0  0  0  0  0  0  0  0  0  0  0  0  0  0  0  0  0  0  0  0  -0.096352
g  12  0  -2.00266  -1.849799  -1.608268  -1.258624  -0.941042  -0.669714  -0.450557  -0.316825  -0.24926  -0.26327  -0.325749  -0.359403  -0.352679  -0.323564  -0.297408  -0.293395  -0.307648  -0.314505  -0.30315  -0.279314  -0.253313  -0.240084  0  0  0  0  0  0  0  0  0  0  0  0  0  0  0  0  0  0  0  0  0  0  0  0  0  0  0  0  0  0  0  0  0  0  0  0  0  0  0  0  0  0  0  0  0  0  0  0  0  0  0  0  0  0  0  0  0  0  0  0  0  0  0  0  0  0.0008039999999999992
g  12  1  0.002359  -0.181174  -0.269829  -0.373801  -0.504355  -0.636115  -0.712107  -0.716541  -0.684606  -0.632264  -0.581524  -0.537351  -0.492391  -0.436668  -0.363861  -0.286992  -0.226929  -0.199978  -0.199253  -0.212984  -0.237247  -0.266315  0  0  0  0  0  0  0  0  0  0  0  0  0  0  0  0  0  0  0  0  0  0  0  0  0  0  0  0  0  0  0  0  0  0  0  0  0  0  0  0  0  0  0  0  0  0  0  0  0  0  0  0  0  0  0  0  0  0  0  0  0  0  0  0  0  -0.005871000000000015
h  12  1  -0.93989  -1.05659  -1.058089  -0.966936  -0.844046  -0.711048  -0.616907  -0.570217  -0.562104  -0.554965  -0.542962  -0.549515  -0.586787  -0.653501  -0.745881  -0.851974  -0.941493  -0.989594  -1.001707  -0.992187  -0.967159  -0.93495  0  0  0  0  0  0  0  0  0  0  0  0  0  0  0  0  0  0  0  0  0  0  0  0  0  0  0  0  0  0  0  0  0  0  0  0  0  0  0  0  0  0  0  0  0  0  0  0  0  0  0  0  0  0  0  0  0  0  0  0  0  0  0  0  0  0.006614000000000009
g  12  2  0.34941  0.262835  0.232829  0.251013  0.231441  0.168239  0.064084  -0.106465  -0.320229  -0.551738  -0.771009  -0.985437  -1.200044  -1.378456  -1.482834  -1.512491  -1.482965  -1.412376  -1.323777  -1.228429  -1.123422  -1.011749  0  0  0  0  0  0  0  0  0  0  0  0  0  0  0  0  0  0  0  0  0  0  0  0  0  0  0  0  0  0  0  0  0  0  0  0  0  0  0  0  0  0  0  0  0  0  0  0  0  0  0  0  0  0  0  0  0  0  0  0  0  0  0  0  0  0.022459999999999924
h  12  2  0.225305  0.423449  0.423077  0.359016  0.156332  -0.195723  -0.52953  -0.785725  -0.953016  -1.019625  -1.004739  -0.936238  -0.835002  -0.728007  -0.632974  -0.564849  -0.519994  -0.493446  -0.485803  -0.48079  -0.458366  -0.413299  0  0  0  0  0  0  0  0  0  0  0  0  0  0  0  0  0  0  0  0  0  0  0  0  0  0  0  0  0  0  0  0  0  0  0  0  0  0  0  0  0  0  0  0  0  0  0  0  0  0  0  0  0  0  0  0  0  0  0  0  0  0  0  0  0  0.010633999999999977
g  12  3  1.299722  1.449468  1.534482  1.562087  1.59328  1.715489  1.890666  2.01988  2.094106  2.112609  2.084317  2.026893  1.940264  1.821725  1.678599  1.524598  1.378571  1.258306  1.182157  1.156433  1.16362  1.1761  0  0  0  0  0  0  0  0  0  0  0  0  0  0  0  0  0  0  0  0  0  0  0  0  0  0  0  0  0  0  0  0  0  0  0  0  0  0  0  0  0  0  0  0  0  0  0  0  0  0  0  0  0  0  0  0  0  0  0  0  0  0  0  0  0  0.0019719999999998628
h  12  3  1.722803  1.458686  1.258967  1.074642  0.881555  0.665773  0.443805  0.242678  0.068606  -0.075323  -0.200698  -0.306844  -0.376207  -0.396081  -0.376597  -0.345509  -0.319178  -0.305301  -0.316325  -0.364617  -0.451837  -0.571156  0  0  0  0  0  0  0  0  0  0  0  0  0  0  0  0  0  0  0  0  0  0  0  0  0  0  0  0  0  0  0  0  0  0  0  0  0  0  0  0  0  0  0  0  0  0  0  0  0  0  0  0  0  0  0  0  0  0  0  0  0  0  0  0  0  -0.025853000000000015
g  12  4  -0.824697  -1.027654  -0.970322  -0.879183  -0.795612  -0.756329  -0.732657  -0.704665  -0.65369  -0.619062  -0.623482  -0.648108  -0.719719  -0.848986  -1.005539  -1.155188  -1.282476  -1.384374  -1.460537  -1.509938  -1.531847  -1.532405  0  0  0  0  0  0  0  0  0  0  0  0  0  0  0  0  0  0  0  0  0  0  0  0  0  0  0  0  0  0  0  0  0  0  0  0  0  0  0  0  0  0  0  0  0  0  0  0  0  0  0  0  0  0  0  0  0  0  0  0  0  0  0  0  0  0.0011499999999999844
h  12  4  -2.37864  -1.78606  -1.549464  -1.346029  -1.043202  -0.748865  -0.525445  -0.357537  -0.244996  -0.157066  -0.09689  -0.081817  -0.108516  -0.13839  -0.135774  -0.103707  -0.06153  -0.014135  0.046328  0.129  0.227869  0.335987  0  0  0  0  0  0  0  0  0  0  0  0  0  0  0  0  0  0  0  0  0  0  0  0  0  0  0  0  0  0  0  0  0  0  0  0  0  0  0  0  0  0  0  0  0  0  0  0  0  0  0  0  0  0  0  0  0  0  0  0  0  0  0  0  0  0.022239999999999982
g  12  5  0.683092  0.775699  0.549248  0.284125  -0.021868  -0.307288  -0.448015  -0.479515  -0.420574  -0.334662  -0.24773  -0.163369  -0.064124  0.026099  0.102972  0.173034  0.238937  0.307547  0.384905  0.46387  0.537971  0.60541  0  0  0  0  0  0  0  0  0  0  0  0  0  0  0  0  0  0  0  0  0  0  0  0  0  0  0  0  0  0  0  0  0  0  0  0  0  0  0  0  0  0  0  0  0  0  0  0  0  0  0  0  0  0  0  0  0  0  0  0  0  0  0  0  0  0.013000000000000012
h  12  5  0.314883  0.036021  -0.09884  -0.176414  -0.201007  -0.288437  -0.405749  -0.455341  -0.463558  -0.464983  -0.456567  -0.432588  -0.417344  -0.43751  -0.498898  -0.58892  -0.681862  -0.748298  -0.779259  -0.790267  -0.799672  -0.816633  0  0  0  0  0  0  0  0  0  0  0  0  0  0  0  0  0  0  0  0  0  0  0  0  0  0  0  0  0  0  0  0  0  0  0  0  0  0  0  0  0  0  0  0  0  0  0  0  0  0  0  0  0  0  0  0  0  0  0  0  0  0  0  0  0  -0.004227000000000092
g  12  6  0.010028  0.237228  0.576517  0.94726  1.268267  1.516938  1.689363  1.750255  1.734692  1.656923  1.534835  1.400963  1.285661  1.191104  1.122929  1.067782  0.990629  0.880683  0.746934  0.589292  0.412092  0.243003  0  0  0  0  0  0  0  0  0  0  0  0  0  0  0  0  0  0  0  0  0  0  0  0  0  0  0  0  0  0  0  0  0  0  0  0  0  0  0  0  0  0  0  0  0  0  0  0  0  0  0  0  0  0  0  0  0  0  0  0  0  0  0  0  0  -0.03181999999999999
h  12  6  0.490186  0.65911  0.566647  0.421102  0.209366  -0.114932  -0.447024  -0.67658  -0.826342  -0.919797  -0.93118  -0.849772  -0.703435  -0.552324  -0.446028  -0.398884  -0.392254  -0.398396  -0.408405  -0.421267  -0.423787  -0.402109  0  0  0  0  0  0  0  0  0  0  0  0  0  0  0  0  0  0  0  0  0  0  0  0  0  0  0  0  0  0  0  0  0  0  0  0  0  0  0  0  0  0  0  0  0  0  0  0  0  0  0  0  0  0  0  0  0  0  0  0  0  0  0  0  0  0.006512999999999991
g  12  7  0.567045  0.364535  0.225626  0.135178  0.034048  -0.033769  -0.076665  -0.124012  -0.186981  -0.257346  -0.362742  -0.533681  -0.752663  -0.979073  -1.184697  -1.367156  -1.53178  -1.687191  -1.834719  -1.960757  -2.046747  -2.070656  0  0  0  0  0  0  0  0  0  0  0  0  0  0  0  0  0  0  0  0  0  0  0  0  0  0  0  0  0  0  0  0  0  0  0  0  0  0  0  0  0  0  0  0  0  0  0  0  0  0  0  0  0  0  0  0  0  0  0  0  0  0  0  0  0  0.0011419999999997543
h  12  7  -0.040031  -0.212002  -0.321642  -0.3783  -0.37215  -0.40151  -0.433595  -0.472212  -0.488101  -0.496354  -0.540922  -0.638806  -0.754492  -0.852489  -0.901332  -0.893131  -0.83632  -0.735417  -0.594221  -0.422236  -0.236339  -0.045397  0  0  0  0  0  0  0  0  0  0  0  0  0  0  0  0  0  0  0  0  0  0  0  0  0  0  0  0  0  0  0  0  0  0  0  0  0  0  0  0  0  0  0  0  0  0  0  0  0  0  0  0  0  0  0  0  0  0  0  0  0  0  0  0  0  0.038511
g  12  8  -0.361484  -0.451475  -0.418504  -0.360861  -0.28534  -0.168576  -0.032962  0.088281  0.172953  0.234571  0.291254  0.358181  0.411533  0.415156  0.36568  0.291268  0.21512  0.145705  0.091145  0.062963  0.071871  0.117367  0  0  0  0  0  0  0  0  0  0  0  0  0  0  0  0  0  0  0  0  0  0  0  0  0  0  0  0  0  0  0  0  0  0  0  0  0  0  0  0  0  0  0  0  0  0  0  0  0  0  0  0  0  0  0  0  0  0  0  0  0  0  0  0  0  0.011495999999999992
h  12  8  0.176805  0.543885  0.673417  0.732059  0.771362  0.823533  0.904925  1.00242  1.083053  1.137447  1.174139  1.188096  1.175699  1.162453  1.176199  1.226626  1.302746  1.381546  1.440344  1.463056  1.449483  1.403236  0  0  0  0  0  0  0  0  0  0  0  0  0  0  0  0  0  0  0  0  0  0  0  0  0  0  0  0  0  0  0  0  0  0  0  0  0  0  0  0  0  0  0  0  0  0  0  0  0  0  0  0  0  0  0  0  0  0  0  0  0  0  0  0  0  -0.011548000000000114
g  12  9  -0.314252  -0.334122  -0.189509  -0.038593  0.121059  0.256874  0.314576  0.28575  0.202017  0.106957  0.031283  0.003407  0.048913  0.162348  0.311288  0.4646  0.601649  0.711241  0.785752  0.825738  0.838778  0.829233  0  0  0  0  0  0  0  0  0  0  0  0  0  0  0  0  0  0  0  0  0  0  0  0  0  0  0  0  0  0  0  0  0  0  0  0  0  0  0  0  0  0  0  0  0  0  0  0  0  0  0  0  0  0  0  0  0  0  0  0  0  0  0  0  0  -0.0034600000000000186
h  12  9  0.397814  0.110329  0.149185  0.185304  0.151862  0.127151  0.086436  0.022697  -0.01196  0.022008  0.136651  0.319668  0.53631  0.739788  0.897847  1.007156  1.069341  1.081674  1.043863  0.967357  0.868793  0.75821  0  0  0  0  0  0  0  0  0  0  0  0  0  0  0  0  0  0  0  0  0  0  0  0  0  0  0  0  0  0  0  0  0  0  0  0  0  0  0  0  0  0  0  0  0  0  0  0  0  0  0  0  0  0  0  0  0  0  0  0  0  0  0  0  0  -0.022621000000000002
g  12  10  0.139778  0.1979  0.106742  0.016935  -0.048016  -0.081119  -0.048551  0.011181  0.04212  0.058298  0.081276  0.091507  0.078479  0.052851  0.014169  -0.039693  -0.103239  -0.170172  -0.234453  -0.288567  -0.319697  -0.317549  0  0  0  0  0  0  0  0  0  0  0  0  0  0  0  0  0  0  0  0  0  0  0  0  0  0  0  0  0  0  0  0  0  0  0  0  0  0  0  0  0  0  0  0  0  0  0  0  0  0  0  0  0  0  0  0  0  0  0  0  0  0  0  0  0  0.003572999999999993
h  12  10  -0.839517  -0.858508  -0.916703  -0.897083  -0.82958  -0.702228  -0.58869  -0.523796  -0.487272  -0.459195  -0.472217  -0.539143  -0.62549  -0.71205  -0.792682  -0.854412  -0.87874  -0.847604  -0.745943  -0.578194  -0.363227  -0.121815  0  0  0  0  0  0  0  0  0  0  0  0  0  0  0  0  0  0  0  0  0  0  0  0  0  0  0  0  0  0  0  0  0  0  0  0  0  0  0  0  0  0  0  0  0  0  0  0  0  0  0  0  0  0  0  0  0  0  0  0  0  0  0  0  0  0.04929999999999998
g  12  11  -0.791944  -0.992369  -0.971977  -0.892272  -0.781102  -0.664953  -0.52601  -0.319818  -0.058077  0.203812  0.4001  0.497987  0.459516  0.276278  -0.000275  -0.292228  -0.528516  -0.666208  -0.695667  -0.635727  -0.527874  -0.416895  0  0  0  0  0  0  0  0  0  0  0  0  0  0  0  0  0  0  0  0  0  0  0  0  0  0  0  0  0  0  0  0  0  0  0  0  0  0  0  0  0  0  0  0  0  0  0  0  0  0  0  0  0  0  0  0  0  0  0  0  0  0  0  0  0  0.020562999999999998
h  12  11  -0.13865  -0.045472  0.105439  0.2508  0.390077  0.566632  0.801237  1.029044  1.138294  1.101813  0.961564  0.749668  0.511414  0.319522  0.227309  0.25181  0.368789  0.529732  0.683497  0.783142  0.801637  0.734636  0  0  0  0  0  0  0  0  0  0  0  0  0  0  0  0  0  0  0  0  0  0  0  0  0  0  0  0  0  0  0  0  0  0  0  0  0  0  0  0  0  0  0  0  0  0  0  0  0  0  0  0  0  0  0  0  0  0  0  0  0  0  0  0  0  -0.020168000000000075
g  12  12  0.068405  -0.150229  -0.225188  -0.308185  -0.34602  -0.326629  -0.341071  -0.495284  -0.797175  -1.17896  -1.555845  -1.840217  -1.942449  -1.824157  -1.519385  -1.092129  -0.620101  -0.180579  0.16385  0.370245  0.414732  0.30798  0  0  0  0  0  0  0  0  0  0  0  0  0  0  0  0  0  0  0  0  0  0  0  0  0  0  0  0  0  0  0  0  0  0  0  0  0  0  0  0  0  0  0  0  0  0  0  0  0  0  0  0  0  0  0  0  0  0  0  0  0  0  0  0  0  -0.032404000000000044
h  12  12  0.85991  0.521191  0.488197  0.451538  0.464303  0.49631  0.473007  0.406108  0.385206  0.470576  0.681609  1.021781  1.437598  1.820725  2.085589  2.183227  2.097038  1.843837  1.477637  1.078958  0.713087  0.415472  0  0  0  0  0  0  0  0  0  0  0  0  0  0  0  0  0  0  0  0  0  0  0  0  0  0  0  0  0  0  0  0  0  0  0  0  0  0  0  0  0  0  0  0  0  0  0  0  0  0  0  0  0  0  0  0  0  0  0  0  0  0  0  0  0  -0.053112999999999966
g  13  0  0.020902  0.02226  0.089089  0.130856  0.179091  0.249227  0.29824  0.304113  0.2891  0.25337  0.208398  0.164716  0.12344  0.090318  0.072363  0.065281  0.057698  0.048228  0.042549  0.041914  0.046313  0.054496  0  0  0  0  0  0  0  0  0  0  0  0  0  0  0  0  0  0  0  0  0  0  0  0  0  0  0  0  0  0  0  0  0  0  0  0  0  0  0  0  0  0  0  0  0  0  0  0  0  0  0  0  0  0  0  0  0  0  0  0  0  0  0  0  0  0.0017630000000000007
g  13  1  -0.878256  -0.949968  -0.940248  -0.878801  -0.790062  -0.695553  -0.607736  -0.532984  -0.483924  -0.459963  -0.442239  -0.421149  -0.386703  -0.334933  -0.2724  -0.20233  -0.126667  -0.052138  0.020685  0.095733  0.171067  0.242272  0  0  0  0  0  0  0  0  0  0  0  0  0  0  0  0  0  0  0  0  0  0  0  0  0  0  0  0  0  0  0  0  0  0  0  0  0  0  0  0  0  0  0  0  0  0  0  0  0  0  0  0  0  0  0  0  0  0  0  0  0  0  0  0  0  0.013688999999999979
h  13  1  -0.701646  -0.831654  -0.845303  -0.797864  -0.742638  -0.674848  -0.624096  -0.579873  -0.53432  -0.500154  -0.471443  -0.437765  -0.388072  -0.30602  -0.197641  -0.083896  0.021762  0.111496  0.174949  0.202082  0.189019  0.138218  0  0  0  0  0  0  0  0  0  0  0  0  0  0  0  0  0  0  0  0  0  0  0  0  0  0  0  0  0  0  0  0  0  0  0  0  0  0  0  0  0  0  0  0  0  0  0  0  0  0  0  0  0  0  0  0  0  0  0  0  0  0  0  0  0  -0.012890999999999986
g  13  2  0.344394  0.475525  0.522863  0.530071  0.535221  0.551422  0.568688  0.563122  0.521748  0.45545  0.378931  0.301755  0.224968  0.138065  0.034875  -0.082524  -0.204289  -0.318118  -0.413755  -0.484247  -0.526952  -0.542892  0  0  0  0  0  0  0  0  0  0  0  0  0  0  0  0  0  0  0  0  0  0  0  0  0  0  0  0  0  0  0  0  0  0  0  0  0  0  0  0  0  0  0  0  0  0  0  0  0  0  0  0  0  0  0  0  0  0  0  0  0  0  0  0  0  -0.0012530000000000596
h  13  2  0.568032  0.775282  0.846687  0.877078  0.84914  0.745562  0.623662  0.494733  0.359518  0.231828  0.122866  0.028004  -0.059105  -0.138209  -0.205472  -0.25526  -0.284696  -0.293444  -0.279475  -0.238433  -0.17367  -0.095838  0  0  0  0  0  0  0  0  0  0  0  0  0  0  0  0  0  0  0  0  0  0  0  0  0  0  0  0  0  0  0  0  0  0  0  0  0  0  0  0  0  0  0  0  0  0  0  0  0  0  0  0  0  0  0  0  0  0  0  0  0  0  0  0  0  0.016162999999999997
g  13  3  0.443705  0.729571  0.72432  0.684652  0.625979  0.600702  0.573816  0.526797  0.48875  0.478273  0.498693  0.535658  0.592281  0.670521  0.75406  0.818951  0.8465  0.835028  0.79424  0.73191  0.653738  0.567666  0  0  0  0  0  0  0  0  0  0  0  0  0  0  0  0  0  0  0  0  0  0  0  0  0  0  0  0  0  0  0  0  0  0  0  0  0  0  0  0  0  0  0  0  0  0  0  0  0  0  0  0  0  0  0  0  0  0  0  0  0  0  0  0  0  -0.017337000000000047
h  13  3  1.53572  1.326133  1.223477  1.052215  0.878843  0.694234  0.535296  0.416362  0.359861  0.341338  0.352578  0.394545  0.445466  0.482473  0.490805  0.470133  0.442522  0.425643  0.411964  0.394412  0.376064  0.357838  0  0  0  0  0  0  0  0  0  0  0  0  0  0  0  0  0  0  0  0  0  0  0  0  0  0  0  0  0  0  0  0  0  0  0  0  0  0  0  0  0  0  0  0  0  0  0  0  0  0  0  0  0  0  0  0  0  0  0  0  0  0  0  0  0  -0.0037369999999999903
g  13  4  -0.37529  -0.266505  -0.238328  -0.163483  -0.080914  0.011962  0.078063  0.08807  0.050657  -0.005371  -0.053077  -0.088397  -0.11308  -0.124299  -0.114337  -0.077116  -0.02067  0.037484  0.083351  0.111181  0.116904  0.099808  0  0  0  0  0  0  0  0  0  0  0  0  0  0  0  0  0  0  0  0  0  0  0  0  0  0  0  0  0  0  0  0  0  0  0  0  0  0  0  0  0  0  0  0  0  0  0  0  0  0  0  0  0  0  0  0  0  0  0  0  0  0  0  0  0  -0.005118000000000011
h  13  4  -0.579091  -0.285923  -0.204272  -0.14023  -0.12328  -0.114627  -0.142214  -0.184564  -0.204389  -0.189109  -0.140503  -0.060473  0.041646  0.144417  0.229279  0.290297  0.319305  0.316566  0.292902  0.25966  0.223885  0.190253  0  0  0  0  0  0  0  0  0  0  0  0  0  0  0  0  0  0  0  0  0  0  0  0  0  0  0  0  0  0  0  0  0  0  0  0  0  0  0  0  0  0  0  0  0  0  0  0  0  0  0  0  0  0  0  0  0  0  0  0  0  0  0  0  0  -0.006294999999999995
g  13  5  1.003421  0.756304  0.479157  0.174109  -0.128646  -0.390761  -0.600167  -0.730102  -0.793469  -0.820388  -0.846885  -0.895571  -0.960743  -1.039381  -1.113294  -1.159241  -1.175764  -1.172728  -1.156316  -1.128438  -1.089764  -1.043622  0  0  0  0  0  0  0  0  0  0  0  0  0  0  0  0  0  0  0  0  0  0  0  0  0  0  0  0  0  0  0  0  0  0  0  0  0  0  0  0  0  0  0  0  0  0  0  0  0  0  0  0  0  0  0  0  0  0  0  0  0  0  0  0  0  0.009627000000000052
h  13  5  -1.10727  -1.304527  -1.378969  -1.383191  -1.350341  -1.300053  -1.247942  -1.18782  -1.107113  -1.040979  -0.994134  -0.957905  -0.927603  -0.886049  -0.814459  -0.716399  -0.604413  -0.481681  -0.349187  -0.212771  -0.085838  0.019335  0  0  0  0  0  0  0  0  0  0  0  0  0  0  0  0  0  0  0  0  0  0  0  0  0  0  0  0  0  0  0  0  0  0  0  0  0  0  0  0  0  0  0  0  0  0  0  0  0  0  0  0  0  0  0  0  0  0  0  0  0  0  0  0  0  0.018831
g  13  6  -0.209554  0.010495  -0.018083  -0.031443  -0.061562  -0.067872  -0.046453  -0.004213  0.051311  0.107243  0.158979  0.197921  0.209123  0.182499  0.128269  0.061522  0.000551  -0.040428  -0.054847  -0.039501  0.007115  0.076905  0  0  0  0  0  0  0  0  0  0  0  0  0  0  0  0  0  0  0  0  0  0  0  0  0  0  0  0  0  0  0  0  0  0  0  0  0  0  0  0  0  0  0  0  0  0  0  0  0  0  0  0  0  0  0  0  0  0  0  0  0  0  0  0  0  0.015217000000000001
h  13  6  -0.001782  -0.183777  -0.122196  -0.091943  -0.113119  -0.206638  -0.299659  -0.348271  -0.367024  -0.374451  -0.370873  -0.370841  -0.385652  -0.418226  -0.460984  -0.49268  -0.492543  -0.458237  -0.402679  -0.343287  -0.294653  -0.264718  0  0  0  0  0  0  0  0  0  0  0  0  0  0  0  0  0  0  0  0  0  0  0  0  0  0  0  0  0  0  0  0  0  0  0  0  0  0  0  0  0  0  0  0  0  0  0  0  0  0  0  0  0  0  0  0  0  0  0  0  0  0  0  0  0  0.004438999999999971
g  13  7  0.810177  0.717479  0.688162  0.673554  0.637123  0.591002  0.530966  0.402072  0.239536  0.092099  -0.011659  -0.05479  -0.024728  0.068354  0.186746  0.294447  0.37657  0.427822  0.448629  0.442967  0.41196  0.357937  0  0  0  0  0  0  0  0  0  0  0  0  0  0  0  0  0  0  0  0  0  0  0  0  0  0  0  0  0  0  0  0  0  0  0  0  0  0  0  0  0  0  0  0  0  0  0  0  0  0  0  0  0  0  0  0  0  0  0  0  0  0  0  0  0  -0.012519000000000002
h  13  7  0.306591  0.12372  0.024652  -0.09665  -0.234834  -0.375931  -0.480354  -0.538809  -0.51743  -0.410157  -0.257223  -0.071834  0.124522  0.288221  0.39819  0.4599  0.4844  0.477805  0.445687  0.393147  0.328123  0.265846  0  0  0  0  0  0  0  0  0  0  0  0  0  0  0  0  0  0  0  0  0  0  0  0  0  0  0  0  0  0  0  0  0  0  0  0  0  0  0  0  0  0  0  0  0  0  0  0  0  0  0  0  0  0  0  0  0  0  0  0  0  0  0  0  0  -0.01153599999999999
g  13  8  -0.161692  -0.1689  -0.182071  -0.169284  -0.158378  -0.100163  -0.035271  -0.023012  -0.051392  -0.103099  -0.174158  -0.255026  -0.325198  -0.360036  -0.349234  -0.300834  -0.229112  -0.149565  -0.069986  0.010109  0.09649  0.198332  0  0  0  0  0  0  0  0  0  0  0  0  0  0  0  0  0  0  0  0  0  0  0  0  0  0  0  0  0  0  0  0  0  0  0  0  0  0  0  0  0  0  0  0  0  0  0  0  0  0  0  0  0  0  0  0  0  0  0  0  0  0  0  0  0  0.021914000000000017
h  13  8  0.087857  -0.188204  -0.212488  -0.19027  -0.163587  -0.170261  -0.202384  -0.252959  -0.290415  -0.312117  -0.330868  -0.334138  -0.300951  -0.227502  -0.132161  -0.044419  0.016009  0.04433  0.044191  0.025259  0.000133  -0.02018  0  0  0  0  0  0  0  0  0  0  0  0  0  0  0  0  0  0  0  0  0  0  0  0  0  0  0  0  0  0  0  0  0  0  0  0  0  0  0  0  0  0  0  0  0  0  0  0  0  0  0  0  0  0  0  0  0  0  0  0  0  0  0  0  0  -0.0034049999999999983
g  13  9  0.398713  0.418852  0.497038  0.542281  0.552529  0.562179  0.577553  0.601056  0.640137  0.685031  0.724188  0.742659  0.722333  0.658631  0.567082  0.471194  0.38782  0.32446  0.282693  0.257677  0.240871  0.223798  0  0  0  0  0  0  0  0  0  0  0  0  0  0  0  0  0  0  0  0  0  0  0  0  0  0  0  0  0  0  0  0  0  0  0  0  0  0  0  0  0  0  0  0  0  0  0  0  0  0  0  0  0  0  0  0  0  0  0  0  0  0  0  0  0  -0.003925000000000012
h  13  9  0.364006  0.40812  0.341893  0.270315  0.215649  0.211932  0.242764  0.26718  0.258596  0.215235  0.139175  0.035536  -0.070975  -0.148524  -0.182129  -0.176296  -0.148562  -0.12303  -0.120941  -0.151882  -0.213569  -0.302996  0  0  0  0  0  0  0  0  0  0  0  0  0  0  0  0  0  0  0  0  0  0  0  0  0  0  0  0  0  0  0  0  0  0  0  0  0  0  0  0  0  0  0  0  0  0  0  0  0  0  0  0  0  0  0  0  0  0  0  0  0  0  0  0  0  -0.019899999999999973
g  13  10  -0.083275  -0.017139  0.065032  0.130776  0.176346  0.1696  0.088117  -0.047722  -0.205892  -0.367567  -0.507712  -0.595747  -0.62808  -0.625394  -0.613599  -0.613218  -0.631013  -0.662198  -0.699829  -0.73822  -0.772156  -0.795719  0  0  0  0  0  0  0  0  0  0  0  0  0  0  0  0  0  0  0  0  0  0  0  0  0  0  0  0  0  0  0  0  0  0  0  0  0  0  0  0  0  0  0  0  0  0  0  0  0  0  0  0  0  0  0  0  0  0  0  0  0  0  0  0  0  -0.0035359999999999836
h  13  10  0.420934  0.512573  0.593415  0.620815  0.600483  0.552735  0.480924  0.403892  0.351382  0.340203  0.381067  0.456704  0.529196  0.567728  0.564738  0.532254  0.487231  0.442564  0.404574  0.380179  0.374347  0.383731  0  0  0  0  0  0  0  0  0  0  0  0  0  0  0  0  0  0  0  0  0  0  0  0  0  0  0  0  0  0  0  0  0  0  0  0  0  0  0  0  0  0  0  0  0  0  0  0  0  0  0  0  0  0  0  0  0  0  0  0  0  0  0  0  0  0.002768999999999966
g  13  11  0.396527  0.500291  0.504007  0.456017  0.388021  0.323676  0.272197  0.21206  0.142047  0.091284  0.068541  0.062916  0.067848  0.083053  0.100838  0.10597  0.087307  0.04113  -0.025527  -0.093987  -0.144091  -0.164852  0  0  0  0  0  0  0  0  0  0  0  0  0  0  0  0  0  0  0  0  0  0  0  0  0  0  0  0  0  0  0  0  0  0  0  0  0  0  0  0  0  0  0  0  0  0  0  0  0  0  0  0  0  0  0  0  0  0  0  0  0  0  0  0  0  -0.0014409999999999978
h  13  11  -0.362746  -0.474849  -0.572882  -0.63697  -0.651468  -0.631235  -0.598206  -0.5558  -0.492505  -0.412261  -0.332464  -0.264239  -0.209968  -0.17482  -0.152601  -0.126857  -0.082684  -0.009694  0.09834  0.230853  0.36731  0.494953  0  0  0  0  0  0  0  0  0  0  0  0  0  0  0  0  0  0  0  0  0  0  0  0  0  0  0  0  0  0  0  0  0  0  0  0  0  0  0  0  0  0  0  0  0  0  0  0  0  0  0  0  0  0  0  0  0  0  0  0  0  0  0  0  0  0.024518999999999957
g  13  12  -0.192404  -0.278228  -0.295873  -0.274779  -0.250269  -0.212975  -0.160512  -0.056631  0.09332  0.228449  0.303706  0.302303  0.218859  0.072822  -0.089482  -0.216427  -0.265373  -0.220699  -0.09658  0.073348  0.247535  0.388088  0  0  0  0  0  0  0  0  0  0  0  0  0  0  0  0  0  0  0  0  0  0  0  0  0  0  0  0  0  0  0  0  0  0  0  0  0  0  0  0  0  0  0  0  0  0  0  0  0  0  0  0  0  0  0  0  0  0  0  0  0  0  0  0  0  0.023882999999999988
h  13  12  -0.434858  -0.355498  -0.261572  -0.146997  -0.017413  0.108176  0.226616  0.308217  0.307726  0.219073  0.075653  -0.09431  -0.250192  -0.341251  -0.341438  -0.25566  -0.112908  0.043944  0.169726  0.229761  0.206847  0.099616  0  0  0  0  0  0  0  0  0  0  0  0  0  0  0  0  0  0  0  0  0  0  0  0  0  0  0  0  0  0  0  0  0  0  0  0  0  0  0  0  0  0  0  0  0  0  0  0  0  0  0  0  0  0  0  0  0  0  0  0  0  0  0  0  0  -0.02778499999999999
g  13  13  -0.358226  -0.410077  -0.429964  -0.40671  -0.335462  -0.226211  -0.134921  -0.123423  -0.196999  -0.313903  -0.425541  -0.487136  -0.46216  -0.349182  -0.180785  0.003075  0.162701  0.267333  0.297694  0.244459  0.11439  -0.064377  0  0  0  0  0  0  0  0  0  0  0  0  0  0  0  0  0  0  0  0  0  0  0  0  0  0  0  0  0  0  0  0  0  0  0  0  0  0  0  0  0  0  0  0  0  0  0  0  0  0  0  0  0  0  0  0  0  0  0  0  0  0  0  0  0  -0.038067000000000004
h  13  13  -0.678959  -0.489535  -0.301033  -0.1309  0.035962  0.162643  0.204715  0.164483  0.10271  0.067716  0.079984  0.143981  0.226615  0.271503  0.242128  0.129074  -0.053646  -0.279467  -0.511064  -0.709517  -0.850244  -0.923839  0  0  0  0  0  0  0  0  0  0  0  0  0  0  0  0  0  0  0  0  0  0  0  0  0  0  0  0  0  0  0  0  0  0  0  0  0  0  0  0  0  0  0  0  0  0  0  0  0  0  0  0  0  0  0  0  0  0  0  0  0  0  0  0  0  -0.009336999999999929
