# 2019 MPG data assimilation forecast
# units of nT 
c/s d o  GUFM1  GUFM1  GUFM1  GUFM1  GUFM1  GUFM1  GUFM1  GUFM1  GUFM1  GUFM1  GUFM1  GUFM1  GUFM1  GUFM1  GUFM1  GUFM1  GUFM1  GUFM1  GUFM1  GUFM1  GUFM1  GUFM1  GUFM1  GUFM1  GUFM1  GUFM1  GUFM1  GUFM1  GUFM1  GUFM1  GUFM1  GUFM1  GUFM1  GUFM1  GUFM1  GUFM1  GUFM1  GUFM1  GUFM1  GUFM1  GUFM1  GUFM1  GUFM1  GUFM1  GUFM1  GUFM1  GUFM1  GUFM1  GUFM1  GUFM1  GUFM1  GUFM1  GUFM1  GUFM1  GUFM1  GUFM1  GUFM1  GUFM1  GUFM1  GUFM1  GUFM1  GUFM1   IGRF   IGRF   IGRF   IGRF   IGRF   IGRF   IGRF   IGRF   IGRF   DGRF   DGRF   DGRF   DGRF   DGRF   DGRF   DGRF   DGRF   DGRF   DGRF   DGRF   DGRF      DGRF      DGRF     DGRF     IGRF      SV
g/h n m 1590.0 1595.0 1600.0 1605.0 1610.0 1615.0 1620.0 1625.0 1630.0 1635.0 1640.0 1645.0 1650.0 1655.0 1660.0 1665.0 1670.0 1675.0 1680.0 1685.0 1690.0 1695.0 1700.0 1705.0 1710.0 1715.0 1720.0 1725.0 1730.0 1735.0 1740.0 1745.0 1750.0 1755.0 1760.0 1765.0 1770.0 1775.0 1780.0 1785.0 1790.0 1795.0 1800.0 1805.0 1810.0 1815.0 1820.0 1825.0 1830.0 1835.0 1840.0 1845.0 1850.0 1855.0 1860.0 1865.0 1870.0 1875.0 1880.0 1885.0 1890.0 1895.0 1900.0 1905.0 1910.0 1915.0 1920.0 1925.0 1930.0 1935.0 1940.0 1945.0 1950.0 1955.0 1960.0 1965.0 1970.0 1975.0 1980.0 1985.0 1990.0 1995.0 2000.0    2005.0    2010.0   2015.0   2020.0 2020-25
g  1  0  -29441.054844  -29404.336674  -29384.080784  -29360.356837  -29346.262953  -29343.940765  -29347.452567  -29350.134708  -29345.23651  -29335.002899  -29309.385982  -29266.797979  -29209.415061  -29139.894406  -29063.669376  -28985.589356  -28908.865143  -28835.064713  -28765.023538  -28697.811404  -28631.570672  -28564.897421  0  0  0  0  0  0  0  0  0  0  0  0  0  0  0  0  0  0  0  0  0  0  0  0  0  0  0  0  0  0  0  0  0  0  0  0  0  0  0  0  0  0  0  0  0  0  0  0  0  0  0  0  0  0  0  0  0  0  0  0  0  0  0  0  0  13.427717999999004
g  1  1  -1502.010324  -1450.112305  -1408.577745  -1362.653244  -1305.058762  -1241.314407  -1171.095282  -1095.660227  -1014.391906  -924.058182  -826.632343  -728.243665  -635.999831  -554.006255  -482.452777  -422.523043  -376.259687  -344.478211  -326.108559  -318.024844  -317.674886  -322.078114  0  0  0  0  0  0  0  0  0  0  0  0  0  0  0  0  0  0  0  0  0  0  0  0  0  0  0  0  0  0  0  0  0  0  0  0  0  0  0  0  0  0  0  0  0  0  0  0  0  0  0  0  0  0  0  0  0  0  0  0  0  0  0  0  0  -1.1605300000000511
h  1  1  4796.489462  4652.432712  4516.34623  4388.755317  4279.701387  4183.570248  4091.621981  3997.191167  3904.187402  3805.754677  3692.774087  3558.900165  3409.098053  3254.365555  3100.214346  2945.89554  2793.387421  2643.440872  2494.685347  2348.122365  2205.869566  2067.058714  0  0  0  0  0  0  0  0  0  0  0  0  0  0  0  0  0  0  0  0  0  0  0  0  0  0  0  0  0  0  0  0  0  0  0  0  0  0  0  0  0  0  0  0  0  0  0  0  0  0  0  0  0  0  0  0  0  0  0  0  0  0  0  0  0  -27.608919000000242
g  2  0  -2446.254661  -2498.836071  -2534.974331  -2572.044711  -2614.288975  -2658.045162  -2702.862377  -2751.437102  -2809.051302  -2872.306652  -2935.653886  -2994.037577  -3044.18554  -3085.160918  -3118.992507  -3147.142122  -3171.279852  -3191.823187  -3207.673854  -3217.680135  -3220.622011  -3216.776399  0  0  0  0  0  0  0  0  0  0  0  0  0  0  0  0  0  0  0  0  0  0  0  0  0  0  0  0  0  0  0  0  0  0  0  0  0  0  0  0  0  0  0  0  0  0  0  0  0  0  0  0  0  0  0  0  0  0  0  0  0  0  0  0  0  1.2650780000003579
g  2  1  3012.238005  2982.294725  2963.522876  2938.268397  2897.610884  2849.159166  2812.575557  2795.05796  2784.397493  2775.08921  2766.422553  2761.647355  2763.788614  2771.133703  2782.706612  2798.237746  2818.605853  2843.024162  2869.129374  2895.096045  2919.253636  2940.335931  0  0  0  0  0  0  0  0  0  0  0  0  0  0  0  0  0  0  0  0  0  0  0  0  0  0  0  0  0  0  0  0  0  0  0  0  0  0  0  0  0  0  0  0  0  0  0  0  0  0  0  0  0  0  0  0  0  0  0  0  0  0  0  0  0  3.9717829999999594
h  2  1  -2845.275795  -2991.295326  -3097.035029  -3174.77942  -3236.451898  -3294.585342  -3360.460304  -3427.233789  -3494.148289  -3568.470487  -3655.736772  -3751.32499  -3846.608677  -3935.944197  -4015.806736  -4085.433482  -4146.723444  -4202.387128  -4254.273534  -4303.642166  -4352.054294  -4400.472804  0  0  0  0  0  0  0  0  0  0  0  0  0  0  0  0  0  0  0  0  0  0  0  0  0  0  0  0  0  0  0  0  0  0  0  0  0  0  0  0  0  0  0  0  0  0  0  0  0  0  0  0  0  0  0  0  0  0  0  0  0  0  0  0  0  -9.70221599999968
g  2  2  1676.313188  1676.960237  1654.128745  1615.534394  1570.865036  1530.444166  1486.972536  1440.365661  1395.006741  1353.753247  1317.260748  1281.675853  1242.514907  1196.97967  1144.765701  1087.82604  1029.163838  971.108839  913.339652  855.256303  796.101573  735.10519  0  0  0  0  0  0  0  0  0  0  0  0  0  0  0  0  0  0  0  0  0  0  0  0  0  0  0  0  0  0  0  0  0  0  0  0  0  0  0  0  0  0  0  0  0  0  0  0  0  0  0  0  0  0  0  0  0  0  0  0  0  0  0  0  0  -12.351557999999955
h  2  2  -642.197221  -733.672834  -810.298493  -873.135373  -934.39881  -1000.032534  -1068.730122  -1133.0793  -1190.917662  -1242.801914  -1296.370449  -1359.479485  -1429.741797  -1501.676291  -1572.477925  -1640.654883  -1705.150421  -1766.361544  -1824.761307  -1878.88932  -1927.486229  -1970.618886  0  0  0  0  0  0  0  0  0  0  0  0  0  0  0  0  0  0  0  0  0  0  0  0  0  0  0  0  0  0  0  0  0  0  0  0  0  0  0  0  0  0  0  0  0  0  0  0  0  0  0  0  0  0  0  0  0  0  0  0  0  0  0  0  0  -8.22824199999991
g  3  0  1350.154831  1362.906981  1359.055688  1353.512959  1344.00956  1339.265322  1335.680313  1330.316125  1322.412027  1313.261585  1306.47862  1305.734793  1310.210586  1319.894094  1333.367124  1348.579994  1363.977103  1378.107307  1389.369037  1397.265684  1402.393609  1405.087565  0  0  0  0  0  0  0  0  0  0  0  0  0  0  0  0  0  0  0  0  0  0  0  0  0  0  0  0  0  0  0  0  0  0  0  0  0  0  0  0  0  0  0  0  0  0  0  0  0  0  0  0  0  0  0  0  0  0  0  0  0  0  0  0  0  0.3396170000000893
g  3  1  -2352.008169  -2381.481291  -2406.947449  -2437.730589  -2465.000122  -2488.06643  -2506.073149  -2518.498812  -2527.850913  -2533.849423  -2535.806277  -2531.518056  -2522.819744  -2512.202638  -2498.667385  -2480.615698  -2458.655658  -2434.251407  -2407.68262  -2378.594867  -2346.514826  -2311.033294  0  0  0  0  0  0  0  0  0  0  0  0  0  0  0  0  0  0  0  0  0  0  0  0  0  0  0  0  0  0  0  0  0  0  0  0  0  0  0  0  0  0  0  0  0  0  0  0  0  0  0  0  0  0  0  0  0  0  0  0  0  0  0  0  0  7.38221300000032
h  3  1  -115.346432  -81.936549  -61.762888  -44.583337  -18.227032  8.879901  39.05428  73.525637  109.332339  144.069589  177.856929  211.003089  245.715697  286.38112  333.957055  388.046388  449.30439  517.653674  591.507711  669.746544  751.153418  833.823749  0  0  0  0  0  0  0  0  0  0  0  0  0  0  0  0  0  0  0  0  0  0  0  0  0  0  0  0  0  0  0  0  0  0  0  0  0  0  0  0  0  0  0  0  0  0  0  0  0  0  0  0  0  0  0  0  0  0  0  0  0  0  0  0  0  16.528428000000076
g  3  2  1225.590445  1236.284274  1242.251508  1249.230332  1253.240656  1260.067684  1269.003107  1274.502321  1276.368173  1274.588292  1272.06069  1271.812909  1271.230579  1268.14481  1264.461732  1260.990874  1257.454276  1254.381191  1252.282626  1252.121384  1254.675706  1260.711051  0  0  0  0  0  0  0  0  0  0  0  0  0  0  0  0  0  0  0  0  0  0  0  0  0  0  0  0  0  0  0  0  0  0  0  0  0  0  0  0  0  0  0  0  0  0  0  0  0  0  0  0  0  0  0  0  0  0  0  0  0  0  0  0  0  1.5065079999999398
h  3  2  245.051736  241.823321  245.395476  252.3806  255.138766  254.74803  251.109475  251.523885  256.391106  259.525418  257.28033  253.444874  252.263556  254.83859  260.539023  267.831071  276.849059  289.055703  305.241856  324.519381  345.482989  366.622049  0  0  0  0  0  0  0  0  0  0  0  0  0  0  0  0  0  0  0  0  0  0  0  0  0  0  0  0  0  0  0  0  0  0  0  0  0  0  0  0  0  0  0  0  0  0  0  0  0  0  0  0  0  0  0  0  0  0  0  0  0  0  0  0  0  4.182834000000014
g  3  3  581.387291  525.815025  471.392156  418.847686  373.456888  332.352075  301.540961  277.187042  258.100999  244.37897  233.137539  225.007877  215.937713  202.372692  183.098829  158.040286  126.383879  87.425059  41.040763  -12.434536  -71.697959  -134.743933  0  0  0  0  0  0  0  0  0  0  0  0  0  0  0  0  0  0  0  0  0  0  0  0  0  0  0  0  0  0  0  0  0  0  0  0  0  0  0  0  0  0  0  0  0  0  0  0  0  0  0  0  0  0  0  0  0  0  0  0  0  0  0  0  0  -12.795900000000003
h  3  3  -538.759055  -542.567506  -540.245286  -543.285878  -548.944056  -557.428213  -567.325084  -578.849479  -588.132801  -598.524548  -612.288485  -630.331811  -653.334728  -678.618062  -704.111162  -729.543748  -753.810488  -775.392948  -793.96095  -808.827625  -819.636798  -826.247686  0  0  0  0  0  0  0  0  0  0  0  0  0  0  0  0  0  0  0  0  0  0  0  0  0  0  0  0  0  0  0  0  0  0  0  0  0  0  0  0  0  0  0  0  0  0  0  0  0  0  0  0  0  0  0  0  0  0  0  0  0  0  0  0  0  -0.9489350000000059
g  4  0  907.076096  903.235542  897.675098  895.514079  890.310066  879.60192  866.506656  853.973166  842.162922  834.568192  835.470251  843.578049  857.395911  875.123811  894.312801  912.697701  928.467626  940.732485  949.378441  954.265666  955.664943  954.08015  0  0  0  0  0  0  0  0  0  0  0  0  0  0  0  0  0  0  0  0  0  0  0  0  0  0  0  0  0  0  0  0  0  0  0  0  0  0  0  0  0  0  0  0  0  0  0  0  0  0  0  0  0  0  0  0  0  0  0  0  0  0  0  0  0  -0.5262139999999818
g  4  1  813.758892  808.866528  799.457781  787.535537  771.809548  758.85876  750.077099  744.45949  736.833734  724.360887  708.834203  691.169957  671.831531  651.57488  630.142078  606.392296  580.032525  550.78786  518.361069  482.96065  444.781153  403.944298  0  0  0  0  0  0  0  0  0  0  0  0  0  0  0  0  0  0  0  0  0  0  0  0  0  0  0  0  0  0  0  0  0  0  0  0  0  0  0  0  0  0  0  0  0  0  0  0  0  0  0  0  0  0  0  0  0  0  0  0  0  0  0  0  0  -8.351614999999981
h  4  1  283.201024  281.890939  278.508694  272.982774  267.89474  261.382467  251.515789  235.971055  215.959444  189.072655  156.211353  121.180855  86.153211  52.999566  22.831983  -4.839963  -30.365785  -54.065198  -76.633741  -98.190068  -118.115706  -135.598406  0  0  0  0  0  0  0  0  0  0  0  0  0  0  0  0  0  0  0  0  0  0  0  0  0  0  0  0  0  0  0  0  0  0  0  0  0  0  0  0  0  0  0  0  0  0  0  0  0  0  0  0  0  0  0  0  0  0  0  0  0  0  0  0  0  -3.2654930000000206
g  4  2  120.621525  86.286866  70.200209  54.615746  39.691149  23.742356  5.628725  -12.621937  -31.070689  -47.840037  -60.718321  -69.684928  -76.270529  -81.046945  -84.042307  -85.31465  -83.856225  -79.513197  -73.12463  -65.425013  -56.949077  -48.477117  0  0  0  0  0  0  0  0  0  0  0  0  0  0  0  0  0  0  0  0  0  0  0  0  0  0  0  0  0  0  0  0  0  0  0  0  0  0  0  0  0  0  0  0  0  0  0  0  0  0  0  0  0  0  0  0  0  0  0  0  0  0  0  0  0  1.6576340000000016
h  4  2  -188.467957  -158.489951  -120.294822  -82.0312  -43.310834  -6.876408  35.290746  85.296487  138.468223  191.380042  240.17878  282.680169  319.179178  351.821492  382.381078  412.072991  440.990287  468.724132  494.80576  519.13255  541.868472  562.555534  0  0  0  0  0  0  0  0  0  0  0  0  0  0  0  0  0  0  0  0  0  0  0  0  0  0  0  0  0  0  0  0  0  0  0  0  0  0  0  0  0  0  0  0  0  0  0  0  0  0  0  0  0  0  0  0  0  0  0  0  0  0  0  0  0  3.9360759999999573
g  4  3  -335.186518  -309.41044  -291.399585  -276.371471  -255.224037  -230.542395  -205.139813  -179.960608  -154.526668  -126.357242  -95.104812  -62.740434  -31.730702  -3.597784  22.228107  46.222118  68.488683  89.319379  109.059057  128.746406  149.695491  172.792296  0  0  0  0  0  0  0  0  0  0  0  0  0  0  0  0  0  0  0  0  0  0  0  0  0  0  0  0  0  0  0  0  0  0  0  0  0  0  0  0  0  0  0  0  0  0  0  0  0  0  0  0  0  0  0  0  0  0  0  0  0  0  0  0  0  4.809359000000001
h  4  3  181.007062  199.630803  219.390347  238.608598  254.034411  274.093656  296.799465  321.035074  345.825635  370.145676  391.57792  410.368965  427.106155  441.749882  454.813814  467.130302  479.955397  493.900347  508.503234  522.476805  534.641991  543.832725  0  0  0  0  0  0  0  0  0  0  0  0  0  0  0  0  0  0  0  0  0  0  0  0  0  0  0  0  0  0  0  0  0  0  0  0  0  0  0  0  0  0  0  0  0  0  0  0  0  0  0  0  0  0  0  0  0  0  0  0  0  0  0  0  0  1.546534999999949
g  4  4  70.32516  47.490321  26.221993  7.93461  -3.067916  -6.055115  -3.364193  4.092561  13.022905  20.961008  28.095248  31.46949  28.981633  19.285612  2.176728  -21.923382  -51.837524  -86.089381  -122.593895  -159.480009  -195.146683  -228.364023  0  0  0  0  0  0  0  0  0  0  0  0  0  0  0  0  0  0  0  0  0  0  0  0  0  0  0  0  0  0  0  0  0  0  0  0  0  0  0  0  0  0  0  0  0  0  0  0  0  0  0  0  0  0  0  0  0  0  0  0  0  0  0  0  0  -6.414986999999996
h  4  4  -328.884456  -350.123722  -358.759425  -362.134979  -367.88826  -372.540176  -373.150897  -370.93919  -371.075185  -374.604758  -383.39172  -395.933051  -411.029955  -428.08085  -446.516951  -465.309268  -482.754752  -497.019865  -506.860343  -511.530516  -510.240298  -502.840252  0  0  0  0  0  0  0  0  0  0  0  0  0  0  0  0  0  0  0  0  0  0  0  0  0  0  0  0  0  0  0  0  0  0  0  0  0  0  0  0  0  0  0  0  0  0  0  0  0  0  0  0  0  0  0  0  0  0  0  0  0  0  0  0  0  1.9681489999999826
g  5  0  -232.929814  -234.607484  -238.236068  -238.868612  -239.859591  -241.348332  -244.54292  -251.267164  -260.069918  -268.574132  -273.396038  -273.426543  -269.378705  -261.115695  -249.265882  -235.382807  -220.438012  -205.034738  -189.922191  -175.663827  -162.589085  -150.880748  0  0  0  0  0  0  0  0  0  0  0  0  0  0  0  0  0  0  0  0  0  0  0  0  0  0  0  0  0  0  0  0  0  0  0  0  0  0  0  0  0  0  0  0  0  0  0  0  0  0  0  0  0  0  0  0  0  0  0  0  0  0  0  0  0  2.2249889999999937
g  5  1  360.143922  363.489303  363.353651  361.064126  357.447559  354.626406  351.092656  345.171548  337.134972  327.143886  317.694546  310.415304  305.000927  299.923159  293.902197  286.733361  278.794748  270.132598  260.766517  250.587112  239.204217  226.421485  0  0  0  0  0  0  0  0  0  0  0  0  0  0  0  0  0  0  0  0  0  0  0  0  0  0  0  0  0  0  0  0  0  0  0  0  0  0  0  0  0  0  0  0  0  0  0  0  0  0  0  0  0  0  0  0  0  0  0  0  0  0  0  0  0  -2.6614580000000103
h  5  1  46.994791  47.295777  41.538883  33.239812  26.389803  18.24481  7.967262  -5.166633  -21.475572  -41.199042  -62.088448  -83.873793  -105.318552  -125.007993  -142.42024  -157.075897  -168.492589  -177.0132  -183.443319  -188.687526  -193.458817  -198.090791  0  0  0  0  0  0  0  0  0  0  0  0  0  0  0  0  0  0  0  0  0  0  0  0  0  0  0  0  0  0  0  0  0  0  0  0  0  0  0  0  0  0  0  0  0  0  0  0  0  0  0  0  0  0  0  0  0  0  0  0  0  0  0  0  0  -0.9197479999999985
g  5  2  192.314683  188.019153  184.464539  185.403977  189.856771  197.044929  204.007329  208.476159  210.053075  210.15623  210.207211  211.225285  212.548594  212.247329  209.838288  205.692335  199.848609  192.394158  183.767722  174.607915  165.392447  156.534442  0  0  0  0  0  0  0  0  0  0  0  0  0  0  0  0  0  0  0  0  0  0  0  0  0  0  0  0  0  0  0  0  0  0  0  0  0  0  0  0  0  0  0  0  0  0  0  0  0  0  0  0  0  0  0  0  0  0  0  0  0  0  0  0  0  -1.736678999999981
h  5  2  197.02395  208.159821  225.733456  242.755465  258.710408  274.032878  288.901891  303.984265  317.639196  326.604696  329.479293  327.479364  321.956951  313.84445  303.551659  291.368197  277.920063  263.940064  249.785702  235.936263  222.607008  209.481612  0  0  0  0  0  0  0  0  0  0  0  0  0  0  0  0  0  0  0  0  0  0  0  0  0  0  0  0  0  0  0  0  0  0  0  0  0  0  0  0  0  0  0  0  0  0  0  0  0  0  0  0  0  0  0  0  0  0  0  0  0  0  0  0  0  -2.627631999999977
g  5  3  -140.812976  -140.931198  -138.8361  -135.136216  -134.143414  -132.567157  -131.693619  -131.056795  -130.124446  -128.585169  -124.366327  -117.509402  -109.484026  -101.690619  -94.174645  -86.545935  -78.756841  -70.957322  -63.388401  -56.04246  -48.835902  -41.308271  0  0  0  0  0  0  0  0  0  0  0  0  0  0  0  0  0  0  0  0  0  0  0  0  0  0  0  0  0  0  0  0  0  0  0  0  0  0  0  0  0  0  0  0  0  0  0  0  0  0  0  0  0  0  0  0  0  0  0  0  0  0  0  0  0  1.5507139999999993
h  5  3  -118.948682  -121.011713  -121.533809  -122.014133  -118.582791  -113.961235  -109.387461  -102.324771  -94.850156  -86.643375  -78.466619  -70.961775  -64.192146  -57.660202  -51.046142  -44.429644  -37.574304  -30.03163  -21.596914  -12.511205  -3.09893  6.378217  0  0  0  0  0  0  0  0  0  0  0  0  0  0  0  0  0  0  0  0  0  0  0  0  0  0  0  0  0  0  0  0  0  0  0  0  0  0  0  0  0  0  0  0  0  0  0  0  0  0  0  0  0  0  0  0  0  0  0  0  0  0  0  0  0  1.8957110000000004
g  5  4  -157.630858  -151.00023  -142.229668  -131.43769  -117.348552  -104.969155  -95.058754  -88.480023  -84.098079  -80.069401  -74.975951  -68.447802  -60.985371  -52.81426  -43.428507  -32.727628  -21.224078  -9.572729  1.844076  13.228272  24.733907  36.196304  0  0  0  0  0  0  0  0  0  0  0  0  0  0  0  0  0  0  0  0  0  0  0  0  0  0  0  0  0  0  0  0  0  0  0  0  0  0  0  0  0  0  0  0  0  0  0  0  0  0  0  0  0  0  0  0  0  0  0  0  0  0  0  0  0  2.275219
h  5  4  15.701949  32.520537  46.999407  57.518218  65.24565  71.755153  75.789239  78.712195  80.550888  82.338444  84.480316  86.410978  87.556199  88.304275  89.730344  92.16754  95.321949  98.974257  102.699862  106.153533  109.120556  111.374576  0  0  0  0  0  0  0  0  0  0  0  0  0  0  0  0  0  0  0  0  0  0  0  0  0  0  0  0  0  0  0  0  0  0  0  0  0  0  0  0  0  0  0  0  0  0  0  0  0  0  0  0  0  0  0  0  0  0  0  0  0  0  0  0  0  0.3866730000000018
g  5  5  3.720042  13.864568  27.311476  44.364196  62.997524  81.464389  100.465929  119.868822  138.495271  155.338593  170.138012  181.932008  189.870929  193.562796  192.874491  188.084929  179.755875  168.603689  155.472519  141.124146  126.119196  111.095084  0  0  0  0  0  0  0  0  0  0  0  0  0  0  0  0  0  0  0  0  0  0  0  0  0  0  0  0  0  0  0  0  0  0  0  0  0  0  0  0  0  0  0  0  0  0  0  0  0  0  0  0  0  0  0  0  0  0  0  0  0  0  0  0  0  -2.9814899999999938
h  5  5  100.053698  99.14776  105.89708  110.712969  112.72913  115.321554  118.370875  119.389702  116.356333  107.703957  94.63318  78.272604  59.223527  38.931565  19.077498  1.040131  -13.817252  -24.425353  -30.24986  -31.188942  -27.403535  -19.229028  0  0  0  0  0  0  0  0  0  0  0  0  0  0  0  0  0  0  0  0  0  0  0  0  0  0  0  0  0  0  0  0  0  0  0  0  0  0  0  0  0  0  0  0  0  0  0  0  0  0  0  0  0  0  0  0  0  0  0  0  0  0  0  0  0  1.9628450000000015
g  6  0  69.516955  65.98261  62.645766  58.877507  54.331972  47.770632  41.025725  34.926977  29.443942  25.593116  24.081052  24.266289  25.411918  27.076967  29.336084  32.362598  35.875231  39.698618  43.556862  47.042306  50.013683  52.506806  0  0  0  0  0  0  0  0  0  0  0  0  0  0  0  0  0  0  0  0  0  0  0  0  0  0  0  0  0  0  0  0  0  0  0  0  0  0  0  0  0  0  0  0  0  0  0  0  0  0  0  0  0  0  0  0  0  0  0  0  0  0  0  0  0  0.4650259999999946
g  6  1  67.572042  65.820924  66.923975  66.566329  64.01407  60.884006  56.867509  50.947564  42.113751  30.7594  18.319266  5.277801  -7.808213  -20.163517  -31.475244  -41.921813  -51.602445  -60.328136  -68.011586  -74.587699  -80.069343  -84.570656  0  0  0  0  0  0  0  0  0  0  0  0  0  0  0  0  0  0  0  0  0  0  0  0  0  0  0  0  0  0  0  0  0  0  0  0  0  0  0  0  0  0  0  0  0  0  0  0  0  0  0  0  0  0  0  0  0  0  0  0  0  0  0  0  0  -0.8267270000000053
h  6  1  -20.832442  -18.991172  -22.243308  -29.898525  -38.716944  -45.599994  -52.565599  -59.988806  -67.653132  -75.368023  -81.945444  -86.386039  -89.137401  -90.851105  -92.127736  -93.756157  -95.686601  -97.41405  -98.936196  -100.451304  -102.048097  -103.880913  0  0  0  0  0  0  0  0  0  0  0  0  0  0  0  0  0  0  0  0  0  0  0  0  0  0  0  0  0  0  0  0  0  0  0  0  0  0  0  0  0  0  0  0  0  0  0  0  0  0  0  0  0  0  0  0  0  0  0  0  0  0  0  0  0  -0.39507700000000057
g  6  2  72.599375  73.02854  75.061606  76.792028  76.434443  75.16154  73.320051  70.723077  67.202766  62.918838  58.493378  54.137556  49.775479  45.862632  42.881776  40.578461  38.910972  37.853304  37.018765  36.219027  35.228262  33.723259  0  0  0  0  0  0  0  0  0  0  0  0  0  0  0  0  0  0  0  0  0  0  0  0  0  0  0  0  0  0  0  0  0  0  0  0  0  0  0  0  0  0  0  0  0  0  0  0  0  0  0  0  0  0  0  0  0  0  0  0  0  0  0  0  0  -0.34990700000000174
h  6  2  33.428851  25.132461  20.43084  15.386707  8.334337  2.882611  -0.608096  -0.744023  1.125262  3.421548  5.671012  7.234168  7.886044  7.671902  6.871355  5.21835  2.536456  -1.207617  -6.053523  -11.937351  -18.63764  -25.916725  0  0  0  0  0  0  0  0  0  0  0  0  0  0  0  0  0  0  0  0  0  0  0  0  0  0  0  0  0  0  0  0  0  0  0  0  0  0  0  0  0  0  0  0  0  0  0  0  0  0  0  0  0  0  0  0  0  0  0  0  0  0  0  0  0  -1.4937210000000007
g  6  3  -129.92825  -121.521635  -115.174365  -109.116705  -103.515574  -98.015893  -91.091332  -83.324918  -74.861222  -65.171477  -54.776499  -44.046503  -33.827643  -24.977996  -17.534616  -11.212701  -5.437203  0.158438  5.71277  11.434622  17.573579  24.157595  0  0  0  0  0  0  0  0  0  0  0  0  0  0  0  0  0  0  0  0  0  0  0  0  0  0  0  0  0  0  0  0  0  0  0  0  0  0  0  0  0  0  0  0  0  0  0  0  0  0  0  0  0  0  0  0  0  0  0  0  0  0  0  0  0  1.3434290000000004
h  6  3  59.105203  53.209858  51.732546  52.853044  55.474097  58.356437  60.716457  61.433192  61.63551  60.64503  57.960942  54.632919  51.456908  49.016379  47.634843  47.286919  48.201531  50.456047  53.690675  57.615044  62.123479  66.922739  0  0  0  0  0  0  0  0  0  0  0  0  0  0  0  0  0  0  0  0  0  0  0  0  0  0  0  0  0  0  0  0  0  0  0  0  0  0  0  0  0  0  0  0  0  0  0  0  0  0  0  0  0  0  0  0  0  0  0  0  0  0  0  0  0  0.9618190000000055
g  6  4  -29.160966  -35.885393  -41.138463  -47.994071  -55.381384  -62.72831  -69.071921  -76.128639  -83.483756  -90.008083  -94.711533  -96.981901  -97.515456  -97.437255  -96.994584  -96.389471  -95.64583  -94.849002  -94.051944  -92.948217  -91.323554  -89.017588  0  0  0  0  0  0  0  0  0  0  0  0  0  0  0  0  0  0  0  0  0  0  0  0  0  0  0  0  0  0  0  0  0  0  0  0  0  0  0  0  0  0  0  0  0  0  0  0  0  0  0  0  0  0  0  0  0  0  0  0  0  0  0  0  0  0.5163119999999992
h  6  4  -66.615437  -64.485412  -61.911539  -56.654583  -52.025835  -46.439867  -39.461407  -30.688756  -19.31376  -6.396745  7.394583  21.349892  34.543538  46.903965  58.67569  69.755646  80.278391  90.172408  99.253001  107.326138  114.332087  120.157213  0  0  0  0  0  0  0  0  0  0  0  0  0  0  0  0  0  0  0  0  0  0  0  0  0  0  0  0  0  0  0  0  0  0  0  0  0  0  0  0  0  0  0  0  0  0  0  0  0  0  0  0  0  0  0  0  0  0  0  0  0  0  0  0  0  1.0587249999999955
g  6  5  12.881034  13.575972  13.174717  14.706254  17.193017  19.356435  20.688403  20.054825  18.100965  15.801137  13.531866  11.61622  10.197878  9.036992  8.091417  7.279276  6.305885  4.934142  3.266276  1.670996  0.356933  -0.640577  0  0  0  0  0  0  0  0  0  0  0  0  0  0  0  0  0  0  0  0  0  0  0  0  0  0  0  0  0  0  0  0  0  0  0  0  0  0  0  0  0  0  0  0  0  0  0  0  0  0  0  0  0  0  0  0  0  0  0  0  0  0  0  0  0  -0.17541999999999996
h  6  5  7.478073  9.277393  9.886262  11.186908  12.380536  12.151969  10.132512  7.815344  5.717533  4.984618  5.838807  7.974455  10.773559  13.80859  16.865973  19.78395  22.485616  24.928827  27.091045  28.992331  30.564495  31.743595  0  0  0  0  0  0  0  0  0  0  0  0  0  0  0  0  0  0  0  0  0  0  0  0  0  0  0  0  0  0  0  0  0  0  0  0  0  0  0  0  0  0  0  0  0  0  0  0  0  0  0  0  0  0  0  0  0  0  0  0  0  0  0  0  0  0.20447799999999816
g  6  6  -70.574816  -64.767686  -55.825211  -45.826988  -37.216508  -29.680487  -23.27686  -17.421553  -11.157955  -4.563816  2.16607  8.187161  12.655068  15.315096  15.905975  14.181535  10.206855  4.19266  -3.460753  -12.090453  -21.046387  -29.721945  0  0  0  0  0  0  0  0  0  0  0  0  0  0  0  0  0  0  0  0  0  0  0  0  0  0  0  0  0  0  0  0  0  0  0  0  0  0  0  0  0  0  0  0  0  0  0  0  0  0  0  0  0  0  0  0  0  0  0  0  0  0  0  0  0  -1.6844090000000023
h  6  6  62.662158  68.572654  76.876666  83.043197  86.961619  89.753079  91.652717  92.251639  90.562784  86.016645  79.204633  70.393436  60.130406  49.290743  38.459174  28.280073  19.31952  12.085741  7.123814  4.636543  4.465152  6.386465  0  0  0  0  0  0  0  0  0  0  0  0  0  0  0  0  0  0  0  0  0  0  0  0  0  0  0  0  0  0  0  0  0  0  0  0  0  0  0  0  0  0  0  0  0  0  0  0  0  0  0  0  0  0  0  0  0  0  0  0  0  0  0  0  0  0.5357620000000001
g  7  0  81.07682  80.237105  77.774682  77.130932  77.278558  77.475835  76.577504  74.446703  71.593016  68.977701  67.070007  65.343745  63.116759  60.34488  57.251932  53.890168  50.33558  46.76771  43.321109  40.043916  37.012533  34.394817  0  0  0  0  0  0  0  0  0  0  0  0  0  0  0  0  0  0  0  0  0  0  0  0  0  0  0  0  0  0  0  0  0  0  0  0  0  0  0  0  0  0  0  0  0  0  0  0  0  0  0  0  0  0  0  0  0  0  0  0  0  0  0  0  0  -0.4817819999999955
g  7  1  -75.742603  -76.61198  -76.945246  -78.344763  -79.428712  -79.204747  -78.862664  -78.811059  -79.500184  -80.556072  -81.676035  -82.644645  -83.595564  -84.878938  -86.719934  -88.969869  -91.110016  -92.816137  -93.976141  -94.503119  -94.431125  -93.83663  0  0  0  0  0  0  0  0  0  0  0  0  0  0  0  0  0  0  0  0  0  0  0  0  0  0  0  0  0  0  0  0  0  0  0  0  0  0  0  0  0  0  0  0  0  0  0  0  0  0  0  0  0  0  0  0  0  0  0  0  0  0  0  0  0  0.15414599999999723
h  7  1  -54.445922  -51.652377  -50.622011  -49.563345  -47.451542  -45.783688  -44.055577  -42.52816  -41.869102  -41.64271  -41.401494  -41.114511  -40.839162  -40.409515  -39.692937  -38.676581  -37.302143  -35.666641  -34.149248  -32.907883  -31.920367  -31.016719  0  0  0  0  0  0  0  0  0  0  0  0  0  0  0  0  0  0  0  0  0  0  0  0  0  0  0  0  0  0  0  0  0  0  0  0  0  0  0  0  0  0  0  0  0  0  0  0  0  0  0  0  0  0  0  0  0  0  0  0  0  0  0  0  0  0.1843640000000022
g  7  2  -6.595273  -7.85081  -6.300671  -4.00725  -1.24743  0.721774  1.469809  0.253674  -2.541839  -5.946179  -9.73526  -13.624039  -17.092209  -20.011562  -22.439116  -24.305083  -25.659293  -26.600378  -27.068124  -26.930315  -26.256565  -25.134355  0  0  0  0  0  0  0  0  0  0  0  0  0  0  0  0  0  0  0  0  0  0  0  0  0  0  0  0  0  0  0  0  0  0  0  0  0  0  0  0  0  0  0  0  0  0  0  0  0  0  0  0  0  0  0  0  0  0  0  0  0  0  0  0  0  0.25364700000000084
h  7  2  -19.481274  -16.990109  -14.696842  -12.275989  -9.468649  -6.008259  -1.908205  2.709412  7.17318  10.268301  12.168402  13.85568  15.745793  17.636071  19.302359  20.518049  21.126219  21.001445  20.024053  18.319145  15.944739  12.864672  0  0  0  0  0  0  0  0  0  0  0  0  0  0  0  0  0  0  0  0  0  0  0  0  0  0  0  0  0  0  0  0  0  0  0  0  0  0  0  0  0  0  0  0  0  0  0  0  0  0  0  0  0  0  0  0  0  0  0  0  0  0  0  0  0  -0.6742739999999987
g  7  3  51.594486  56.24676  59.880623  64.151164  67.941773  71.676832  75.727624  79.416225  83.0092  86.719838  90.440048  94.077094  97.063388  99.098793  100.129781  100.151686  99.170935  97.32054  94.771227  91.690412  88.078381  83.980525  0  0  0  0  0  0  0  0  0  0  0  0  0  0  0  0  0  0  0  0  0  0  0  0  0  0  0  0  0  0  0  0  0  0  0  0  0  0  0  0  0  0  0  0  0  0  0  0  0  0  0  0  0  0  0  0  0  0  0  0  0  0  0  0  0  -0.8558989999999937
h  7  3  5.377381  2.61099  1.070175  0.254054  -1.29733  -1.772704  -2.167007  -2.207579  -2.04196  -2.513034  -3.379231  -4.39963  -5.447065  -6.082805  -6.183732  -6.004235  -5.672508  -5.334795  -5.197693  -5.28503  -5.525941  -5.833613  0  0  0  0  0  0  0  0  0  0  0  0  0  0  0  0  0  0  0  0  0  0  0  0  0  0  0  0  0  0  0  0  0  0  0  0  0  0  0  0  0  0  0  0  0  0  0  0  0  0  0  0  0  0  0  0  0  0  0  0  0  0  0  0  0  -0.06329299999999982
g  7  4  14.893123  15.964423  16.795394  15.59293  14.018086  12.403243  10.987456  10.024804  8.653196  7.09446  6.42398  6.72118  7.303502  7.255518  6.403348  5.13333  3.828041  2.555793  1.248034  -0.074203  -1.463987  -3.027398  0  0  0  0  0  0  0  0  0  0  0  0  0  0  0  0  0  0  0  0  0  0  0  0  0  0  0  0  0  0  0  0  0  0  0  0  0  0  0  0  0  0  0  0  0  0  0  0  0  0  0  0  0  0  0  0  0  0  0  0  0  0  0  0  0  -0.32840999999999987
h  7  4  24.631526  23.596998  23.612865  24.490275  25.555444  26.319066  27.080276  28.11102  28.990356  29.515506  29.417553  28.860746  27.957227  27.098637  26.829356  27.385299  28.68781  30.553793  32.761288  35.094686  37.482184  39.993972  0  0  0  0  0  0  0  0  0  0  0  0  0  0  0  0  0  0  0  0  0  0  0  0  0  0  0  0  0  0  0  0  0  0  0  0  0  0  0  0  0  0  0  0  0  0  0  0  0  0  0  0  0  0  0  0  0  0  0  0  0  0  0  0  0  0.5161949999999962
g  7  5  9.537782  6.280732  2.080512  -2.726806  -7.781111  -13.445976  -18.877559  -23.721586  -28.365631  -32.195444  -34.614242  -35.636358  -35.567614  -34.903865  -34.096514  -33.242458  -32.252114  -31.200271  -30.158144  -28.987624  -27.646002  -26.121235  0  0  0  0  0  0  0  0  0  0  0  0  0  0  0  0  0  0  0  0  0  0  0  0  0  0  0  0  0  0  0  0  0  0  0  0  0  0  0  0  0  0  0  0  0  0  0  0  0  0  0  0  0  0  0  0  0  0  0  0  0  0  0  0  0  0.322140000000001
h  7  5  3.337084  -2.149011  -7.404789  -11.434549  -14.905247  -18.019795  -19.753702  -20.260391  -19.823901  -18.380233  -15.909982  -12.699689  -9.394452  -6.619782  -4.383522  -2.47793  -0.838201  0.54021  1.658339  2.489601  2.999056  3.224939  0  0  0  0  0  0  0  0  0  0  0  0  0  0  0  0  0  0  0  0  0  0  0  0  0  0  0  0  0  0  0  0  0  0  0  0  0  0  0  0  0  0  0  0  0  0  0  0  0  0  0  0  0  0  0  0  0  0  0  0  0  0  0  0  0  0.021469999999999878
g  7  6  -2.719206  -7.539824  -11.761745  -14.92452  -17.311793  -19.573769  -21.785455  -24.424914  -27.49674  -31.00124  -34.687596  -38.183179  -41.169593  -43.496422  -45.186598  -46.375888  -47.260045  -48.006487  -48.665183  -49.213644  -49.643536  -49.908192  0  0  0  0  0  0  0  0  0  0  0  0  0  0  0  0  0  0  0  0  0  0  0  0  0  0  0  0  0  0  0  0  0  0  0  0  0  0  0  0  0  0  0  0  0  0  0  0  0  0  0  0  0  0  0  0  0  0  0  0  0  0  0  0  0  -0.03797699999999793
h  7  6  -27.40349  -27.223721  -27.09172  -26.639138  -25.646226  -24.993132  -25.201715  -25.57605  -25.550278  -24.857813  -23.188186  -20.510932  -17.102077  -13.383572  -9.713628  -6.299864  -3.213854  -0.344499  2.522362  5.62629  9.09875  12.86987  0  0  0  0  0  0  0  0  0  0  0  0  0  0  0  0  0  0  0  0  0  0  0  0  0  0  0  0  0  0  0  0  0  0  0  0  0  0  0  0  0  0  0  0  0  0  0  0  0  0  0  0  0  0  0  0  0  0  0  0  0  0  0  0  0  0.7654310000000013
g  7  7  6.89512  9.610101  12.823631  16.645139  20.033096  22.228028  23.201772  23.648233  23.838662  23.658485  22.505697  19.868038  15.474248  9.295149  1.444014  -7.772964  -17.895147  -28.345266  -38.515705  -47.798084  -55.708599  -61.965718  0  0  0  0  0  0  0  0  0  0  0  0  0  0  0  0  0  0  0  0  0  0  0  0  0  0  0  0  0  0  0  0  0  0  0  0  0  0  0  0  0  0  0  0  0  0  0  0  0  0  0  0  0  0  0  0  0  0  0  0  0  0  0  0  0  -1.1125820000000033
h  7  7  -2.500245  -2.023579  -1.119887  -0.809694  -1.485928  -2.506259  -3.477385  -4.853099  -6.94056  -10.04439  -14.141848  -18.97555  -24.145401  -29.229459  -33.702637  -37.014798  -38.724517  -38.516119  -36.323721  -32.290635  -26.746003  -20.097852  0  0  0  0  0  0  0  0  0  0  0  0  0  0  0  0  0  0  0  0  0  0  0  0  0  0  0  0  0  0  0  0  0  0  0  0  0  0  0  0  0  0  0  0  0  0  0  0  0  0  0  0  0  0  0  0  0  0  0  0  0  0  0  0  0  1.3965910000000008
g  8  0  23.844629  23.688083  24.931114  26.547247  27.52113  27.934077  27.646041  27.182158  26.694338  26.421732  26.428284  26.674465  27.207134  27.930194  28.848025  30.042733  31.446999  33.047721  34.790214  36.494004  38.110238  39.612951  0  0  0  0  0  0  0  0  0  0  0  0  0  0  0  0  0  0  0  0  0  0  0  0  0  0  0  0  0  0  0  0  0  0  0  0  0  0  0  0  0  0  0  0  0  0  0  0  0  0  0  0  0  0  0  0  0  0  0  0  0  0  0  0  0  0.29084600000000194
g  8  1  9.052745  9.741199  13.051971  16.764159  20.500239  23.988646  26.739754  28.762571  30.007868  30.654737  30.599332  29.721007  28.091312  26.089711  24.096178  22.283734  20.791138  19.852895  19.566121  19.883567  20.772724  22.129074  0  0  0  0  0  0  0  0  0  0  0  0  0  0  0  0  0  0  0  0  0  0  0  0  0  0  0  0  0  0  0  0  0  0  0  0  0  0  0  0  0  0  0  0  0  0  0  0  0  0  0  0  0  0  0  0  0  0  0  0  0  0  0  0  0  0.300573
h  8  1  10.213693  8.389847  5.671374  2.772798  -0.406347  -3.41632  -6.49482  -10.078713  -13.784505  -17.419548  -20.800361  -23.820396  -26.439454  -28.580027  -30.330612  -31.776401  -32.788696  -33.144184  -32.828885  -32.010877  -30.938221  -29.822363  0  0  0  0  0  0  0  0  0  0  0  0  0  0  0  0  0  0  0  0  0  0  0  0  0  0  0  0  0  0  0  0  0  0  0  0  0  0  0  0  0  0  0  0  0  0  0  0  0  0  0  0  0  0  0  0  0  0  0  0  0  0  0  0  0  0.2184349999999995
g  8  2  -16.561894  -17.553279  -18.241184  -18.809796  -19.638396  -20.468805  -20.980008  -21.7131  -22.508168  -23.477372  -24.295302  -24.913676  -25.351359  -25.482387  -25.23897  -24.760477  -24.210675  -23.63938  -23.147989  -22.755637  -22.423306  -22.132747  0  0  0  0  0  0  0  0  0  0  0  0  0  0  0  0  0  0  0  0  0  0  0  0  0  0  0  0  0  0  0  0  0  0  0  0  0  0  0  0  0  0  0  0  0  0  0  0  0  0  0  0  0  0  0  0  0  0  0  0  0  0  0  0  0  0.05571899999999985
h  8  2  -18.125198  -15.637845  -14.845967  -15.203962  -16.130377  -16.386903  -16.167194  -15.428223  -14.586357  -14.0513  -13.360453  -12.529572  -11.665732  -10.699056  -9.584629  -8.451399  -7.360473  -6.24496  -5.096641  -3.896858  -2.714752  -1.587858  0  0  0  0  0  0  0  0  0  0  0  0  0  0  0  0  0  0  0  0  0  0  0  0  0  0  0  0  0  0  0  0  0  0  0  0  0  0  0  0  0  0  0  0  0  0  0  0  0  0  0  0  0  0  0  0  0  0  0  0  0  0  0  0  0  0.22166799999999998
g  8  3  -3.217341  -0.608261  -0.05708  0.277222  0.038787  -1.282128  -3.130118  -4.920119  -6.400412  -7.09024  -7.079547  -6.609381  -5.591054  -4.117305  -2.389552  -0.468342  1.700453  4.061558  6.496503  8.887675  11.035479  12.753365  0  0  0  0  0  0  0  0  0  0  0  0  0  0  0  0  0  0  0  0  0  0  0  0  0  0  0  0  0  0  0  0  0  0  0  0  0  0  0  0  0  0  0  0  0  0  0  0  0  0  0  0  0  0  0  0  0  0  0  0  0  0  0  0  0  0.30406900000000014
h  8  3  13.30403  12.988199  13.299744  13.938559  14.958782  16.151765  16.977942  17.462426  17.666764  17.476777  16.927063  16.281531  15.667108  14.847906  13.664075  12.027019  10.02016  7.792656  5.383953  2.865575  0.348758  -2.03831  0  0  0  0  0  0  0  0  0  0  0  0  0  0  0  0  0  0  0  0  0  0  0  0  0  0  0  0  0  0  0  0  0  0  0  0  0  0  0  0  0  0  0  0  0  0  0  0  0  0  0  0  0  0  0  0  0  0  0  0  0  0  0  0  0  -0.461376
g  8  4  -20.860032  -21.207576  -22.557052  -23.430615  -23.127829  -22.633415  -22.092201  -21.613586  -21.778452  -21.980715  -22.107606  -22.339042  -22.669265  -23.16297  -23.721738  -24.129798  -24.33213  -24.367115  -24.284516  -24.081443  -23.783028  -23.463329  0  0  0  0  0  0  0  0  0  0  0  0  0  0  0  0  0  0  0  0  0  0  0  0  0  0  0  0  0  0  0  0  0  0  0  0  0  0  0  0  0  0  0  0  0  0  0  0  0  0  0  0  0  0  0  0  0  0  0  0  0  0  0  0  0  0.06402999999999892
h  8  4  -14.675651  -11.815702  -10.133527  -8.200861  -6.606467  -5.26201  -3.629076  -1.95587  -0.13212  1.966981  4.121002  6.413547  8.853165  11.443015  14.134848  16.840465  19.568634  22.299361  24.971596  27.534556  29.92627  32.111576  0  0  0  0  0  0  0  0  0  0  0  0  0  0  0  0  0  0  0  0  0  0  0  0  0  0  0  0  0  0  0  0  0  0  0  0  0  0  0  0  0  0  0  0  0  0  0  0  0  0  0  0  0  0  0  0  0  0  0  0  0  0  0  0  0  0.41833600000000004
g  8  5  13.275244  15.598646  16.848777  17.857946  18.663154  19.307626  20.705236  22.549947  24.406966  26.260939  28.262482  30.304237  31.95857  32.911763  33.242013  32.979782  32.22582  31.106902  29.783487  28.491504  27.382059  26.508881  0  0  0  0  0  0  0  0  0  0  0  0  0  0  0  0  0  0  0  0  0  0  0  0  0  0  0  0  0  0  0  0  0  0  0  0  0  0  0  0  0  0  0  0  0  0  0  0  0  0  0  0  0  0  0  0  0  0  0  0  0  0  0  0  0  -0.15551500000000118
h  8  5  15.722173  14.953784  13.5948  12.561009  11.647871  11.085106  10.830219  10.499456  9.853733  8.646146  7.277434  5.986455  4.665099  3.358923  2.157237  1.146745  0.535506  0.358296  0.556444  1.084864  1.852677  2.7439  0  0  0  0  0  0  0  0  0  0  0  0  0  0  0  0  0  0  0  0  0  0  0  0  0  0  0  0  0  0  0  0  0  0  0  0  0  0  0  0  0  0  0  0  0  0  0  0  0  0  0  0  0  0  0  0  0  0  0  0  0  0  0  0  0  0.18215899999999996
g  8  6  11.63446  13.685289  13.882344  13.414362  12.418337  11.405103  10.2341  8.831718  7.43384  6.372718  6.058555  6.742985  8.31039  10.523419  13.251006  16.325045  19.584153  22.923302  26.290167  29.751853  33.325909  36.933711  0  0  0  0  0  0  0  0  0  0  0  0  0  0  0  0  0  0  0  0  0  0  0  0  0  0  0  0  0  0  0  0  0  0  0  0  0  0  0  0  0  0  0  0  0  0  0  0  0  0  0  0  0  0  0  0  0  0  0  0  0  0  0  0  0  0.7205909999999989
h  8  6  5.658052  3.566158  2.11784  0.949499  0.370437  0.12175  0.295768  1.13257  2.677771  4.853511  7.742052  11.0953  14.517695  17.87132  21.065748  23.980695  26.604266  28.931153  30.959517  32.625456  33.765382  34.27718  0  0  0  0  0  0  0  0  0  0  0  0  0  0  0  0  0  0  0  0  0  0  0  0  0  0  0  0  0  0  0  0  0  0  0  0  0  0  0  0  0  0  0  0  0  0  0  0  0  0  0  0  0  0  0  0  0  0  0  0  0  0  0  0  0  0.05268500000000387
g  8  7  -15.960135  -17.056583  -17.200921  -17.098228  -16.472357  -15.325702  -13.881939  -12.473089  -11.175345  -10.005123  -9.01862  -8.151142  -7.383748  -6.6708  -6.015849  -5.48409  -5.180535  -5.157668  -5.437369  -5.991745  -6.740478  -7.578897  0  0  0  0  0  0  0  0  0  0  0  0  0  0  0  0  0  0  0  0  0  0  0  0  0  0  0  0  0  0  0  0  0  0  0  0  0  0  0  0  0  0  0  0  0  0  0  0  0  0  0  0  0  0  0  0  0  0  0  0  0  0  0  0  0  -0.16975400000000018
h  8  7  -8.873623  -7.035425  -5.488128  -4.163196  -2.69892  -1.369514  -0.397019  0.295443  0.52781  0.392208  0.15463  -0.079577  -0.274005  -0.506509  -0.781527  -1.054081  -1.283144  -1.405566  -1.361921  -1.132011  -0.752994  -0.306258  0  0  0  0  0  0  0  0  0  0  0  0  0  0  0  0  0  0  0  0  0  0  0  0  0  0  0  0  0  0  0  0  0  0  0  0  0  0  0  0  0  0  0  0  0  0  0  0  0  0  0  0  0  0  0  0  0  0  0  0  0  0  0  0  0  0.0902
g  8  8  -2.092367  -0.422114  0.96956  2.343235  3.700997  4.865553  5.561644  6.214472  7.088954  7.893615  8.235269  7.764632  6.340978  4.134471  1.370781  -1.781821  -5.142004  -8.446574  -11.431784  -13.915404  -15.820051  -17.123284  0  0  0  0  0  0  0  0  0  0  0  0  0  0  0  0  0  0  0  0  0  0  0  0  0  0  0  0  0  0  0  0  0  0  0  0  0  0  0  0  0  0  0  0  0  0  0  0  0  0  0  0  0  0  0  0  0  0  0  0  0  0  0  0  0  -0.21208500000000186
h  8  8  2.468795  2.970754  2.793648  2.607034  1.846831  0.476879  -1.256101  -3.364864  -5.791752  -8.54205  -11.499695  -14.516683  -17.429875  -20.0657  -22.267163  -23.848982  -24.62242  -24.443571  -23.303771  -21.307394  -18.620389  -15.426884  0  0  0  0  0  0  0  0  0  0  0  0  0  0  0  0  0  0  0  0  0  0  0  0  0  0  0  0  0  0  0  0  0  0  0  0  0  0  0  0  0  0  0  0  0  0  0  0  0  0  0  0  0  0  0  0  0  0  0  0  0  0  0  0  0  0.6683710000000023
g  9  0  5.209073  5.154926  4.941387  4.77063  4.583609  4.442503  4.427131  4.370745  4.35284  4.372364  4.423146  4.451439  4.371257  4.223158  4.132353  4.090952  4.055592  4.092745  4.264136  4.548314  4.877258  5.190014  0  0  0  0  0  0  0  0  0  0  0  0  0  0  0  0  0  0  0  0  0  0  0  0  0  0  0  0  0  0  0  0  0  0  0  0  0  0  0  0  0  0  0  0  0  0  0  0  0  0  0  0  0  0  0  0  0  0  0  0  0  0  0  0  0  0.0587989999999996
g  9  1  9.063614  8.468881  9.126896  10.079  11.23959  12.175104  12.719725  12.684037  12.142281  11.166075  9.91721  8.418105  6.863331  5.507798  4.433446  3.60502  3.061043  2.847694  2.915148  3.248172  3.89116  4.832258  0  0  0  0  0  0  0  0  0  0  0  0  0  0  0  0  0  0  0  0  0  0  0  0  0  0  0  0  0  0  0  0  0  0  0  0  0  0  0  0  0  0  0  0  0  0  0  0  0  0  0  0  0  0  0  0  0  0  0  0  0  0  0  0  0  0.20839800000000075
h  9  1  -21.688121  -23.345795  -23.94347  -23.558087  -22.729148  -21.600404  -20.534829  -19.521519  -18.500553  -17.312423  -15.936135  -14.627734  -13.436422  -12.348878  -11.348258  -10.486283  -9.785476  -9.18676  -8.694829  -8.280563  -7.868524  -7.423663  0  0  0  0  0  0  0  0  0  0  0  0  0  0  0  0  0  0  0  0  0  0  0  0  0  0  0  0  0  0  0  0  0  0  0  0  0  0  0  0  0  0  0  0  0  0  0  0  0  0  0  0  0  0  0  0  0  0  0  0  0  0  0  0  0  0.09197799999999923
g  9  2  2.983873  2.970348  3.796385  4.696507  5.827824  6.989228  7.939894  8.735405  9.229833  9.490688  9.359457  8.771246  7.91888  6.97633  6.045447  5.260612  4.718887  4.414245  4.332394  4.469421  4.771504  5.151167  0  0  0  0  0  0  0  0  0  0  0  0  0  0  0  0  0  0  0  0  0  0  0  0  0  0  0  0  0  0  0  0  0  0  0  0  0  0  0  0  0  0  0  0  0  0  0  0  0  0  0  0  0  0  0  0  0  0  0  0  0  0  0  0  0  0.07754800000000017
h  9  2  10.751585  10.629073  9.871755  8.842923  8.062507  7.210873  6.469756  5.9459  5.330687  4.506033  3.70017  3.140609  2.968768  3.069487  3.32204  3.702577  4.182698  4.66752  5.024648  5.209903  5.232949  5.13965  0  0  0  0  0  0  0  0  0  0  0  0  0  0  0  0  0  0  0  0  0  0  0  0  0  0  0  0  0  0  0  0  0  0  0  0  0  0  0  0  0  0  0  0  0  0  0  0  0  0  0  0  0  0  0  0  0  0  0  0  0  0  0  0  0  -0.02510500000000082
g  9  3  -3.26108  -1.414593  -0.219956  0.747911  1.79271  2.526322  3.289528  4.026419  4.590193  5.534438  6.819693  8.089575  9.077496  9.612086  9.64983  9.318045  8.739351  8.03048  7.320049  6.710947  6.239888  5.915999  0  0  0  0  0  0  0  0  0  0  0  0  0  0  0  0  0  0  0  0  0  0  0  0  0  0  0  0  0  0  0  0  0  0  0  0  0  0  0  0  0  0  0  0  0  0  0  0  0  0  0  0  0  0  0  0  0  0  0  0  0  0  0  0  0  -0.05369699999999966
h  9  3  11.820451  9.941457  9.484511  9.925315  10.494828  11.137491  11.932969  12.514119  12.801737  12.624738  12.04507  11.266538  10.446643  9.693709  9.115256  8.783264  8.692726  8.783966  8.931523  9.053205  9.121904  9.106054  0  0  0  0  0  0  0  0  0  0  0  0  0  0  0  0  0  0  0  0  0  0  0  0  0  0  0  0  0  0  0  0  0  0  0  0  0  0  0  0  0  0  0  0  0  0  0  0  0  0  0  0  0  0  0  0  0  0  0  0  0  0  0  0  0  -0.013145999999998992
g  9  4  0.69011  -1.024826  -1.881538  -2.850421  -3.760706  -4.336323  -4.813516  -5.225727  -5.502301  -5.424781  -4.952874  -4.08569  -2.922734  -1.649648  -0.366837  0.921356  2.172658  3.304179  4.20618  4.80343  5.067842  4.99865  0  0  0  0  0  0  0  0  0  0  0  0  0  0  0  0  0  0  0  0  0  0  0  0  0  0  0  0  0  0  0  0  0  0  0  0  0  0  0  0  0  0  0  0  0  0  0  0  0  0  0  0  0  0  0  0  0  0  0  0  0  0  0  0  0  -0.03884000000000043
h  9  4  -6.845321  -5.347184  -4.585415  -3.337381  -1.962189  -0.702538  0.332338  1.343025  2.347328  3.220119  3.864127  4.404274  4.94325  5.488613  6.013694  6.428751  6.614069  6.534458  6.228528  5.777893  5.28455  4.872479  0  0  0  0  0  0  0  0  0  0  0  0  0  0  0  0  0  0  0  0  0  0  0  0  0  0  0  0  0  0  0  0  0  0  0  0  0  0  0  0  0  0  0  0  0  0  0  0  0  0  0  0  0  0  0  0  0  0  0  0  0  0  0  0  0  -0.07025900000000007
g  9  5  -13.132484  -13.374664  -14.059619  -14.625361  -14.670557  -14.592796  -14.817962  -15.129322  -15.565092  -16.117942  -16.455974  -16.481805  -16.316551  -15.99491  -15.599147  -15.216843  -14.833767  -14.519182  -14.406068  -14.528968  -14.855487  -15.395533  0  0  0  0  0  0  0  0  0  0  0  0  0  0  0  0  0  0  0  0  0  0  0  0  0  0  0  0  0  0  0  0  0  0  0  0  0  0  0  0  0  0  0  0  0  0  0  0  0  0  0  0  0  0  0  0  0  0  0  0  0  0  0  0  0  -0.12482800000000083
h  9  5  -7.121659  -6.298751  -6.601154  -6.893904  -6.990976  -7.340023  -7.432993  -7.192009  -7.012066  -6.764755  -6.33931  -5.894839  -5.583354  -5.50938  -5.708574  -6.077759  -6.59371  -7.289927  -8.136088  -9.052209  -9.9896  -10.864184  0  0  0  0  0  0  0  0  0  0  0  0  0  0  0  0  0  0  0  0  0  0  0  0  0  0  0  0  0  0  0  0  0  0  0  0  0  0  0  0  0  0  0  0  0  0  0  0  0  0  0  0  0  0  0  0  0  0  0  0  0  0  0  0  0  -0.1652799999999992
g  9  6  0.025256  0.817875  0.772866  0.543992  0.271734  -0.162034  -0.583377  -1.093758  -1.862576  -2.966313  -4.368096  -6.080438  -8.06389  -10.283325  -12.666789  -15.096884  -17.432018  -19.537138  -21.315912  -22.670503  -23.525989  -23.890932  0  0  0  0  0  0  0  0  0  0  0  0  0  0  0  0  0  0  0  0  0  0  0  0  0  0  0  0  0  0  0  0  0  0  0  0  0  0  0  0  0  0  0  0  0  0  0  0  0  0  0  0  0  0  0  0  0  0  0  0  0  0  0  0  0  -0.036407999999998
h  9  6  7.915782  7.87427  8.073412  7.923536  7.528506  7.253322  6.973405  6.416531  5.493263  4.430486  3.478133  2.757139  2.259865  2.006915  2.131476  2.714519  3.734073  5.098033  6.682539  8.358349  9.974764  11.370116  0  0  0  0  0  0  0  0  0  0  0  0  0  0  0  0  0  0  0  0  0  0  0  0  0  0  0  0  0  0  0  0  0  0  0  0  0  0  0  0  0  0  0  0  0  0  0  0  0  0  0  0  0  0  0  0  0  0  0  0  0  0  0  0  0  0.2535519999999991
g  9  7  8.241346  8.678182  7.367647  5.651427  3.882543  2.085409  0.276275  -1.554237  -3.359063  -4.922599  -6.137436  -6.979646  -7.533503  -7.968053  -8.420306  -8.932577  -9.508539  -10.147476  -10.804446  -11.386895  -11.826329  -12.123258  0  0  0  0  0  0  0  0  0  0  0  0  0  0  0  0  0  0  0  0  0  0  0  0  0  0  0  0  0  0  0  0  0  0  0  0  0  0  0  0  0  0  0  0  0  0  0  0  0  0  0  0  0  0  0  0  0  0  0  0  0  0  0  0  0  -0.05032300000000056
h  9  7  0.957382  0.379887  -0.488801  -1.352702  -1.927525  -2.211426  -2.225376  -1.865186  -1.221782  -0.298739  0.849229  2.043754  3.149859  4.075853  4.850573  5.540184  6.168277  6.74578  7.28964  7.827378  8.352572  8.822697  0  0  0  0  0  0  0  0  0  0  0  0  0  0  0  0  0  0  0  0  0  0  0  0  0  0  0  0  0  0  0  0  0  0  0  0  0  0  0  0  0  0  0  0  0  0  0  0  0  0  0  0  0  0  0  0  0  0  0  0  0  0  0  0  0  0.08754899999999921
g  9  8  -9.186529  -9.215576  -8.558536  -7.55605  -6.419865  -5.188225  -3.902754  -2.689525  -1.555485  -0.539686  0.28722  0.893698  1.33214  1.690019  2.005878  2.27608  2.475549  2.578303  2.548199  2.357659  1.987804  1.459518  0  0  0  0  0  0  0  0  0  0  0  0  0  0  0  0  0  0  0  0  0  0  0  0  0  0  0  0  0  0  0  0  0  0  0  0  0  0  0  0  0  0  0  0  0  0  0  0  0  0  0  0  0  0  0  0  0  0  0  0  0  0  0  0  0  -0.1159699999999999
h  9  8  -3.957965  -1.493535  0.330506  1.662132  2.731532  3.512724  3.896966  3.935024  3.709519  3.348479  2.98579  2.644799  2.294459  1.903882  1.436852  0.85156  0.13951  -0.668479  -1.522084  -2.356555  -3.094281  -3.6654  0  0  0  0  0  0  0  0  0  0  0  0  0  0  0  0  0  0  0  0  0  0  0  0  0  0  0  0  0  0  0  0  0  0  0  0  0  0  0  0  0  0  0  0  0  0  0  0  0  0  0  0  0  0  0  0  0  0  0  0  0  0  0  0  0  -0.09877599999999997
g  9  9  -10.43094  -11.638141  -11.378675  -11.130575  -10.770742  -10.364985  -10.180233  -10.056529  -9.859457  -9.570366  -9.250887  -8.980796  -8.833911  -8.859228  -9.104665  -9.549538  -10.139697  -10.807379  -11.438766  -11.913957  -12.162589  -12.127066  0  0  0  0  0  0  0  0  0  0  0  0  0  0  0  0  0  0  0  0  0  0  0  0  0  0  0  0  0  0  0  0  0  0  0  0  0  0  0  0  0  0  0  0  0  0  0  0  0  0  0  0  0  0  0  0  0  0  0  0  0  0  0  0  0  0.03288800000000158
h  9  9  8.30914  9.780892  10.078882  9.756933  9.012107  7.945868  6.771826  5.635769  4.66115  3.865555  3.162935  2.477543  1.804524  1.230876  0.875184  0.859162  1.255823  2.107285  3.366068  4.901457  6.549749  8.155664  0  0  0  0  0  0  0  0  0  0  0  0  0  0  0  0  0  0  0  0  0  0  0  0  0  0  0  0  0  0  0  0  0  0  0  0  0  0  0  0  0  0  0  0  0  0  0  0  0  0  0  0  0  0  0  0  0  0  0  0  0  0  0  0  0  0.31076199999999954
g  10  0  -1.799343  -1.75045  -1.455996  -0.854078  -0.451128  -0.075419  0.314098  0.68788  1.1683  1.636314  2.018021  2.31402  2.558292  2.723122  2.776459  2.722893  2.588841  2.409268  2.230454  2.069157  1.93794  1.860095  0  0  0  0  0  0  0  0  0  0  0  0  0  0  0  0  0  0  0  0  0  0  0  0  0  0  0  0  0  0  0  0  0  0  0  0  0  0  0  0  0  0  0  0  0  0  0  0  0  0  0  0  0  0  0  0  0  0  0  0  0  0  0  0  0  -0.010638999999999843
g  10  1  -6.079158  -6.104796  -5.580806  -4.764095  -3.755197  -2.747237  -1.904502  -1.128468  -0.361136  0.480782  1.337933  1.985097  2.30921  2.367867  2.319544  2.284807  2.292027  2.340896  2.391937  2.372319  2.249827  2.008192  0  0  0  0  0  0  0  0  0  0  0  0  0  0  0  0  0  0  0  0  0  0  0  0  0  0  0  0  0  0  0  0  0  0  0  0  0  0  0  0  0  0  0  0  0  0  0  0  0  0  0  0  0  0  0  0  0  0  0  0  0  0  0  0  0  -0.05834399999999995
h  10  1  3.34676  3.579625  3.988586  4.596224  5.066552  5.471115  5.849072  6.022728  6.040007  6.071844  6.165901  6.262023  6.375676  6.549166  6.772641  7.019426  7.272296  7.522939  7.744365  7.890936  7.906245  7.776438  0  0  0  0  0  0  0  0  0  0  0  0  0  0  0  0  0  0  0  0  0  0  0  0  0  0  0  0  0  0  0  0  0  0  0  0  0  0  0  0  0  0  0  0  0  0  0  0  0  0  0  0  0  0  0  0  0  0  0  0  0  0  0  0  0  -0.03636499999999998
g  10  2  0.08433  -0.323201  -1.065347  -1.894115  -2.799723  -3.637333  -4.125275  -4.306061  -4.270485  -3.981807  -3.465157  -2.75698  -1.916661  -1.003554  -0.023521  0.976575  1.919144  2.749964  3.434274  3.982265  4.432329  4.799585  0  0  0  0  0  0  0  0  0  0  0  0  0  0  0  0  0  0  0  0  0  0  0  0  0  0  0  0  0  0  0  0  0  0  0  0  0  0  0  0  0  0  0  0  0  0  0  0  0  0  0  0  0  0  0  0  0  0  0  0  0  0  0  0  0  0.06643800000000066
h  10  2  -0.292571  -0.273772  -0.2893  -0.418389  -0.628484  -0.640736  -0.485785  -0.324688  -0.270255  -0.2435  -0.184956  -0.184683  -0.332268  -0.589414  -0.876736  -1.159301  -1.412392  -1.610931  -1.766155  -1.903425  -2.065328  -2.300104  0  0  0  0  0  0  0  0  0  0  0  0  0  0  0  0  0  0  0  0  0  0  0  0  0  0  0  0  0  0  0  0  0  0  0  0  0  0  0  0  0  0  0  0  0  0  0  0  0  0  0  0  0  0  0  0  0  0  0  0  0  0  0  0  0  -0.053630000000000067
g  10  3  0.447017  1.686041  1.519549  1.142692  0.816071  0.609027  0.550154  0.444469  0.302229  0.231536  0.154242  0.01468  -0.222418  -0.56362  -1.025493  -1.637722  -2.402537  -3.319871  -4.396189  -5.594386  -6.884101  -8.239064  0  0  0  0  0  0  0  0  0  0  0  0  0  0  0  0  0  0  0  0  0  0  0  0  0  0  0  0  0  0  0  0  0  0  0  0  0  0  0  0  0  0  0  0  0  0  0  0  0  0  0  0  0  0  0  0  0  0  0  0  0  0  0  0  0  -0.2736990000000006
h  10  3  4.676053  3.604898  3.49847  3.389546  3.302125  3.236809  3.208652  3.135991  2.913053  2.509553  2.111943  1.927676  1.94827  2.019666  2.072189  2.119443  2.239281  2.529362  3.017621  3.686761  4.511268  5.457776  0  0  0  0  0  0  0  0  0  0  0  0  0  0  0  0  0  0  0  0  0  0  0  0  0  0  0  0  0  0  0  0  0  0  0  0  0  0  0  0  0  0  0  0  0  0  0  0  0  0  0  0  0  0  0  0  0  0  0  0  0  0  0  0  0  0.19676899999999975
g  10  4  -0.362942  -1.102236  -1.170935  -1.352781  -1.402827  -1.427244  -1.501322  -1.626488  -1.772685  -1.837746  -1.750757  -1.665101  -1.676811  -1.735078  -1.8147  -1.854686  -1.777107  -1.572283  -1.252905  -0.826781  -0.322987  0.214245  0  0  0  0  0  0  0  0  0  0  0  0  0  0  0  0  0  0  0  0  0  0  0  0  0  0  0  0  0  0  0  0  0  0  0  0  0  0  0  0  0  0  0  0  0  0  0  0  0  0  0  0  0  0  0  0  0  0  0  0  0  0  0  0  0  0.10857499999999999
h  10  4  4.311043  4.814347  4.774962  4.891408  5.267582  5.606255  5.983987  6.341529  6.467547  6.482914  6.439736  6.312048  6.165227  6.071785  6.028766  6.032027  6.088959  6.220939  6.40999  6.631513  6.890569  7.189762  0  0  0  0  0  0  0  0  0  0  0  0  0  0  0  0  0  0  0  0  0  0  0  0  0  0  0  0  0  0  0  0  0  0  0  0  0  0  0  0  0  0  0  0  0  0  0  0  0  0  0  0  0  0  0  0  0  0  0  0  0  0  0  0  0  0.06292200000000037
g  10  5  1.786543  0.51632  -0.535402  -1.45946  -1.939033  -1.966566  -1.768786  -1.410906  -1.010503  -0.434534  0.391724  1.384638  2.342206  3.082763  3.593054  3.914453  4.085937  4.120492  4.02586  3.83505  3.587812  3.313997  0  0  0  0  0  0  0  0  0  0  0  0  0  0  0  0  0  0  0  0  0  0  0  0  0  0  0  0  0  0  0  0  0  0  0  0  0  0  0  0  0  0  0  0  0  0  0  0  0  0  0  0  0  0  0  0  0  0  0  0  0  0  0  0  0  -0.05578499999999975
h  10  5  -7.73716  -8.553517  -8.957784  -9.023347  -8.754705  -8.378764  -7.946953  -7.409799  -6.816238  -6.157719  -5.408451  -4.585964  -3.800115  -3.124859  -2.608941  -2.248107  -1.970177  -1.750856  -1.593915  -1.48982  -1.425358  -1.410588  0  0  0  0  0  0  0  0  0  0  0  0  0  0  0  0  0  0  0  0  0  0  0  0  0  0  0  0  0  0  0  0  0  0  0  0  0  0  0  0  0  0  0  0  0  0  0  0  0  0  0  0  0  0  0  0  0  0  0  0  0  0  0  0  0  -0.002507000000000037
g  10  6  -0.636087  -0.913149  -0.603219  -0.328935  -0.160858  -0.134335  -0.275712  -0.540279  -0.793079  -0.962041  -0.978128  -0.747862  -0.323916  0.167688  0.670339  1.132849  1.511412  1.824152  2.090188  2.315557  2.526961  2.720906  0  0  0  0  0  0  0  0  0  0  0  0  0  0  0  0  0  0  0  0  0  0  0  0  0  0  0  0  0  0  0  0  0  0  0  0  0  0  0  0  0  0  0  0  0  0  0  0  0  0  0  0  0  0  0  0  0  0  0  0  0  0  0  0  0  0.036749999999999616
h  10  6  -0.6901  -0.208644  0.274508  0.670479  1.004435  1.23674  1.410236  1.614778  1.765572  1.930279  2.247113  2.712522  3.206151  3.61182  3.86493  3.947543  3.903327  3.776611  3.583099  3.346969  3.082316  2.781748  0  0  0  0  0  0  0  0  0  0  0  0  0  0  0  0  0  0  0  0  0  0  0  0  0  0  0  0  0  0  0  0  0  0  0  0  0  0  0  0  0  0  0  0  0  0  0  0  0  0  0  0  0  0  0  0  0  0  0  0  0  0  0  0  0  -0.06294000000000022
g  10  7  2.015594  2.070032  2.253633  2.296347  2.264479  2.200906  2.134658  2.03269  1.850829  1.528121  1.038861  0.423473  -0.271795  -1.00265  -1.703495  -2.329984  -2.847001  -3.196036  -3.340023  -3.272047  -2.994458  -2.527202  0  0  0  0  0  0  0  0  0  0  0  0  0  0  0  0  0  0  0  0  0  0  0  0  0  0  0  0  0  0  0  0  0  0  0  0  0  0  0  0  0  0  0  0  0  0  0  0  0  0  0  0  0  0  0  0  0  0  0  0  0  0  0  0  0  0.10713300000000014
h  10  7  -4.218048  -4.414651  -4.821331  -5.094527  -5.432142  -5.803625  -6.292062  -6.937474  -7.712525  -8.578604  -9.346906  -9.911192  -10.243773  -10.342278  -10.201745  -9.88075  -9.439423  -8.931153  -8.406865  -7.901132  -7.465485  -7.148996  0  0  0  0  0  0  0  0  0  0  0  0  0  0  0  0  0  0  0  0  0  0  0  0  0  0  0  0  0  0  0  0  0  0  0  0  0  0  0  0  0  0  0  0  0  0  0  0  0  0  0  0  0  0  0  0  0  0  0  0  0  0  0  0  0  0.05270699999999984
g  10  8  2.375341  1.559136  0.577267  -0.269614  -1.012417  -1.642226  -2.21524  -2.776404  -3.311915  -3.797389  -4.206539  -4.515977  -4.726692  -4.891428  -5.065467  -5.251081  -5.430895  -5.570644  -5.636213  -5.5987  -5.439691  -5.158546  0  0  0  0  0  0  0  0  0  0  0  0  0  0  0  0  0  0  0  0  0  0  0  0  0  0  0  0  0  0  0  0  0  0  0  0  0  0  0  0  0  0  0  0  0  0  0  0  0  0  0  0  0  0  0  0  0  0  0  0  0  0  0  0  0  0.06508499999999984
h  10  8  -2.760313  -3.642315  -4.012167  -4.10387  -4.18244  -4.186933  -3.986128  -3.622304  -3.203843  -2.757765  -2.254264  -1.709993  -1.196353  -0.746272  -0.324397  0.085695  0.491835  0.915281  1.364715  1.840936  2.308694  2.69118  0  0  0  0  0  0  0  0  0  0  0  0  0  0  0  0  0  0  0  0  0  0  0  0  0  0  0  0  0  0  0  0  0  0  0  0  0  0  0  0  0  0  0  0  0  0  0  0  0  0  0  0  0  0  0  0  0  0  0  0  0  0  0  0  0  0.0655800000000002
g  10  9  -2.00621  -2.194575  -2.077443  -1.777062  -1.395501  -1.046809  -0.681226  -0.267746  0.148793  0.533735  0.883586  1.239936  1.606234  1.976375  2.303301  2.525699  2.584418  2.443604  2.093759  1.571601  0.930443  0.209744  0  0  0  0  0  0  0  0  0  0  0  0  0  0  0  0  0  0  0  0  0  0  0  0  0  0  0  0  0  0  0  0  0  0  0  0  0  0  0  0  0  0  0  0  0  0  0  0  0  0  0  0  0  0  0  0  0  0  0  0  0  0  0  0  0  -0.148626
h  10  9  -1.290658  0.056027  0.988758  1.785113  2.586038  3.251549  3.683064  3.8877  3.917423  3.854821  3.694359  3.4308  3.050868  2.5267  1.841342  1.019681  0.11993  -0.770773  -1.575278  -2.235398  -2.730303  -3.069673  0  0  0  0  0  0  0  0  0  0  0  0  0  0  0  0  0  0  0  0  0  0  0  0  0  0  0  0  0  0  0  0  0  0  0  0  0  0  0  0  0  0  0  0  0  0  0  0  0  0  0  0  0  0  0  0  0  0  0  0  0  0  0  0  0  -0.056791000000000036
g  10  10  -3.648699  -3.68255  -3.35074  -2.973245  -2.657322  -2.278713  -1.919504  -1.558641  -1.199664  -0.907194  -0.730007  -0.751949  -1.021009  -1.499566  -2.091225  -2.689061  -3.195738  -3.506225  -3.513253  -3.153637  -2.43762  -1.423513  0  0  0  0  0  0  0  0  0  0  0  0  0  0  0  0  0  0  0  0  0  0  0  0  0  0  0  0  0  0  0  0  0  0  0  0  0  0  0  0  0  0  0  0  0  0  0  0  0  0  0  0  0  0  0  0  0  0  0  0  0  0  0  0  0  0.223314
h  10  10  -8.735445  -8.783376  -9.016201  -9.305948  -9.604014  -9.906108  -10.13237  -10.184386  -10.126134  -10.013904  -9.900534  -9.840023  -9.786708  -9.63324  -9.2854  -8.69402  -7.860846  -6.814316  -5.626973  -4.408847  -3.266268  -2.280592  0  0  0  0  0  0  0  0  0  0  0  0  0  0  0  0  0  0  0  0  0  0  0  0  0  0  0  0  0  0  0  0  0  0  0  0  0  0  0  0  0  0  0  0  0  0  0  0  0  0  0  0  0  0  0  0  0  0  0  0  0  0  0  0  0  0.18150500000000003
g  11  0  2.957643  3.06385  3.041884  2.84331  2.590087  2.331643  2.055526  1.816564  1.617608  1.431461  1.273071  1.176162  1.150296  1.163364  1.195575  1.229412  1.245896  1.268881  1.316391  1.371542  1.402983  1.378652  0  0  0  0  0  0  0  0  0  0  0  0  0  0  0  0  0  0  0  0  0  0  0  0  0  0  0  0  0  0  0  0  0  0  0  0  0  0  0  0  0  0  0  0  0  0  0  0  0  0  0  0  0  0  0  0  0  0  0  0  0  0  0  0  0  -0.01041700000000012
g  11  1  -1.369804  -1.233426  -1.130799  -0.853356  -0.532668  -0.287545  -0.098764  -0.005296  -0.011221  -0.11621  -0.377989  -0.828523  -1.387137  -1.944923  -2.438588  -2.881507  -3.2836  -3.618724  -3.876058  -4.058481  -4.161563  -4.16974  0  0  0  0  0  0  0  0  0  0  0  0  0  0  0  0  0  0  0  0  0  0  0  0  0  0  0  0  0  0  0  0  0  0  0  0  0  0  0  0  0  0  0  0  0  0  0  0  0  0  0  0  0  0  0  0  0  0  0  0  0  0  0  0  0  0.006192999999999671
h  11  1  0.10604  0.041888  0.04774  0.351209  0.794337  1.322384  1.823223  2.255189  2.689368  3.097857  3.415798  3.589428  3.634236  3.616794  3.563142  3.458476  3.305982  3.144008  3.012352  2.924565  2.867873  2.810293  0  0  0  0  0  0  0  0  0  0  0  0  0  0  0  0  0  0  0  0  0  0  0  0  0  0  0  0  0  0  0  0  0  0  0  0  0  0  0  0  0  0  0  0  0  0  0  0  0  0  0  0  0  0  0  0  0  0  0  0  0  0  0  0  0  -0.013222999999999985
g  11  2  -2.248247  -2.494758  -2.655528  -2.804903  -2.87218  -2.940754  -3.040005  -3.083596  -3.025428  -2.815941  -2.524227  -2.232333  -1.95674  -1.68373  -1.39034  -1.065206  -0.700483  -0.304922  0.092106  0.462488  0.777944  1.012885  0  0  0  0  0  0  0  0  0  0  0  0  0  0  0  0  0  0  0  0  0  0  0  0  0  0  0  0  0  0  0  0  0  0  0  0  0  0  0  0  0  0  0  0  0  0  0  0  0  0  0  0  0  0  0  0  0  0  0  0  0  0  0  0  0  0.03954500000000005
h  11  2  1.983803  2.373033  2.345031  2.083793  1.809711  1.488974  1.171364  0.95611  0.793749  0.708837  0.699304  0.695792  0.653424  0.594759  0.566063  0.566316  0.588814  0.61242  0.591123  0.516141  0.405938  0.277733  0  0  0  0  0  0  0  0  0  0  0  0  0  0  0  0  0  0  0  0  0  0  0  0  0  0  0  0  0  0  0  0  0  0  0  0  0  0  0  0  0  0  0  0  0  0  0  0  0  0  0  0  0  0  0  0  0  0  0  0  0  0  0  0  0  -0.026556999999999997
g  11  3  2.1606  2.383631  2.3741  2.0916  1.867403  1.64401  1.378293  1.112898  0.873986  0.729756  0.727308  0.792646  0.880628  0.984789  1.072244  1.124076  1.146204  1.147613  1.155446  1.204805  1.300627  1.424033  0  0  0  0  0  0  0  0  0  0  0  0  0  0  0  0  0  0  0  0  0  0  0  0  0  0  0  0  0  0  0  0  0  0  0  0  0  0  0  0  0  0  0  0  0  0  0  0  0  0  0  0  0  0  0  0  0  0  0  0  0  0  0  0  0  0.025212000000000012
h  11  3  -0.674079  -0.687628  -0.444382  -0.099419  0.215565  0.541827  0.892856  1.232682  1.415905  1.445524  1.387605  1.215115  0.979711  0.697896  0.398023  0.140474  -0.034304  -0.133551  -0.177822  -0.186234  -0.178522  -0.174652  0  0  0  0  0  0  0  0  0  0  0  0  0  0  0  0  0  0  0  0  0  0  0  0  0  0  0  0  0  0  0  0  0  0  0  0  0  0  0  0  0  0  0  0  0  0  0  0  0  0  0  0  0  0  0  0  0  0  0  0  0  0  0  0  0  -0.0003110000000000057
g  11  4  -0.689169  -0.715056  -0.751688  -0.605598  -0.373091  -0.148407  0.037452  0.123049  0.148988  0.231674  0.308216  0.319147  0.288067  0.257032  0.223434  0.160493  0.045289  -0.127064  -0.347367  -0.586882  -0.810562  -0.99761  0  0  0  0  0  0  0  0  0  0  0  0  0  0  0  0  0  0  0  0  0  0  0  0  0  0  0  0  0  0  0  0  0  0  0  0  0  0  0  0  0  0  0  0  0  0  0  0  0  0  0  0  0  0  0  0  0  0  0  0  0  0  0  0  0  -0.03418600000000005
h  11  4  -1.209964  -0.461975  0.163063  0.796229  1.444356  2.035623  2.586546  3.003856  3.257328  3.34813  3.351477  3.381334  3.466646  3.558336  3.616445  3.639106  3.623022  3.572321  3.49906  3.42166  3.363818  3.335328  0  0  0  0  0  0  0  0  0  0  0  0  0  0  0  0  0  0  0  0  0  0  0  0  0  0  0  0  0  0  0  0  0  0  0  0  0  0  0  0  0  0  0  0  0  0  0  0  0  0  0  0  0  0  0  0  0  0  0  0  0  0  0  0  0  -0.0036039999999997185
g  11  5  0.799741  0.221654  0.043464  -0.178462  -0.439496  -0.564733  -0.64489  -0.683  -0.731466  -0.784608  -0.785981  -0.812611  -0.943634  -1.180912  -1.485088  -1.814748  -2.103001  -2.33106  -2.518748  -2.684776  -2.845633  -3.011418  0  0  0  0  0  0  0  0  0  0  0  0  0  0  0  0  0  0  0  0  0  0  0  0  0  0  0  0  0  0  0  0  0  0  0  0  0  0  0  0  0  0  0  0  0  0  0  0  0  0  0  0  0  0  0  0  0  0  0  0  0  0  0  0  0  -0.033414000000000055
h  11  5  0.648467  0.627662  0.411402  0.177009  0.003146  -0.222257  -0.465494  -0.677586  -0.953735  -1.244132  -1.48757  -1.717976  -1.90854  -2.004503  -1.985184  -1.830627  -1.563303  -1.236188  -0.891636  -0.552602  -0.223161  0.100193  0  0  0  0  0  0  0  0  0  0  0  0  0  0  0  0  0  0  0  0  0  0  0  0  0  0  0  0  0  0  0  0  0  0  0  0  0  0  0  0  0  0  0  0  0  0  0  0  0  0  0  0  0  0  0  0  0  0  0  0  0  0  0  0  0  0.064279
g  11  6  -0.837583  -0.587766  -0.709688  -0.91117  -1.070706  -1.15548  -1.23583  -1.376239  -1.558105  -1.689023  -1.724491  -1.694292  -1.627645  -1.563493  -1.514074  -1.481439  -1.44344  -1.380633  -1.290735  -1.183498  -1.072172  -0.986894  0  0  0  0  0  0  0  0  0  0  0  0  0  0  0  0  0  0  0  0  0  0  0  0  0  0  0  0  0  0  0  0  0  0  0  0  0  0  0  0  0  0  0  0  0  0  0  0  0  0  0  0  0  0  0  0  0  0  0  0  0  0  0  0  0  0.013413999999999926
h  11  6  -0.110494  -0.015818  0.363604  0.740622  1.107203  1.420328  1.703521  1.966162  2.159494  2.343172  2.578179  2.817551  2.988403  3.03791  2.982075  2.854367  2.671228  2.435098  2.144775  1.807278  1.436886  1.050542  0  0  0  0  0  0  0  0  0  0  0  0  0  0  0  0  0  0  0  0  0  0  0  0  0  0  0  0  0  0  0  0  0  0  0  0  0  0  0  0  0  0  0  0  0  0  0  0  0  0  0  0  0  0  0  0  0  0  0  0  0  0  0  0  0  -0.07738899999999993
g  11  7  0.250587  -0.035934  -0.110763  -0.16687  -0.235503  -0.30815  -0.336144  -0.368438  -0.413734  -0.464167  -0.509627  -0.535347  -0.524553  -0.474506  -0.417573  -0.371027  -0.322561  -0.261704  -0.175756  -0.052535  0.12369  0.361912  0  0  0  0  0  0  0  0  0  0  0  0  0  0  0  0  0  0  0  0  0  0  0  0  0  0  0  0  0  0  0  0  0  0  0  0  0  0  0  0  0  0  0  0  0  0  0  0  0  0  0  0  0  0  0  0  0  0  0  0  0  0  0  0  0  0.052348000000000006
h  11  7  -1.985989  -1.592544  -1.24952  -0.987486  -0.734739  -0.482003  -0.301893  -0.160514  -0.050433  0.073701  0.268892  0.550058  0.850584  1.09979  1.291048  1.448351  1.590389  1.729999  1.863688  1.992281  2.124373  2.242607  0  0  0  0  0  0  0  0  0  0  0  0  0  0  0  0  0  0  0  0  0  0  0  0  0  0  0  0  0  0  0  0  0  0  0  0  0  0  0  0  0  0  0  0  0  0  0  0  0  0  0  0  0  0  0  0  0  0  0  0  0  0  0  0  0  0.02090000000000014
g  11  8  1.629399  1.557187  1.478738  1.431085  1.43278  1.463395  1.567828  1.723107  1.910777  2.104722  2.21641  2.206108  2.109042  1.965714  1.788234  1.593304  1.397325  1.22956  1.123148  1.09446  1.154444  1.304097  0  0  0  0  0  0  0  0  0  0  0  0  0  0  0  0  0  0  0  0  0  0  0  0  0  0  0  0  0  0  0  0  0  0  0  0  0  0  0  0  0  0  0  0  0  0  0  0  0  0  0  0  0  0  0  0  0  0  0  0  0  0  0  0  0  0.03647700000000009
h  11  8  -1.407463  -1.520293  -1.516659  -1.364031  -1.344379  -1.417325  -1.511355  -1.650153  -1.88921  -2.233445  -2.616663  -2.981631  -3.314039  -3.628017  -3.910445  -4.136505  -4.281395  -4.326453  -4.282162  -4.173556  -4.029235  -3.874946  0  0  0  0  0  0  0  0  0  0  0  0  0  0  0  0  0  0  0  0  0  0  0  0  0  0  0  0  0  0  0  0  0  0  0  0  0  0  0  0  0  0  0  0  0  0  0  0  0  0  0  0  0  0  0  0  0  0  0  0  0  0  0  0  0  0.03086399999999978
g  11  9  -0.123847  -0.592335  -0.759899  -0.866147  -0.912537  -0.873104  -0.772883  -0.679602  -0.607327  -0.518982  -0.422107  -0.306651  -0.167003  -0.019561  0.10525  0.197505  0.269851  0.331426  0.396178  0.483152  0.59902  0.735793  0  0  0  0  0  0  0  0  0  0  0  0  0  0  0  0  0  0  0  0  0  0  0  0  0  0  0  0  0  0  0  0  0  0  0  0  0  0  0  0  0  0  0  0  0  0  0  0  0  0  0  0  0  0  0  0  0  0  0  0  0  0  0  0  0  0.028671000000000002
h  11  9  -2.645702  -2.949168  -3.118924  -3.122879  -3.054549  -2.917149  -2.735945  -2.566602  -2.414865  -2.275665  -2.164301  -2.095908  -2.085351  -2.134415  -2.224051  -2.322285  -2.412624  -2.481752  -2.520351  -2.552277  -2.623792  -2.766013  0  0  0  0  0  0  0  0  0  0  0  0  0  0  0  0  0  0  0  0  0  0  0  0  0  0  0  0  0  0  0  0  0  0  0  0  0  0  0  0  0  0  0  0  0  0  0  0  0  0  0  0  0  0  0  0  0  0  0  0  0  0  0  0  0  -0.03454900000000016
g  11  10  0.398722  0.271858  -0.05497  -0.287754  -0.44442  -0.53255  -0.485809  -0.30111  -0.020274  0.281927  0.553709  0.746693  0.845441  0.862127  0.809156  0.696054  0.526395  0.307372  0.054858  -0.202717  -0.444574  -0.668106  0  0  0  0  0  0  0  0  0  0  0  0  0  0  0  0  0  0  0  0  0  0  0  0  0  0  0  0  0  0  0  0  0  0  0  0  0  0  0  0  0  0  0  0  0  0  0  0  0  0  0  0  0  0  0  0  0  0  0  0  0  0  0  0  0  -0.04319799999999996
h  11  10  -2.082845  -2.096033  -1.989108  -1.755153  -1.397781  -1.037751  -0.700236  -0.405603  -0.189682  -0.05459  0.008692  0.036591  0.063847  0.102783  0.134626  0.14851  0.153306  0.166689  0.206485  0.286672  0.393593  0.506432  0  0  0  0  0  0  0  0  0  0  0  0  0  0  0  0  0  0  0  0  0  0  0  0  0  0  0  0  0  0  0  0  0  0  0  0  0  0  0  0  0  0  0  0  0  0  0  0  0  0  0  0  0  0  0  0  0  0  0  0  0  0  0  0  0  0.022372000000000003
g  11  11  3.477872  3.071136  2.95915  2.854537  2.734681  2.631866  2.547702  2.462872  2.333919  2.156523  1.949715  1.741895  1.549037  1.373394  1.217335  1.089034  1.001745  0.975983  1.040803  1.202355  1.43076  1.689163  0  0  0  0  0  0  0  0  0  0  0  0  0  0  0  0  0  0  0  0  0  0  0  0  0  0  0  0  0  0  0  0  0  0  0  0  0  0  0  0  0  0  0  0  0  0  0  0  0  0  0  0  0  0  0  0  0  0  0  0  0  0  0  0  0  0.052472000000000074
h  11  11  -2.055559  -2.345615  -2.346758  -2.302962  -2.218388  -2.11086  -1.92615  -1.618254  -1.270025  -0.921682  -0.560455  -0.182503  0.198119  0.586068  0.985904  1.40472  1.852732  2.339168  2.845301  3.325526  3.733232  4.033712  0  0  0  0  0  0  0  0  0  0  0  0  0  0  0  0  0  0  0  0  0  0  0  0  0  0  0  0  0  0  0  0  0  0  0  0  0  0  0  0  0  0  0  0  0  0  0  0  0  0  0  0  0  0  0  0  0  0  0  0  0  0  0  0  0  0.05031000000000052
g  12  0  -1.995285  -1.877943  -1.654816  -1.411783  -1.141019  -0.898894  -0.648254  -0.384813  -0.150823  0.029543  0.156717  0.248282  0.312614  0.345639  0.348279  0.3321  0.319466  0.325312  0.354564  0.41826  0.516061  0.635884  0  0  0  0  0  0  0  0  0  0  0  0  0  0  0  0  0  0  0  0  0  0  0  0  0  0  0  0  0  0  0  0  0  0  0  0  0  0  0  0  0  0  0  0  0  0  0  0  0  0  0  0  0  0  0  0  0  0  0  0  0  0  0  0  0  0.024944999999999995
g  12  1  -0.206935  -0.201201  -0.2879  -0.32784  -0.321205  -0.316448  -0.314645  -0.323238  -0.302963  -0.24489  -0.193884  -0.173403  -0.177494  -0.177972  -0.149045  -0.085428  0.006906  0.117943  0.233337  0.328745  0.399972  0.461382  0  0  0  0  0  0  0  0  0  0  0  0  0  0  0  0  0  0  0  0  0  0  0  0  0  0  0  0  0  0  0  0  0  0  0  0  0  0  0  0  0  0  0  0  0  0  0  0  0  0  0  0  0  0  0  0  0  0  0  0  0  0  0  0  0  0.012454999999999994
h  12  1  -1.030965  -1.131344  -1.25909  -1.348376  -1.381126  -1.360285  -1.266477  -1.140831  -1.019604  -0.90861  -0.796054  -0.686338  -0.559507  -0.393754  -0.194872  0.01905  0.224061  0.395128  0.515091  0.576857  0.581557  0.54382  0  0  0  0  0  0  0  0  0  0  0  0  0  0  0  0  0  0  0  0  0  0  0  0  0  0  0  0  0  0  0  0  0  0  0  0  0  0  0  0  0  0  0  0  0  0  0  0  0  0  0  0  0  0  0  0  0  0  0  0  0  0  0  0  0  -0.01006499999999999
g  12  2  0.518647  0.443723  0.415158  0.411261  0.403403  0.36003  0.32327  0.300281  0.270371  0.222521  0.141079  0.024235  -0.129013  -0.307562  -0.487254  -0.654031  -0.791126  -0.884946  -0.939053  -0.954973  -0.937229  -0.900421  0  0  0  0  0  0  0  0  0  0  0  0  0  0  0  0  0  0  0  0  0  0  0  0  0  0  0  0  0  0  0  0  0  0  0  0  0  0  0  0  0  0  0  0  0  0  0  0  0  0  0  0  0  0  0  0  0  0  0  0  0  0  0  0  0  0.008045999999999998
h  12  2  0.122599  0.497212  0.54672  0.570841  0.570098  0.539664  0.437253  0.274358  0.067752  -0.135491  -0.295834  -0.462165  -0.623549  -0.72977  -0.753277  -0.697989  -0.590428  -0.461888  -0.34349  -0.252471  -0.192393  -0.156749  0  0  0  0  0  0  0  0  0  0  0  0  0  0  0  0  0  0  0  0  0  0  0  0  0  0  0  0  0  0  0  0  0  0  0  0  0  0  0  0  0  0  0  0  0  0  0  0  0  0  0  0  0  0  0  0  0  0  0  0  0  0  0  0  0  0.005658999999999997
g  12  3  1.029303  1.309161  1.140739  0.921871  0.749904  0.671844  0.621935  0.556958  0.471794  0.399177  0.328581  0.255282  0.162412  0.036809  -0.121142  -0.309058  -0.52656  -0.770702  -1.034483  -1.281328  -1.472798  -1.587463  0  0  0  0  0  0  0  0  0  0  0  0  0  0  0  0  0  0  0  0  0  0  0  0  0  0  0  0  0  0  0  0  0  0  0  0  0  0  0  0  0  0  0  0  0  0  0  0  0  0  0  0  0  0  0  0  0  0  0  0  0  0  0  0  0  -0.016463000000000116
h  12  3  1.650546  1.228431  0.936868  0.677097  0.492072  0.379968  0.279017  0.158427  -0.000594  -0.180571  -0.331369  -0.426  -0.46304  -0.460006  -0.412733  -0.331937  -0.2321  -0.105874  0.04857  0.227487  0.418823  0.595059  0  0  0  0  0  0  0  0  0  0  0  0  0  0  0  0  0  0  0  0  0  0  0  0  0  0  0  0  0  0  0  0  0  0  0  0  0  0  0  0  0  0  0  0  0  0  0  0  0  0  0  0  0  0  0  0  0  0  0  0  0  0  0  0  0  0.03242199999999995
g  12  4  -0.878906  -1.08132  -1.176035  -1.258672  -1.286179  -1.335307  -1.465193  -1.674655  -1.872132  -1.999435  -2.079393  -2.116541  -2.130186  -2.114808  -2.068751  -1.994938  -1.897938  -1.796779  -1.720622  -1.677393  -1.660932  -1.665536  0  0  0  0  0  0  0  0  0  0  0  0  0  0  0  0  0  0  0  0  0  0  0  0  0  0  0  0  0  0  0  0  0  0  0  0  0  0  0  0  0  0  0  0  0  0  0  0  0  0  0  0  0  0  0  0  0  0  0  0  0  0  0  0  0  -0.002350999999999992
h  12  4  -2.272596  -1.868398  -1.936029  -2.036486  -2.02446  -1.958597  -1.82034  -1.575139  -1.314488  -1.006353  -0.598262  -0.154255  0.271859  0.648158  0.952505  1.17254  1.309258  1.37952  1.39218  1.356953  1.293277  1.230315  0  0  0  0  0  0  0  0  0  0  0  0  0  0  0  0  0  0  0  0  0  0  0  0  0  0  0  0  0  0  0  0  0  0  0  0  0  0  0  0  0  0  0  0  0  0  0  0  0  0  0  0  0  0  0  0  0  0  0  0  0  0  0  0  0  -0.011352000000000029
g  12  5  1.003728  0.738753  0.646756  0.573065  0.569871  0.602597  0.649719  0.698227  0.755843  0.824123  0.884179  0.905621  0.883101  0.817075  0.711728  0.581532  0.446874  0.315989  0.196886  0.102533  0.036351  -0.001411  0  0  0  0  0  0  0  0  0  0  0  0  0  0  0  0  0  0  0  0  0  0  0  0  0  0  0  0  0  0  0  0  0  0  0  0  0  0  0  0  0  0  0  0  0  0  0  0  0  0  0  0  0  0  0  0  0  0  0  0  0  0  0  0  0  -0.005326
h  12  5  0.16546  0.135272  0.05887  -0.040653  -0.073664  -0.078895  -0.058  -0.004566  0.056185  0.123444  0.206619  0.299586  0.40684  0.51874  0.601742  0.644489  0.671427  0.709822  0.767073  0.835292  0.901467  0.950973  0  0  0  0  0  0  0  0  0  0  0  0  0  0  0  0  0  0  0  0  0  0  0  0  0  0  0  0  0  0  0  0  0  0  0  0  0  0  0  0  0  0  0  0  0  0  0  0  0  0  0  0  0  0  0  0  0  0  0  0  0  0  0  0  0  0.007852999999999999
g  12  6  0.003358  0.301248  0.612288  0.89957  1.088046  1.205763  1.291179  1.359642  1.428411  1.488005  1.569039  1.685642  1.813789  1.929357  2.031584  2.113536  2.179764  2.238818  2.289753  2.323174  2.330476  2.312645  0  0  0  0  0  0  0  0  0  0  0  0  0  0  0  0  0  0  0  0  0  0  0  0  0  0  0  0  0  0  0  0  0  0  0  0  0  0  0  0  0  0  0  0  0  0  0  0  0  0  0  0  0  0  0  0  0  0  0  0  0  0  0  0  0  -0.005498000000000225
h  12  6  0.631365  0.618235  0.648455  0.666637  0.614502  0.511731  0.406037  0.327867  0.240914  0.177481  0.195825  0.268573  0.370624  0.488223  0.594753  0.660768  0.680495  0.645825  0.550237  0.400551  0.214343  -0.001138  0  0  0  0  0  0  0  0  0  0  0  0  0  0  0  0  0  0  0  0  0  0  0  0  0  0  0  0  0  0  0  0  0  0  0  0  0  0  0  0  0  0  0  0  0  0  0  0  0  0  0  0  0  0  0  0  0  0  0  0  0  0  0  0  0  -0.0455
g  12  7  0.369314  0.435525  0.454746  0.486711  0.423904  0.253489  0.019644  -0.218119  -0.457927  -0.666378  -0.828121  -0.936623  -1.005471  -1.057102  -1.101171  -1.130811  -1.144707  -1.140775  -1.124257  -1.11791  -1.147639  -1.22418  0  0  0  0  0  0  0  0  0  0  0  0  0  0  0  0  0  0  0  0  0  0  0  0  0  0  0  0  0  0  0  0  0  0  0  0  0  0  0  0  0  0  0  0  0  0  0  0  0  0  0  0  0  0  0  0  0  0  0  0  0  0  0  0  0  -0.01869900000000002
h  12  7  -0.13333  -0.301966  -0.410614  -0.485254  -0.491429  -0.460774  -0.428541  -0.382029  -0.318522  -0.21631  -0.079744  0.056793  0.150902  0.189068  0.19639  0.17817  0.134786  0.066199  -0.030426  -0.151018  -0.282567  -0.410005  0  0  0  0  0  0  0  0  0  0  0  0  0  0  0  0  0  0  0  0  0  0  0  0  0  0  0  0  0  0  0  0  0  0  0  0  0  0  0  0  0  0  0  0  0  0  0  0  0  0  0  0  0  0  0  0  0  0  0  0  0  0  0  0  0  -0.024419000000000024
g  12  8  -0.467731  -0.26302  -0.20803  -0.086144  0.00835  0.051959  0.055674  0.013935  -0.052338  -0.115254  -0.162021  -0.159057  -0.088254  0.030418  0.153919  0.252024  0.303285  0.303051  0.259425  0.185128  0.100598  0.022369  0  0  0  0  0  0  0  0  0  0  0  0  0  0  0  0  0  0  0  0  0  0  0  0  0  0  0  0  0  0  0  0  0  0  0  0  0  0  0  0  0  0  0  0  0  0  0  0  0  0  0  0  0  0  0  0  0  0  0  0  0  0  0  0  0  -0.014851000000000003
h  12  8  0.314669  0.357887  0.445315  0.496564  0.464319  0.369499  0.256786  0.158109  0.098463  0.114831  0.228249  0.404613  0.568441  0.659383  0.671978  0.62639  0.540778  0.43524  0.328036  0.239587  0.185147  0.162239  0  0  0  0  0  0  0  0  0  0  0  0  0  0  0  0  0  0  0  0  0  0  0  0  0  0  0  0  0  0  0  0  0  0  0  0  0  0  0  0  0  0  0  0  0  0  0  0  0  0  0  0  0  0  0  0  0  0  0  0  0  0  0  0  0  -0.002576999999999996
g  12  9  -0.499522  -0.379723  -0.137825  0.059053  0.274038  0.510343  0.738825  0.939478  1.086979  1.157891  1.114344  0.95064  0.712917  0.461629  0.236667  0.052128  -0.090906  -0.191456  -0.245598  -0.245301  -0.178444  -0.046101  0  0  0  0  0  0  0  0  0  0  0  0  0  0  0  0  0  0  0  0  0  0  0  0  0  0  0  0  0  0  0  0  0  0  0  0  0  0  0  0  0  0  0  0  0  0  0  0  0  0  0  0  0  0  0  0  0  0  0  0  0  0  0  0  0  0.030809000000000003
h  12  9  0.423098  0.286277  0.31157  0.286774  0.133006  -0.049777  -0.22985  -0.453551  -0.729394  -1.029575  -1.315986  -1.540155  -1.664443  -1.682294  -1.605593  -1.455899  -1.258033  -1.029535  -0.78208  -0.529461  -0.287265  -0.076435  0  0  0  0  0  0  0  0  0  0  0  0  0  0  0  0  0  0  0  0  0  0  0  0  0  0  0  0  0  0  0  0  0  0  0  0  0  0  0  0  0  0  0  0  0  0  0  0  0  0  0  0  0  0  0  0  0  0  0  0  0  0  0  0  0  0.038461999999999996
g  12  10  0.159993  0.118727  0.099817  0.044033  0.001859  -0.009361  -0.028175  -0.042767  -0.052226  -0.04503  -0.004085  0.06275  0.136841  0.199726  0.233764  0.235637  0.210963  0.166438  0.114862  0.075956  0.071092  0.108872  0  0  0  0  0  0  0  0  0  0  0  0  0  0  0  0  0  0  0  0  0  0  0  0  0  0  0  0  0  0  0  0  0  0  0  0  0  0  0  0  0  0  0  0  0  0  0  0  0  0  0  0  0  0  0  0  0  0  0  0  0  0  0  0  0  0.01091099999999999
h  12  10  -0.91854  -0.876193  -0.970201  -1.005993  -0.980036  -0.894928  -0.768515  -0.637636  -0.493344  -0.337605  -0.194992  -0.082077  -0.005993  0.034065  0.046333  0.039806  0.021955  0.0028  -0.008626  -0.010109  -0.006519  -0.003528  0  0  0  0  0  0  0  0  0  0  0  0  0  0  0  0  0  0  0  0  0  0  0  0  0  0  0  0  0  0  0  0  0  0  0  0  0  0  0  0  0  0  0  0  0  0  0  0  0  0  0  0  0  0  0  0  0  0  0  0  0  0  0  0  0  0.0004299999999999998
g  12  11  -0.770385  -1.141319  -1.251654  -1.322531  -1.318094  -1.236601  -1.068861  -0.837632  -0.579581  -0.338665  -0.141148  0.01254  0.124643  0.199586  0.23943  0.243675  0.212364  0.146339  0.05015  -0.064121  -0.178321  -0.279518  0  0  0  0  0  0  0  0  0  0  0  0  0  0  0  0  0  0  0  0  0  0  0  0  0  0  0  0  0  0  0  0  0  0  0  0  0  0  0  0  0  0  0  0  0  0  0  0  0  0  0  0  0  0  0  0  0  0  0  0  0  0  0  0  0  -0.01884199999999997
h  12  11  -0.385275  -0.129636  0.045898  0.242328  0.460806  0.678836  0.865785  0.993943  1.048654  1.027061  0.947781  0.825943  0.670374  0.482692  0.267465  0.048455  -0.152979  -0.322733  -0.453556  -0.538562  -0.583148  -0.602426  0  0  0  0  0  0  0  0  0  0  0  0  0  0  0  0  0  0  0  0  0  0  0  0  0  0  0  0  0  0  0  0  0  0  0  0  0  0  0  0  0  0  0  0  0  0  0  0  0  0  0  0  0  0  0  0  0  0  0  0  0  0  0  0  0  -0.0022959999999999647
g  12  12  -0.100621  -0.273275  -0.36795  -0.450518  -0.491425  -0.489787  -0.503251  -0.557258  -0.630466  -0.703015  -0.764408  -0.815956  -0.856496  -0.877324  -0.86262  -0.80149  -0.69328  -0.538479  -0.332284  -0.078772  0.201503  0.482352  0  0  0  0  0  0  0  0  0  0  0  0  0  0  0  0  0  0  0  0  0  0  0  0  0  0  0  0  0  0  0  0  0  0  0  0  0  0  0  0  0  0  0  0  0  0  0  0  0  0  0  0  0  0  0  0  0  0  0  0  0  0  0  0  0  0.05511900000000003
h  12  12  0.834734  0.581975  0.593815  0.600049  0.598989  0.573431  0.552122  0.549306  0.55158  0.565686  0.613966  0.703895  0.835564  1.010307  1.224737  1.461854  1.696125  1.910341  2.088485  2.207733  2.24767  2.197178  0  0  0  0  0  0  0  0  0  0  0  0  0  0  0  0  0  0  0  0  0  0  0  0  0  0  0  0  0  0  0  0  0  0  0  0  0  0  0  0  0  0  0  0  0  0  0  0  0  0  0  0  0  0  0  0  0  0  0  0  0  0  0  0  0  -0.017475999999999825
g  13  0  -0.16305  0.152716  0.256801  0.265183  0.249268  0.223409  0.212483  0.23  0.261779  0.296888  0.325763  0.350408  0.369631  0.369175  0.357022  0.348326  0.339477  0.321398  0.284046  0.220058  0.132662  0.026782  0  0  0  0  0  0  0  0  0  0  0  0  0  0  0  0  0  0  0  0  0  0  0  0  0  0  0  0  0  0  0  0  0  0  0  0  0  0  0  0  0  0  0  0  0  0  0  0  0  0  0  0  0  0  0  0  0  0  0  0  0  0  0  0  0  -0.022403
g  13  1  -0.969386  -0.83447  -0.905483  -0.932199  -0.969466  -1.050372  -1.135283  -1.192816  -1.214637  -1.205391  -1.176514  -1.127645  -1.039956  -0.904461  -0.724953  -0.520034  -0.30444  -0.075122  0.165892  0.403407  0.617834  0.796418  0  0  0  0  0  0  0  0  0  0  0  0  0  0  0  0  0  0  0  0  0  0  0  0  0  0  0  0  0  0  0  0  0  0  0  0  0  0  0  0  0  0  0  0  0  0  0  0  0  0  0  0  0  0  0  0  0  0  0  0  0  0  0  0  0  0.03267399999999998
h  13  1  -0.794591  -0.75436  -0.804324  -0.806509  -0.778697  -0.732859  -0.689873  -0.619652  -0.511024  -0.390783  -0.281911  -0.190201  -0.121184  -0.059958  -0.000169  0.049956  0.089778  0.124319  0.160724  0.200469  0.230711  0.239253  0  0  0  0  0  0  0  0  0  0  0  0  0  0  0  0  0  0  0  0  0  0  0  0  0  0  0  0  0  0  0  0  0  0  0  0  0  0  0  0  0  0  0  0  0  0  0  0  0  0  0  0  0  0  0  0  0  0  0  0  0  0  0  0  0  -0.00028900000000001147
g  13  2  0.272172  0.447128  0.43843  0.390043  0.318842  0.247861  0.189136  0.161673  0.160856  0.187112  0.22938  0.286892  0.351887  0.417796  0.475009  0.508321  0.518812  0.514493  0.494238  0.45467  0.397086  0.328371  0  0  0  0  0  0  0  0  0  0  0  0  0  0  0  0  0  0  0  0  0  0  0  0  0  0  0  0  0  0  0  0  0  0  0  0  0  0  0  0  0  0  0  0  0  0  0  0  0  0  0  0  0  0  0  0  0  0  0  0  0  0  0  0  0  -0.01406799999999997
h  13  2  0.325628  0.469789  0.426215  0.396724  0.371385  0.305865  0.230863  0.16477  0.133254  0.147221  0.185605  0.220285  0.228856  0.218289  0.208695  0.196703  0.178543  0.159319  0.142642  0.134876  0.134856  0.135857  0  0  0  0  0  0  0  0  0  0  0  0  0  0  0  0  0  0  0  0  0  0  0  0  0  0  0  0  0  0  0  0  0  0  0  0  0  0  0  0  0  0  0  0  0  0  0  0  0  0  0  0  0  0  0  0  0  0  0  0  0  0  0  0  0  -0.00020200000000000773
g  13  3  0.556388  0.706574  0.674041  0.548069  0.372471  0.193671  0.021904  -0.126661  -0.23462  -0.296523  -0.316662  -0.297526  -0.25604  -0.197695  -0.126442  -0.044688  0.046166  0.141594  0.237044  0.326502  0.398575  0.448772  0  0  0  0  0  0  0  0  0  0  0  0  0  0  0  0  0  0  0  0  0  0  0  0  0  0  0  0  0  0  0  0  0  0  0  0  0  0  0  0  0  0  0  0  0  0  0  0  0  0  0  0  0  0  0  0  0  0  0  0  0  0  0  0  0  0.00827899999999998
h  13  3  1.57839  1.331108  1.259517  1.194774  1.140395  1.126214  1.131527  1.145547  1.166397  1.20012  1.236836  1.248665  1.230107  1.193867  1.149708  1.100088  1.053058  1.009841  0.962424  0.909089  0.849417  0.783102  0  0  0  0  0  0  0  0  0  0  0  0  0  0  0  0  0  0  0  0  0  0  0  0  0  0  0  0  0  0  0  0  0  0  0  0  0  0  0  0  0  0  0  0  0  0  0  0  0  0  0  0  0  0  0  0  0  0  0  0  0  0  0  0  0  -0.013759000000000077
g  13  4  -0.357775  -0.344523  -0.304493  -0.213492  -0.110793  -0.023535  0.039051  0.074435  0.108451  0.158454  0.191652  0.185958  0.149899  0.104324  0.060478  0.025405  0.002682  -0.00723  -0.005468  0.011782  0.045256  0.08748  0  0  0  0  0  0  0  0  0  0  0  0  0  0  0  0  0  0  0  0  0  0  0  0  0  0  0  0  0  0  0  0  0  0  0  0  0  0  0  0  0  0  0  0  0  0  0  0  0  0  0  0  0  0  0  0  0  0  0  0  0  0  0  0  0  0.008424000000000001
h  13  4  -0.603539  -0.531264  -0.489738  -0.394732  -0.294697  -0.202643  -0.168356  -0.191463  -0.243346  -0.300392  -0.3461  -0.365756  -0.354608  -0.32516  -0.290984  -0.258346  -0.227867  -0.198681  -0.16888  -0.136748  -0.104241  -0.077341  0  0  0  0  0  0  0  0  0  0  0  0  0  0  0  0  0  0  0  0  0  0  0  0  0  0  0  0  0  0  0  0  0  0  0  0  0  0  0  0  0  0  0  0  0  0  0  0  0  0  0  0  0  0  0  0  0  0  0  0  0  0  0  0  0  0.004519000000000009
g  13  5  0.878616  0.572063  0.299367  0.058323  -0.163568  -0.324616  -0.46256  -0.584416  -0.653968  -0.650574  -0.600292  -0.53815  -0.482991  -0.424909  -0.35988  -0.296434  -0.240431  -0.201069  -0.186711  -0.194402  -0.215502  -0.241532  0  0  0  0  0  0  0  0  0  0  0  0  0  0  0  0  0  0  0  0  0  0  0  0  0  0  0  0  0  0  0  0  0  0  0  0  0  0  0  0  0  0  0  0  0  0  0  0  0  0  0  0  0  0  0  0  0  0  0  0  0  0  0  0  0  -0.005091999999999985
h  13  5  -1.046398  -1.190973  -1.242368  -1.276646  -1.303046  -1.333524  -1.371221  -1.403586  -1.421477  -1.408011  -1.35432  -1.275694  -1.183167  -1.082997  -0.988221  -0.907073  -0.838411  -0.773465  -0.703186  -0.619773  -0.515914  -0.391767  0  0  0  0  0  0  0  0  0  0  0  0  0  0  0  0  0  0  0  0  0  0  0  0  0  0  0  0  0  0  0  0  0  0  0  0  0  0  0  0  0  0  0  0  0  0  0  0  0  0  0  0  0  0  0  0  0  0  0  0  0  0  0  0  0  0.026065000000000005
g  13  6  -0.22576  -0.238504  -0.288498  -0.346149  -0.399945  -0.453412  -0.511419  -0.569262  -0.636773  -0.690178  -0.721077  -0.728023  -0.714631  -0.691361  -0.660934  -0.626834  -0.584568  -0.531553  -0.47217  -0.416522  -0.377638  -0.365065  0  0  0  0  0  0  0  0  0  0  0  0  0  0  0  0  0  0  0  0  0  0  0  0  0  0  0  0  0  0  0  0  0  0  0  0  0  0  0  0  0  0  0  0  0  0  0  0  0  0  0  0  0  0  0  0  0  0  0  0  0  0  0  0  0  0.0002910000000000412
h  13  6  -0.081404  0.036788  0.160013  0.271134  0.368739  0.44126  0.479082  0.472775  0.439836  0.408972  0.396024  0.38916  0.373851  0.33232  0.266602  0.187881  0.10606  0.024287  -0.060539  -0.151831  -0.246136  -0.335361  0  0  0  0  0  0  0  0  0  0  0  0  0  0  0  0  0  0  0  0  0  0  0  0  0  0  0  0  0  0  0  0  0  0  0  0  0  0  0  0  0  0  0  0  0  0  0  0  0  0  0  0  0  0  0  0  0  0  0  0  0  0  0  0  0  -0.016972000000000043
g  13  7  0.782618  0.795329  0.782308  0.766323  0.718389  0.666688  0.646123  0.656796  0.678019  0.712875  0.744334  0.760677  0.757482  0.736907  0.706247  0.672029  0.64692  0.636396  0.63838  0.645411  0.646947  0.636828  0  0  0  0  0  0  0  0  0  0  0  0  0  0  0  0  0  0  0  0  0  0  0  0  0  0  0  0  0  0  0  0  0  0  0  0  0  0  0  0  0  0  0  0  0  0  0  0  0  0  0  0  0  0  0  0  0  0  0  0  0  0  0  0  0  -0.0030420000000001
h  13  7  0.488258  0.347962  0.292747  0.265487  0.256459  0.29507  0.360472  0.432971  0.509692  0.585967  0.658461  0.718097  0.75862  0.771088  0.764128  0.749704  0.736402  0.724581  0.707339  0.674805  0.624031  0.557217  0  0  0  0  0  0  0  0  0  0  0  0  0  0  0  0  0  0  0  0  0  0  0  0  0  0  0  0  0  0  0  0  0  0  0  0  0  0  0  0  0  0  0  0  0  0  0  0  0  0  0  0  0  0  0  0  0  0  0  0  0  0  0  0  0  -0.01449900000000004
g  13  8  -0.2169  -0.20666  -0.269296  -0.281727  -0.293532  -0.281488  -0.254682  -0.232061  -0.204349  -0.157822  -0.103436  -0.043648  0.016064  0.065397  0.0985  0.118162  0.132994  0.151467  0.175458  0.201529  0.226067  0.245756  0  0  0  0  0  0  0  0  0  0  0  0  0  0  0  0  0  0  0  0  0  0  0  0  0  0  0  0  0  0  0  0  0  0  0  0  0  0  0  0  0  0  0  0  0  0  0  0  0  0  0  0  0  0  0  0  0  0  0  0  0  0  0  0  0  0.003352999999999995
h  13  8  -0.070612  -0.181796  -0.169097  -0.099711  -0.008926  0.051031  0.09362  0.130381  0.162574  0.193047  0.22581  0.259995  0.285658  0.294605  0.291053  0.27919  0.261068  0.235257  0.199999  0.157335  0.112463  0.067034  0  0  0  0  0  0  0  0  0  0  0  0  0  0  0  0  0  0  0  0  0  0  0  0  0  0  0  0  0  0  0  0  0  0  0  0  0  0  0  0  0  0  0  0  0  0  0  0  0  0  0  0  0  0  0  0  0  0  0  0  0  0  0  0  0  -0.009120000000000003
g  13  9  0.297732  0.297041  0.290634  0.279783  0.245602  0.19783  0.151976  0.100234  0.068056  0.061167  0.066774  0.081336  0.111232  0.156727  0.201128  0.229377  0.240128  0.240076  0.241648  0.254919  0.279649  0.311238  0  0  0  0  0  0  0  0  0  0  0  0  0  0  0  0  0  0  0  0  0  0  0  0  0  0  0  0  0  0  0  0  0  0  0  0  0  0  0  0  0  0  0  0  0  0  0  0  0  0  0  0  0  0  0  0  0  0  0  0  0  0  0  0  0  0.006584000000000034
h  13  9  0.383001  0.449384  0.386532  0.334022  0.294006  0.263234  0.236473  0.224812  0.227943  0.243416  0.269879  0.298997  0.31595  0.303653  0.258058  0.192431  0.122383  0.060051  0.014407  -0.013659  -0.030113  -0.041591  0  0  0  0  0  0  0  0  0  0  0  0  0  0  0  0  0  0  0  0  0  0  0  0  0  0  0  0  0  0  0  0  0  0  0  0  0  0  0  0  0  0  0  0  0  0  0  0  0  0  0  0  0  0  0  0  0  0  0  0  0  0  0  0  0  -0.0020540000000000003
g  13  10  0.099721  0.158607  0.284885  0.405283  0.516193  0.594516  0.640272  0.642221  0.597505  0.51834  0.410569  0.285906  0.167156  0.073588  0.012894  -0.017281  -0.022687  -0.009959  0.016607  0.057664  0.110838  0.16843  0  0  0  0  0  0  0  0  0  0  0  0  0  0  0  0  0  0  0  0  0  0  0  0  0  0  0  0  0  0  0  0  0  0  0  0  0  0  0  0  0  0  0  0  0  0  0  0  0  0  0  0  0  0  0  0  0  0  0  0  0  0  0  0  0  0.011456999999999995
h  13  10  0.546056  0.470353  0.51363  0.482348  0.44015  0.393439  0.334822  0.273938  0.219916  0.1839  0.17288  0.195236  0.258762  0.354128  0.462307  0.569449  0.668175  0.756519  0.835017  0.901138  0.950003  0.978124  0  0  0  0  0  0  0  0  0  0  0  0  0  0  0  0  0  0  0  0  0  0  0  0  0  0  0  0  0  0  0  0  0  0  0  0  0  0  0  0  0  0  0  0  0  0  0  0  0  0  0  0  0  0  0  0  0  0  0  0  0  0  0  0  0  0.0039050000000000473
g  13  11  0.402522  0.386689  0.337701  0.226658  0.088071  -0.062094  -0.205853  -0.322271  -0.402917  -0.435206  -0.418616  -0.36935  -0.303556  -0.233263  -0.162202  -0.093386  -0.030968  0.023889  0.076346  0.134416  0.201059  0.272604  0  0  0  0  0  0  0  0  0  0  0  0  0  0  0  0  0  0  0  0  0  0  0  0  0  0  0  0  0  0  0  0  0  0  0  0  0  0  0  0  0  0  0  0  0  0  0  0  0  0  0  0  0  0  0  0  0  0  0  0  0  0  0  0  0  0.014411000000000007
h  13  11  -0.304329  -0.346409  -0.411669  -0.435745  -0.423016  -0.36165  -0.261062  -0.135027  0.004369  0.141293  0.255673  0.338401  0.386989  0.404285  0.399706  0.383017  0.362305  0.345723  0.336618  0.331326  0.3245  0.309915  0  0  0  0  0  0  0  0  0  0  0  0  0  0  0  0  0  0  0  0  0  0  0  0  0  0  0  0  0  0  0  0  0  0  0  0  0  0  0  0  0  0  0  0  0  0  0  0  0  0  0  0  0  0  0  0  0  0  0  0  0  0  0  0  0  -0.003844000000000014
g  13  12  -0.168067  -0.457041  -0.47798  -0.470943  -0.442099  -0.377961  -0.284891  -0.182143  -0.085913  -0.016478  0.025178  0.037823  0.022107  -0.01996  -0.088316  -0.182438  -0.297507  -0.424997  -0.549881  -0.654099  -0.721016  -0.743039  0  0  0  0  0  0  0  0  0  0  0  0  0  0  0  0  0  0  0  0  0  0  0  0  0  0  0  0  0  0  0  0  0  0  0  0  0  0  0  0  0  0  0  0  0  0  0  0  0  0  0  0  0  0  0  0  0  0  0  0  0  0  0  0  0  -0.0008690000000000087
h  13  12  -0.379736  -0.336413  -0.245963  -0.174112  -0.123584  -0.094576  -0.079184  -0.081574  -0.101222  -0.13652  -0.184402  -0.247486  -0.325855  -0.412425  -0.498669  -0.572089  -0.621659  -0.639472  -0.619485  -0.557931  -0.461628  -0.344693  0  0  0  0  0  0  0  0  0  0  0  0  0  0  0  0  0  0  0  0  0  0  0  0  0  0  0  0  0  0  0  0  0  0  0  0  0  0  0  0  0  0  0  0  0  0  0  0  0  0  0  0  0  0  0  0  0  0  0  0  0  0  0  0  0  0.02429999999999999
g  13  13  -0.442695  -0.445885  -0.471445  -0.456717  -0.417841  -0.381167  -0.382624  -0.425403  -0.491513  -0.555559  -0.612905  -0.66367  -0.702714  -0.722648  -0.719586  -0.692125  -0.640451  -0.566866  -0.474552  -0.372833  -0.275622  -0.194879  0  0  0  0  0  0  0  0  0  0  0  0  0  0  0  0  0  0  0  0  0  0  0  0  0  0  0  0  0  0  0  0  0  0  0  0  0  0  0  0  0  0  0  0  0  0  0  0  0  0  0  0  0  0  0  0  0  0  0  0  0  0  0  0  0  0.014349
h  13  13  -0.736424  -0.577246  -0.38944  -0.201132  -0.035014  0.098634  0.207245  0.293482  0.357674  0.418979  0.487445  0.5634  0.644475  0.729593  0.809854  0.87389  0.913903  0.925896  0.905429  0.84576  0.741564  0.593689  0  0  0  0  0  0  0  0  0  0  0  0  0  0  0  0  0  0  0  0  0  0  0  0  0  0  0  0  0  0  0  0  0  0  0  0  0  0  0  0  0  0  0  0  0  0  0  0  0  0  0  0  0  0  0  0  0  0  0  0  0  0  0  0  0  -0.032749999999999946
