# 2019 MPG data assimilation forecast
# units of nT 
c/s d o  GUFM1  GUFM1  GUFM1  GUFM1  GUFM1  GUFM1  GUFM1  GUFM1  GUFM1  GUFM1  GUFM1  GUFM1  GUFM1  GUFM1  GUFM1  GUFM1  GUFM1  GUFM1  GUFM1  GUFM1  GUFM1  GUFM1  GUFM1  GUFM1  GUFM1  GUFM1  GUFM1  GUFM1  GUFM1  GUFM1  GUFM1  GUFM1  GUFM1  GUFM1  GUFM1  GUFM1  GUFM1  GUFM1  GUFM1  GUFM1  GUFM1  GUFM1  GUFM1  GUFM1  GUFM1  GUFM1  GUFM1  GUFM1  GUFM1  GUFM1  GUFM1  GUFM1  GUFM1  GUFM1  GUFM1  GUFM1  GUFM1  GUFM1  GUFM1  GUFM1  GUFM1  GUFM1   IGRF   IGRF   IGRF   IGRF   IGRF   IGRF   IGRF   IGRF   IGRF   DGRF   DGRF   DGRF   DGRF   DGRF   DGRF   DGRF   DGRF   DGRF   DGRF   DGRF   DGRF      DGRF      DGRF     DGRF     IGRF      SV
g/h n m 1590.0 1595.0 1600.0 1605.0 1610.0 1615.0 1620.0 1625.0 1630.0 1635.0 1640.0 1645.0 1650.0 1655.0 1660.0 1665.0 1670.0 1675.0 1680.0 1685.0 1690.0 1695.0 1700.0 1705.0 1710.0 1715.0 1720.0 1725.0 1730.0 1735.0 1740.0 1745.0 1750.0 1755.0 1760.0 1765.0 1770.0 1775.0 1780.0 1785.0 1790.0 1795.0 1800.0 1805.0 1810.0 1815.0 1820.0 1825.0 1830.0 1835.0 1840.0 1845.0 1850.0 1855.0 1860.0 1865.0 1870.0 1875.0 1880.0 1885.0 1890.0 1895.0 1900.0 1905.0 1910.0 1915.0 1920.0 1925.0 1930.0 1935.0 1940.0 1945.0 1950.0 1955.0 1960.0 1965.0 1970.0 1975.0 1980.0 1985.0 1990.0 1995.0 2000.0    2005.0    2010.0   2015.0   2020.0 2020-25
g  1  0  -29441.362499  -29404.044593  -29364.163927  -29312.242218  -29259.01184  -29205.752686  -29160.843796  -29115.959499  -29063.23337  -29002.744857  -28931.174431  -28844.831775  -28749.058487  -28652.520806  -28560.44355  -28474.975324  -28396.629953  -28327.012883  -28271.112823  -28228.294568  -28193.419765  -28163.452039  0  0  0  0  0  0  0  0  0  0  0  0  0  0  0  0  0  0  0  0  0  0  0  0  0  0  0  0  0  0  0  0  0  0  0  0  0  0  0  0  0  0  0  0  0  0  0  0  0  0  0  0  0  0  0  0  0  0  0  0  0  0  0  0  0  5.639255000001867
g  1  1  -1501.562259  -1451.854683  -1431.649827  -1415.99223  -1403.633691  -1387.549094  -1376.804558  -1375.807839  -1377.043141  -1378.074763  -1372.571735  -1354.182047  -1322.241709  -1281.882362  -1242.498624  -1209.067466  -1180.434753  -1155.042222  -1136.066109  -1126.874444  -1125.683185  -1128.494268  0  0  0  0  0  0  0  0  0  0  0  0  0  0  0  0  0  0  0  0  0  0  0  0  0  0  0  0  0  0  0  0  0  0  0  0  0  0  0  0  0  0  0  0  0  0  0  0  0  0  0  0  0  0  0  0  0  0  0  0  0  0  0  0  0  -0.6253540000000157
h  1  1  4796.112727  4652.862303  4554.887792  4491.876107  4455.774718  4442.726403  4430.696791  4409.320748  4381.792894  4346.253967  4300.27381  4243.695219  4177.990037  4107.164186  4037.964578  3972.92465  3911.08775  3850.614588  3791.563235  3734.497716  3683.655352  3645.824518  0  0  0  0  0  0  0  0  0  0  0  0  0  0  0  0  0  0  0  0  0  0  0  0  0  0  0  0  0  0  0  0  0  0  0  0  0  0  0  0  0  0  0  0  0  0  0  0  0  0  0  0  0  0  0  0  0  0  0  0  0  0  0  0  0  -6.255008999999973
g  2  0  -2446.553342  -2499.958342  -2555.562089  -2612.754387  -2669.650295  -2729.892959  -2790.06824  -2852.631106  -2915.357442  -2974.247547  -3020.473265  -3047.442452  -3058.549167  -3061.455202  -3063.036701  -3065.329007  -3067.392313  -3068.921202  -3070.512188  -3070.846599  -3067.622725  -3062.751723  0  0  0  0  0  0  0  0  0  0  0  0  0  0  0  0  0  0  0  0  0  0  0  0  0  0  0  0  0  0  0  0  0  0  0  0  0  0  0  0  0  0  0  0  0  0  0  0  0  0  0  0  0  0  0  0  0  0  0  0  0  0  0  0  0  1.021396999999979
g  2  1  3012.135516  2982.244564  2954.353461  2919.489412  2871.091879  2814.104637  2758.298499  2704.359614  2647.447823  2587.042334  2525.455471  2469.609245  2423.062543  2385.941504  2357.090732  2337.103238  2324.813251  2319.242866  2317.484648  2316.468851  2315.746351  2313.841386  0  0  0  0  0  0  0  0  0  0  0  0  0  0  0  0  0  0  0  0  0  0  0  0  0  0  0  0  0  0  0  0  0  0  0  0  0  0  0  0  0  0  0  0  0  0  0  0  0  0  0  0  0  0  0  0  0  0  0  0  0  0  0  0  0  -0.5740670000000136
h  2  1  -2845.617105  -2991.299173  -3126.122738  -3236.06929  -3341.944525  -3453.090973  -3573.735876  -3694.698985  -3811.865454  -3921.895172  -4023.794035  -4117.156147  -4201.098696  -4274.170457  -4335.216844  -4386.571472  -4432.699107  -4480.689904  -4535.122467  -4596.338908  -4662.635148  -4731.143852  0  0  0  0  0  0  0  0  0  0  0  0  0  0  0  0  0  0  0  0  0  0  0  0  0  0  0  0  0  0  0  0  0  0  0  0  0  0  0  0  0  0  0  0  0  0  0  0  0  0  0  0  0  0  0  0  0  0  0  0  0  0  0  0  0  -13.819171000000097
g  2  2  1676.336627  1675.463362  1641.165448  1586.49619  1518.429171  1452.652069  1393.172501  1339.542683  1290.468385  1248.057954  1211.163728  1176.368945  1136.645174  1085.771039  1022.057138  949.961459  874.107739  796.526312  716.55462  634.7394  552.749363  471.8496  0  0  0  0  0  0  0  0  0  0  0  0  0  0  0  0  0  0  0  0  0  0  0  0  0  0  0  0  0  0  0  0  0  0  0  0  0  0  0  0  0  0  0  0  0  0  0  0  0  0  0  0  0  0  0  0  0  0  0  0  0  0  0  0  0  -16.034770999999978
h  2  2  -642.261432  -733.497277  -800.435367  -829.889205  -842.660151  -855.993884  -877.830615  -911.630991  -956.187796  -1010.80237  -1068.831763  -1124.495106  -1175.988281  -1224.472033  -1274.817049  -1328.511899  -1385.810604  -1448.623277  -1519.674835  -1599.626318  -1685.117795  -1771.205588  0  0  0  0  0  0  0  0  0  0  0  0  0  0  0  0  0  0  0  0  0  0  0  0  0  0  0  0  0  0  0  0  0  0  0  0  0  0  0  0  0  0  0  0  0  0  0  0  0  0  0  0  0  0  0  0  0  0  0  0  0  0  0  0  0  -17.00748599999997
g  3  0  1350.076037  1363.996461  1381.630642  1405.474706  1431.943594  1461.197344  1487.208053  1511.935177  1541.237738  1577.344822  1623.690303  1682.246678  1747.464926  1811.646871  1868.906542  1916.957941  1954.524519  1981.328326  1996.040083  1997.445768  1987.657689  1968.051517  0  0  0  0  0  0  0  0  0  0  0  0  0  0  0  0  0  0  0  0  0  0  0  0  0  0  0  0  0  0  0  0  0  0  0  0  0  0  0  0  0  0  0  0  0  0  0  0  0  0  0  0  0  0  0  0  0  0  0  0  0  0  0  0  0  -4.655213999999887
g  3  1  -2352.396457  -2381.107752  -2423.079997  -2468.72384  -2505.664878  -2532.202064  -2549.543195  -2562.63421  -2575.348747  -2589.730065  -2608.141491  -2627.521656  -2644.981898  -2659.021923  -2667.289228  -2668.145243  -2661.73335  -2647.774554  -2624.745578  -2592.871816  -2552.497814  -2504.440787  0  0  0  0  0  0  0  0  0  0  0  0  0  0  0  0  0  0  0  0  0  0  0  0  0  0  0  0  0  0  0  0  0  0  0  0  0  0  0  0  0  0  0  0  0  0  0  0  0  0  0  0  0  0  0  0  0  0  0  0  0  0  0  0  0  10.173179999999775
h  3  1  -115.078794  -82.096245  -48.411071  -25.359895  -0.062805  20.361918  35.973724  46.087734  50.9866  53.434465  61.227169  80.453351  108.084233  138.948411  169.504624  199.61566  229.098063  255.482311  277.462462  296.949737  315.217153  332.647734  0  0  0  0  0  0  0  0  0  0  0  0  0  0  0  0  0  0  0  0  0  0  0  0  0  0  0  0  0  0  0  0  0  0  0  0  0  0  0  0  0  0  0  0  0  0  0  0  0  0  0  0  0  0  0  0  0  0  0  0  0  0  0  0  0  3.4473370000000045
g  3  2  1225.867106  1235.652559  1240.452289  1244.06352  1245.142936  1249.792955  1255.44339  1260.000139  1263.01677  1263.552093  1260.737542  1254.973401  1244.093822  1225.742636  1203.110712  1182.696157  1168.645539  1163.390753  1166.76495  1177.65307  1193.847407  1213.558367  0  0  0  0  0  0  0  0  0  0  0  0  0  0  0  0  0  0  0  0  0  0  0  0  0  0  0  0  0  0  0  0  0  0  0  0  0  0  0  0  0  0  0  0  0  0  0  0  0  0  0  0  0  0  0  0  0  0  0  0  0  0  0  0  0  4.203582000000097
h  3  2  245.000674  241.991757  234.857476  214.350493  188.16051  157.097586  119.765382  87.344341  59.996546  35.932581  16.373049  5.464861  5.093414  12.457828  24.265873  40.459738  60.668428  83.187574  106.398619  129.380904  152.543688  176.296513  0  0  0  0  0  0  0  0  0  0  0  0  0  0  0  0  0  0  0  0  0  0  0  0  0  0  0  0  0  0  0  0  0  0  0  0  0  0  0  0  0  0  0  0  0  0  0  0  0  0  0  0  0  0  0  0  0  0  0  0  0  0  0  0  0  4.769707000000011
g  3  3  581.206878  526.121808  464.032238  395.508977  332.812998  282.217465  247.479441  223.40268  207.172589  197.737167  192.555355  189.875905  188.170049  186.57976  185.096177  182.793872  177.766486  168.569038  154.796266  135.02916  109.491611  79.019904  0  0  0  0  0  0  0  0  0  0  0  0  0  0  0  0  0  0  0  0  0  0  0  0  0  0  0  0  0  0  0  0  0  0  0  0  0  0  0  0  0  0  0  0  0  0  0  0  0  0  0  0  0  0  0  0  0  0  0  0  0  0  0  0  0  -6.447676000000001
h  3  3  -538.666017  -543.097504  -551.099909  -555.711416  -557.713809  -560.580446  -563.969189  -570.109382  -577.662183  -587.221819  -600.972416  -622.32434  -655.959985  -702.353412  -757.982627  -816.800429  -874.641716  -930.308748  -983.341426  -1032.143032  -1072.41284  -1100.326224  0  0  0  0  0  0  0  0  0  0  0  0  0  0  0  0  0  0  0  0  0  0  0  0  0  0  0  0  0  0  0  0  0  0  0  0  0  0  0  0  0  0  0  0  0  0  0  0  0  0  0  0  0  0  0  0  0  0  0  0  0  0  0  0  0  -4.471980999999914
g  4  0  907.215654  902.542941  889.75978  881.074359  870.935976  860.070656  845.082004  829.824905  815.597726  802.323139  791.612621  781.902958  771.090749  757.535456  739.21713  716.710447  691.560382  665.815316  640.128026  615.068966  591.978351  571.185039  0  0  0  0  0  0  0  0  0  0  0  0  0  0  0  0  0  0  0  0  0  0  0  0  0  0  0  0  0  0  0  0  0  0  0  0  0  0  0  0  0  0  0  0  0  0  0  0  0  0  0  0  0  0  0  0  0  0  0  0  0  0  0  0  0  -3.9786040000000185
g  4  1  813.932417  809.381857  802.644086  788.453177  768.982499  748.921227  728.133902  707.384171  687.403647  669.117611  652.36983  635.561689  617.471955  597.88662  577.498001  556.392498  534.971102  514.218425  494.743328  476.499376  459.23292  443.222741  0  0  0  0  0  0  0  0  0  0  0  0  0  0  0  0  0  0  0  0  0  0  0  0  0  0  0  0  0  0  0  0  0  0  0  0  0  0  0  0  0  0  0  0  0  0  0  0  0  0  0  0  0  0  0  0  0  0  0  0  0  0  0  0  0  -3.0897260000000415
h  4  1  283.527524  281.521386  263.236404  239.584429  214.010777  185.964307  155.583468  122.385539  85.952219  49.655417  18.167928  -7.174505  -29.051484  -51.184505  -76.023651  -102.025076  -127.708582  -152.79655  -176.799845  -199.429057  -220.764388  -241.815473  0  0  0  0  0  0  0  0  0  0  0  0  0  0  0  0  0  0  0  0  0  0  0  0  0  0  0  0  0  0  0  0  0  0  0  0  0  0  0  0  0  0  0  0  0  0  0  0  0  0  0  0  0  0  0  0  0  0  0  0  0  0  0  0  0  -4.230366000000004
g  4  2  120.615912  86.142488  68.515552  54.845757  45.108036  37.749453  33.603739  33.230828  35.99157  38.733506  40.029524  38.467033  34.848349  31.883315  31.529626  34.57956  40.51129  48.798237  59.540123  72.305663  86.258493  100.903387  0  0  0  0  0  0  0  0  0  0  0  0  0  0  0  0  0  0  0  0  0  0  0  0  0  0  0  0  0  0  0  0  0  0  0  0  0  0  0  0  0  0  0  0  0  0  0  0  0  0  0  0  0  0  0  0  0  0  0  0  0  0  0  0  0  2.9880119999999977
h  4  2  -188.430715  -158.70109  -121.841198  -91.212481  -59.344001  -29.650465  2.312052  37.228274  71.349865  101.307206  125.690683  144.558723  158.432156  168.904235  176.338203  181.772185  184.982387  185.391674  183.549198  181.73885  182.160802  186.072186  0  0  0  0  0  0  0  0  0  0  0  0  0  0  0  0  0  0  0  0  0  0  0  0  0  0  0  0  0  0  0  0  0  0  0  0  0  0  0  0  0  0  0  0  0  0  0  0  0  0  0  0  0  0  0  0  0  0  0  0  0  0  0  0  0  1.1000629999999774
g  4  3  -334.839172  -309.751594  -288.366067  -266.430946  -238.322704  -206.720433  -174.699613  -143.762942  -114.102052  -84.4966  -54.658383  -24.774494  5.641175  38.716257  78.170321  123.770278  173.245971  224.930518  278.191925  331.782789  382.964489  429.35958  0  0  0  0  0  0  0  0  0  0  0  0  0  0  0  0  0  0  0  0  0  0  0  0  0  0  0  0  0  0  0  0  0  0  0  0  0  0  0  0  0  0  0  0  0  0  0  0  0  0  0  0  0  0  0  0  0  0  0  0  0  0  0  0  0  8.820503999999971
h  4  3  180.592586  199.50933  215.306407  227.971063  239.685134  256.406187  278.950835  305.9116  335.27796  364.728654  392.092817  415.4001  432.98436  444.194952  450.61099  454.781383  458.990147  464.910168  472.487454  479.328531  483.222049  483.894586  0  0  0  0  0  0  0  0  0  0  0  0  0  0  0  0  0  0  0  0  0  0  0  0  0  0  0  0  0  0  0  0  0  0  0  0  0  0  0  0  0  0  0  0  0  0  0  0  0  0  0  0  0  0  0  0  0  0  0  0  0  0  0  0  0  -0.10818699999998671
g  4  4  70.806952  48.031668  24.611817  1.118655  -16.82784  -23.856623  -22.458337  -13.498151  1.814876  21.678048  46.47637  74.985456  107.02972  140.03195  169.678349  192.660548  208.922648  218.860546  221.861995  216.390414  201.547574  177.800061  0  0  0  0  0  0  0  0  0  0  0  0  0  0  0  0  0  0  0  0  0  0  0  0  0  0  0  0  0  0  0  0  0  0  0  0  0  0  0  0  0  0  0  0  0  0  0  0  0  0  0  0  0  0  0  0  0  0  0  0  0  0  0  0  0  -5.4049249999999915
h  4  4  -329.381144  -350.173713  -372.999039  -392.030731  -406.026231  -414.207799  -415.098484  -409.793246  -402.480642  -393.640828  -385.445562  -379.487177  -376.859218  -377.345275  -380.341354  -385.166811  -391.86978  -401.29009  -413.270317  -427.756678  -443.110582  -457.786677  0  0  0  0  0  0  0  0  0  0  0  0  0  0  0  0  0  0  0  0  0  0  0  0  0  0  0  0  0  0  0  0  0  0  0  0  0  0  0  0  0  0  0  0  0  0  0  0  0  0  0  0  0  0  0  0  0  0  0  0  0  0  0  0  0  -2.8318399999999997
g  5  0  -232.949005  -234.317164  -237.143275  -235.012455  -229.537563  -223.159761  -216.847493  -209.943308  -201.75864  -192.972148  -184.675729  -177.811643  -171.33983  -163.80347  -154.517176  -143.772732  -133.241788  -124.01022  -116.465373  -110.611001  -105.598018  -100.593649  0  0  0  0  0  0  0  0  0  0  0  0  0  0  0  0  0  0  0  0  0  0  0  0  0  0  0  0  0  0  0  0  0  0  0  0  0  0  0  0  0  0  0  0  0  0  0  0  0  0  0  0  0  0  0  0  0  0  0  0  0  0  0  0  0  1.0479210000000023
g  5  1  360.212768  363.639982  366.215694  367.669662  366.183715  365.058893  365.040674  364.170021  361.994535  357.202929  348.544628  336.363923  321.852236  306.518288  292.168482  280.202229  271.101515  264.876356  261.769742  261.482704  262.714484  264.261323  0  0  0  0  0  0  0  0  0  0  0  0  0  0  0  0  0  0  0  0  0  0  0  0  0  0  0  0  0  0  0  0  0  0  0  0  0  0  0  0  0  0  0  0  0  0  0  0  0  0  0  0  0  0  0  0  0  0  0  0  0  0  0  0  0  0.28879499999999325
h  5  1  47.194992  47.172993  40.077608  28.11831  18.268958  10.329373  2.019684  -6.874529  -16.319856  -25.348109  -31.94725  -35.44924  -36.890174  -39.533251  -45.981352  -55.63414  -67.960413  -82.316026  -97.39899  -112.140195  -125.675794  -137.492727  0  0  0  0  0  0  0  0  0  0  0  0  0  0  0  0  0  0  0  0  0  0  0  0  0  0  0  0  0  0  0  0  0  0  0  0  0  0  0  0  0  0  0  0  0  0  0  0  0  0  0  0  0  0  0  0  0  0  0  0  0  0  0  0  0  -2.203586999999999
g  5  2  192.356851  188.514  186.439938  184.845364  186.997044  191.055119  195.637568  202.173866  211.377083  222.936596  233.87325  241.433064  246.679142  251.043608  254.662035  256.981883  257.986349  257.603018  255.994825  253.543191  250.280742  246.547946  0  0  0  0  0  0  0  0  0  0  0  0  0  0  0  0  0  0  0  0  0  0  0  0  0  0  0  0  0  0  0  0  0  0  0  0  0  0  0  0  0  0  0  0  0  0  0  0  0  0  0  0  0  0  0  0  0  0  0  0  0  0  0  0  0  -0.7656660000000102
h  5  2  196.853453  208.037586  220.787496  229.900497  239.751837  249.598802  258.039106  264.534064  269.120402  269.991114  265.110862  254.49388  240.098943  225.024457  212.036262  203.105839  198.535675  198.090109  201.621159  208.683953  218.585622  230.204226  0  0  0  0  0  0  0  0  0  0  0  0  0  0  0  0  0  0  0  0  0  0  0  0  0  0  0  0  0  0  0  0  0  0  0  0  0  0  0  0  0  0  0  0  0  0  0  0  0  0  0  0  0  0  0  0  0  0  0  0  0  0  0  0  0  2.4173330000000135
g  5  3  -141.028863  -140.68696  -135.842722  -128.659361  -123.34582  -117.451302  -111.652208  -105.073519  -97.655033  -89.179891  -78.943024  -66.701781  -52.583586  -36.849278  -19.653982  -2.629241  12.98544  27.015543  40.456701  53.66706  66.557962  78.932412  0  0  0  0  0  0  0  0  0  0  0  0  0  0  0  0  0  0  0  0  0  0  0  0  0  0  0  0  0  0  0  0  0  0  0  0  0  0  0  0  0  0  0  0  0  0  0  0  0  0  0  0  0  0  0  0  0  0  0  0  0  0  0  0  0  2.418530000000004
h  5  3  -119.188121  -121.145253  -118.862489  -114.535177  -106.065395  -95.283385  -81.833472  -64.881479  -45.693625  -24.819687  -4.319157  14.120351  29.785353  43.271633  55.329878  66.872142  78.751874  91.307484  104.067493  116.317156  127.513113  137.755835  0  0  0  0  0  0  0  0  0  0  0  0  0  0  0  0  0  0  0  0  0  0  0  0  0  0  0  0  0  0  0  0  0  0  0  0  0  0  0  0  0  0  0  0  0  0  0  0  0  0  0  0  0  0  0  0  0  0  0  0  0  0  0  0  0  2.007815999999991
g  5  4  -157.491126  -151.295148  -139.329798  -123.950643  -108.62833  -95.534614  -85.523326  -79.849488  -77.49859  -78.348469  -80.733265  -82.107061  -80.530529  -74.989241  -66.614129  -56.855155  -46.49384  -35.998589  -25.843736  -16.066692  -6.657402  2.386883  0  0  0  0  0  0  0  0  0  0  0  0  0  0  0  0  0  0  0  0  0  0  0  0  0  0  0  0  0  0  0  0  0  0  0  0  0  0  0  0  0  0  0  0  0  0  0  0  0  0  0  0  0  0  0  0  0  0  0  0  0  0  0  0  0  1.7783900000000001
h  5  4  15.833132  32.449558  47.491909  58.555027  66.691797  73.453013  79.154991  84.347385  89.493072  96.811088  107.20272  120.707737  138.179753  160.518904  187.22325  215.884965  244.543285  272.135949  298.609443  323.722807  346.658408  366.765916  0  0  0  0  0  0  0  0  0  0  0  0  0  0  0  0  0  0  0  0  0  0  0  0  0  0  0  0  0  0  0  0  0  0  0  0  0  0  0  0  0  0  0  0  0  0  0  0  0  0  0  0  0  0  0  0  0  0  0  0  0  0  0  0  0  3.7681440000000066
g  5  5  4.018359  14.017543  27.326434  40.992838  54.633352  66.597047  78.30075  91.251665  105.3001  120.624477  136.029266  150.454561  162.236072  169.51391  171.893083  169.655837  163.617138  154.767019  143.205138  128.81892  111.984925  93.478825  0  0  0  0  0  0  0  0  0  0  0  0  0  0  0  0  0  0  0  0  0  0  0  0  0  0  0  0  0  0  0  0  0  0  0  0  0  0  0  0  0  0  0  0  0  0  0  0  0  0  0  0  0  0  0  0  0  0  0  0  0  0  0  0  0  -3.7737450000000052
h  5  5  100.301406  99.446338  100.467211  99.167854  95.42373  92.16635  90.600486  88.294499  83.96056  76.87849  67.907979  57.12699  44.047653  28.681495  10.504631  -10.355605  -32.445096  -54.864964  -77.484936  -100.225212  -122.561964  -143.079124  0  0  0  0  0  0  0  0  0  0  0  0  0  0  0  0  0  0  0  0  0  0  0  0  0  0  0  0  0  0  0  0  0  0  0  0  0  0  0  0  0  0  0  0  0  0  0  0  0  0  0  0  0  0  0  0  0  0  0  0  0  0  0  0  0  -3.879408000000012
g  6  0  69.717013  65.65761  59.540989  54.010826  49.399151  44.748023  42.320356  41.410232  41.958584  43.502199  44.981532  45.624612  45.715184  45.911785  46.347445  46.600923  46.49657  46.031919  45.171986  44.008548  42.816146  41.564123  0  0  0  0  0  0  0  0  0  0  0  0  0  0  0  0  0  0  0  0  0  0  0  0  0  0  0  0  0  0  0  0  0  0  0  0  0  0  0  0  0  0  0  0  0  0  0  0  0  0  0  0  0  0  0  0  0  0  0  0  0  0  0  0  0  -0.26646299999999457
g  6  1  67.591706  65.548438  62.997866  57.66768  51.521152  46.779564  42.362663  36.916397  30.956196  25.785813  22.681338  22.675999  25.812275  31.791108  40.38204  50.769679  61.853569  72.505514  82.044469  90.031684  96.467899  101.548604  0  0  0  0  0  0  0  0  0  0  0  0  0  0  0  0  0  0  0  0  0  0  0  0  0  0  0  0  0  0  0  0  0  0  0  0  0  0  0  0  0  0  0  0  0  0  0  0  0  0  0  0  0  0  0  0  0  0  0  0  0  0  0  0  0  0.9244389999999925
h  6  1  -21.16806  -19.186119  -26.947223  -40.353384  -53.595878  -65.177755  -75.248778  -82.943953  -88.992639  -93.470613  -96.168901  -97.543815  -97.995482  -98.140129  -99.1366  -101.007208  -103.499452  -105.946948  -107.455751  -107.639182  -106.722951  -105.186478  0  0  0  0  0  0  0  0  0  0  0  0  0  0  0  0  0  0  0  0  0  0  0  0  0  0  0  0  0  0  0  0  0  0  0  0  0  0  0  0  0  0  0  0  0  0  0  0  0  0  0  0  0  0  0  0  0  0  0  0  0  0  0  0  0  0.34539900000000046
g  6  2  73.049517  72.750432  74.121244  74.904763  75.236382  75.674308  76.265718  77.014443  78.282754  79.518583  79.486033  78.093057  76.197935  75.176651  76.12536  78.507368  81.311591  83.802776  86.122151  88.910329  92.421922  96.923502  0  0  0  0  0  0  0  0  0  0  0  0  0  0  0  0  0  0  0  0  0  0  0  0  0  0  0  0  0  0  0  0  0  0  0  0  0  0  0  0  0  0  0  0  0  0  0  0  0  0  0  0  0  0  0  0  0  0  0  0  0  0  0  0  0  0.9849179999999933
h  6  2  33.56498  25.20981  21.621603  16.956592  12.723701  10.587907  8.14923  6.449325  5.476441  3.986388  1.61103  -1.94688  -6.075556  -9.781281  -12.486958  -14.284405  -15.748583  -17.375349  -19.113627  -20.734438  -22.178234  -23.595862  0  0  0  0  0  0  0  0  0  0  0  0  0  0  0  0  0  0  0  0  0  0  0  0  0  0  0  0  0  0  0  0  0  0  0  0  0  0  0  0  0  0  0  0  0  0  0  0  0  0  0  0  0  0  0  0  0  0  0  0  0  0  0  0  0  -0.2869390000000003
g  6  3  -129.748151  -121.225029  -114.096477  -107.717873  -101.070859  -93.936997  -85.62379  -75.759675  -64.651482  -51.928214  -37.417301  -21.518824  -5.416736  9.061513  20.625944  28.600624  33.418377  35.642628  35.676283  33.967471  30.922443  27.163566  0  0  0  0  0  0  0  0  0  0  0  0  0  0  0  0  0  0  0  0  0  0  0  0  0  0  0  0  0  0  0  0  0  0  0  0  0  0  0  0  0  0  0  0  0  0  0  0  0  0  0  0  0  0  0  0  0  0  0  0  0  0  0  0  0  -0.7807010000000005
h  6  3  58.836893  53.038764  49.076269  47.023048  47.984004  50.610556  53.843072  56.650154  60.218094  63.861591  66.442336  67.537442  67.971591  69.165861  72.105607  77.217191  84.696613  94.438482  106.268078  119.459127  133.507683  148.06709  0  0  0  0  0  0  0  0  0  0  0  0  0  0  0  0  0  0  0  0  0  0  0  0  0  0  0  0  0  0  0  0  0  0  0  0  0  0  0  0  0  0  0  0  0  0  0  0  0  0  0  0  0  0  0  0  0  0  0  0  0  0  0  0  0  2.9366679999999974
g  6  4  -29.346316  -36.448349  -44.92992  -52.083211  -59.315802  -66.967913  -73.818487  -81.46729  -88.77572  -95.489601  -100.980783  -104.171916  -104.820214  -103.618996  -101.666986  -99.656324  -97.521855  -95.071452  -92.097309  -88.581728  -84.418262  -79.947039  0  0  0  0  0  0  0  0  0  0  0  0  0  0  0  0  0  0  0  0  0  0  0  0  0  0  0  0  0  0  0  0  0  0  0  0  0  0  0  0  0  0  0  0  0  0  0  0  0  0  0  0  0  0  0  0  0  0  0  0  0  0  0  0  0  0.8857879999999909
h  6  4  -66.538118  -64.561878  -63.683645  -61.717876  -60.67813  -57.809101  -54.319631  -49.837539  -44.09446  -38.431523  -33.124232  -27.939788  -22.67261  -17.115038  -11.2743  -5.916047  -1.650595  1.15865  2.695313  3.46667  3.804407  3.893006  0  0  0  0  0  0  0  0  0  0  0  0  0  0  0  0  0  0  0  0  0  0  0  0  0  0  0  0  0  0  0  0  0  0  0  0  0  0  0  0  0  0  0  0  0  0  0  0  0  0  0  0  0  0  0  0  0  0  0  0  0  0  0  0  0  0.0010700000000003485
g  6  5  13.060071  13.740198  14.473898  15.825663  17.510668  19.45703  21.431184  21.630248  19.779364  15.943328  9.941303  1.491255  -9.439291  -22.511345  -36.648768  -50.133607  -61.703052  -71.119093  -78.943827  -85.884598  -92.572466  -99.273143  0  0  0  0  0  0  0  0  0  0  0  0  0  0  0  0  0  0  0  0  0  0  0  0  0  0  0  0  0  0  0  0  0  0  0  0  0  0  0  0  0  0  0  0  0  0  0  0  0  0  0  0  0  0  0  0  0  0  0  0  0  0  0  0  0  -1.3442040000000048
h  6  5  7.513867  9.030985  10.367994  10.88297  9.369748  5.795447  -0.481386  -9.458484  -20.942894  -32.905594  -44.141341  -53.374939  -59.825094  -63.87809  -67.030021  -70.084267  -73.210655  -76.681333  -80.944302  -86.353074  -92.957137  -100.425512  0  0  0  0  0  0  0  0  0  0  0  0  0  0  0  0  0  0  0  0  0  0  0  0  0  0  0  0  0  0  0  0  0  0  0  0  0  0  0  0  0  0  0  0  0  0  0  0  0  0  0  0  0  0  0  0  0  0  0  0  0  0  0  0  0  -1.5475699999999932
g  6  6  -70.920297  -64.398349  -56.592232  -48.940905  -42.458395  -35.991349  -28.990939  -20.720752  -11.133506  -0.656023  10.089556  20.333776  29.32772  36.863339  43.175753  48.188357  51.329492  51.883531  49.512612  44.209957  36.497429  26.77267  0  0  0  0  0  0  0  0  0  0  0  0  0  0  0  0  0  0  0  0  0  0  0  0  0  0  0  0  0  0  0  0  0  0  0  0  0  0  0  0  0  0  0  0  0  0  0  0  0  0  0  0  0  0  0  0  0  0  0  0  0  0  0  0  0  -2.085805999999998
h  6  6  62.736391  68.080743  76.360932  82.486128  85.738812  87.186011  87.748651  88.031804  87.631573  85.96828  82.81635  77.485359  69.570518  59.244691  47.298192  34.81806  22.676487  11.422052  1.590516  -6.226376  -11.101922  -12.347737  0  0  0  0  0  0  0  0  0  0  0  0  0  0  0  0  0  0  0  0  0  0  0  0  0  0  0  0  0  0  0  0  0  0  0  0  0  0  0  0  0  0  0  0  0  0  0  0  0  0  0  0  0  0  0  0  0  0  0  0  0  0  0  0  0  0.062386999999999304
g  7  0  81.075943  80.158373  75.507663  72.146008  70.257191  68.354623  66.061373  63.990504  62.099197  60.249359  57.605175  53.694876  49.004213  44.538503  41.043371  38.428923  36.379853  34.482362  32.460874  30.357883  28.2668  26.345537  0  0  0  0  0  0  0  0  0  0  0  0  0  0  0  0  0  0  0  0  0  0  0  0  0  0  0  0  0  0  0  0  0  0  0  0  0  0  0  0  0  0  0  0  0  0  0  0  0  0  0  0  0  0  0  0  0  0  0  0  0  0  0  0  0  -0.3685140000000011
g  7  1  -76.030846  -76.653804  -77.002741  -78.241723  -79.694512  -80.579601  -79.92976  -77.934788  -75.254916  -72.050489  -68.472304  -64.416563  -60.247831  -56.565145  -53.678704  -51.74467  -50.369282  -49.176862  -47.957667  -46.574933  -44.979881  -43.039243  0  0  0  0  0  0  0  0  0  0  0  0  0  0  0  0  0  0  0  0  0  0  0  0  0  0  0  0  0  0  0  0  0  0  0  0  0  0  0  0  0  0  0  0  0  0  0  0  0  0  0  0  0  0  0  0  0  0  0  0  0  0  0  0  0  0.4216820000000041
h  7  1  -54.204473  -51.375426  -51.603654  -52.506453  -51.628625  -49.889668  -46.822917  -43.157066  -39.491541  -35.723172  -32.453818  -29.561211  -26.2026  -21.844197  -16.903408  -11.802821  -7.075736  -3.296474  -0.664003  0.948537  1.813337  2.109994  0  0  0  0  0  0  0  0  0  0  0  0  0  0  0  0  0  0  0  0  0  0  0  0  0  0  0  0  0  0  0  0  0  0  0  0  0  0  0  0  0  0  0  0  0  0  0  0  0  0  0  0  0  0  0  0  0  0  0  0  0  0  0  0  0  0.024420999999999804
g  7  2  -7.007938  -8.270597  -8.134037  -6.463119  -3.342757  -0.805402  1.431738  3.059738  4.466272  5.715095  6.609795  7.097285  7.637743  8.845182  10.809349  12.72509  14.103843  14.576612  13.861849  11.989629  9.289117  6.187158  0  0  0  0  0  0  0  0  0  0  0  0  0  0  0  0  0  0  0  0  0  0  0  0  0  0  0  0  0  0  0  0  0  0  0  0  0  0  0  0  0  0  0  0  0  0  0  0  0  0  0  0  0  0  0  0  0  0  0  0  0  0  0  0  0  -0.6337039999999998
h  7  2  -19.838818  -17.035843  -16.366849  -17.214045  -17.656975  -16.835404  -15.167098  -12.925938  -10.408762  -8.209333  -6.446148  -5.044444  -3.810819  -2.223705  0.096862  3.078905  6.497647  9.926693  13.061017  15.731194  17.815808  19.232857  0  0  0  0  0  0  0  0  0  0  0  0  0  0  0  0  0  0  0  0  0  0  0  0  0  0  0  0  0  0  0  0  0  0  0  0  0  0  0  0  0  0  0  0  0  0  0  0  0  0  0  0  0  0  0  0  0  0  0  0  0  0  0  0  0  0.2261919999999975
g  7  3  51.868294  56.629506  61.906978  67.790292  73.029957  77.548965  81.628575  85.005436  88.175291  91.662674  96.106708  101.749309  108.017937  113.906646  118.881084  122.69519  125.118727  126.063628  125.559801  123.800978  120.84815  116.833195  0  0  0  0  0  0  0  0  0  0  0  0  0  0  0  0  0  0  0  0  0  0  0  0  0  0  0  0  0  0  0  0  0  0  0  0  0  0  0  0  0  0  0  0  0  0  0  0  0  0  0  0  0  0  0  0  0  0  0  0  0  0  0  0  0  -0.8804069999999911
h  7  3  5.402537  2.445547  0.843664  0.337213  0.236043  0.998715  2.346546  4.253702  7.031901  10.819313  15.728719  21.691866  28.527926  36.023221  43.51711  49.910644  54.65477  57.596971  58.921164  59.021013  58.47039  58.007525  0  0  0  0  0  0  0  0  0  0  0  0  0  0  0  0  0  0  0  0  0  0  0  0  0  0  0  0  0  0  0  0  0  0  0  0  0  0  0  0  0  0  0  0  0  0  0  0  0  0  0  0  0  0  0  0  0  0  0  0  0  0  0  0  0  -0.05694599999999639
g  7  4  14.894571  15.597738  16.535289  16.140896  15.340096  14.652609  14.014511  13.164578  11.459601  8.724753  5.699432  2.690589  -0.518455  -4.292034  -8.868433  -13.838932  -18.657973  -23.088845  -27.278149  -31.390176  -35.280529  -38.834992  0  0  0  0  0  0  0  0  0  0  0  0  0  0  0  0  0  0  0  0  0  0  0  0  0  0  0  0  0  0  0  0  0  0  0  0  0  0  0  0  0  0  0  0  0  0  0  0  0  0  0  0  0  0  0  0  0  0  0  0  0  0  0  0  0  -0.683999
h  7  4  24.646655  23.278801  22.712811  22.169942  22.475586  22.213477  21.909983  21.857428  21.578047  21.53425  22.31442  24.074689  26.809116  30.218463  33.968157  37.615658  40.975429  43.964777  46.620423  48.960238  51.004108  52.751787  0  0  0  0  0  0  0  0  0  0  0  0  0  0  0  0  0  0  0  0  0  0  0  0  0  0  0  0  0  0  0  0  0  0  0  0  0  0  0  0  0  0  0  0  0  0  0  0  0  0  0  0  0  0  0  0  0  0  0  0  0  0  0  0  0  0.3224379999999982
g  7  5  9.64439  6.241024  2.787752  -0.558272  -2.423002  -4.611831  -7.378824  -9.59671  -11.825201  -13.747018  -15.573033  -18.141651  -21.563162  -25.788039  -30.498044  -34.92922  -38.621779  -41.487195  -43.837189  -45.873511  -47.486706  -48.609621  0  0  0  0  0  0  0  0  0  0  0  0  0  0  0  0  0  0  0  0  0  0  0  0  0  0  0  0  0  0  0  0  0  0  0  0  0  0  0  0  0  0  0  0  0  0  0  0  0  0  0  0  0  0  0  0  0  0  0  0  0  0  0  0  0  -0.18129199999999912
h  7  5  3.162813  -2.020974  -7.659453  -11.900946  -15.842127  -19.21092  -20.281601  -20.380433  -20.3149  -19.971095  -19.341553  -17.898458  -15.50184  -12.849735  -10.372212  -7.992519  -5.629586  -3.386361  -1.366122  0.666858  2.866613  5.132937  0  0  0  0  0  0  0  0  0  0  0  0  0  0  0  0  0  0  0  0  0  0  0  0  0  0  0  0  0  0  0  0  0  0  0  0  0  0  0  0  0  0  0  0  0  0  0  0  0  0  0  0  0  0  0  0  0  0  0  0  0  0  0  0  0  0.45205300000000026
g  7  6  -2.81733  -7.06654  -11.372087  -15.313403  -19.006997  -22.76501  -26.214896  -29.025794  -31.524243  -33.798747  -35.941037  -37.826363  -39.077183  -39.269912  -37.908349  -35.266137  -32.08437  -28.808929  -25.513906  -22.26955  -19.448347  -17.39198  0  0  0  0  0  0  0  0  0  0  0  0  0  0  0  0  0  0  0  0  0  0  0  0  0  0  0  0  0  0  0  0  0  0  0  0  0  0  0  0  0  0  0  0  0  0  0  0  0  0  0  0  0  0  0  0  0  0  0  0  0  0  0  0  0  0.33392900000000125
h  7  6  -26.916792  -27.116604  -27.425298  -28.581888  -29.627327  -30.413752  -31.437451  -32.666035  -33.679148  -34.411491  -34.685368  -34.654972  -34.6682  -34.956376  -35.491835  -35.907889  -35.919027  -35.547706  -35.158224  -35.354319  -36.334885  -38.011692  0  0  0  0  0  0  0  0  0  0  0  0  0  0  0  0  0  0  0  0  0  0  0  0  0  0  0  0  0  0  0  0  0  0  0  0  0  0  0  0  0  0  0  0  0  0  0  0  0  0  0  0  0  0  0  0  0  0  0  0  0  0  0  0  0  -0.38547499999999957
g  7  7  7.018894  9.490594  12.329988  14.615834  17.089296  19.635902  22.389722  25.907663  30.140122  34.524271  38.637004  42.544151  45.979608  48.375131  48.951397  47.201662  43.210851  37.229769  29.268027  19.259153  7.473943  -5.452336  0  0  0  0  0  0  0  0  0  0  0  0  0  0  0  0  0  0  0  0  0  0  0  0  0  0  0  0  0  0  0  0  0  0  0  0  0  0  0  0  0  0  0  0  0  0  0  0  0  0  0  0  0  0  0  0  0  0  0  0  0  0  0  0  0  -2.636174
h  7  7  -2.26387  -2.019207  -1.002286  -1.217738  -2.170134  -2.832236  -2.600847  -1.191671  0.885602  2.85484  4.05768  3.920597  2.284286  -0.512213  -3.927769  -7.457065  -10.898708  -14.434803  -18.0421  -21.368061  -23.797796  -24.827966  0  0  0  0  0  0  0  0  0  0  0  0  0  0  0  0  0  0  0  0  0  0  0  0  0  0  0  0  0  0  0  0  0  0  0  0  0  0  0  0  0  0  0  0  0  0  0  0  0  0  0  0  0  0  0  0  0  0  0  0  0  0  0  0  0  -0.08014599999999916
g  8  0  23.973956  23.691818  23.724334  23.596734  23.468015  23.319022  23.406527  23.737901  24.122532  24.897831  26.074594  27.653569  29.588272  31.795012  34.21962  36.672099  38.92797  40.880503  42.543004  43.996508  45.354968  46.718411  0  0  0  0  0  0  0  0  0  0  0  0  0  0  0  0  0  0  0  0  0  0  0  0  0  0  0  0  0  0  0  0  0  0  0  0  0  0  0  0  0  0  0  0  0  0  0  0  0  0  0  0  0  0  0  0  0  0  0  0  0  0  0  0  0  0.27731800000000106
g  8  1  9.048973  9.964449  12.262076  14.448382  17.038214  19.899951  22.385362  24.339871  25.861963  27.071276  28.147815  29.211587  30.315298  31.50447  32.758995  33.931429  34.70923  34.775031  33.963055  32.325337  30.079284  27.547103  0  0  0  0  0  0  0  0  0  0  0  0  0  0  0  0  0  0  0  0  0  0  0  0  0  0  0  0  0  0  0  0  0  0  0  0  0  0  0  0  0  0  0  0  0  0  0  0  0  0  0  0  0  0  0  0  0  0  0  0  0  0  0  0  0  -0.5146799999999985
h  8  1  9.965373  8.504175  6.423463  4.65657  3.314069  1.938057  0.366993  -1.18289  -2.163957  -2.745771  -3.384275  -4.155766  -4.539231  -4.205699  -3.393018  -2.733952  -2.714251  -3.590513  -5.419621  -7.857878  -10.35705  -12.557229  0  0  0  0  0  0  0  0  0  0  0  0  0  0  0  0  0  0  0  0  0  0  0  0  0  0  0  0  0  0  0  0  0  0  0  0  0  0  0  0  0  0  0  0  0  0  0  0  0  0  0  0  0  0  0  0  0  0  0  0  0  0  0  0  0  -0.4068039999999993
g  8  2  -16.573111  -17.575662  -18.538738  -18.871088  -18.397026  -17.576877  -16.677591  -15.752832  -14.675004  -13.650728  -12.724485  -12.133402  -12.18527  -12.945534  -14.017079  -15.184958  -16.164493  -16.83609  -17.248736  -17.488992  -17.723175  -18.067037  0  0  0  0  0  0  0  0  0  0  0  0  0  0  0  0  0  0  0  0  0  0  0  0  0  0  0  0  0  0  0  0  0  0  0  0  0  0  0  0  0  0  0  0  0  0  0  0  0  0  0  0  0  0  0  0  0  0  0  0  0  0  0  0  0  -0.08680499999999824
h  8  2  -18.176648  -15.373179  -13.407343  -12.745161  -12.590541  -12.053459  -11.169308  -10.155605  -8.812248  -7.176468  -5.217173  -2.810035  0.041072  3.361259  7.122983  11.097851  14.8811  18.029743  20.369936  21.954562  23.014714  23.817378  0  0  0  0  0  0  0  0  0  0  0  0  0  0  0  0  0  0  0  0  0  0  0  0  0  0  0  0  0  0  0  0  0  0  0  0  0  0  0  0  0  0  0  0  0  0  0  0  0  0  0  0  0  0  0  0  0  0  0  0  0  0  0  0  0  0.15518700000000152
g  8  3  -3.185452  -0.281347  1.823344  3.795078  5.716099  7.135826  8.092892  9.253498  10.902843  13.399995  16.813847  20.857872  25.002387  28.589626  31.150416  32.78207  33.82126  34.474777  34.633986  34.11694  32.944056  31.24188  0  0  0  0  0  0  0  0  0  0  0  0  0  0  0  0  0  0  0  0  0  0  0  0  0  0  0  0  0  0  0  0  0  0  0  0  0  0  0  0  0  0  0  0  0  0  0  0  0  0  0  0  0  0  0  0  0  0  0  0  0  0  0  0  0  -0.3720130000000026
h  8  3  13.364274  12.932021  13.384721  14.687743  16.847498  19.199803  21.293266  22.862175  24.083377  25.217746  26.122716  26.653277  26.983109  27.324614  27.763204  28.118237  28.289949  28.16639  27.598113  26.545559  25.113772  23.411971  0  0  0  0  0  0  0  0  0  0  0  0  0  0  0  0  0  0  0  0  0  0  0  0  0  0  0  0  0  0  0  0  0  0  0  0  0  0  0  0  0  0  0  0  0  0  0  0  0  0  0  0  0  0  0  0  0  0  0  0  0  0  0  0  0  -0.36175799999999825
g  8  4  -20.887551  -21.358716  -22.842531  -23.723253  -24.171611  -24.925653  -25.771218  -26.620085  -27.514899  -28.225475  -28.972853  -29.773609  -30.588305  -31.481909  -32.486753  -33.428538  -34.284362  -35.020626  -35.576466  -36.026544  -36.427275  -36.741964  0  0  0  0  0  0  0  0  0  0  0  0  0  0  0  0  0  0  0  0  0  0  0  0  0  0  0  0  0  0  0  0  0  0  0  0  0  0  0  0  0  0  0  0  0  0  0  0  0  0  0  0  0  0  0  0  0  0  0  0  0  0  0  0  0  -0.05128700000000208
h  8  4  -14.603205  -11.788162  -10.094709  -8.631787  -6.826099  -5.025409  -3.346491  -1.567497  0.81567  3.868388  7.44145  11.252214  14.718642  17.223329  18.542798  18.910695  18.696201  18.191491  17.522832  16.809292  16.086332  15.467625  0  0  0  0  0  0  0  0  0  0  0  0  0  0  0  0  0  0  0  0  0  0  0  0  0  0  0  0  0  0  0  0  0  0  0  0  0  0  0  0  0  0  0  0  0  0  0  0  0  0  0  0  0  0  0  0  0  0  0  0  0  0  0  0  0  -0.11330700000000071
g  8  5  13.346761  15.232041  16.676359  17.989251  18.964658  19.288734  19.386074  19.275396  18.80804  18.01025  16.787305  14.828195  12.325939  9.731012  7.303902  5.352974  3.984956  3.014706  2.180818  1.31906  0.264623  -1.071798  0  0  0  0  0  0  0  0  0  0  0  0  0  0  0  0  0  0  0  0  0  0  0  0  0  0  0  0  0  0  0  0  0  0  0  0  0  0  0  0  0  0  0  0  0  0  0  0  0  0  0  0  0  0  0  0  0  0  0  0  0  0  0  0  0  -0.287462
h  8  5  16.328024  14.626485  11.966021  9.143617  5.978375  2.970614  0.07037  -3.099918  -6.371683  -9.305568  -11.705458  -13.592531  -14.976028  -16.023286  -16.790535  -17.081776  -16.951083  -16.610898  -16.268438  -16.038143  -15.902881  -15.898491  0  0  0  0  0  0  0  0  0  0  0  0  0  0  0  0  0  0  0  0  0  0  0  0  0  0  0  0  0  0  0  0  0  0  0  0  0  0  0  0  0  0  0  0  0  0  0  0  0  0  0  0  0  0  0  0  0  0  0  0  0  0  0  0  0  -0.012860999999999123
g  8  6  11.701088  13.421538  13.416659  12.786038  11.958757  11.22955  10.663954  10.334487  10.434967  11.124534  12.102261  12.972343  13.600912  14.107763  14.609267  15.008729  15.237927  15.440233  15.884986  16.6227  17.574273  18.633845  0  0  0  0  0  0  0  0  0  0  0  0  0  0  0  0  0  0  0  0  0  0  0  0  0  0  0  0  0  0  0  0  0  0  0  0  0  0  0  0  0  0  0  0  0  0  0  0  0  0  0  0  0  0  0  0  0  0  0  0  0  0  0  0  0  0.21604600000000218
h  8  6  6.028298  3.939648  3.394763  3.632606  4.692391  6.478277  8.99729  11.877022  14.751742  16.994469  18.315742  18.679733  18.144853  16.982219  15.782989  15.115149  15.093677  15.52599  15.956739  16.025907  15.711468  15.114146  0  0  0  0  0  0  0  0  0  0  0  0  0  0  0  0  0  0  0  0  0  0  0  0  0  0  0  0  0  0  0  0  0  0  0  0  0  0  0  0  0  0  0  0  0  0  0  0  0  0  0  0  0  0  0  0  0  0  0  0  0  0  0  0  0  -0.13644999999999996
g  8  7  -15.770578  -16.806201  -17.575808  -18.049208  -18.133779  -18.166962  -18.22565  -18.553617  -19.04756  -19.573001  -19.859948  -19.458438  -18.044277  -15.573833  -12.293219  -8.524925  -4.465779  -0.196286  4.233891  8.670076  12.633534  15.729401  0  0  0  0  0  0  0  0  0  0  0  0  0  0  0  0  0  0  0  0  0  0  0  0  0  0  0  0  0  0  0  0  0  0  0  0  0  0  0  0  0  0  0  0  0  0  0  0  0  0  0  0  0  0  0  0  0  0  0  0  0  0  0  0  0  0.5352239999999995
h  8  7  -9.157762  -6.632102  -5.172572  -4.687068  -4.525154  -4.529254  -4.327337  -3.608243  -2.357104  -0.49138  2.198077  5.793577  10.142616  14.968441  19.873241  24.260794  27.589112  29.587132  30.202794  29.397171  27.175103  23.720487  0  0  0  0  0  0  0  0  0  0  0  0  0  0  0  0  0  0  0  0  0  0  0  0  0  0  0  0  0  0  0  0  0  0  0  0  0  0  0  0  0  0  0  0  0  0  0  0  0  0  0  0  0  0  0  0  0  0  0  0  0  0  0  0  0  -0.780387000000001
g  8  8  -2.216701  -0.232658  1.912241  4.120675  6.49922  8.51832  9.61033  9.901982  9.722017  9.34509  8.960707  8.5587  7.944034  6.915137  5.280222  2.922742  -0.148351  -3.852423  -8.145015  -13.061684  -18.448692  -23.955644  0  0  0  0  0  0  0  0  0  0  0  0  0  0  0  0  0  0  0  0  0  0  0  0  0  0  0  0  0  0  0  0  0  0  0  0  0  0  0  0  0  0  0  0  0  0  0  0  0  0  0  0  0  0  0  0  0  0  0  0  0  0  0  0  0  -1.0857910000000004
h  8  8  2.182375  2.860767  2.647473  1.833227  0.776146  -0.436702  -1.672044  -2.948564  -4.37961  -6.302657  -8.917902  -12.179455  -15.9855  -20.385338  -25.485623  -31.070539  -36.585925  -41.498014  -45.460567  -48.257983  -49.662249  -49.432815  0  0  0  0  0  0  0  0  0  0  0  0  0  0  0  0  0  0  0  0  0  0  0  0  0  0  0  0  0  0  0  0  0  0  0  0  0  0  0  0  0  0  0  0  0  0  0  0  0  0  0  0  0  0  0  0  0  0  0  0  0  0  0  0  0  0.18250499999999903
g  9  0  5.42096  5.263027  5.205341  5.4329  5.483937  5.310459  5.180696  4.979391  4.797963  4.732946  4.944444  5.398254  5.812574  6.02891  6.156697  6.4032  6.954099  7.883207  9.210084  10.74729  12.161952  13.235184  0  0  0  0  0  0  0  0  0  0  0  0  0  0  0  0  0  0  0  0  0  0  0  0  0  0  0  0  0  0  0  0  0  0  0  0  0  0  0  0  0  0  0  0  0  0  0  0  0  0  0  0  0  0  0  0  0  0  0  0  0  0  0  0  0  0.18100000000000094
g  9  1  8.947387  8.560313  8.789662  8.911768  8.907562  9.128041  9.476995  9.997531  10.585024  11.154351  11.779411  12.496141  13.239512  13.765405  13.918335  13.638569  13.016512  12.263666  11.461692  10.614767  9.696392  8.626128  0  0  0  0  0  0  0  0  0  0  0  0  0  0  0  0  0  0  0  0  0  0  0  0  0  0  0  0  0  0  0  0  0  0  0  0  0  0  0  0  0  0  0  0  0  0  0  0  0  0  0  0  0  0  0  0  0  0  0  0  0  0  0  0  0  -0.2297930000000008
h  9  1  -21.338018  -23.353019  -24.444805  -24.689358  -24.092125  -23.073627  -21.929112  -20.541892  -19.051006  -17.474808  -15.844716  -14.107407  -12.030335  -9.522072  -6.664314  -3.716768  -0.85402  1.703913  3.683388  5.026131  5.924658  6.568614  0  0  0  0  0  0  0  0  0  0  0  0  0  0  0  0  0  0  0  0  0  0  0  0  0  0  0  0  0  0  0  0  0  0  0  0  0  0  0  0  0  0  0  0  0  0  0  0  0  0  0  0  0  0  0  0  0  0  0  0  0  0  0  0  0  0.11421800000000015
g  9  2  2.783512  3.156494  3.40513  3.312148  3.48709  3.561282  3.569673  3.449317  3.147634  2.728473  2.334138  1.95893  1.436695  0.756621  0.097927  -0.411635  -0.760132  -0.992179  -1.195191  -1.550837  -2.171217  -2.96697  0  0  0  0  0  0  0  0  0  0  0  0  0  0  0  0  0  0  0  0  0  0  0  0  0  0  0  0  0  0  0  0  0  0  0  0  0  0  0  0  0  0  0  0  0  0  0  0  0  0  0  0  0  0  0  0  0  0  0  0  0  0  0  0  0  -0.16535999999999973
h  9  2  10.442498  10.756028  10.619119  9.796093  9.046646  8.295886  7.679405  7.312712  7.135873  7.135385  7.258919  7.41866  7.549792  7.485926  7.196064  6.781947  6.34515  5.97123  5.763778  5.677581  5.641848  5.649798  0  0  0  0  0  0  0  0  0  0  0  0  0  0  0  0  0  0  0  0  0  0  0  0  0  0  0  0  0  0  0  0  0  0  0  0  0  0  0  0  0  0  0  0  0  0  0  0  0  0  0  0  0  0  0  0  0  0  0  0  0  0  0  0  0  0.005793999999999855
g  9  3  -3.117773  -1.347736  0.347423  1.630535  3.096453  4.364829  5.578679  6.729826  7.666673  8.489683  9.12225  9.41182  9.255102  8.533334  7.258159  5.726783  4.173565  2.746375  1.508833  0.515197  -0.132948  -0.393168  0  0  0  0  0  0  0  0  0  0  0  0  0  0  0  0  0  0  0  0  0  0  0  0  0  0  0  0  0  0  0  0  0  0  0  0  0  0  0  0  0  0  0  0  0  0  0  0  0  0  0  0  0  0  0  0  0  0  0  0  0  0  0  0  0  -0.022919000000000023
h  9  3  11.915179  9.908366  8.680087  8.606944  8.598454  8.377158  7.923734  7.121017  6.232437  5.456669  4.881682  4.619927  4.611508  4.78327  5.191566  5.702424  6.134105  6.332514  6.193734  5.688465  4.863354  3.77356  0  0  0  0  0  0  0  0  0  0  0  0  0  0  0  0  0  0  0  0  0  0  0  0  0  0  0  0  0  0  0  0  0  0  0  0  0  0  0  0  0  0  0  0  0  0  0  0  0  0  0  0  0  0  0  0  0  0  0  0  0  0  0  0  0  -0.23715000000000064
g  9  4  0.538687  -1.093441  -1.926891  -2.524984  -2.863992  -3.016583  -3.230254  -3.431951  -3.690772  -4.187053  -4.864748  -5.500172  -6.140215  -6.798659  -7.354989  -7.579059  -7.183522  -6.018749  -4.241033  -2.224535  -0.327996  1.18623  0  0  0  0  0  0  0  0  0  0  0  0  0  0  0  0  0  0  0  0  0  0  0  0  0  0  0  0  0  0  0  0  0  0  0  0  0  0  0  0  0  0  0  0  0  0  0  0  0  0  0  0  0  0  0  0  0  0  0  0  0  0  0  0  0  0.2671189999999999
h  9  4  -6.815858  -5.234241  -4.455227  -3.753769  -3.035758  -2.493502  -2.161275  -1.570779  -0.769388  0.145426  1.301689  2.67016  4.06229  5.352582  6.567822  7.900291  9.444597  11.134251  12.73326  13.910741  14.418922  14.218821  0  0  0  0  0  0  0  0  0  0  0  0  0  0  0  0  0  0  0  0  0  0  0  0  0  0  0  0  0  0  0  0  0  0  0  0  0  0  0  0  0  0  0  0  0  0  0  0  0  0  0  0  0  0  0  0  0  0  0  0  0  0  0  0  0  -0.09469200000000022
g  9  5  -13.643408  -13.429981  -14.483503  -15.580883  -15.921875  -15.979371  -16.132301  -16.051922  -15.789024  -15.571684  -15.312501  -15.076466  -14.799602  -14.213428  -13.381246  -12.524275  -11.791058  -11.232507  -10.785535  -10.308796  -9.804813  -9.358015  0  0  0  0  0  0  0  0  0  0  0  0  0  0  0  0  0  0  0  0  0  0  0  0  0  0  0  0  0  0  0  0  0  0  0  0  0  0  0  0  0  0  0  0  0  0  0  0  0  0  0  0  0  0  0  0  0  0  0  0  0  0  0  0  0  0.0830889999999993
h  9  5  -6.996292  -6.266656  -6.787594  -6.90126  -6.726066  -6.891411  -6.973209  -7.04562  -7.347257  -7.573605  -7.794006  -8.230336  -8.8457  -9.677493  -10.766823  -11.944361  -13.081154  -14.15702  -15.156238  -16.082942  -16.920542  -17.55681  0  0  0  0  0  0  0  0  0  0  0  0  0  0  0  0  0  0  0  0  0  0  0  0  0  0  0  0  0  0  0  0  0  0  0  0  0  0  0  0  0  0  0  0  0  0  0  0  0  0  0  0  0  0  0  0  0  0  0  0  0  0  0  0  0  -0.10557099999999764
g  9  6  -0.233912  1.179662  2.292729  3.142128  3.849291  4.340963  4.756994  5.096767  5.416385  5.856005  6.369639  6.757131  7.059788  7.258413  7.203239  6.739361  5.889442  4.827324  3.878808  3.234271  2.8615  2.674259  0  0  0  0  0  0  0  0  0  0  0  0  0  0  0  0  0  0  0  0  0  0  0  0  0  0  0  0  0  0  0  0  0  0  0  0  0  0  0  0  0  0  0  0  0  0  0  0  0  0  0  0  0  0  0  0  0  0  0  0  0  0  0  0  0  -0.026141999999999666
h  9  6  7.716452  8.003696  9.061788  9.760341  10.182907  10.682236  11.307789  11.800271  12.141354  12.427222  12.374105  11.820138  10.863556  9.627025  8.37181  7.383875  6.74349  6.462161  6.475095  6.538705  6.45521  6.135645  0  0  0  0  0  0  0  0  0  0  0  0  0  0  0  0  0  0  0  0  0  0  0  0  0  0  0  0  0  0  0  0  0  0  0  0  0  0  0  0  0  0  0  0  0  0  0  0  0  0  0  0  0  0  0  0  0  0  0  0  0  0  0  0  0  -0.08259799999999995
g  9  7  8.513733  8.643839  7.946538  6.50197  4.734281  2.959933  0.906744  -1.158601  -2.981854  -4.574112  -5.930517  -6.948528  -7.683898  -8.325382  -9.085916  -10.061776  -11.12532  -12.074138  -12.742124  -13.0341  -12.94605  -12.629723  0  0  0  0  0  0  0  0  0  0  0  0  0  0  0  0  0  0  0  0  0  0  0  0  0  0  0  0  0  0  0  0  0  0  0  0  0  0  0  0  0  0  0  0  0  0  0  0  0  0  0  0  0  0  0  0  0  0  0  0  0  0  0  0  0  0.07275399999999976
h  9  7  0.941266  0.412125  -0.434312  -0.998724  -1.086357  -0.90516  -0.732827  -0.387406  -0.040219  0.216097  0.505277  0.90836  1.426291  2.174562  3.15768  4.249591  5.315426  6.318471  7.322406  8.382057  9.382097  10.16052  0  0  0  0  0  0  0  0  0  0  0  0  0  0  0  0  0  0  0  0  0  0  0  0  0  0  0  0  0  0  0  0  0  0  0  0  0  0  0  0  0  0  0  0  0  0  0  0  0  0  0  0  0  0  0  0  0  0  0  0  0  0  0  0  0  0.1331559999999996
g  9  8  -9.160917  -9.200831  -8.889848  -7.758133  -6.300149  -4.709005  -3.008082  -1.402049  0.009383  1.147503  1.928495  2.300473  2.293889  2.042617  1.725638  1.550456  1.67058  2.122295  2.85752  3.806997  4.909078  6.109317  0  0  0  0  0  0  0  0  0  0  0  0  0  0  0  0  0  0  0  0  0  0  0  0  0  0  0  0  0  0  0  0  0  0  0  0  0  0  0  0  0  0  0  0  0  0  0  0  0  0  0  0  0  0  0  0  0  0  0  0  0  0  0  0  0  0.24501499999999954
h  9  8  -4.045562  -1.455895  0.194231  1.611294  2.732609  3.4544  3.717064  3.65408  3.290786  2.791102  2.312355  1.952266  1.798072  1.758536  1.648199  1.357462  0.967347  0.575143  0.220581  -0.138856  -0.605712  -1.266779  0  0  0  0  0  0  0  0  0  0  0  0  0  0  0  0  0  0  0  0  0  0  0  0  0  0  0  0  0  0  0  0  0  0  0  0  0  0  0  0  0  0  0  0  0  0  0  0  0  0  0  0  0  0  0  0  0  0  0  0  0  0  0  0  0  -0.15025100000000013
g  9  9  -10.354402  -11.425692  -10.659232  -9.808925  -8.934911  -8.164159  -7.562369  -6.971653  -6.17786  -5.042621  -3.517948  -1.678436  0.275215  2.159294  3.8443  5.213324  6.122412  6.411576  6.058126  5.201359  4.07045  2.920501  0  0  0  0  0  0  0  0  0  0  0  0  0  0  0  0  0  0  0  0  0  0  0  0  0  0  0  0  0  0  0  0  0  0  0  0  0  0  0  0  0  0  0  0  0  0  0  0  0  0  0  0  0  0  0  0  0  0  0  0  0  0  0  0  0  -0.21825100000000042
h  9  9  8.346293  9.307287  9.611733  9.488871  9.360942  9.186173  8.99795  8.582823  7.865018  6.739711  5.186588  3.205993  0.858047  -1.704403  -4.241012  -6.497339  -8.310847  -9.577031  -10.177658  -10.068304  -9.270696  -7.830795  0  0  0  0  0  0  0  0  0  0  0  0  0  0  0  0  0  0  0  0  0  0  0  0  0  0  0  0  0  0  0  0  0  0  0  0  0  0  0  0  0  0  0  0  0  0  0  0  0  0  0  0  0  0  0  0  0  0  0  0  0  0  0  0  0  0.33483399999999897
g  10  0  -1.947441  -1.84513  -1.706946  -1.336826  -1.063589  -0.702496  -0.288129  0.002278  0.185299  0.339591  0.516344  0.635404  0.571952  0.301074  -0.020024  -0.204146  -0.192633  0.020709  0.414312  0.907109  1.385396  1.790024  0  0  0  0  0  0  0  0  0  0  0  0  0  0  0  0  0  0  0  0  0  0  0  0  0  0  0  0  0  0  0  0  0  0  0  0  0  0  0  0  0  0  0  0  0  0  0  0  0  0  0  0  0  0  0  0  0  0  0  0  0  0  0  0  0  0.07327799999999995
g  10  1  -6.337175  -6.109339  -5.26911  -4.160959  -2.78975  -1.285846  0.144331  1.452968  2.553644  3.371383  3.854579  3.924496  3.605212  2.941648  2.047032  1.086769  0.208591  -0.525114  -1.130682  -1.61177  -1.958324  -2.155712  0  0  0  0  0  0  0  0  0  0  0  0  0  0  0  0  0  0  0  0  0  0  0  0  0  0  0  0  0  0  0  0  0  0  0  0  0  0  0  0  0  0  0  0  0  0  0  0  0  0  0  0  0  0  0  0  0  0  0  0  0  0  0  0  0  -0.028483000000000036
h  10  1  3.425747  3.5104  4.091553  4.959038  5.842469  6.69144  7.463003  8.116957  8.729385  9.354235  9.978474  10.601668  11.204775  11.787036  12.42346  13.123295  13.851383  14.536061  15.069081  15.34822  15.358779  15.137801  0  0  0  0  0  0  0  0  0  0  0  0  0  0  0  0  0  0  0  0  0  0  0  0  0  0  0  0  0  0  0  0  0  0  0  0  0  0  0  0  0  0  0  0  0  0  0  0  0  0  0  0  0  0  0  0  0  0  0  0  0  0  0  0  0  -0.060715000000000074
g  10  2  0.40275  -0.19016  -0.831406  -1.425408  -1.872013  -2.303432  -2.586617  -2.679202  -2.579454  -2.325256  -1.82542  -1.154215  -0.537216  -0.108486  0.148414  0.334025  0.554289  0.922465  1.43987  2.014234  2.518769  2.900455  0  0  0  0  0  0  0  0  0  0  0  0  0  0  0  0  0  0  0  0  0  0  0  0  0  0  0  0  0  0  0  0  0  0  0  0  0  0  0  0  0  0  0  0  0  0  0  0  0  0  0  0  0  0  0  0  0  0  0  0  0  0  0  0  0  0.06732300000000002
h  10  2  -0.425039  -0.230996  0.083858  0.079572  -0.058899  -0.106514  -0.026361  0.14384  0.352131  0.669419  1.111529  1.563923  1.884812  1.94308  1.789623  1.549284  1.249281  0.865593  0.376743  -0.235519  -0.932701  -1.603575  0  0  0  0  0  0  0  0  0  0  0  0  0  0  0  0  0  0  0  0  0  0  0  0  0  0  0  0  0  0  0  0  0  0  0  0  0  0  0  0  0  0  0  0  0  0  0  0  0  0  0  0  0  0  0  0  0  0  0  0  0  0  0  0  0  -0.12633800000000006
g  10  3  0.382863  1.637161  1.874621  1.840849  1.876889  1.94087  1.989777  1.917965  1.737589  1.480314  1.152325  0.764892  0.38611  0.064034  -0.282028  -0.703314  -1.227969  -1.810408  -2.423393  -2.94967  -3.255712  -3.359853  0  0  0  0  0  0  0  0  0  0  0  0  0  0  0  0  0  0  0  0  0  0  0  0  0  0  0  0  0  0  0  0  0  0  0  0  0  0  0  0  0  0  0  0  0  0  0  0  0  0  0  0  0  0  0  0  0  0  0  0  0  0  0  0  0  -0.008726000000000234
h  10  3  4.850649  3.716532  4.024981  4.434088  5.047107  5.767859  6.638704  7.368822  7.877815  8.229144  8.419196  8.414438  8.153098  7.641886  7.069305  6.625929  6.482983  6.724761  7.27625  7.924114  8.436537  8.710547  0  0  0  0  0  0  0  0  0  0  0  0  0  0  0  0  0  0  0  0  0  0  0  0  0  0  0  0  0  0  0  0  0  0  0  0  0  0  0  0  0  0  0  0  0  0  0  0  0  0  0  0  0  0  0  0  0  0  0  0  0  0  0  0  0  0.03393200000000007
g  10  4  -0.586874  -0.81447  -0.765086  -0.920965  -1.318432  -1.863787  -2.364808  -2.768228  -3.134496  -3.593738  -4.045881  -4.469181  -4.782671  -4.913133  -4.942737  -4.918478  -4.882718  -4.869514  -4.809732  -4.608218  -4.269752  -3.850156  0  0  0  0  0  0  0  0  0  0  0  0  0  0  0  0  0  0  0  0  0  0  0  0  0  0  0  0  0  0  0  0  0  0  0  0  0  0  0  0  0  0  0  0  0  0  0  0  0  0  0  0  0  0  0  0  0  0  0  0  0  0  0  0  0  0.08804299999999987
h  10  4  4.369108  4.969758  5.14755  4.985293  5.162264  5.42188  5.617184  5.865231  6.210431  6.743888  7.432847  8.168207  8.81821  9.239326  9.383832  9.34852  9.132655  8.746546  8.266458  7.741901  7.174337  6.595412  0  0  0  0  0  0  0  0  0  0  0  0  0  0  0  0  0  0  0  0  0  0  0  0  0  0  0  0  0  0  0  0  0  0  0  0  0  0  0  0  0  0  0  0  0  0  0  0  0  0  0  0  0  0  0  0  0  0  0  0  0  0  0  0  0  -0.1134340000000007
g  10  5  1.884934  0.686157  -0.44205  -1.592704  -2.44828  -3.069786  -3.64037  -3.963972  -4.109231  -4.133808  -4.072627  -3.956312  -3.754745  -3.382089  -2.891719  -2.420567  -1.994082  -1.648222  -1.408918  -1.199948  -0.963027  -0.710219  0  0  0  0  0  0  0  0  0  0  0  0  0  0  0  0  0  0  0  0  0  0  0  0  0  0  0  0  0  0  0  0  0  0  0  0  0  0  0  0  0  0  0  0  0  0  0  0  0  0  0  0  0  0  0  0  0  0  0  0  0  0  0  0  0  0.05177599999999993
h  10  5  -7.940225  -8.685216  -9.633731  -10.276817  -10.565201  -10.592354  -10.606761  -10.69032  -10.859946  -11.100788  -11.402136  -11.754165  -12.100156  -12.357786  -12.433893  -12.209453  -11.689797  -10.931192  -9.994979  -8.99397  -8.051985  -7.283562  0  0  0  0  0  0  0  0  0  0  0  0  0  0  0  0  0  0  0  0  0  0  0  0  0  0  0  0  0  0  0  0  0  0  0  0  0  0  0  0  0  0  0  0  0  0  0  0  0  0  0  0  0  0  0  0  0  0  0  0  0  0  0  0  0  0.1365759999999998
g  10  6  -0.692085  -0.663042  -0.358375  -0.166166  -0.210669  -0.341302  -0.458029  -0.585174  -0.685046  -0.63718  -0.393492  0.056227  0.655707  1.281503  1.767333  1.984887  1.938366  1.724398  1.476212  1.269433  1.080172  0.884108  0  0  0  0  0  0  0  0  0  0  0  0  0  0  0  0  0  0  0  0  0  0  0  0  0  0  0  0  0  0  0  0  0  0  0  0  0  0  0  0  0  0  0  0  0  0  0  0  0  0  0  0  0  0  0  0  0  0  0  0  0  0  0  0  0  -0.04022099999999995
h  10  6  -0.380871  0.148839  0.831653  1.374808  1.900951  2.438295  2.895964  3.388939  3.912313  4.392902  4.726465  4.850093  4.792851  4.575762  4.179082  3.622803  2.950814  2.224253  1.492815  0.777339  0.100779  -0.49768  0  0  0  0  0  0  0  0  0  0  0  0  0  0  0  0  0  0  0  0  0  0  0  0  0  0  0  0  0  0  0  0  0  0  0  0  0  0  0  0  0  0  0  0  0  0  0  0  0  0  0  0  0  0  0  0  0  0  0  0  0  0  0  0  0  -0.11150700000000002
g  10  7  2.176489  1.880206  1.989289  2.077296  2.105951  2.027066  1.762804  1.311044  0.728741  0.059872  -0.557118  -0.936857  -1.094485  -1.177759  -1.348328  -1.686856  -2.202985  -2.833957  -3.451139  -3.894086  -4.070748  -3.986426  0  0  0  0  0  0  0  0  0  0  0  0  0  0  0  0  0  0  0  0  0  0  0  0  0  0  0  0  0  0  0  0  0  0  0  0  0  0  0  0  0  0  0  0  0  0  0  0  0  0  0  0  0  0  0  0  0  0  0  0  0  0  0  0  0  0.034423000000000314
h  10  7  -4.24885  -4.257666  -4.459336  -4.636958  -4.884115  -5.163812  -5.455933  -5.694957  -5.812998  -5.878864  -5.846761  -5.633572  -5.290129  -4.927378  -4.674681  -4.667344  -4.871541  -5.104866  -5.156387  -4.978812  -4.659604  -4.325396  0  0  0  0  0  0  0  0  0  0  0  0  0  0  0  0  0  0  0  0  0  0  0  0  0  0  0  0  0  0  0  0  0  0  0  0  0  0  0  0  0  0  0  0  0  0  0  0  0  0  0  0  0  0  0  0  0  0  0  0  0  0  0  0  0  0.06288500000000052
g  10  8  2.337098  1.492584  0.818069  0.152331  -0.394052  -0.826406  -1.195862  -1.506982  -1.718278  -1.868708  -2.064766  -2.384845  -2.827206  -3.34055  -3.806998  -4.093562  -4.129649  -3.977583  -3.770677  -3.583315  -3.373443  -3.130235  0  0  0  0  0  0  0  0  0  0  0  0  0  0  0  0  0  0  0  0  0  0  0  0  0  0  0  0  0  0  0  0  0  0  0  0  0  0  0  0  0  0  0  0  0  0  0  0  0  0  0  0  0  0  0  0  0  0  0  0  0  0  0  0  0  0.05023700000000009
h  10  8  -2.79719  -3.409928  -3.794276  -4.135075  -4.380486  -4.60922  -4.772679  -4.807895  -4.783336  -4.730475  -4.668498  -4.548011  -4.367371  -4.172286  -4.046369  -4.016491  -4.060386  -4.185577  -4.384291  -4.600855  -4.819246  -5.064048  0  0  0  0  0  0  0  0  0  0  0  0  0  0  0  0  0  0  0  0  0  0  0  0  0  0  0  0  0  0  0  0  0  0  0  0  0  0  0  0  0  0  0  0  0  0  0  0  0  0  0  0  0  0  0  0  0  0  0  0  0  0  0  0  0  -0.051758999999999666
g  10  9  -1.880894  -2.429075  -2.986569  -3.29535  -3.459832  -3.549265  -3.416946  -3.149513  -2.783025  -2.375615  -1.954674  -1.55841  -1.160585  -0.664426  -0.009302  0.731917  1.371384  1.754701  1.79043  1.439552  0.706801  -0.321546  0  0  0  0  0  0  0  0  0  0  0  0  0  0  0  0  0  0  0  0  0  0  0  0  0  0  0  0  0  0  0  0  0  0  0  0  0  0  0  0  0  0  0  0  0  0  0  0  0  0  0  0  0  0  0  0  0  0  0  0  0  0  0  0  0  -0.225711
h  10  9  -1.322473  -0.14565  0.620962  1.419068  2.311541  3.222165  4.025764  4.684758  5.19171  5.536209  5.649284  5.525446  5.203831  4.743772  4.19447  3.580568  2.903834  2.138495  1.271267  0.334214  -0.533338  -1.218487  0  0  0  0  0  0  0  0  0  0  0  0  0  0  0  0  0  0  0  0  0  0  0  0  0  0  0  0  0  0  0  0  0  0  0  0  0  0  0  0  0  0  0  0  0  0  0  0  0  0  0  0  0  0  0  0  0  0  0  0  0  0  0  0  0  -0.1193160000000002
g  10  10  -3.654803  -3.811168  -3.300254  -2.756918  -2.357815  -1.915862  -1.427741  -0.951996  -0.531068  -0.168739  0.187122  0.539584  0.826984  0.930286  0.731076  0.204212  -0.569278  -1.525535  -2.628387  -3.799262  -4.841436  -5.514618  0  0  0  0  0  0  0  0  0  0  0  0  0  0  0  0  0  0  0  0  0  0  0  0  0  0  0  0  0  0  0  0  0  0  0  0  0  0  0  0  0  0  0  0  0  0  0  0  0  0  0  0  0  0  0  0  0  0  0  0  0  0  0  0  0  -0.09429599999999994
h  10  10  -8.656211  -8.943657  -9.224396  -9.678669  -10.043483  -10.286771  -10.564589  -10.885527  -11.158704  -11.298899  -11.252077  -11.012533  -10.613082  -10.091668  -9.427054  -8.58721  -7.601587  -6.544647  -5.401751  -4.057056  -2.404698  -0.399926  0  0  0  0  0  0  0  0  0  0  0  0  0  0  0  0  0  0  0  0  0  0  0  0  0  0  0  0  0  0  0  0  0  0  0  0  0  0  0  0  0  0  0  0  0  0  0  0  0  0  0  0  0  0  0  0  0  0  0  0  0  0  0  0  0  0.42703899999999995
g  11  0  3.133719  3.095227  3.228517  3.38879  3.446122  3.370821  3.1561  2.846183  2.503248  2.152054  1.820604  1.505098  1.150712  0.715983  0.178329  -0.446253  -1.116069  -1.764618  -2.323218  -2.727824  -2.973836  -3.097834  0  0  0  0  0  0  0  0  0  0  0  0  0  0  0  0  0  0  0  0  0  0  0  0  0  0  0  0  0  0  0  0  0  0  0  0  0  0  0  0  0  0  0  0  0  0  0  0  0  0  0  0  0  0  0  0  0  0  0  0  0  0  0  0  0  -0.016601000000000088
g  11  1  -1.37706  -1.358452  -1.472656  -1.540161  -1.604592  -1.605177  -1.587006  -1.620362  -1.712159  -1.870165  -2.089641  -2.343435  -2.521588  -2.550076  -2.44854  -2.262081  -2.055241  -1.871392  -1.730878  -1.611836  -1.471946  -1.316574  0  0  0  0  0  0  0  0  0  0  0  0  0  0  0  0  0  0  0  0  0  0  0  0  0  0  0  0  0  0  0  0  0  0  0  0  0  0  0  0  0  0  0  0  0  0  0  0  0  0  0  0  0  0  0  0  0  0  0  0  0  0  0  0  0  0.030530000000000168
h  11  1  0.231824  0.058052  0.011103  0.310519  0.691079  1.157066  1.651065  2.082886  2.455042  2.764775  3.087787  3.419632  3.645348  3.695893  3.633948  3.534277  3.461867  3.468218  3.513361  3.503144  3.383946  3.15362  0  0  0  0  0  0  0  0  0  0  0  0  0  0  0  0  0  0  0  0  0  0  0  0  0  0  0  0  0  0  0  0  0  0  0  0  0  0  0  0  0  0  0  0  0  0  0  0  0  0  0  0  0  0  0  0  0  0  0  0  0  0  0  0  0  -0.05433599999999972
g  11  2  -2.117001  -2.473625  -2.315822  -2.114406  -1.883761  -1.697773  -1.547998  -1.452487  -1.42572  -1.488037  -1.627486  -1.856736  -2.187955  -2.576974  -2.942557  -3.197008  -3.303044  -3.275421  -3.135486  -2.897014  -2.594639  -2.260078  0  0  0  0  0  0  0  0  0  0  0  0  0  0  0  0  0  0  0  0  0  0  0  0  0  0  0  0  0  0  0  0  0  0  0  0  0  0  0  0  0  0  0  0  0  0  0  0  0  0  0  0  0  0  0  0  0  0  0  0  0  0  0  0  0  0.06815799999999994
h  11  2  2.004982  2.404983  2.712002  2.781822  2.708934  2.637294  2.513391  2.338313  2.105676  1.901603  1.740448  1.601199  1.459621  1.300943  1.104341  0.857454  0.553522  0.218553  -0.10706  -0.377552  -0.567089  -0.668588  0  0  0  0  0  0  0  0  0  0  0  0  0  0  0  0  0  0  0  0  0  0  0  0  0  0  0  0  0  0  0  0  0  0  0  0  0  0  0  0  0  0  0  0  0  0  0  0  0  0  0  0  0  0  0  0  0  0  0  0  0  0  0  0  0  -0.013463000000000003
g  11  3  2.046027  2.28103  2.163847  2.035784  2.118274  2.364247  2.608398  2.856777  3.102916  3.293111  3.363547  3.29066  3.127498  2.906204  2.567604  2.102701  1.58433  1.079161  0.615531  0.230797  -0.05673  -0.278472  0  0  0  0  0  0  0  0  0  0  0  0  0  0  0  0  0  0  0  0  0  0  0  0  0  0  0  0  0  0  0  0  0  0  0  0  0  0  0  0  0  0  0  0  0  0  0  0  0  0  0  0  0  0  0  0  0  0  0  0  0  0  0  0  0  -0.040970000000000006
h  11  3  -0.604354  -0.501965  -0.371569  0.023922  0.463348  0.80935  1.048233  1.19394  1.174582  1.02485  0.833684  0.631156  0.437298  0.258889  0.167668  0.206743  0.340804  0.514517  0.675852  0.780879  0.810589  0.811405  0  0  0  0  0  0  0  0  0  0  0  0  0  0  0  0  0  0  0  0  0  0  0  0  0  0  0  0  0  0  0  0  0  0  0  0  0  0  0  0  0  0  0  0  0  0  0  0  0  0  0  0  0  0  0  0  0  0  0  0  0  0  0  0  0  0.0014720000000000288
g  11  4  -0.90283  -0.906993  -0.794154  -0.589804  -0.325746  -0.168849  -0.118492  -0.128547  -0.14549  -0.141937  -0.110656  0.005354  0.270761  0.650165  1.013767  1.247278  1.299296  1.191658  0.974526  0.731253  0.527294  0.381637  0  0  0  0  0  0  0  0  0  0  0  0  0  0  0  0  0  0  0  0  0  0  0  0  0  0  0  0  0  0  0  0  0  0  0  0  0  0  0  0  0  0  0  0  0  0  0  0  0  0  0  0  0  0  0  0  0  0  0  0  0  0  0  0  0  -0.024112000000000022
h  11  4  -1.185983  -0.490629  0.138921  0.694983  1.223858  1.7385  2.242482  2.752404  3.311343  3.908855  4.510991  5.046618  5.435851  5.645189  5.66285  5.527956  5.287759  4.993306  4.693665  4.424213  4.15457  3.815513  0  0  0  0  0  0  0  0  0  0  0  0  0  0  0  0  0  0  0  0  0  0  0  0  0  0  0  0  0  0  0  0  0  0  0  0  0  0  0  0  0  0  0  0  0  0  0  0  0  0  0  0  0  0  0  0  0  0  0  0  0  0  0  0  0  -0.07690099999999989
g  11  5  0.620902  0.393969  0.198531  -0.053211  -0.184526  -0.238453  -0.333249  -0.389621  -0.458271  -0.591704  -0.775702  -0.955279  -1.110967  -1.206764  -1.219748  -1.234485  -1.289407  -1.36318  -1.376725  -1.196091  -0.74686  -0.068164  0  0  0  0  0  0  0  0  0  0  0  0  0  0  0  0  0  0  0  0  0  0  0  0  0  0  0  0  0  0  0  0  0  0  0  0  0  0  0  0  0  0  0  0  0  0  0  0  0  0  0  0  0  0  0  0  0  0  0  0  0  0  0  0  0  0.149266
h  11  5  0.790921  0.513415  -0.106187  -0.536279  -0.838603  -1.10997  -1.40859  -1.682247  -1.969929  -2.243012  -2.414687  -2.475955  -2.411809  -2.227145  -2.013446  -1.837645  -1.701718  -1.580674  -1.437455  -1.243173  -1.045242  -0.927025  0  0  0  0  0  0  0  0  0  0  0  0  0  0  0  0  0  0  0  0  0  0  0  0  0  0  0  0  0  0  0  0  0  0  0  0  0  0  0  0  0  0  0  0  0  0  0  0  0  0  0  0  0  0  0  0  0  0  0  0  0  0  0  0  0  0.014909999999999979
g  11  6  -0.626262  -0.706136  -0.721298  -0.76994  -0.789151  -0.682165  -0.466841  -0.241853  -0.056262  0.127135  0.34029  0.529882  0.636338  0.651704  0.58986  0.479059  0.385514  0.30452  0.191196  0.020219  -0.19723  -0.421287  0  0  0  0  0  0  0  0  0  0  0  0  0  0  0  0  0  0  0  0  0  0  0  0  0  0  0  0  0  0  0  0  0  0  0  0  0  0  0  0  0  0  0  0  0  0  0  0  0  0  0  0  0  0  0  0  0  0  0  0  0  0  0  0  0  -0.04317600000000005
h  11  6  -0.030315  -0.091003  0.461813  0.983579  1.332625  1.617147  1.869129  2.021843  2.053163  1.975539  1.805033  1.610919  1.526764  1.592865  1.746231  1.903474  1.985254  1.960297  1.843123  1.677662  1.521228  1.385316  0  0  0  0  0  0  0  0  0  0  0  0  0  0  0  0  0  0  0  0  0  0  0  0  0  0  0  0  0  0  0  0  0  0  0  0  0  0  0  0  0  0  0  0  0  0  0  0  0  0  0  0  0  0  0  0  0  0  0  0  0  0  0  0  0  -0.026137000000000077
g  11  7  0.259719  -0.181464  -0.265146  -0.228967  -0.246766  -0.206349  -0.086316  0.001635  0.04231  0.060521  0.088819  0.157229  0.216182  0.208089  0.111035  -0.048716  -0.225166  -0.388434  -0.541229  -0.688663  -0.822766  -0.919853  0  0  0  0  0  0  0  0  0  0  0  0  0  0  0  0  0  0  0  0  0  0  0  0  0  0  0  0  0  0  0  0  0  0  0  0  0  0  0  0  0  0  0  0  0  0  0  0  0  0  0  0  0  0  0  0  0  0  0  0  0  0  0  0  0  -0.015390000000000015
h  11  7  -2.241663  -1.529746  -1.246198  -1.124499  -1.059499  -0.996993  -0.949184  -0.880025  -0.777145  -0.71973  -0.699163  -0.687512  -0.718572  -0.842923  -1.096165  -1.470291  -1.89612  -2.298611  -2.620347  -2.809939  -2.839463  -2.693557  0  0  0  0  0  0  0  0  0  0  0  0  0  0  0  0  0  0  0  0  0  0  0  0  0  0  0  0  0  0  0  0  0  0  0  0  0  0  0  0  0  0  0  0  0  0  0  0  0  0  0  0  0  0  0  0  0  0  0  0  0  0  0  0  0  0.04326399999999975
g  11  8  1.691595  1.591904  1.605058  1.672992  1.830755  2.019713  2.180985  2.29305  2.300623  2.177452  1.931866  1.586036  1.230917  0.96863  0.862489  0.936672  1.119777  1.299959  1.406234  1.445379  1.465424  1.512327  0  0  0  0  0  0  0  0  0  0  0  0  0  0  0  0  0  0  0  0  0  0  0  0  0  0  0  0  0  0  0  0  0  0  0  0  0  0  0  0  0  0  0  0  0  0  0  0  0  0  0  0  0  0  0  0  0  0  0  0  0  0  0  0  0  0.012875999999999888
h  11  8  -1.379726  -1.501062  -1.469641  -1.359097  -1.288565  -1.261243  -1.306574  -1.419896  -1.592853  -1.754192  -1.823754  -1.752106  -1.565289  -1.352742  -1.186702  -1.095101  -1.053393  -1.003036  -0.88524  -0.664305  -0.342427  0.031992  0  0  0  0  0  0  0  0  0  0  0  0  0  0  0  0  0  0  0  0  0  0  0  0  0  0  0  0  0  0  0  0  0  0  0  0  0  0  0  0  0  0  0  0  0  0  0  0  0  0  0  0  0  0  0  0  0  0  0  0  0  0  0  0  0  0.076055
g  11  9  -0.06112  -0.56259  -0.777107  -0.885688  -0.91318  -0.875157  -0.762184  -0.5646  -0.302776  -0.006872  0.261206  0.416115  0.428646  0.346241  0.22686  0.091607  -0.067522  -0.248098  -0.445971  -0.640264  -0.79842  -0.909046  0  0  0  0  0  0  0  0  0  0  0  0  0  0  0  0  0  0  0  0  0  0  0  0  0  0  0  0  0  0  0  0  0  0  0  0  0  0  0  0  0  0  0  0  0  0  0  0  0  0  0  0  0  0  0  0  0  0  0  0  0  0  0  0  0  -0.018471000000000015
h  11  9  -2.461741  -2.955726  -3.056992  -3.037151  -2.907292  -2.720505  -2.476183  -2.230692  -2.043528  -1.953112  -2.015841  -2.262071  -2.62854  -2.999256  -3.256727  -3.321758  -3.204424  -2.976986  -2.705555  -2.414331  -2.10329  -1.791118  0  0  0  0  0  0  0  0  0  0  0  0  0  0  0  0  0  0  0  0  0  0  0  0  0  0  0  0  0  0  0  0  0  0  0  0  0  0  0  0  0  0  0  0  0  0  0  0  0  0  0  0  0  0  0  0  0  0  0  0  0  0  0  0  0  0.06200300000000003
g  11  10  0.423708  0.021098  -0.180087  -0.415144  -0.70662  -1.020753  -1.322005  -1.565311  -1.776329  -1.970389  -2.118037  -2.18337  -2.129971  -1.963291  -1.704444  -1.374716  -0.993462  -0.589058  -0.231108  -0.036981  -0.115114  -0.483584  0  0  0  0  0  0  0  0  0  0  0  0  0  0  0  0  0  0  0  0  0  0  0  0  0  0  0  0  0  0  0  0  0  0  0  0  0  0  0  0  0  0  0  0  0  0  0  0  0  0  0  0  0  0  0  0  0  0  0  0  0  0  0  0  0  -0.09591100000000002
h  11  10  -1.886816  -1.888269  -1.929788  -1.94005  -1.912977  -1.868688  -1.785069  -1.669772  -1.543078  -1.422154  -1.281252  -1.077994  -0.793145  -0.426709  -0.027461  0.295045  0.426479  0.307427  -0.074019  -0.675143  -1.385945  -2.071995  0  0  0  0  0  0  0  0  0  0  0  0  0  0  0  0  0  0  0  0  0  0  0  0  0  0  0  0  0  0  0  0  0  0  0  0  0  0  0  0  0  0  0  0  0  0  0  0  0  0  0  0  0  0  0  0  0  0  0  0  0  0  0  0  0  -0.12966599999999984
g  11  11  3.425785  3.21649  3.316305  3.455124  3.580871  3.672615  3.761454  3.801653  3.78992  3.742717  3.695364  3.66501  3.636714  3.560315  3.368184  3.018971  2.52259  1.926403  1.271977  0.575712  -0.117451  -0.719003  0  0  0  0  0  0  0  0  0  0  0  0  0  0  0  0  0  0  0  0  0  0  0  0  0  0  0  0  0  0  0  0  0  0  0  0  0  0  0  0  0  0  0  0  0  0  0  0  0  0  0  0  0  0  0  0  0  0  0  0  0  0  0  0  0  -0.10758199999999996
h  11  11  -2.256762  -2.613215  -2.743971  -2.99558  -3.242501  -3.425468  -3.508404  -3.477716  -3.336761  -3.130904  -2.891437  -2.654767  -2.498236  -2.499423  -2.680728  -2.983962  -3.295925  -3.521476  -3.604482  -3.504448  -3.175682  -2.60561  0  0  0  0  0  0  0  0  0  0  0  0  0  0  0  0  0  0  0  0  0  0  0  0  0  0  0  0  0  0  0  0  0  0  0  0  0  0  0  0  0  0  0  0  0  0  0  0  0  0  0  0  0  0  0  0  0  0  0  0  0  0  0  0  0  0.13101999999999991
g  12  0  -1.947072  -1.791644  -1.443348  -1.118544  -0.823113  -0.587529  -0.367884  -0.201368  -0.073779  -0.003496  -0.004757  -0.070872  -0.199148  -0.356907  -0.512375  -0.628945  -0.67501  -0.654389  -0.59102  -0.504361  -0.424614  -0.376137  0  0  0  0  0  0  0  0  0  0  0  0  0  0  0  0  0  0  0  0  0  0  0  0  0  0  0  0  0  0  0  0  0  0  0  0  0  0  0  0  0  0  0  0  0  0  0  0  0  0  0  0  0  0  0  0  0  0  0  0  0  0  0  0  0  0.0065649999999999875
g  12  1  -0.146622  -0.230995  -0.311442  -0.31671  -0.284588  -0.224876  -0.155346  -0.051574  0.061844  0.141115  0.171108  0.160313  0.115217  0.027791  -0.11483  -0.295967  -0.458606  -0.543932  -0.54681  -0.482557  -0.376904  -0.27492  0  0  0  0  0  0  0  0  0  0  0  0  0  0  0  0  0  0  0  0  0  0  0  0  0  0  0  0  0  0  0  0  0  0  0  0  0  0  0  0  0  0  0  0  0  0  0  0  0  0  0  0  0  0  0  0  0  0  0  0  0  0  0  0  0  0.01801400000000003
h  12  1  -0.959163  -1.112304  -1.217351  -1.145827  -0.980435  -0.779441  -0.585784  -0.414254  -0.255037  -0.095708  0.067539  0.179828  0.166783  0.02062  -0.200843  -0.430632  -0.630176  -0.785086  -0.892776  -0.952616  -0.982376  -1.00743  0  0  0  0  0  0  0  0  0  0  0  0  0  0  0  0  0  0  0  0  0  0  0  0  0  0  0  0  0  0  0  0  0  0  0  0  0  0  0  0  0  0  0  0  0  0  0  0  0  0  0  0  0  0  0  0  0  0  0  0  0  0  0  0  0  -0.005632999999999999
g  12  2  0.334858  0.496179  0.579763  0.583576  0.473877  0.248713  -0.051628  -0.356915  -0.652076  -0.935089  -1.195382  -1.407972  -1.550404  -1.602256  -1.604236  -1.606535  -1.660526  -1.776728  -1.924777  -2.034757  -2.042888  -1.937624  0  0  0  0  0  0  0  0  0  0  0  0  0  0  0  0  0  0  0  0  0  0  0  0  0  0  0  0  0  0  0  0  0  0  0  0  0  0  0  0  0  0  0  0  0  0  0  0  0  0  0  0  0  0  0  0  0  0  0  0  0  0  0  0  0  0.029279000000000055
h  12  2  0.391294  0.391145  0.376048  0.29133  0.110221  -0.052199  -0.204058  -0.313226  -0.365341  -0.362752  -0.342681  -0.348506  -0.376125  -0.415846  -0.443059  -0.437478  -0.400094  -0.3396  -0.251638  -0.129894  0.005829  0.125695  0  0  0  0  0  0  0  0  0  0  0  0  0  0  0  0  0  0  0  0  0  0  0  0  0  0  0  0  0  0  0  0  0  0  0  0  0  0  0  0  0  0  0  0  0  0  0  0  0  0  0  0  0  0  0  0  0  0  0  0  0  0  0  0  0  0.021169999999999994
g  12  3  1.084819  1.30344  1.310258  1.289863  1.272974  1.243684  1.149248  0.984671  0.737183  0.409503  0.027828  -0.338037  -0.611252  -0.745227  -0.739174  -0.620958  -0.424339  -0.19161  0.042983  0.266157  0.486026  0.707711  0  0  0  0  0  0  0  0  0  0  0  0  0  0  0  0  0  0  0  0  0  0  0  0  0  0  0  0  0  0  0  0  0  0  0  0  0  0  0  0  0  0  0  0  0  0  0  0  0  0  0  0  0  0  0  0  0  0  0  0  0  0  0  0  0  0.044467000000000034
h  12  3  1.82242  1.355637  1.168761  0.973667  0.816108  0.722892  0.637218  0.532978  0.373519  0.19348  0.036419  -0.10851  -0.265068  -0.43698  -0.607292  -0.77084  -0.917439  -1.02479  -1.06872  -1.036951  -0.957554  -0.868784  0  0  0  0  0  0  0  0  0  0  0  0  0  0  0  0  0  0  0  0  0  0  0  0  0  0  0  0  0  0  0  0  0  0  0  0  0  0  0  0  0  0  0  0  0  0  0  0  0  0  0  0  0  0  0  0  0  0  0  0  0  0  0  0  0  0.01742200000000005
g  12  4  -0.745564  -1.093403  -1.180366  -1.253914  -1.291128  -1.355859  -1.396763  -1.395556  -1.368214  -1.321416  -1.269437  -1.219198  -1.185433  -1.173916  -1.21639  -1.331724  -1.498236  -1.682142  -1.839911  -1.910625  -1.866116  -1.724674  0  0  0  0  0  0  0  0  0  0  0  0  0  0  0  0  0  0  0  0  0  0  0  0  0  0  0  0  0  0  0  0  0  0  0  0  0  0  0  0  0  0  0  0  0  0  0  0  0  0  0  0  0  0  0  0  0  0  0  0  0  0  0  0  0  0.03422400000000003
h  12  4  -2.404053  -1.825365  -1.840188  -1.961622  -2.022845  -2.017293  -1.954196  -1.802101  -1.595727  -1.357432  -1.111784  -0.845868  -0.523086  -0.132711  0.280046  0.663488  0.951769  1.105873  1.152235  1.151192  1.142683  1.139278  0  0  0  0  0  0  0  0  0  0  0  0  0  0  0  0  0  0  0  0  0  0  0  0  0  0  0  0  0  0  0  0  0  0  0  0  0  0  0  0  0  0  0  0  0  0  0  0  0  0  0  0  0  0  0  0  0  0  0  0  0  0  0  0  0  -8.399999999997299e-05
g  12  5  0.943945  0.786331  0.648811  0.462081  0.284355  0.164003  0.059912  0.00293  0.031989  0.095907  0.186278  0.305479  0.431609  0.525336  0.550651  0.481224  0.336368  0.147215  -0.072266  -0.314544  -0.556525  -0.766366  0  0  0  0  0  0  0  0  0  0  0  0  0  0  0  0  0  0  0  0  0  0  0  0  0  0  0  0  0  0  0  0  0  0  0  0  0  0  0  0  0  0  0  0  0  0  0  0  0  0  0  0  0  0  0  0  0  0  0  0  0  0  0  0  0  -0.038031999999999955
h  12  5  0.201603  -0.046183  -0.392107  -0.666135  -0.768711  -0.780025  -0.76125  -0.714147  -0.649083  -0.587675  -0.560885  -0.571204  -0.611301  -0.675113  -0.763441  -0.855326  -0.914284  -0.919773  -0.86114  -0.734075  -0.551568  -0.339825  0  0  0  0  0  0  0  0  0  0  0  0  0  0  0  0  0  0  0  0  0  0  0  0  0  0  0  0  0  0  0  0  0  0  0  0  0  0  0  0  0  0  0  0  0  0  0  0  0  0  0  0  0  0  0  0  0  0  0  0  0  0  0  0  0  0.043094999999999994
g  12  6  0.174458  0.287531  0.589134  0.860782  0.963632  0.99132  0.976734  0.91727  0.851625  0.807866  0.80031  0.830133  0.874419  0.910272  0.941595  0.953835  0.921225  0.824042  0.669949  0.490576  0.334301  0.235712  0  0  0  0  0  0  0  0  0  0  0  0  0  0  0  0  0  0  0  0  0  0  0  0  0  0  0  0  0  0  0  0  0  0  0  0  0  0  0  0  0  0  0  0  0  0  0  0  0  0  0  0  0  0  0  0  0  0  0  0  0  0  0  0  0  -0.014845999999999998
h  12  6  0.814268  0.725434  0.697584  0.638009  0.558274  0.475622  0.36821  0.265528  0.174682  0.088166  0.032597  0.014541  0.023672  0.042169  0.030747  -0.04838  -0.179154  -0.317771  -0.41779  -0.44728  -0.393302  -0.274012  0  0  0  0  0  0  0  0  0  0  0  0  0  0  0  0  0  0  0  0  0  0  0  0  0  0  0  0  0  0  0  0  0  0  0  0  0  0  0  0  0  0  0  0  0  0  0  0  0  0  0  0  0  0  0  0  0  0  0  0  0  0  0  0  0  0.027969999999999995
g  12  7  0.383493  0.445869  0.306494  0.192696  0.009395  -0.165683  -0.321185  -0.461238  -0.613513  -0.78133  -0.961906  -1.14086  -1.328278  -1.539864  -1.741477  -1.879317  -1.925806  -1.894315  -1.836393  -1.823055  -1.887706  -2.010431  0  0  0  0  0  0  0  0  0  0  0  0  0  0  0  0  0  0  0  0  0  0  0  0  0  0  0  0  0  0  0  0  0  0  0  0  0  0  0  0  0  0  0  0  0  0  0  0  0  0  0  0  0  0  0  0  0  0  0  0  0  0  0  0  0  -0.026722000000000135
h  12  7  0.060694  -0.164833  -0.076006  0.00714  0.128874  0.224047  0.26297  0.242435  0.180021  0.081771  -0.026016  -0.101613  -0.155489  -0.208737  -0.256246  -0.298531  -0.34091  -0.392222  -0.460466  -0.5418  -0.621344  -0.682544  0  0  0  0  0  0  0  0  0  0  0  0  0  0  0  0  0  0  0  0  0  0  0  0  0  0  0  0  0  0  0  0  0  0  0  0  0  0  0  0  0  0  0  0  0  0  0  0  0  0  0  0  0  0  0  0  0  0  0  0  0  0  0  0  0  -0.010323000000000082
g  12  8  -0.554108  -0.465095  -0.361827  -0.282306  -0.213714  -0.151794  -0.074513  0.015929  0.100845  0.185145  0.247015  0.269  0.266886  0.250988  0.232034  0.223785  0.21751  0.199849  0.15292  0.073962  -0.0247  -0.109011  0  0  0  0  0  0  0  0  0  0  0  0  0  0  0  0  0  0  0  0  0  0  0  0  0  0  0  0  0  0  0  0  0  0  0  0  0  0  0  0  0  0  0  0  0  0  0  0  0  0  0  0  0  0  0  0  0  0  0  0  0  0  0  0  0  -0.014050999999999994
h  12  8  0.30015  0.459582  0.427954  0.397538  0.390852  0.377052  0.353887  0.322385  0.272384  0.199895  0.10249  0.001164  -0.10963  -0.227723  -0.323742  -0.376686  -0.37441  -0.331878  -0.271208  -0.181884  -0.038623  0.170058  0  0  0  0  0  0  0  0  0  0  0  0  0  0  0  0  0  0  0  0  0  0  0  0  0  0  0  0  0  0  0  0  0  0  0  0  0  0  0  0  0  0  0  0  0  0  0  0  0  0  0  0  0  0  0  0  0  0  0  0  0  0  0  0  0  0.04642099999999999
g  12  9  -0.310909  -0.255996  -0.136857  0.002808  0.18987  0.353202  0.472323  0.562461  0.61373  0.652232  0.697975  0.756585  0.826994  0.908742  0.985517  1.018403  0.981549  0.885007  0.766733  0.639399  0.495169  0.34267  0  0  0  0  0  0  0  0  0  0  0  0  0  0  0  0  0  0  0  0  0  0  0  0  0  0  0  0  0  0  0  0  0  0  0  0  0  0  0  0  0  0  0  0  0  0  0  0  0  0  0  0  0  0  0  0  0  0  0  0  0  0  0  0  0  -0.03054000000000001
h  12  9  0.360227  0.158701  0.262738  0.311203  0.256861  0.19255  0.135513  0.081907  0.049618  0.060219  0.085679  0.075225  0.028801  -0.026241  -0.061614  -0.053612  0.000518  0.087917  0.183849  0.262699  0.327442  0.388881  0  0  0  0  0  0  0  0  0  0  0  0  0  0  0  0  0  0  0  0  0  0  0  0  0  0  0  0  0  0  0  0  0  0  0  0  0  0  0  0  0  0  0  0  0  0  0  0  0  0  0  0  0  0  0  0  0  0  0  0  0  0  0  0  0  0.012485999999999997
g  12  10  0.144302  0.224118  0.193213  0.082861  -0.077174  -0.230633  -0.3623  -0.47569  -0.551139  -0.581676  -0.561545  -0.497239  -0.41038  -0.328461  -0.278793  -0.255844  -0.219284  -0.138306  -0.00541  0.16899  0.364618  0.553507  0  0  0  0  0  0  0  0  0  0  0  0  0  0  0  0  0  0  0  0  0  0  0  0  0  0  0  0  0  0  0  0  0  0  0  0  0  0  0  0  0  0  0  0  0  0  0  0  0  0  0  0  0  0  0  0  0  0  0  0  0  0  0  0  0  0.035784999999999956
h  12  10  -0.841002  -0.874773  -0.874721  -0.817109  -0.663854  -0.456919  -0.249681  -0.040418  0.177228  0.38559  0.570399  0.720797  0.838516  0.942237  1.047542  1.146064  1.206355  1.210888  1.160084  1.067292  0.930497  0.750939  0  0  0  0  0  0  0  0  0  0  0  0  0  0  0  0  0  0  0  0  0  0  0  0  0  0  0  0  0  0  0  0  0  0  0  0  0  0  0  0  0  0  0  0  0  0  0  0  0  0  0  0  0  0  0  0  0  0  0  0  0  0  0  0  0  -0.03897799999999996
g  12  11  -0.993447  -1.029764  -0.998358  -0.95104  -0.878017  -0.791944  -0.703166  -0.614292  -0.53169  -0.458287  -0.415684  -0.406164  -0.417752  -0.427921  -0.40602  -0.320466  -0.147321  0.116699  0.446877  0.791238  1.081284  1.269931  0  0  0  0  0  0  0  0  0  0  0  0  0  0  0  0  0  0  0  0  0  0  0  0  0  0  0  0  0  0  0  0  0  0  0  0  0  0  0  0  0  0  0  0  0  0  0  0  0  0  0  0  0  0  0  0  0  0  0  0  0  0  0  0  0  0.028189999999999937
h  12  11  -0.167416  0.009939  0.171956  0.262753  0.302947  0.333851  0.361699  0.375864  0.379164  0.369344  0.364841  0.388493  0.442358  0.502858  0.547371  0.580764  0.622277  0.671463  0.696178  0.648615  0.524626  0.350113  0  0  0  0  0  0  0  0  0  0  0  0  0  0  0  0  0  0  0  0  0  0  0  0  0  0  0  0  0  0  0  0  0  0  0  0  0  0  0  0  0  0  0  0  0  0  0  0  0  0  0  0  0  0  0  0  0  0  0  0  0  0  0  0  0  -0.03747800000000001
g  12  12  -0.14681  -0.328983  -0.373426  -0.38907  -0.388296  -0.388477  -0.419054  -0.492097  -0.587504  -0.680451  -0.750738  -0.796621  -0.823873  -0.830722  -0.824268  -0.823365  -0.860959  -0.965218  -1.12862  -1.317155  -1.485609  -1.579034  0  0  0  0  0  0  0  0  0  0  0  0  0  0  0  0  0  0  0  0  0  0  0  0  0  0  0  0  0  0  0  0  0  0  0  0  0  0  0  0  0  0  0  0  0  0  0  0  0  0  0  0  0  0  0  0  0  0  0  0  0  0  0  0  0  -0.010037999999999991
h  12  12  0.676522  0.642907  0.705669  0.72441  0.734691  0.764347  0.811444  0.865767  0.910789  0.934367  0.94986  0.954897  0.935736  0.884407  0.802927  0.696958  0.577361  0.479489  0.444625  0.495851  0.631906  0.83909  0  0  0  0  0  0  0  0  0  0  0  0  0  0  0  0  0  0  0  0  0  0  0  0  0  0  0  0  0  0  0  0  0  0  0  0  0  0  0  0  0  0  0  0  0  0  0  0  0  0  0  0  0  0  0  0  0  0  0  0  0  0  0  0  0  0.04544899999999996
g  13  0  -0.066218  0.058917  0.206474  0.32942  0.418406  0.472625  0.500407  0.513587  0.514226  0.476609  0.379546  0.250703  0.138063  0.060292  0.011655  -0.023185  -0.060922  -0.106442  -0.158269  -0.207558  -0.236133  -0.235347  0  0  0  0  0  0  0  0  0  0  0  0  0  0  0  0  0  0  0  0  0  0  0  0  0  0  0  0  0  0  0  0  0  0  0  0  0  0  0  0  0  0  0  0  0  0  0  0  0  0  0  0  0  0  0  0  0  0  0  0  0  0  0  0  0  0.002689999999999998
g  13  1  -0.723968  -0.829036  -0.878702  -0.89468  -0.895585  -0.90231  -0.914381  -0.916782  -0.935055  -0.9879  -1.066723  -1.155333  -1.224432  -1.249604  -1.221224  -1.133173  -0.983129  -0.790359  -0.585641  -0.39522  -0.226537  -0.075788  0  0  0  0  0  0  0  0  0  0  0  0  0  0  0  0  0  0  0  0  0  0  0  0  0  0  0  0  0  0  0  0  0  0  0  0  0  0  0  0  0  0  0  0  0  0  0  0  0  0  0  0  0  0  0  0  0  0  0  0  0  0  0  0  0  0.028881000000000004
h  13  1  -0.640969  -0.735615  -0.666098  -0.572155  -0.503183  -0.43921  -0.390876  -0.374842  -0.382383  -0.404041  -0.429914  -0.459802  -0.510846  -0.579543  -0.654466  -0.72362  -0.778304  -0.808369  -0.805168  -0.762751  -0.693497  -0.619577  0  0  0  0  0  0  0  0  0  0  0  0  0  0  0  0  0  0  0  0  0  0  0  0  0  0  0  0  0  0  0  0  0  0  0  0  0  0  0  0  0  0  0  0  0  0  0  0  0  0  0  0  0  0  0  0  0  0  0  0  0  0  0  0  0  0.014189000000000007
g  13  2  0.514157  0.542701  0.610973  0.640681  0.61443  0.58379  0.563356  0.555759  0.563776  0.583964  0.606434  0.620359  0.629051  0.628587  0.601951  0.548853  0.49051  0.444714  0.406215  0.371384  0.344899  0.331001  0  0  0  0  0  0  0  0  0  0  0  0  0  0  0  0  0  0  0  0  0  0  0  0  0  0  0  0  0  0  0  0  0  0  0  0  0  0  0  0  0  0  0  0  0  0  0  0  0  0  0  0  0  0  0  0  0  0  0  0  0  0  0  0  0  -0.0018020000000000258
h  13  2  0.418878  0.626753  0.610027  0.555551  0.46856  0.368306  0.234543  0.064194  -0.108377  -0.265574  -0.402861  -0.504386  -0.541447  -0.513194  -0.443851  -0.358905  -0.282226  -0.231684  -0.209257  -0.200817  -0.192916  -0.186042  0  0  0  0  0  0  0  0  0  0  0  0  0  0  0  0  0  0  0  0  0  0  0  0  0  0  0  0  0  0  0  0  0  0  0  0  0  0  0  0  0  0  0  0  0  0  0  0  0  0  0  0  0  0  0  0  0  0  0  0  0  0  0  0  0  0.0008039999999999992
g  13  3  0.561618  0.726  0.641197  0.524389  0.433288  0.395148  0.383368  0.359831  0.326561  0.287615  0.260437  0.267106  0.310093  0.371084  0.420892  0.439582  0.425427  0.388404  0.33566  0.281424  0.24375  0.223721  0  0  0  0  0  0  0  0  0  0  0  0  0  0  0  0  0  0  0  0  0  0  0  0  0  0  0  0  0  0  0  0  0  0  0  0  0  0  0  0  0  0  0  0  0  0  0  0  0  0  0  0  0  0  0  0  0  0  0  0  0  0  0  0  0  -0.002933999999999992
h  13  3  1.480748  1.413986  1.357277  1.303953  1.298961  1.33127  1.359543  1.374207  1.375344  1.345849  1.298173  1.239715  1.165537  1.085188  0.997357  0.901989  0.80467  0.711146  0.635292  0.593601  0.589614  0.614814  0  0  0  0  0  0  0  0  0  0  0  0  0  0  0  0  0  0  0  0  0  0  0  0  0  0  0  0  0  0  0  0  0  0  0  0  0  0  0  0  0  0  0  0  0  0  0  0  0  0  0  0  0  0  0  0  0  0  0  0  0  0  0  0  0  0.0064830000000000165
g  13  4  -0.44364  -0.333684  -0.25908  -0.140238  -0.012277  0.089448  0.170775  0.238821  0.287716  0.334821  0.374571  0.410787  0.463281  0.538241  0.619987  0.687202  0.71221  0.679265  0.59522  0.476267  0.342632  0.211395  0  0  0  0  0  0  0  0  0  0  0  0  0  0  0  0  0  0  0  0  0  0  0  0  0  0  0  0  0  0  0  0  0  0  0  0  0  0  0  0  0  0  0  0  0  0  0  0  0  0  0  0  0  0  0  0  0  0  0  0  0  0  0  0  0  -0.02549599999999999
h  13  4  -0.557907  -0.255872  -0.182181  -0.141021  -0.146485  -0.180486  -0.219184  -0.247254  -0.242732  -0.219077  -0.193052  -0.159424  -0.106899  -0.050583  -0.033351  -0.079563  -0.184999  -0.317732  -0.439466  -0.520224  -0.543756  -0.513534  0  0  0  0  0  0  0  0  0  0  0  0  0  0  0  0  0  0  0  0  0  0  0  0  0  0  0  0  0  0  0  0  0  0  0  0  0  0  0  0  0  0  0  0  0  0  0  0  0  0  0  0  0  0  0  0  0  0  0  0  0  0  0  0  0  0.00979399999999997
g  13  5  0.920902  0.730877  0.489265  0.305242  0.140461  0.016934  -0.101594  -0.193101  -0.265434  -0.328373  -0.394558  -0.474597  -0.584896  -0.726313  -0.854645  -0.939403  -0.966353  -0.94312  -0.88969  -0.827629  -0.767266  -0.703003  0  0  0  0  0  0  0  0  0  0  0  0  0  0  0  0  0  0  0  0  0  0  0  0  0  0  0  0  0  0  0  0  0  0  0  0  0  0  0  0  0  0  0  0  0  0  0  0  0  0  0  0  0  0  0  0  0  0  0  0  0  0  0  0  0  0.013615999999999961
h  13  5  -1.112187  -1.168121  -1.323129  -1.375076  -1.360827  -1.315795  -1.290506  -1.285435  -1.272831  -1.257522  -1.213952  -1.123885  -0.988613  -0.816953  -0.643599  -0.506428  -0.430622  -0.420356  -0.461236  -0.511609  -0.529765  -0.50597  0  0  0  0  0  0  0  0  0  0  0  0  0  0  0  0  0  0  0  0  0  0  0  0  0  0  0  0  0  0  0  0  0  0  0  0  0  0  0  0  0  0  0  0  0  0  0  0  0  0  0  0  0  0  0  0  0  0  0  0  0  0  0  0  0  0.007998999999999978
g  13  6  -0.301476  -0.101346  -0.08961  -0.106165  -0.128044  -0.124482  -0.094119  -0.038272  0.03135  0.11898  0.220033  0.319648  0.394262  0.439087  0.471451  0.50752  0.55564  0.606012  0.628318  0.597707  0.518198  0.411998  0  0  0  0  0  0  0  0  0  0  0  0  0  0  0  0  0  0  0  0  0  0  0  0  0  0  0  0  0  0  0  0  0  0  0  0  0  0  0  0  0  0  0  0  0  0  0  0  0  0  0  0  0  0  0  0  0  0  0  0  0  0  0  0  0  -0.02223900000000001
h  13  6  -0.143884  0.117726  0.174696  0.199495  0.173206  0.150716  0.122888  0.104877  0.080706  0.021671  -0.084572  -0.229745  -0.394033  -0.562312  -0.721241  -0.852778  -0.932275  -0.951759  -0.923299  -0.874669  -0.817064  -0.754733  0  0  0  0  0  0  0  0  0  0  0  0  0  0  0  0  0  0  0  0  0  0  0  0  0  0  0  0  0  0  0  0  0  0  0  0  0  0  0  0  0  0  0  0  0  0  0  0  0  0  0  0  0  0  0  0  0  0  0  0  0  0  0  0  0  0.012357000000000062
g  13  7  0.773323  0.740497  0.70949  0.653852  0.531297  0.403195  0.301128  0.193928  0.081058  -0.015856  -0.089562  -0.135315  -0.157656  -0.161028  -0.150082  -0.124762  -0.091168  -0.055977  -0.022354  0.000733  0.00647  -0.002042  0  0  0  0  0  0  0  0  0  0  0  0  0  0  0  0  0  0  0  0  0  0  0  0  0  0  0  0  0  0  0  0  0  0  0  0  0  0  0  0  0  0  0  0  0  0  0  0  0  0  0  0  0  0  0  0  0  0  0  0  0  0  0  0  0  -0.0027359999999999997
h  13  7  0.391517  0.353358  0.329552  0.273171  0.197672  0.125043  0.058111  0.006542  0.011071  0.063779  0.143637  0.238274  0.316304  0.346066  0.326126  0.270472  0.195234  0.106142  0.000579  -0.112594  -0.216953  -0.298154  0  0  0  0  0  0  0  0  0  0  0  0  0  0  0  0  0  0  0  0  0  0  0  0  0  0  0  0  0  0  0  0  0  0  0  0  0  0  0  0  0  0  0  0  0  0  0  0  0  0  0  0  0  0  0  0  0  0  0  0  0  0  0  0  0  -0.013972999999999958
g  13  8  -0.096325  -0.085646  -0.139221  -0.18064  -0.207448  -0.234364  -0.264031  -0.288634  -0.309801  -0.341841  -0.393987  -0.458005  -0.498476  -0.483893  -0.408198  -0.277521  -0.110841  0.06467  0.226988  0.360846  0.448314  0.481585  0  0  0  0  0  0  0  0  0  0  0  0  0  0  0  0  0  0  0  0  0  0  0  0  0  0  0  0  0  0  0  0  0  0  0  0  0  0  0  0  0  0  0  0  0  0  0  0  0  0  0  0  0  0  0  0  0  0  0  0  0  0  0  0  0  0.0026029999999999665
h  13  8  0.064267  0.059014  0.07914  0.123176  0.158335  0.156732  0.125006  0.06336  -0.01825  -0.108872  -0.19237  -0.244431  -0.253158  -0.213821  -0.127169  -0.010469  0.097546  0.17093  0.197175  0.163613  0.074211  -0.040437  0  0  0  0  0  0  0  0  0  0  0  0  0  0  0  0  0  0  0  0  0  0  0  0  0  0  0  0  0  0  0  0  0  0  0  0  0  0  0  0  0  0  0  0  0  0  0  0  0  0  0  0  0  0  0  0  0  0  0  0  0  0  0  0  0  -0.023113
g  13  9  0.464653  0.447032  0.494921  0.513222  0.475756  0.40977  0.352281  0.320557  0.314087  0.327906  0.359295  0.389598  0.407954  0.404628  0.364909  0.282197  0.167455  0.046045  -0.06231  -0.162854  -0.26819  -0.37565  0  0  0  0  0  0  0  0  0  0  0  0  0  0  0  0  0  0  0  0  0  0  0  0  0  0  0  0  0  0  0  0  0  0  0  0  0  0  0  0  0  0  0  0  0  0  0  0  0  0  0  0  0  0  0  0  0  0  0  0  0  0  0  0  0  -0.02113499999999996
h  13  9  0.44666  0.345131  0.2563  0.175083  0.114813  0.097193  0.114006  0.142333  0.165223  0.189001  0.185082  0.13824  0.069809  0.003237  -0.044523  -0.063485  -0.058769  -0.044497  -0.033843  -0.02446  0.004974  0.077777  0  0  0  0  0  0  0  0  0  0  0  0  0  0  0  0  0  0  0  0  0  0  0  0  0  0  0  0  0  0  0  0  0  0  0  0  0  0  0  0  0  0  0  0  0  0  0  0  0  0  0  0  0  0  0  0  0  0  0  0  0  0  0  0  0  0.018614
g  13  10  -0.011855  0.201273  0.304484  0.396019  0.437688  0.417189  0.332184  0.199737  0.04576  -0.105699  -0.223085  -0.279145  -0.279314  -0.252245  -0.230669  -0.238378  -0.272589  -0.30941  -0.316741  -0.281827  -0.223673  -0.171109  0  0  0  0  0  0  0  0  0  0  0  0  0  0  0  0  0  0  0  0  0  0  0  0  0  0  0  0  0  0  0  0  0  0  0  0  0  0  0  0  0  0  0  0  0  0  0  0  0  0  0  0  0  0  0  0  0  0  0  0  0  0  0  0  0  0.008792999999999995
h  13  10  0.390326  0.394225  0.435708  0.404571  0.330226  0.233581  0.137917  0.066678  0.042751  0.075444  0.168294  0.302514  0.442604  0.560779  0.638117  0.662277  0.646644  0.622864  0.609419  0.587465  0.529771  0.430708  0  0  0  0  0  0  0  0  0  0  0  0  0  0  0  0  0  0  0  0  0  0  0  0  0  0  0  0  0  0  0  0  0  0  0  0  0  0  0  0  0  0  0  0  0  0  0  0  0  0  0  0  0  0  0  0  0  0  0  0  0  0  0  0  0  -0.022657000000000038
g  13  11  0.50733  0.391897  0.406702  0.360807  0.287606  0.195743  0.097707  -0.004113  -0.095652  -0.171789  -0.237626  -0.299228  -0.353612  -0.388401  -0.390129  -0.349284  -0.268202  -0.166539  -0.068725  0.013226  0.076483  0.108313  0  0  0  0  0  0  0  0  0  0  0  0  0  0  0  0  0  0  0  0  0  0  0  0  0  0  0  0  0  0  0  0  0  0  0  0  0  0  0  0  0  0  0  0  0  0  0  0  0  0  0  0  0  0  0  0  0  0  0  0  0  0  0  0  0  0.003390000000000004
h  13  11  -0.376918  -0.472368  -0.540379  -0.591132  -0.607373  -0.616264  -0.62457  -0.614244  -0.577614  -0.518034  -0.443969  -0.358728  -0.272494  -0.202817  -0.157648  -0.131861  -0.11425  -0.09948  -0.081677  -0.058005  -0.032497  -0.003679  0  0  0  0  0  0  0  0  0  0  0  0  0  0  0  0  0  0  0  0  0  0  0  0  0  0  0  0  0  0  0  0  0  0  0  0  0  0  0  0  0  0  0  0  0  0  0  0  0  0  0  0  0  0  0  0  0  0  0  0  0  0  0  0  0  0.006403000000000001
g  13  12  -0.39636  -0.598971  -0.63468  -0.626292  -0.573986  -0.503324  -0.420055  -0.336961  -0.251874  -0.173864  -0.105778  -0.051088  -0.005304  0.040487  0.086828  0.113372  0.094137  0.020437  -0.102842  -0.258307  -0.423701  -0.575004  0  0  0  0  0  0  0  0  0  0  0  0  0  0  0  0  0  0  0  0  0  0  0  0  0  0  0  0  0  0  0  0  0  0  0  0  0  0  0  0  0  0  0  0  0  0  0  0  0  0  0  0  0  0  0  0  0  0  0  0  0  0  0  0  0  -0.028316000000000008
h  13  12  -0.356224  -0.28251  -0.18424  -0.063417  0.041478  0.120183  0.183473  0.228744  0.23975  0.213498  0.150485  0.055604  -0.056905  -0.169845  -0.271103  -0.357265  -0.428198  -0.48279  -0.5183  -0.526325  -0.499215  -0.439859  0  0  0  0  0  0  0  0  0  0  0  0  0  0  0  0  0  0  0  0  0  0  0  0  0  0  0  0  0  0  0  0  0  0  0  0  0  0  0  0  0  0  0  0  0  0  0  0  0  0  0  0  0  0  0  0  0  0  0  0  0  0  0  0  0  0.014147999999999994
g  13  13  -0.485299  -0.479716  -0.587996  -0.651655  -0.670071  -0.669601  -0.679929  -0.703255  -0.725098  -0.737758  -0.741736  -0.739685  -0.740377  -0.759499  -0.812256  -0.890268  -0.970263  -1.04396  -1.105419  -1.137076  -1.108114  -0.990981  0  0  0  0  0  0  0  0  0  0  0  0  0  0  0  0  0  0  0  0  0  0  0  0  0  0  0  0  0  0  0  0  0  0  0  0  0  0  0  0  0  0  0  0  0  0  0  0  0  0  0  0  0  0  0  0  0  0  0  0  0  0  0  0  0  0.03132400000000002
h  13  13  -0.779565  -0.662022  -0.529583  -0.395954  -0.280564  -0.205233  -0.15613  -0.118951  -0.096521  -0.080872  -0.062636  -0.049084  -0.05195  -0.067632  -0.076453  -0.058089  -0.011201  0.056115  0.145978  0.263139  0.401819  0.543352  0  0  0  0  0  0  0  0  0  0  0  0  0  0  0  0  0  0  0  0  0  0  0  0  0  0  0  0  0  0  0  0  0  0  0  0  0  0  0  0  0  0  0  0  0  0  0  0  0  0  0  0  0  0  0  0  0  0  0  0  0  0  0  0  0  0.026972999999999914
