# 2019 MPG data assimilation forecast
# units of nT 
c/s d o  GUFM1  GUFM1  GUFM1  GUFM1  GUFM1  GUFM1  GUFM1  GUFM1  GUFM1  GUFM1  GUFM1  GUFM1  GUFM1  GUFM1  GUFM1  GUFM1  GUFM1  GUFM1  GUFM1  GUFM1  GUFM1  GUFM1  GUFM1  GUFM1  GUFM1  GUFM1  GUFM1  GUFM1  GUFM1  GUFM1  GUFM1  GUFM1  GUFM1  GUFM1  GUFM1  GUFM1  GUFM1  GUFM1  GUFM1  GUFM1  GUFM1  GUFM1  GUFM1  GUFM1  GUFM1  GUFM1  GUFM1  GUFM1  GUFM1  GUFM1  GUFM1  GUFM1  GUFM1  GUFM1  GUFM1  GUFM1  GUFM1  GUFM1  GUFM1  GUFM1  GUFM1  GUFM1   IGRF   IGRF   IGRF   IGRF   IGRF   IGRF   IGRF   IGRF   IGRF   DGRF   DGRF   DGRF   DGRF   DGRF   DGRF   DGRF   DGRF   DGRF   DGRF   DGRF   DGRF      DGRF      DGRF     DGRF     IGRF      SV
g/h n m 1590.0 1595.0 1600.0 1605.0 1610.0 1615.0 1620.0 1625.0 1630.0 1635.0 1640.0 1645.0 1650.0 1655.0 1660.0 1665.0 1670.0 1675.0 1680.0 1685.0 1690.0 1695.0 1700.0 1705.0 1710.0 1715.0 1720.0 1725.0 1730.0 1735.0 1740.0 1745.0 1750.0 1755.0 1760.0 1765.0 1770.0 1775.0 1780.0 1785.0 1790.0 1795.0 1800.0 1805.0 1810.0 1815.0 1820.0 1825.0 1830.0 1835.0 1840.0 1845.0 1850.0 1855.0 1860.0 1865.0 1870.0 1875.0 1880.0 1885.0 1890.0 1895.0 1900.0 1905.0 1910.0 1915.0 1920.0 1925.0 1930.0 1935.0 1940.0 1945.0 1950.0 1955.0 1960.0 1965.0 1970.0 1975.0 1980.0 1985.0 1990.0 1995.0 2000.0    2005.0    2010.0   2015.0   2020.0 2020-25
g  1  0  -29441.286445  -29403.928468  -29380.134649  -29352.1551  -29324.78012  -29295.648099  -29267.493617  -29243.157662  -29216.64707  -29193.340254  -29172.364878  -29152.890442  -29135.898344  -29119.469813  -29101.529883  -29080.906277  -29055.116519  -29021.466986  -28977.44373  -28922.718779  -28858.700334  -28785.758946  0  0  0  0  0  0  0  0  0  0  0  0  0  0  0  0  0  0  0  0  0  0  0  0  0  0  0  0  0  0  0  0  0  0  0  0  0  0  0  0  0  0  0  0  0  0  0  0  0  0  0  0  0  0  0  0  0  0  0  0  0  0  0  0  0  15.270619999999326
g  1  1  -1501.347869  -1452.319529  -1460.975221  -1495.559659  -1527.703937  -1543.382527  -1538.899982  -1523.040309  -1504.245576  -1483.010828  -1459.070183  -1436.364925  -1416.958063  -1401.995919  -1392.70666  -1390.233141  -1394.796308  -1405.663404  -1420.912673  -1436.524791  -1449.820814  -1461.212846  0  0  0  0  0  0  0  0  0  0  0  0  0  0  0  0  0  0  0  0  0  0  0  0  0  0  0  0  0  0  0  0  0  0  0  0  0  0  0  0  0  0  0  0  0  0  0  0  0  0  0  0  0  0  0  0  0  0  0  0  0  0  0  0  0  -2.1487899999999627
h  1  1  4795.850259  4652.878481  4524.8269  4418.1833  4310.453003  4195.537855  4074.557204  3949.636034  3827.06369  3707.530886  3592.645602  3482.281246  3377.820311  3279.263019  3181.987609  3083.291635  2983.434502  2885.144903  2791.692846  2705.476325  2626.982799  2555.948963  0  0  0  0  0  0  0  0  0  0  0  0  0  0  0  0  0  0  0  0  0  0  0  0  0  0  0  0  0  0  0  0  0  0  0  0  0  0  0  0  0  0  0  0  0  0  0  0  0  0  0  0  0  0  0  0  0  0  0  0  0  0  0  0  0  -13.617703000000347
g  2  0  -2446.454267  -2500.201964  -2548.134977  -2587.906894  -2625.931354  -2661.50168  -2690.872293  -2716.069507  -2739.620459  -2760.444446  -2778.696663  -2795.690618  -2813.600802  -2832.649553  -2851.240744  -2867.765786  -2881.603445  -2893.039154  -2902.590048  -2910.2765  -2916.691616  -2922.724723  0  0  0  0  0  0  0  0  0  0  0  0  0  0  0  0  0  0  0  0  0  0  0  0  0  0  0  0  0  0  0  0  0  0  0  0  0  0  0  0  0  0  0  0  0  0  0  0  0  0  0  0  0  0  0  0  0  0  0  0  0  0  0  0  0  -1.175235999999586
g  2  1  3012.000187  2982.449974  2949.84128  2919.099089  2878.841616  2827.945448  2777.363973  2729.62595  2680.843695  2629.345426  2577.294697  2524.915546  2471.06542  2417.697456  2365.460055  2314.312163  2264.157043  2213.957264  2163.879722  2114.105779  2065.356949  2020.156246  0  0  0  0  0  0  0  0  0  0  0  0  0  0  0  0  0  0  0  0  0  0  0  0  0  0  0  0  0  0  0  0  0  0  0  0  0  0  0  0  0  0  0  0  0  0  0  0  0  0  0  0  0  0  0  0  0  0  0  0  0  0  0  0  0  -8.63685600000008
h  2  1  -2845.317617  -2991.451613  -3114.324288  -3220.98636  -3330.349346  -3444.099839  -3563.839443  -3684.102112  -3800.900325  -3911.764349  -4020.963609  -4132.369745  -4247.565515  -4365.747466  -4485.664116  -4607.693591  -4733.41505  -4863.594938  -4997.569923  -5134.34338  -5270.797672  -5404.072965  0  0  0  0  0  0  0  0  0  0  0  0  0  0  0  0  0  0  0  0  0  0  0  0  0  0  0  0  0  0  0  0  0  0  0  0  0  0  0  0  0  0  0  0  0  0  0  0  0  0  0  0  0  0  0  0  0  0  0  0  0  0  0  0  0  -26.34877400000005
g  2  2  1676.567939  1676.31456  1638.47821  1578.34596  1514.877374  1456.03911  1404.326587  1354.348881  1301.120895  1243.553822  1178.772282  1104.713678  1021.849128  933.399716  840.95803  745.603481  648.237162  549.231697  449.449464  350.170272  250.309682  149.034312  0  0  0  0  0  0  0  0  0  0  0  0  0  0  0  0  0  0  0  0  0  0  0  0  0  0  0  0  0  0  0  0  0  0  0  0  0  0  0  0  0  0  0  0  0  0  0  0  0  0  0  0  0  0  0  0  0  0  0  0  0  0  0  0  0  -20.33640700000001
h  2  2  -642.124898  -734.093811  -828.943462  -908.73296  -987.816771  -1084.554815  -1198.400437  -1320.819538  -1448.918189  -1582.287462  -1713.189634  -1839.844079  -1960.023641  -2073.211729  -2181.513306  -2286.536096  -2388.753369  -2487.988775  -2583.331237  -2673.057762  -2756.117512  -2831.672539  0  0  0  0  0  0  0  0  0  0  0  0  0  0  0  0  0  0  0  0  0  0  0  0  0  0  0  0  0  0  0  0  0  0  0  0  0  0  0  0  0  0  0  0  0  0  0  0  0  0  0  0  0  0  0  0  0  0  0  0  0  0  0  0  0  -14.521594000000277
g  3  0  1350.461004  1362.75938  1366.929415  1387.433268  1412.269157  1441.5171  1472.395837  1504.539337  1536.766859  1565.013047  1587.548023  1604.484779  1613.210154  1612.048139  1602.400325  1585.899376  1564.657259  1541.187174  1516.110171  1490.176886  1464.504301  1441.176094  0  0  0  0  0  0  0  0  0  0  0  0  0  0  0  0  0  0  0  0  0  0  0  0  0  0  0  0  0  0  0  0  0  0  0  0  0  0  0  0  0  0  0  0  0  0  0  0  0  0  0  0  0  0  0  0  0  0  0  0  0  0  0  0  0  -4.405220999999983
g  3  1  -2352.694293  -2381.237455  -2416.579442  -2462.79826  -2508.892767  -2545.588937  -2573.488191  -2594.368452  -2611.024766  -2620.011863  -2621.43913  -2616.448557  -2606.016895  -2591.935993  -2574.833292  -2555.180463  -2534.297206  -2512.713338  -2490.647229  -2467.903105  -2443.216143  -2415.956395  0  0  0  0  0  0  0  0  0  0  0  0  0  0  0  0  0  0  0  0  0  0  0  0  0  0  0  0  0  0  0  0  0  0  0  0  0  0  0  0  0  0  0  0  0  0  0  0  0  0  0  0  0  0  0  0  0  0  0  0  0  0  0  0  0  5.6379870000000665
h  3  1  -115.601375  -81.305257  -48.86109  -17.315669  19.877318  56.843426  91.562655  124.048984  155.741622  183.767169  205.307025  220.761759  233.287422  247.306806  264.024732  284.213579  308.69551  337.755562  371.386179  409.655485  451.173133  494.699305  0  0  0  0  0  0  0  0  0  0  0  0  0  0  0  0  0  0  0  0  0  0  0  0  0  0  0  0  0  0  0  0  0  0  0  0  0  0  0  0  0  0  0  0  0  0  0  0  0  0  0  0  0  0  0  0  0  0  0  0  0  0  0  0  0  8.809393999999998
g  3  2  1225.934772  1235.799293  1252.965071  1271.806293  1282.773947  1288.495842  1292.782271  1293.21976  1294.835352  1299.890002  1305.334591  1308.740772  1308.500557  1304.161396  1296.797318  1288.790445  1281.428228  1274.87584  1269.447658  1265.616373  1263.56129  1262.237861  0  0  0  0  0  0  0  0  0  0  0  0  0  0  0  0  0  0  0  0  0  0  0  0  0  0  0  0  0  0  0  0  0  0  0  0  0  0  0  0  0  0  0  0  0  0  0  0  0  0  0  0  0  0  0  0  0  0  0  0  0  0  0  0  0  -0.2503879999999299
h  3  2  245.03661  241.994883  252.218973  261.620622  261.488083  260.264877  262.701888  271.481909  282.769896  294.637802  307.48009  319.168742  327.174056  332.110037  335.229561  336.581978  335.292545  330.936221  324.049927  315.781396  307.113965  298.265736  0  0  0  0  0  0  0  0  0  0  0  0  0  0  0  0  0  0  0  0  0  0  0  0  0  0  0  0  0  0  0  0  0  0  0  0  0  0  0  0  0  0  0  0  0  0  0  0  0  0  0  0  0  0  0  0  0  0  0  0  0  0  0  0  0  -1.7663370000000214
g  3  3  581.448317  525.442557  472.958867  430.567542  399.094308  382.763655  384.125473  391.014921  394.106072  390.988258  376.39043  348.931452  311.217286  267.495931  218.93639  165.286412  107.666565  48.132744  -10.993648  -68.007793  -122.696599  -176.571956  0  0  0  0  0  0  0  0  0  0  0  0  0  0  0  0  0  0  0  0  0  0  0  0  0  0  0  0  0  0  0  0  0  0  0  0  0  0  0  0  0  0  0  0  0  0  0  0  0  0  0  0  0  0  0  0  0  0  0  0  0  0  0  0  0  -10.776836000000003
h  3  3  -538.57473  -543.262895  -550.023426  -569.882606  -597.155399  -639.681225  -698.267398  -772.366953  -856.686964  -947.346263  -1038.439978  -1123.684262  -1199.524269  -1262.192402  -1312.021329  -1350.269792  -1377.161936  -1394.078716  -1402.286539  -1402.564042  -1396.042708  -1383.4261  0  0  0  0  0  0  0  0  0  0  0  0  0  0  0  0  0  0  0  0  0  0  0  0  0  0  0  0  0  0  0  0  0  0  0  0  0  0  0  0  0  0  0  0  0  0  0  0  0  0  0  0  0  0  0  0  0  0  0  0  0  0  0  0  0  3.0256440000000566
g  4  0  907.553415  903.399885  896.37378  888.116873  879.95658  875.059857  872.851767  874.57607  877.607684  879.657641  881.89091  883.953707  884.267517  881.277312  874.784484  865.165415  853.413254  840.971522  828.333442  816.078318  804.217092  791.70458  0  0  0  0  0  0  0  0  0  0  0  0  0  0  0  0  0  0  0  0  0  0  0  0  0  0  0  0  0  0  0  0  0  0  0  0  0  0  0  0  0  0  0  0  0  0  0  0  0  0  0  0  0  0  0  0  0  0  0  0  0  0  0  0  0  -2.5803190000000313
g  4  1  813.755941  809.277647  793.784587  777.243923  761.912476  747.67175  732.570944  718.569089  702.032963  681.360422  658.673968  636.525747  615.431312  595.127005  574.988105  554.622674  532.83567  508.978844  483.173405  455.983367  427.779155  398.497006  0  0  0  0  0  0  0  0  0  0  0  0  0  0  0  0  0  0  0  0  0  0  0  0  0  0  0  0  0  0  0  0  0  0  0  0  0  0  0  0  0  0  0  0  0  0  0  0  0  0  0  0  0  0  0  0  0  0  0  0  0  0  0  0  0  -5.944196999999974
h  4  1  283.55791  281.548754  277.005604  275.397247  267.662272  250.976688  226.256727  193.147913  152.098913  104.998632  54.614312  3.132748  -47.851275  -96.288596  -140.133858  -179.423201  -214.352589  -244.834331  -270.416388  -290.763151  -306.116489  -317.331797  0  0  0  0  0  0  0  0  0  0  0  0  0  0  0  0  0  0  0  0  0  0  0  0  0  0  0  0  0  0  0  0  0  0  0  0  0  0  0  0  0  0  0  0  0  0  0  0  0  0  0  0  0  0  0  0  0  0  0  0  0  0  0  0  0  -1.9536170000000084
g  4  2  120.390935  86.009647  67.427973  46.758044  26.081294  7.622527  -12.036896  -28.95159  -41.58722  -51.297514  -58.653796  -63.753421  -67.781123  -71.718801  -74.818411  -76.159837  -75.36751  -72.634631  -68.7728  -64.641972  -60.780354  -56.622142  0  0  0  0  0  0  0  0  0  0  0  0  0  0  0  0  0  0  0  0  0  0  0  0  0  0  0  0  0  0  0  0  0  0  0  0  0  0  0  0  0  0  0  0  0  0  0  0  0  0  0  0  0  0  0  0  0  0  0  0  0  0  0  0  0  0.9025110000000041
h  4  2  -188.919446  -158.756867  -127.979337  -92.564487  -52.17866  -8.450438  38.412127  88.386337  135.61036  178.500963  216.7993  250.87058  282.042119  311.226747  338.296188  363.881042  387.956084  409.82115  429.323118  446.696915  463.065064  479.539172  0  0  0  0  0  0  0  0  0  0  0  0  0  0  0  0  0  0  0  0  0  0  0  0  0  0  0  0  0  0  0  0  0  0  0  0  0  0  0  0  0  0  0  0  0  0  0  0  0  0  0  0  0  0  0  0  0  0  0  0  0  0  0  0  0  3.3244040000000155
g  4  3  -334.637492  -309.284789  -284.579954  -262.03814  -239.193015  -213.947789  -189.929522  -167.831409  -142.060988  -108.761308  -68.835723  -24.574503  22.61708  70.882176  118.956106  166.13638  211.536492  254.646885  295.782249  335.05811  371.395967  403.832799  0  0  0  0  0  0  0  0  0  0  0  0  0  0  0  0  0  0  0  0  0  0  0  0  0  0  0  0  0  0  0  0  0  0  0  0  0  0  0  0  0  0  0  0  0  0  0  0  0  0  0  0  0  0  0  0  0  0  0  0  0  0  0  0  0  6.164138000000037
h  4  3  180.936808  199.479688  216.198973  232.640118  243.159666  254.574109  271.760134  293.297629  316.826661  341.851552  364.695193  381.930436  392.722159  397.783606  397.804374  394.277388  389.154835  383.616909  378.187814  373.203114  368.593102  364.438014  0  0  0  0  0  0  0  0  0  0  0  0  0  0  0  0  0  0  0  0  0  0  0  0  0  0  0  0  0  0  0  0  0  0  0  0  0  0  0  0  0  0  0  0  0  0  0  0  0  0  0  0  0  0  0  0  0  0  0  0  0  0  0  0  0  -0.778033999999991
g  4  4  70.456295  47.305629  28.24668  15.725828  12.654607  21.210851  34.719506  46.621407  51.778521  44.857032  25.114319  -7.659796  -49.306217  -95.663375  -145.44318  -197.751343  -250.9959  -303.637283  -353.437367  -398.627263  -438.532419  -473.513602  0  0  0  0  0  0  0  0  0  0  0  0  0  0  0  0  0  0  0  0  0  0  0  0  0  0  0  0  0  0  0  0  0  0  0  0  0  0  0  0  0  0  0  0  0  0  0  0  0  0  0  0  0  0  0  0  0  0  0  0  0  0  0  0  0  -6.625642999999968
h  4  4  -329.435077  -349.539555  -368.81606  -388.534993  -407.916086  -428.956032  -452.899694  -476.168016  -501.887403  -529.028092  -554.867258  -577.15713  -593.033009  -600.88413  -600.691619  -592.664374  -576.832172  -553.648997  -523.752212  -488.363166  -448.530584  -404.794316  0  0  0  0  0  0  0  0  0  0  0  0  0  0  0  0  0  0  0  0  0  0  0  0  0  0  0  0  0  0  0  0  0  0  0  0  0  0  0  0  0  0  0  0  0  0  0  0  0  0  0  0  0  0  0  0  0  0  0  0  0  0  0  0  0  9.051682000000028
g  5  0  -232.912414  -234.288588  -238.22469  -235.079876  -227.004105  -214.813269  -198.37397  -179.44778  -158.046521  -134.201836  -108.783113  -82.745923  -56.887934  -31.740192  -7.941819  13.908094  33.607961  50.869652  65.28313  76.50698  84.666371  90.287317  0  0  0  0  0  0  0  0  0  0  0  0  0  0  0  0  0  0  0  0  0  0  0  0  0  0  0  0  0  0  0  0  0  0  0  0  0  0  0  0  0  0  0  0  0  0  0  0  0  0  0  0  0  0  0  0  0  0  0  0  0  0  0  0  0  0.9430009999999953
g  5  1  360.386296  363.039996  360.808255  354.023871  346.067307  340.470569  335.986789  330.341726  323.838125  316.497402  309.696872  305.125837  303.263249  303.710242  305.593534  307.881094  309.645881  310.704802  310.92661  310.201161  308.757069  306.848887  0  0  0  0  0  0  0  0  0  0  0  0  0  0  0  0  0  0  0  0  0  0  0  0  0  0  0  0  0  0  0  0  0  0  0  0  0  0  0  0  0  0  0  0  0  0  0  0  0  0  0  0  0  0  0  0  0  0  0  0  0  0  0  0  0  -0.4354240000000118
h  5  1  47.015517  48.057128  44.151331  34.403299  21.846301  8.335722  -7.113248  -23.13512  -39.756907  -58.162405  -78.597739  -101.306161  -124.901378  -148.392659  -171.726143  -194.329768  -215.470369  -235.483193  -255.007358  -274.22984  -293.312089  -311.950051  0  0  0  0  0  0  0  0  0  0  0  0  0  0  0  0  0  0  0  0  0  0  0  0  0  0  0  0  0  0  0  0  0  0  0  0  0  0  0  0  0  0  0  0  0  0  0  0  0  0  0  0  0  0  0  0  0  0  0  0  0  0  0  0  0  -3.6759759999999915
g  5  2  192.342142  188.55464  189.571218  190.585757  192.748878  195.806458  200.255199  206.847294  213.5372  218.661414  222.100668  224.923678  227.776763  230.885397  234.446012  238.648261  242.891555  246.640052  249.526318  251.296404  252.041809  251.617655  0  0  0  0  0  0  0  0  0  0  0  0  0  0  0  0  0  0  0  0  0  0  0  0  0  0  0  0  0  0  0  0  0  0  0  0  0  0  0  0  0  0  0  0  0  0  0  0  0  0  0  0  0  0  0  0  0  0  0  0  0  0  0  0  0  -0.18758799999997677
h  5  2  197.040636  208.233857  226.676356  247.500316  264.254612  276.325464  283.661117  287.860482  288.135373  283.868719  276.736392  267.98633  258.170073  247.920067  237.934025  228.2224  218.507897  208.470448  198.04975  187.228798  176.277531  165.60343  0  0  0  0  0  0  0  0  0  0  0  0  0  0  0  0  0  0  0  0  0  0  0  0  0  0  0  0  0  0  0  0  0  0  0  0  0  0  0  0  0  0  0  0  0  0  0  0  0  0  0  0  0  0  0  0  0  0  0  0  0  0  0  0  0  -2.100988000000001
g  5  3  -140.700344  -140.698961  -135.906431  -129.310098  -126.102079  -123.435473  -120.702684  -118.688415  -115.997592  -112.61847  -108.221636  -102.616478  -95.971994  -88.636649  -80.552914  -72.083678  -63.526507  -54.755692  -46.15257  -37.970328  -30.133626  -22.402232  0  0  0  0  0  0  0  0  0  0  0  0  0  0  0  0  0  0  0  0  0  0  0  0  0  0  0  0  0  0  0  0  0  0  0  0  0  0  0  0  0  0  0  0  0  0  0  0  0  0  0  0  0  0  0  0  0  0  0  0  0  0  0  0  0  1.5382699999999971
h  5  3  -119.330596  -121.552432  -121.033845  -115.140249  -105.874342  -93.439265  -80.399813  -66.498793  -53.54353  -41.790026  -30.515598  -20.341043  -10.861391  -1.338198  7.825498  16.380537  24.49269  31.641302  37.801614  43.473248  49.016629  54.386277  0  0  0  0  0  0  0  0  0  0  0  0  0  0  0  0  0  0  0  0  0  0  0  0  0  0  0  0  0  0  0  0  0  0  0  0  0  0  0  0  0  0  0  0  0  0  0  0  0  0  0  0  0  0  0  0  0  0  0  0  0  0  0  0  0  1.0684719999999999
g  5  4  -157.659405  -150.894602  -141.053566  -126.305016  -110.283742  -95.826624  -82.363033  -69.254414  -54.676226  -37.51014  -18.653735  1.249063  21.298127  40.270421  57.506649  72.722056  85.723505  96.702399  105.960862  113.689032  120.120924  125.423234  0  0  0  0  0  0  0  0  0  0  0  0  0  0  0  0  0  0  0  0  0  0  0  0  0  0  0  0  0  0  0  0  0  0  0  0  0  0  0  0  0  0  0  0  0  0  0  0  0  0  0  0  0  0  0  0  0  0  0  0  0  0  0  0  0  0.9721899999999977
h  5  4  15.891817  32.396757  49.512888  67.064065  83.786677  98.962517  112.36614  124.616219  135.366944  146.262336  156.280415  163.774185  168.248763  170.307607  170.905468  170.861054  170.645194  170.444743  170.551718  171.275473  172.688785  174.606173  0  0  0  0  0  0  0  0  0  0  0  0  0  0  0  0  0  0  0  0  0  0  0  0  0  0  0  0  0  0  0  0  0  0  0  0  0  0  0  0  0  0  0  0  0  0  0  0  0  0  0  0  0  0  0  0  0  0  0  0  0  0  0  0  0  0.4171010000000024
g  5  5  3.981347  14.031343  30.015005  53.806797  82.218329  110.524258  135.440368  153.990389  164.031666  163.23454  150.5928  127.781077  98.409746  66.219548  33.155194  0.134531  -31.703096  -61.180757  -87.219935  -109.050743  -126.617064  -140.259311  0  0  0  0  0  0  0  0  0  0  0  0  0  0  0  0  0  0  0  0  0  0  0  0  0  0  0  0  0  0  0  0  0  0  0  0  0  0  0  0  0  0  0  0  0  0  0  0  0  0  0  0  0  0  0  0  0  0  0  0  0  0  0  0  0  -2.4309450000000083
h  5  5  99.684073  98.838217  97.796949  94.881371  91.19265  85.834901  76.3675  63.345913  46.829535  26.873719  7.234068  -8.435043  -17.528529  -19.141887  -14.054164  -3.188094  12.758569  33.01707  56.867643  83.535837  112.476485  143.176128  0  0  0  0  0  0  0  0  0  0  0  0  0  0  0  0  0  0  0  0  0  0  0  0  0  0  0  0  0  0  0  0  0  0  0  0  0  0  0  0  0  0  0  0  0  0  0  0  0  0  0  0  0  0  0  0  0  0  0  0  0  0  0  0  0  6.246994000000001
g  6  0  69.664898  66.14277  63.943269  60.337352  56.900896  53.057852  50.57571  49.491039  49.20811  48.956732  48.578141  47.925841  46.554695  44.475278  42.069481  39.777427  37.865011  36.59692  35.913778  35.47122  35.028896  34.420359  0  0  0  0  0  0  0  0  0  0  0  0  0  0  0  0  0  0  0  0  0  0  0  0  0  0  0  0  0  0  0  0  0  0  0  0  0  0  0  0  0  0  0  0  0  0  0  0  0  0  0  0  0  0  0  0  0  0  0  0  0  0  0  0  0  -0.1347640000000041
g  6  1  67.664755  65.708793  64.490933  63.024914  61.463328  59.205625  56.592899  53.274691  49.38585  45.650535  42.459676  39.939477  37.828793  35.621795  32.705977  28.91747  24.235788  18.897052  13.468456  8.441468  3.962454  -0.265816  0  0  0  0  0  0  0  0  0  0  0  0  0  0  0  0  0  0  0  0  0  0  0  0  0  0  0  0  0  0  0  0  0  0  0  0  0  0  0  0  0  0  0  0  0  0  0  0  0  0  0  0  0  0  0  0  0  0  0  0  0  0  0  0  0  -0.8372329999999999
h  6  1  -20.590335  -19.624699  -25.896645  -35.282048  -47.418184  -59.537668  -71.087886  -81.801718  -92.902292  -105.020793  -117.595296  -130.259588  -142.908638  -155.359477  -167.008612  -177.527479  -186.487781  -193.180441  -197.059505  -197.898267  -196.07457  -192.505066  0  0  0  0  0  0  0  0  0  0  0  0  0  0  0  0  0  0  0  0  0  0  0  0  0  0  0  0  0  0  0  0  0  0  0  0  0  0  0  0  0  0  0  0  0  0  0  0  0  0  0  0  0  0  0  0  0  0  0  0  0  0  0  0  0  0.8166420000000016
g  6  2  73.124378  72.925407  75.411181  76.150258  74.59244  71.527843  68.056541  63.602475  59.202656  55.301547  51.965402  49.717141  48.648981  49.014765  50.793794  53.435691  56.513528  59.79814  63.078367  66.333838  69.699281  73.280979  0  0  0  0  0  0  0  0  0  0  0  0  0  0  0  0  0  0  0  0  0  0  0  0  0  0  0  0  0  0  0  0  0  0  0  0  0  0  0  0  0  0  0  0  0  0  0  0  0  0  0  0  0  0  0  0  0  0  0  0  0  0  0  0  0  0.7374570000000062
h  6  2  33.18716  25.308443  18.874382  11.911283  4.343682  -1.634117  -5.883693  -8.650067  -10.258428  -11.807369  -14.308997  -18.069035  -23.156501  -29.808921  -38.409202  -48.541661  -59.664945  -71.301417  -82.901072  -93.857869  -103.817432  -112.782786  0  0  0  0  0  0  0  0  0  0  0  0  0  0  0  0  0  0  0  0  0  0  0  0  0  0  0  0  0  0  0  0  0  0  0  0  0  0  0  0  0  0  0  0  0  0  0  0  0  0  0  0  0  0  0  0  0  0  0  0  0  0  0  0  0  -1.7123229999999978
g  6  3  -129.887162  -121.358907  -113.693796  -105.906211  -98.727526  -91.380566  -84.084724  -77.601019  -72.185773  -67.54461  -63.997785  -61.430392  -59.375682  -57.436831  -55.250729  -52.554617  -49.251222  -45.021675  -39.747096  -33.508213  -26.907061  -20.466906  0  0  0  0  0  0  0  0  0  0  0  0  0  0  0  0  0  0  0  0  0  0  0  0  0  0  0  0  0  0  0  0  0  0  0  0  0  0  0  0  0  0  0  0  0  0  0  0  0  0  0  0  0  0  0  0  0  0  0  0  0  0  0  0  0  1.2663509999999967
h  6  3  59.011182  52.871408  48.787659  45.920677  42.171424  36.364826  29.579231  22.710504  16.023982  9.931528  5.24418  2.363261  1.55125  3.405495  8.334823  16.031161  25.953589  37.328137  49.24036  60.858274  71.657178  81.480056  0  0  0  0  0  0  0  0  0  0  0  0  0  0  0  0  0  0  0  0  0  0  0  0  0  0  0  0  0  0  0  0  0  0  0  0  0  0  0  0  0  0  0  0  0  0  0  0  0  0  0  0  0  0  0  0  0  0  0  0  0  0  0  0  0  1.887391000000008
g  6  4  -28.912884  -36.118827  -41.731332  -48.692082  -56.246216  -63.807131  -68.727561  -72.772007  -75.636608  -76.941782  -76.83849  -74.6341  -70.555596  -65.693752  -60.368604  -54.768658  -49.210277  -43.659997  -37.991798  -32.029427  -25.656231  -18.949663  0  0  0  0  0  0  0  0  0  0  0  0  0  0  0  0  0  0  0  0  0  0  0  0  0  0  0  0  0  0  0  0  0  0  0  0  0  0  0  0  0  0  0  0  0  0  0  0  0  0  0  0  0  0  0  0  0  0  0  0  0  0  0  0  0  1.3575099999999978
h  6  4  -66.847323  -64.523047  -62.410953  -57.527842  -52.713682  -47.354196  -40.951327  -34.755605  -28.324776  -22.645687  -17.749235  -13.332112  -9.469422  -6.02398  -2.642308  0.640165  4.106425  8.074933  12.616024  17.678589  22.865024  27.672014  0  0  0  0  0  0  0  0  0  0  0  0  0  0  0  0  0  0  0  0  0  0  0  0  0  0  0  0  0  0  0  0  0  0  0  0  0  0  0  0  0  0  0  0  0  0  0  0  0  0  0  0  0  0  0  0  0  0  0  0  0  0  0  0  0  0.9161339999999996
g  6  5  13.182516  14.117943  16.679606  20.520815  24.332869  27.645148  30.731963  33.095942  35.813365  39.259997  43.239261  47.324781  51.02409  53.684163  54.937127  54.460117  51.832539  46.86009  39.716333  30.857607  20.757187  9.656379  0  0  0  0  0  0  0  0  0  0  0  0  0  0  0  0  0  0  0  0  0  0  0  0  0  0  0  0  0  0  0  0  0  0  0  0  0  0  0  0  0  0  0  0  0  0  0  0  0  0  0  0  0  0  0  0  0  0  0  0  0  0  0  0  0  -2.288209
h  6  5  7.077258  8.933266  9.230766  9.275357  8.374588  6.954693  4.990611  3.372114  2.854529  3.730467  4.374954  3.706103  1.314201  -3.077134  -9.344621  -17.223395  -26.567952  -36.946306  -47.772796  -58.488818  -68.673042  -78.045165  0  0  0  0  0  0  0  0  0  0  0  0  0  0  0  0  0  0  0  0  0  0  0  0  0  0  0  0  0  0  0  0  0  0  0  0  0  0  0  0  0  0  0  0  0  0  0  0  0  0  0  0  0  0  0  0  0  0  0  0  0  0  0  0  0  -1.798642000000001
g  6  6  -71.058678  -64.733076  -55.234624  -43.15493  -31.067842  -20.297465  -11.37274  -5.580047  -3.860316  -7.585758  -17.162903  -31.289798  -47.614165  -63.998296  -79.399388  -93.248992  -104.982561  -114.064199  -120.115403  -123.018223  -123.041607  -120.607921  0  0  0  0  0  0  0  0  0  0  0  0  0  0  0  0  0  0  0  0  0  0  0  0  0  0  0  0  0  0  0  0  0  0  0  0  0  0  0  0  0  0  0  0  0  0  0  0  0  0  0  0  0  0  0  0  0  0  0  0  0  0  0  0  0  0.6648689999999959
h  6  6  62.614176  68.200297  74.296128  80.253002  86.098755  90.045846  90.406564  87.132557  80.580771  71.402117  61.570172  53.634259  49.342543  48.912723  51.838069  57.532503  65.520965  75.242905  86.089561  97.495981  109.044672  120.452765  0  0  0  0  0  0  0  0  0  0  0  0  0  0  0  0  0  0  0  0  0  0  0  0  0  0  0  0  0  0  0  0  0  0  0  0  0  0  0  0  0  0  0  0  0  0  0  0  0  0  0  0  0  0  0  0  0  0  0  0  0  0  0  0  0  2.254048999999995
g  7  0  81.15265  80.489378  78.684139  77.597018  76.543672  75.468555  73.912082  71.938862  69.897317  67.980992  66.049815  64.225289  62.851207  62.002043  61.437443  60.931214  60.34724  59.629033  58.938057  58.369137  57.812656  57.037551  0  0  0  0  0  0  0  0  0  0  0  0  0  0  0  0  0  0  0  0  0  0  0  0  0  0  0  0  0  0  0  0  0  0  0  0  0  0  0  0  0  0  0  0  0  0  0  0  0  0  0  0  0  0  0  0  0  0  0  0  0  0  0  0  0  -0.18107599999999735
g  7  1  -75.908314  -76.702159  -78.50509  -81.622593  -83.994962  -85.432062  -86.580656  -87.335097  -88.083575  -89.328832  -91.121834  -93.035099  -95.022402  -97.086316  -99.009383  -100.616187  -101.79617  -102.371954  -102.275374  -101.67992  -100.741942  -99.422774  0  0  0  0  0  0  0  0  0  0  0  0  0  0  0  0  0  0  0  0  0  0  0  0  0  0  0  0  0  0  0  0  0  0  0  0  0  0  0  0  0  0  0  0  0  0  0  0  0  0  0  0  0  0  0  0  0  0  0  0  0  0  0  0  0  0.29385899999999765
h  7  1  -54.28541  -51.647142  -52.126988  -53.218378  -53.5972  -53.9772  -53.854385  -53.372673  -52.730217  -52.18049  -51.763287  -51.259747  -50.447126  -49.318572  -48.104453  -46.747373  -45.125926  -43.332716  -41.524405  -39.884374  -38.532801  -37.39206  0  0  0  0  0  0  0  0  0  0  0  0  0  0  0  0  0  0  0  0  0  0  0  0  0  0  0  0  0  0  0  0  0  0  0  0  0  0  0  0  0  0  0  0  0  0  0  0  0  0  0  0  0  0  0  0  0  0  0  0  0  0  0  0  0  0.21782499999999771
g  7  2  -6.906412  -8.386145  -9.769239  -11.595723  -12.598438  -14.141525  -15.54017  -16.292053  -16.382214  -16.015663  -15.569329  -14.754433  -13.459366  -11.783905  -9.90663  -7.998304  -6.218544  -4.561637  -2.858071  -1.137975  0.537448  2.084752  0  0  0  0  0  0  0  0  0  0  0  0  0  0  0  0  0  0  0  0  0  0  0  0  0  0  0  0  0  0  0  0  0  0  0  0  0  0  0  0  0  0  0  0  0  0  0  0  0  0  0  0  0  0  0  0  0  0  0  0  0  0  0  0  0  0.2907219999999999
h  7  2  -19.36305  -16.896737  -14.204798  -11.003796  -6.933134  -1.777372  3.759303  8.743502  12.538275  14.670271  15.188389  14.376815  12.214096  8.67838  4.037443  -1.299592  -7.028343  -12.866019  -18.663072  -24.421156  -30.088383  -35.491029  0  0  0  0  0  0  0  0  0  0  0  0  0  0  0  0  0  0  0  0  0  0  0  0  0  0  0  0  0  0  0  0  0  0  0  0  0  0  0  0  0  0  0  0  0  0  0  0  0  0  0  0  0  0  0  0  0  0  0  0  0  0  0  0  0  -1.053165
g  7  3  51.511826  56.369373  60.139362  64.180277  67.309794  68.858929  69.55966  69.018456  68.117836  67.159489  66.01216  64.9085  64.191519  64.023946  64.221247  64.345553  64.041799  63.121692  61.517386  59.408154  57.040356  54.404172  0  0  0  0  0  0  0  0  0  0  0  0  0  0  0  0  0  0  0  0  0  0  0  0  0  0  0  0  0  0  0  0  0  0  0  0  0  0  0  0  0  0  0  0  0  0  0  0  0  0  0  0  0  0  0  0  0  0  0  0  0  0  0  0  0  -0.5550730000000001
h  7  3  5.312452  2.094975  -1.518617  -4.671159  -8.370123  -11.387021  -12.867919  -13.343588  -12.062336  -9.807761  -6.847264  -3.318641  0.320289  3.830661  6.912318  9.310254  11.161357  12.717966  14.329334  16.257577  18.520501  21.002777  0  0  0  0  0  0  0  0  0  0  0  0  0  0  0  0  0  0  0  0  0  0  0  0  0  0  0  0  0  0  0  0  0  0  0  0  0  0  0  0  0  0  0  0  0  0  0  0  0  0  0  0  0  0  0  0  0  0  0  0  0  0  0  0  0  0.5105359999999983
g  7  4  15.310886  15.931039  16.249325  16.011395  16.203581  16.699989  17.228228  17.362912  16.686655  15.250837  13.738032  12.21084  10.636819  8.987561  7.325779  5.862277  4.825599  4.306382  4.102407  3.988826  3.841193  3.664746  0  0  0  0  0  0  0  0  0  0  0  0  0  0  0  0  0  0  0  0  0  0  0  0  0  0  0  0  0  0  0  0  0  0  0  0  0  0  0  0  0  0  0  0  0  0  0  0  0  0  0  0  0  0  0  0  0  0  0  0  0  0  0  0  0  -0.04093899999999984
h  7  4  24.538208  23.691267  23.378006  23.244851  22.435547  20.004635  16.807428  14.074484  11.961907  10.918309  11.231127  12.676596  14.98972  18.058407  21.719419  25.602359  29.563604  33.463857  37.152386  40.559108  43.695915  46.513862  0  0  0  0  0  0  0  0  0  0  0  0  0  0  0  0  0  0  0  0  0  0  0  0  0  0  0  0  0  0  0  0  0  0  0  0  0  0  0  0  0  0  0  0  0  0  0  0  0  0  0  0  0  0  0  0  0  0  0  0  0  0  0  0  0  0.536442000000001
g  7  5  9.255252  6.19935  1.465693  -3.492732  -7.324955  -10.493092  -12.969813  -14.699364  -16.486668  -18.069752  -19.206324  -19.777902  -19.939213  -20.035249  -20.312771  -20.904154  -21.844604  -23.125672  -24.670644  -26.38465  -28.177645  -29.960319  0  0  0  0  0  0  0  0  0  0  0  0  0  0  0  0  0  0  0  0  0  0  0  0  0  0  0  0  0  0  0  0  0  0  0  0  0  0  0  0  0  0  0  0  0  0  0  0  0  0  0  0  0  0  0  0  0  0  0  0  0  0  0  0  0  -0.35726699999999667
h  7  5  3.280458  -2.217898  -7.442375  -12.047707  -16.43323  -20.412882  -23.312566  -26.293346  -29.551525  -32.698304  -35.273687  -37.097674  -38.269103  -38.87949  -39.075781  -38.95957  -38.675602  -38.278843  -37.88318  -37.551271  -37.234442  -36.955455  0  0  0  0  0  0  0  0  0  0  0  0  0  0  0  0  0  0  0  0  0  0  0  0  0  0  0  0  0  0  0  0  0  0  0  0  0  0  0  0  0  0  0  0  0  0  0  0  0  0  0  0  0  0  0  0  0  0  0  0  0  0  0  0  0  0.049013000000002194
g  7  6  -3.067415  -7.137189  -10.916541  -14.272194  -18.227346  -22.606939  -26.865862  -30.766579  -33.772818  -35.330946  -35.58834  -34.926269  -33.603038  -31.99733  -30.347615  -28.843372  -27.681714  -26.945196  -26.571372  -26.486783  -26.628631  -26.974055  0  0  0  0  0  0  0  0  0  0  0  0  0  0  0  0  0  0  0  0  0  0  0  0  0  0  0  0  0  0  0  0  0  0  0  0  0  0  0  0  0  0  0  0  0  0  0  0  0  0  0  0  0  0  0  0  0  0  0  0  0  0  0  0  0  -0.08510300000000015
h  7  6  -27.625175  -27.312125  -25.818963  -23.411881  -20.432284  -17.229219  -14.011741  -10.542983  -6.477551  -2.557171  0.382797  2.003423  2.025709  0.506715  -2.300624  -6.066097  -10.431771  -14.947642  -19.266893  -23.160412  -26.518443  -29.347932  0  0  0  0  0  0  0  0  0  0  0  0  0  0  0  0  0  0  0  0  0  0  0  0  0  0  0  0  0  0  0  0  0  0  0  0  0  0  0  0  0  0  0  0  0  0  0  0  0  0  0  0  0  0  0  0  0  0  0  0  0  0  0  0  0  -0.524909000000001
g  7  7  6.671053  9.959049  16.139655  23.390738  30.826195  37.112958  41.470964  43.039848  41.167583  35.234376  25.524898  13.154868  -0.213877  -12.944905  -24.176494  -33.407367  -40.280796  -44.586956  -46.258226  -45.420118  -42.406169  -37.564417  0  0  0  0  0  0  0  0  0  0  0  0  0  0  0  0  0  0  0  0  0  0  0  0  0  0  0  0  0  0  0  0  0  0  0  0  0  0  0  0  0  0  0  0  0  0  0  0  0  0  0  0  0  0  0  0  0  0  0  0  0  0  0  0  0  1.0978619999999992
h  7  7  -2.297005  -2.089607  -2.030747  -3.285338  -5.439026  -9.294574  -15.241501  -23.058276  -32.065907  -41.441877  -49.73533  -55.198708  -56.949918  -55.313795  -50.914322  -44.363058  -36.317073  -27.417803  -18.304745  -9.586914  -1.711906  5.053356  0  0  0  0  0  0  0  0  0  0  0  0  0  0  0  0  0  0  0  0  0  0  0  0  0  0  0  0  0  0  0  0  0  0  0  0  0  0  0  0  0  0  0  0  0  0  0  0  0  0  0  0  0  0  0  0  0  0  0  0  0  0  0  0  0  1.2529080000000001
g  8  0  24.002886  23.785792  24.539736  25.540065  26.545071  27.14696  27.455353  27.749441  28.131166  28.761276  29.516735  30.30191  31.278784  32.562993  34.133431  35.966597  37.901516  39.743952  41.381709  42.687891  43.633709  44.334867  0  0  0  0  0  0  0  0  0  0  0  0  0  0  0  0  0  0  0  0  0  0  0  0  0  0  0  0  0  0  0  0  0  0  0  0  0  0  0  0  0  0  0  0  0  0  0  0  0  0  0  0  0  0  0  0  0  0  0  0  0  0  0  0  0  0.12503700000000606
g  8  1  8.68771  9.793489  12.501142  15.493385  17.947861  19.551329  20.251958  20.229935  19.741189  18.892601  17.945738  17.006072  16.140122  15.479212  15.085491  14.978837  15.124451  15.520206  16.15014  16.953418  17.829725  18.646927  0  0  0  0  0  0  0  0  0  0  0  0  0  0  0  0  0  0  0  0  0  0  0  0  0  0  0  0  0  0  0  0  0  0  0  0  0  0  0  0  0  0  0  0  0  0  0  0  0  0  0  0  0  0  0  0  0  0  0  0  0  0  0  0  0  0.15565400000000196
h  8  1  10.102732  8.086996  4.778718  1.647529  -1.558286  -4.467918  -6.935559  -8.919894  -10.429674  -11.805986  -13.069154  -14.13779  -15.07287  -15.937536  -16.644905  -17.106924  -17.207518  -16.850112  -16.053863  -14.98993  -13.838524  -12.709022  0  0  0  0  0  0  0  0  0  0  0  0  0  0  0  0  0  0  0  0  0  0  0  0  0  0  0  0  0  0  0  0  0  0  0  0  0  0  0  0  0  0  0  0  0  0  0  0  0  0  0  0  0  0  0  0  0  0  0  0  0  0  0  0  0  0.22146800000000155
g  8  2  -16.824436  -17.885572  -18.062948  -17.788041  -16.84002  -15.264643  -13.616438  -12.046677  -11.088192  -10.970967  -11.545314  -12.6458  -14.104689  -15.641873  -16.990433  -18.107445  -18.990738  -19.629805  -19.99697  -20.006299  -19.61265  -18.882007  0  0  0  0  0  0  0  0  0  0  0  0  0  0  0  0  0  0  0  0  0  0  0  0  0  0  0  0  0  0  0  0  0  0  0  0  0  0  0  0  0  0  0  0  0  0  0  0  0  0  0  0  0  0  0  0  0  0  0  0  0  0  0  0  0  0.16770700000000005
h  8  2  -18.467009  -15.435572  -14.503733  -14.769663  -15.383521  -16.133521  -17.237373  -18.57013  -19.838026  -21.183038  -22.457056  -23.437982  -23.84679  -23.633844  -23.030016  -22.115932  -20.916231  -19.487115  -17.79595  -15.712105  -13.265867  -10.653809  0  0  0  0  0  0  0  0  0  0  0  0  0  0  0  0  0  0  0  0  0  0  0  0  0  0  0  0  0  0  0  0  0  0  0  0  0  0  0  0  0  0  0  0  0  0  0  0  0  0  0  0  0  0  0  0  0  0  0  0  0  0  0  0  0  0.5302099999999985
g  8  3  -3.129099  -0.779929  1.398872  3.515867  5.29124  6.380884  6.499501  6.627392  6.990673  7.530904  7.982879  8.231325  8.351585  8.612202  9.155573  10.028682  11.207323  12.567533  13.995784  15.30999  16.298294  16.931319  0  0  0  0  0  0  0  0  0  0  0  0  0  0  0  0  0  0  0  0  0  0  0  0  0  0  0  0  0  0  0  0  0  0  0  0  0  0  0  0  0  0  0  0  0  0  0  0  0  0  0  0  0  0  0  0  0  0  0  0  0  0  0  0  0  0.10205399999999898
h  8  3  13.284389  12.830599  13.104983  13.512289  14.509271  15.96151  17.260896  18.421684  19.371528  20.144799  20.765691  21.345658  21.814888  22.161994  22.583994  23.231842  23.942602  24.535267  24.91452  25.033482  24.844019  24.303934  0  0  0  0  0  0  0  0  0  0  0  0  0  0  0  0  0  0  0  0  0  0  0  0  0  0  0  0  0  0  0  0  0  0  0  0  0  0  0  0  0  0  0  0  0  0  0  0  0  0  0  0  0  0  0  0  0  0  0  0  0  0  0  0  0  -0.1348969999999987
g  8  4  -20.668998  -21.002399  -22.708049  -23.877045  -24.423498  -25.09014  -26.245174  -27.535963  -29.099685  -30.393851  -31.511655  -32.529633  -33.118667  -33.385465  -33.490158  -33.415436  -33.242971  -32.989071  -32.534841  -31.771145  -30.67631  -29.343854  0  0  0  0  0  0  0  0  0  0  0  0  0  0  0  0  0  0  0  0  0  0  0  0  0  0  0  0  0  0  0  0  0  0  0  0  0  0  0  0  0  0  0  0  0  0  0  0  0  0  0  0  0  0  0  0  0  0  0  0  0  0  0  0  0  0.2788390000000014
h  8  4  -14.710567  -11.839133  -10.608877  -9.964019  -9.274178  -8.904349  -8.189572  -7.010272  -5.115069  -2.57092  0.176366  3.282256  6.830554  10.621822  14.614855  18.717413  22.846607  27.082143  31.418924  35.750724  39.859322  43.533607  0  0  0  0  0  0  0  0  0  0  0  0  0  0  0  0  0  0  0  0  0  0  0  0  0  0  0  0  0  0  0  0  0  0  0  0  0  0  0  0  0  0  0  0  0  0  0  0  0  0  0  0  0  0  0  0  0  0  0  0  0  0  0  0  0  0.6949840000000052
g  8  5  13.321577  15.337055  16.33258  17.161412  18.605221  20.106071  21.338788  22.052216  22.389455  22.585911  22.921283  23.37734  23.9094  24.478752  24.965832  25.251617  25.263566  24.895987  24.04164  22.73913  21.15549  19.434192  0  0  0  0  0  0  0  0  0  0  0  0  0  0  0  0  0  0  0  0  0  0  0  0  0  0  0  0  0  0  0  0  0  0  0  0  0  0  0  0  0  0  0  0  0  0  0  0  0  0  0  0  0  0  0  0  0  0  0  0  0  0  0  0  0  -0.3485890000000005
h  8  5  16.156268  14.744394  11.860652  7.832799  2.876222  -2.195586  -6.708806  -10.525463  -13.358674  -15.113685  -15.82972  -15.85079  -15.449169  -14.777994  -13.966839  -13.206194  -12.65114  -12.35845  -12.334032  -12.510589  -12.824812  -13.191994  0  0  0  0  0  0  0  0  0  0  0  0  0  0  0  0  0  0  0  0  0  0  0  0  0  0  0  0  0  0  0  0  0  0  0  0  0  0  0  0  0  0  0  0  0  0  0  0  0  0  0  0  0  0  0  0  0  0  0  0  0  0  0  0  0  -0.07442899999999852
g  8  6  11.679312  13.578678  11.811254  8.75833  5.261642  2.065369  -0.6615  -2.819167  -4.326409  -5.250073  -5.747367  -5.683198  -5.160212  -4.395882  -3.3788  -2.163233  -0.876008  0.358888  1.444286  2.287641  2.853522  3.09916  0  0  0  0  0  0  0  0  0  0  0  0  0  0  0  0  0  0  0  0  0  0  0  0  0  0  0  0  0  0  0  0  0  0  0  0  0  0  0  0  0  0  0  0  0  0  0  0  0  0  0  0  0  0  0  0  0  0  0  0  0  0  0  0  0  0.023044000000000064
h  8  6  5.488173  3.626011  2.445962  1.966052  1.886996  2.517092  3.705325  4.958052  6.099584  7.269363  8.642964  10.26666  12.051218  13.986407  15.968639  17.746992  19.129535  19.952987  20.07362  19.549944  18.504051  17.089518  0  0  0  0  0  0  0  0  0  0  0  0  0  0  0  0  0  0  0  0  0  0  0  0  0  0  0  0  0  0  0  0  0  0  0  0  0  0  0  0  0  0  0  0  0  0  0  0  0  0  0  0  0  0  0  0  0  0  0  0  0  0  0  0  0  -0.3030629999999981
g  8  7  -15.770497  -16.705462  -17.502451  -18.25842  -18.805926  -19.223202  -19.545452  -19.543169  -18.995785  -17.786946  -16.24893  -14.787272  -13.58135  -12.830673  -12.530265  -12.508012  -12.629139  -12.768396  -12.762782  -12.495726  -11.995179  -11.376914  0  0  0  0  0  0  0  0  0  0  0  0  0  0  0  0  0  0  0  0  0  0  0  0  0  0  0  0  0  0  0  0  0  0  0  0  0  0  0  0  0  0  0  0  0  0  0  0  0  0  0  0  0  0  0  0  0  0  0  0  0  0  0  0  0  0.1275460000000006
h  8  7  -9.024855  -7.015918  -4.374421  -1.788918  0.259676  2.389298  4.567842  6.751923  8.738467  10.209805  10.870997  10.764108  9.925676  8.547916  6.895038  5.081623  3.179894  1.32133  -0.386734  -1.894906  -3.183402  -4.252327  0  0  0  0  0  0  0  0  0  0  0  0  0  0  0  0  0  0  0  0  0  0  0  0  0  0  0  0  0  0  0  0  0  0  0  0  0  0  0  0  0  0  0  0  0  0  0  0  0  0  0  0  0  0  0  0  0  0  0  0  0  0  0  0  0  -0.19734799999999986
g  8  8  -1.935346  -0.31289  2.575387  5.624871  8.013932  9.533419  9.786758  8.510351  5.570032  0.862846  -5.378425  -12.536595  -19.6079  -25.685401  -30.276824  -33.044535  -33.878218  -32.87473  -30.221919  -26.224758  -21.29183  -15.765634  0  0  0  0  0  0  0  0  0  0  0  0  0  0  0  0  0  0  0  0  0  0  0  0  0  0  0  0  0  0  0  0  0  0  0  0  0  0  0  0  0  0  0  0  0  0  0  0  0  0  0  0  0  0  0  0  0  0  0  0  0  0  0  0  0  1.1380919999999985
h  8  8  2.179514  2.807228  2.453486  1.116339  -1.082601  -4.140786  -7.732933  -11.833879  -16.265981  -20.558364  -23.825408  -25.174994  -24.28625  -21.531224  -17.408741  -12.393291  -6.992723  -1.654727  3.176582  7.136466  10.025499  11.762608  0  0  0  0  0  0  0  0  0  0  0  0  0  0  0  0  0  0  0  0  0  0  0  0  0  0  0  0  0  0  0  0  0  0  0  0  0  0  0  0  0  0  0  0  0  0  0  0  0  0  0  0  0  0  0  0  0  0  0  0  0  0  0  0  0  0.25297199999999975
g  9  0  5.105947  5.011685  5.085323  5.115137  5.094691  5.08044  5.318207  5.708898  6.185184  6.608569  6.738171  6.521101  6.002368  5.14086  3.881156  2.254697  0.426573  -1.418911  -3.11353  -4.516342  -5.618341  -6.521683  0  0  0  0  0  0  0  0  0  0  0  0  0  0  0  0  0  0  0  0  0  0  0  0  0  0  0  0  0  0  0  0  0  0  0  0  0  0  0  0  0  0  0  0  0  0  0  0  0  0  0  0  0  0  0  0  0  0  0  0  0  0  0  0  0  -0.16929499999999997
g  9  1  8.86473  8.456403  8.814176  9.044757  9.217471  9.214647  9.161534  9.126259  9.174687  9.277576  9.427246  9.604001  9.79621  10.076831  10.451007  10.838317  11.164184  11.359088  11.438698  11.476563  11.5236  11.609821  0  0  0  0  0  0  0  0  0  0  0  0  0  0  0  0  0  0  0  0  0  0  0  0  0  0  0  0  0  0  0  0  0  0  0  0  0  0  0  0  0  0  0  0  0  0  0  0  0  0  0  0  0  0  0  0  0  0  0  0  0  0  0  0  0  0.02213500000000046
h  9  1  -21.57191  -23.32891  -24.470924  -25.138956  -25.427901  -25.254406  -24.593639  -23.522898  -22.177827  -20.596233  -18.860871  -17.109852  -15.406597  -13.842672  -12.485717  -11.264104  -10.13047  -9.032256  -7.8802  -6.642399  -5.367993  -4.110432  0  0  0  0  0  0  0  0  0  0  0  0  0  0  0  0  0  0  0  0  0  0  0  0  0  0  0  0  0  0  0  0  0  0  0  0  0  0  0  0  0  0  0  0  0  0  0  0  0  0  0  0  0  0  0  0  0  0  0  0  0  0  0  0  0  0.2485589999999993
g  9  2  2.767584  2.750079  2.806761  3.027229  3.381034  3.724142  3.826569  3.689579  3.268624  2.611811  1.97404  1.403987  0.888189  0.385368  -0.126902  -0.600325  -1.024029  -1.387971  -1.706765  -2.016488  -2.340091  -2.665717  0  0  0  0  0  0  0  0  0  0  0  0  0  0  0  0  0  0  0  0  0  0  0  0  0  0  0  0  0  0  0  0  0  0  0  0  0  0  0  0  0  0  0  0  0  0  0  0  0  0  0  0  0  0  0  0  0  0  0  0  0  0  0  0  0  -0.06485500000000011
h  9  2  10.594652  10.978127  10.539652  9.585158  8.257725  6.575375  4.605445  2.577838  0.402871  -1.899948  -4.091786  -6.081353  -7.727909  -8.902191  -9.550409  -9.727306  -9.492375  -8.94127  -8.199724  -7.416907  -6.656288  -5.857902  0  0  0  0  0  0  0  0  0  0  0  0  0  0  0  0  0  0  0  0  0  0  0  0  0  0  0  0  0  0  0  0  0  0  0  0  0  0  0  0  0  0  0  0  0  0  0  0  0  0  0  0  0  0  0  0  0  0  0  0  0  0  0  0  0  0.16415299999999977
g  9  3  -3.349815  -1.394662  -0.055801  1.007663  2.463173  3.948744  5.319512  6.563256  7.398795  7.966958  8.259435  8.27679  8.155052  7.965773  7.751658  7.557471  7.370322  7.152799  6.944512  6.819263  6.83026  6.943717  0  0  0  0  0  0  0  0  0  0  0  0  0  0  0  0  0  0  0  0  0  0  0  0  0  0  0  0  0  0  0  0  0  0  0  0  0  0  0  0  0  0  0  0  0  0  0  0  0  0  0  0  0  0  0  0  0  0  0  0  0  0  0  0  0  0.028390000000000803
h  9  3  11.99419  10.148692  9.6076  9.808615  10.366647  10.828101  11.440815  11.866539  12.233366  12.626824  12.915353  13.172779  13.46775  13.793567  14.145851  14.526177  14.906137  15.265363  15.620202  15.949122  16.204514  16.3183  0  0  0  0  0  0  0  0  0  0  0  0  0  0  0  0  0  0  0  0  0  0  0  0  0  0  0  0  0  0  0  0  0  0  0  0  0  0  0  0  0  0  0  0  0  0  0  0  0  0  0  0  0  0  0  0  0  0  0  0  0  0  0  0  0  0.006752000000002312
g  9  4  0.822441  -1.067996  -1.961932  -2.553751  -3.031924  -3.228736  -3.187608  -2.866696  -2.288001  -1.645911  -1.049826  -0.505165  -0.033824  0.353893  0.646934  0.848703  1.004849  1.131187  1.219248  1.290622  1.416986  1.651501  0  0  0  0  0  0  0  0  0  0  0  0  0  0  0  0  0  0  0  0  0  0  0  0  0  0  0  0  0  0  0  0  0  0  0  0  0  0  0  0  0  0  0  0  0  0  0  0  0  0  0  0  0  0  0  0  0  0  0  0  0  0  0  0  0  0.056050000000000155
h  9  4  -6.663338  -5.303208  -3.80599  -2.092567  -0.546659  0.540703  1.126191  1.442589  1.707677  1.958297  2.208102  2.495503  2.905924  3.488667  4.305603  5.389775  6.705908  8.208051  9.877673  11.688877  13.593061  15.466788  0  0  0  0  0  0  0  0  0  0  0  0  0  0  0  0  0  0  0  0  0  0  0  0  0  0  0  0  0  0  0  0  0  0  0  0  0  0  0  0  0  0  0  0  0  0  0  0  0  0  0  0  0  0  0  0  0  0  0  0  0  0  0  0  0  0.36521599999999843
g  9  5  -13.314394  -13.084533  -13.359368  -13.436065  -13.044774  -12.364333  -11.82903  -11.319531  -10.918544  -10.612823  -10.152356  -9.636783  -9.202022  -8.832882  -8.637803  -8.720741  -9.031515  -9.557146  -10.304708  -11.213765  -12.192148  -13.130835  0  0  0  0  0  0  0  0  0  0  0  0  0  0  0  0  0  0  0  0  0  0  0  0  0  0  0  0  0  0  0  0  0  0  0  0  0  0  0  0  0  0  0  0  0  0  0  0  0  0  0  0  0  0  0  0  0  0  0  0  0  0  0  0  0  -0.18073699999999882
h  9  5  -7.033417  -6.308199  -6.741412  -7.377951  -7.791555  -8.455245  -9.156494  -9.680707  -10.143951  -10.412763  -10.572486  -10.740029  -10.849892  -10.968207  -11.181188  -11.439457  -11.692494  -11.931046  -12.132838  -12.299313  -12.433731  -12.576686  0  0  0  0  0  0  0  0  0  0  0  0  0  0  0  0  0  0  0  0  0  0  0  0  0  0  0  0  0  0  0  0  0  0  0  0  0  0  0  0  0  0  0  0  0  0  0  0  0  0  0  0  0  0  0  0  0  0  0  0  0  0  0  0  0  -0.03265600000000113
g  9  6  -0.150639  0.713554  1.330105  2.120227  2.743646  2.763478  2.183605  1.07325  -0.451683  -2.082598  -3.564712  -4.899198  -6.037047  -6.926784  -7.587612  -8.108041  -8.553312  -8.966831  -9.339995  -9.650321  -9.855161  -9.89466  0  0  0  0  0  0  0  0  0  0  0  0  0  0  0  0  0  0  0  0  0  0  0  0  0  0  0  0  0  0  0  0  0  0  0  0  0  0  0  0  0  0  0  0  0  0  0  0  0  0  0  0  0  0  0  0  0  0  0  0  0  0  0  0  0  0.006515999999999522
h  9  6  7.791998  7.884436  7.526077  6.94256  5.999943  4.8526  3.595136  2.37088  1.51664  1.193185  1.280613  1.67765  2.297033  3.018369  3.786263  4.593285  5.444898  6.309282  7.136164  7.899232  8.604389  9.245723  0  0  0  0  0  0  0  0  0  0  0  0  0  0  0  0  0  0  0  0  0  0  0  0  0  0  0  0  0  0  0  0  0  0  0  0  0  0  0  0  0  0  0  0  0  0  0  0  0  0  0  0  0  0  0  0  0  0  0  0  0  0  0  0  0  0.12125499999999967
g  9  7  8.462481  8.47853  6.643054  4.193401  1.416136  -1.247438  -3.572342  -5.546192  -7.145392  -8.450497  -9.560506  -10.446708  -11.213419  -11.972835  -12.71753  -13.411366  -14.074242  -14.773902  -15.519008  -16.273027  -16.991384  -17.659125  0  0  0  0  0  0  0  0  0  0  0  0  0  0  0  0  0  0  0  0  0  0  0  0  0  0  0  0  0  0  0  0  0  0  0  0  0  0  0  0  0  0  0  0  0  0  0  0  0  0  0  0  0  0  0  0  0  0  0  0  0  0  0  0  0  -0.12903799999999777
h  9  7  1.076033  0.546887  -0.58266  -1.373684  -1.742285  -1.74742  -1.562918  -1.306822  -1.029524  -0.678185  -0.185613  0.38152  0.961955  1.519721  1.998463  2.333531  2.471266  2.394847  2.157392  1.841838  1.541075  1.326065  0  0  0  0  0  0  0  0  0  0  0  0  0  0  0  0  0  0  0  0  0  0  0  0  0  0  0  0  0  0  0  0  0  0  0  0  0  0  0  0  0  0  0  0  0  0  0  0  0  0  0  0  0  0  0  0  0  0  0  0  0  0  0  0  0  -0.0343389999999999
g  9  8  -9.167801  -9.283119  -9.193662  -8.654314  -7.927538  -7.135337  -6.307185  -5.327101  -4.059495  -2.480793  -0.839739  0.648528  1.86714  2.629818  2.883955  2.704269  2.164911  1.330416  0.270763  -0.923902  -2.189732  -3.465789  0  0  0  0  0  0  0  0  0  0  0  0  0  0  0  0  0  0  0  0  0  0  0  0  0  0  0  0  0  0  0  0  0  0  0  0  0  0  0  0  0  0  0  0  0  0  0  0  0  0  0  0  0  0  0  0  0  0  0  0  0  0  0  0  0  -0.2528480000000002
h  9  8  -3.883331  -1.501655  0.127761  1.390156  2.165736  2.658312  2.972633  3.17472  3.179451  2.763704  1.787166  0.282567  -1.639263  -3.791573  -6.00132  -8.171551  -10.200931  -11.983433  -13.450262  -14.580473  -15.33992  -15.700827  0  0  0  0  0  0  0  0  0  0  0  0  0  0  0  0  0  0  0  0  0  0  0  0  0  0  0  0  0  0  0  0  0  0  0  0  0  0  0  0  0  0  0  0  0  0  0  0  0  0  0  0  0  0  0  0  0  0  0  0  0  0  0  0  0  -0.040615000000000734
g  9  9  -10.292475  -11.763115  -10.970182  -9.815941  -8.763054  -7.896231  -7.308033  -7.170571  -7.557778  -8.455241  -9.835553  -11.483493  -12.861012  -13.552254  -13.420787  -12.399765  -10.532003  -7.97175  -4.905107  -1.555493  1.853745  5.163576  0  0  0  0  0  0  0  0  0  0  0  0  0  0  0  0  0  0  0  0  0  0  0  0  0  0  0  0  0  0  0  0  0  0  0  0  0  0  0  0  0  0  0  0  0  0  0  0  0  0  0  0  0  0  0  0  0  0  0  0  0  0  0  0  0  0.6466659999999997
h  9  9  8.352842  9.309537  9.308413  8.84172  7.864143  6.428597  4.626528  2.529294  0.294649  -1.789368  -3.310347  -3.776526  -3.051063  -1.451259  0.686898  3.077222  5.392612  7.334067  8.644761  9.17523  8.911527  7.931843  0  0  0  0  0  0  0  0  0  0  0  0  0  0  0  0  0  0  0  0  0  0  0  0  0  0  0  0  0  0  0  0  0  0  0  0  0  0  0  0  0  0  0  0  0  0  0  0  0  0  0  0  0  0  0  0  0  0  0  0  0  0  0  0  0  -0.2477349999999996
g  10  0  -1.929704  -1.995256  -2.01102  -1.872549  -1.759508  -1.662592  -1.716427  -1.731103  -1.642621  -1.434625  -1.085353  -0.671252  -0.229715  0.198241  0.538105  0.774981  0.909983  0.942538  0.89455  0.780858  0.607362  0.416734  0  0  0  0  0  0  0  0  0  0  0  0  0  0  0  0  0  0  0  0  0  0  0  0  0  0  0  0  0  0  0  0  0  0  0  0  0  0  0  0  0  0  0  0  0  0  0  0  0  0  0  0  0  0  0  0  0  0  0  0  0  0  0  0  0  -0.03806399999999999
g  10  1  -6.203384  -6.345114  -6.087761  -5.619645  -4.849172  -3.958834  -2.845778  -1.576568  -0.302132  0.795182  1.600941  2.110639  2.381273  2.531056  2.629573  2.666926  2.686361  2.735558  2.813192  2.892828  2.967837  3.060733  0  0  0  0  0  0  0  0  0  0  0  0  0  0  0  0  0  0  0  0  0  0  0  0  0  0  0  0  0  0  0  0  0  0  0  0  0  0  0  0  0  0  0  0  0  0  0  0  0  0  0  0  0  0  0  0  0  0  0  0  0  0  0  0  0  0.020906999999999787
h  10  1  3.381099  3.6827  4.165459  4.813219  5.343629  5.86488  6.429412  6.935225  7.362253  7.787638  8.284637  8.907174  9.670916  10.471065  11.204108  11.833038  12.321697  12.634718  12.725599  12.562226  12.158986  11.575021  0  0  0  0  0  0  0  0  0  0  0  0  0  0  0  0  0  0  0  0  0  0  0  0  0  0  0  0  0  0  0  0  0  0  0  0  0  0  0  0  0  0  0  0  0  0  0  0  0  0  0  0  0  0  0  0  0  0  0  0  0  0  0  0  0  -0.12852499999999978
g  10  2  0.047918  -0.200568  -0.978743  -1.594451  -2.088384  -2.295272  -2.193793  -1.787488  -1.132449  -0.356142  0.490741  1.338981  2.180053  3.03004  3.831665  4.496498  4.973026  5.23499  5.307741  5.292409  5.280611  5.28212  0  0  0  0  0  0  0  0  0  0  0  0  0  0  0  0  0  0  0  0  0  0  0  0  0  0  0  0  0  0  0  0  0  0  0  0  0  0  0  0  0  0  0  0  0  0  0  0  0  0  0  0  0  0  0  0  0  0  0  0  0  0  0  0  0  0.0003429999999999822
h  10  2  -0.390387  -0.185299  -0.067706  -0.132605  -0.352981  -0.681404  -1.09583  -1.539699  -1.931061  -2.257473  -2.510503  -2.679273  -2.758438  -2.730043  -2.620708  -2.420941  -2.09705  -1.613283  -0.963308  -0.17596  0.652593  1.410472  0  0  0  0  0  0  0  0  0  0  0  0  0  0  0  0  0  0  0  0  0  0  0  0  0  0  0  0  0  0  0  0  0  0  0  0  0  0  0  0  0  0  0  0  0  0  0  0  0  0  0  0  0  0  0  0  0  0  0  0  0  0  0  0  0  0.14265299999999992
g  10  3  0.319473  1.971762  2.816602  3.396145  3.781454  3.982071  3.784482  3.201904  2.500561  1.911134  1.496375  1.258207  1.160267  1.184475  1.342411  1.640341  2.006156  2.331137  2.52308  2.513834  2.28256  1.871455  0  0  0  0  0  0  0  0  0  0  0  0  0  0  0  0  0  0  0  0  0  0  0  0  0  0  0  0  0  0  0  0  0  0  0  0  0  0  0  0  0  0  0  0  0  0  0  0  0  0  0  0  0  0  0  0  0  0  0  0  0  0  0  0  0  -0.09360099999999982
h  10  3  4.583623  3.716136  3.595035  3.435414  3.295124  3.089363  2.872797  2.661209  2.430897  2.133756  1.816644  1.49275  1.126497  0.74724  0.412544  0.130737  -0.1137  -0.352466  -0.605011  -0.863769  -1.142246  -1.472179  0  0  0  0  0  0  0  0  0  0  0  0  0  0  0  0  0  0  0  0  0  0  0  0  0  0  0  0  0  0  0  0  0  0  0  0  0  0  0  0  0  0  0  0  0  0  0  0  0  0  0  0  0  0  0  0  0  0  0  0  0  0  0  0  0  -0.06995599999999991
g  10  4  -0.533552  -0.749219  -0.940465  -1.303026  -1.763991  -2.187018  -2.812368  -3.498559  -4.119333  -4.670081  -5.067332  -5.30908  -5.407897  -5.346931  -5.163456  -4.886975  -4.552742  -4.202878  -3.822782  -3.399385  -2.94466  -2.46008  0  0  0  0  0  0  0  0  0  0  0  0  0  0  0  0  0  0  0  0  0  0  0  0  0  0  0  0  0  0  0  0  0  0  0  0  0  0  0  0  0  0  0  0  0  0  0  0  0  0  0  0  0  0  0  0  0  0  0  0  0  0  0  0  0  0.09872199999999998
h  10  4  4.343533  4.876317  4.970609  4.708276  4.657902  4.615674  4.578223  4.687163  4.870989  5.109993  5.376118  5.640519  5.932063  6.238721  6.533311  6.833095  7.109087  7.337503  7.501389  7.557279  7.452482  7.156806  0  0  0  0  0  0  0  0  0  0  0  0  0  0  0  0  0  0  0  0  0  0  0  0  0  0  0  0  0  0  0  0  0  0  0  0  0  0  0  0  0  0  0  0  0  0  0  0  0  0  0  0  0  0  0  0  0  0  0  0  0  0  0  0  0  -0.07428800000000013
g  10  5  1.875902  0.694877  -0.368423  -1.579561  -2.56961  -3.229702  -3.733768  -4.046649  -4.207377  -4.245498  -4.143701  -3.925507  -3.643174  -3.325674  -3.029799  -2.782127  -2.581397  -2.408428  -2.229018  -2.017858  -1.753515  -1.440928  0  0  0  0  0  0  0  0  0  0  0  0  0  0  0  0  0  0  0  0  0  0  0  0  0  0  0  0  0  0  0  0  0  0  0  0  0  0  0  0  0  0  0  0  0  0  0  0  0  0  0  0  0  0  0  0  0  0  0  0  0  0  0  0  0  0.06611900000000004
h  10  5  -7.663861  -8.614233  -9.112444  -9.666084  -10.009957  -10.065634  -9.86155  -9.496304  -9.066687  -8.580459  -8.068539  -7.526383  -6.971861  -6.429047  -5.896503  -5.360892  -4.846359  -4.378199  -3.97359  -3.654478  -3.458857  -3.392048  0  0  0  0  0  0  0  0  0  0  0  0  0  0  0  0  0  0  0  0  0  0  0  0  0  0  0  0  0  0  0  0  0  0  0  0  0  0  0  0  0  0  0  0  0  0  0  0  0  0  0  0  0  0  0  0  0  0  0  0  0  0  0  0  0  0.003754000000000257
g  10  6  -0.348023  -0.884106  -0.782917  -0.703224  -0.818622  -0.930161  -1.066469  -1.243792  -1.421687  -1.6107  -1.802383  -1.961515  -2.05594  -2.089926  -2.057936  -1.997116  -1.956556  -1.954958  -1.986283  -2.042632  -2.118816  -2.219077  0  0  0  0  0  0  0  0  0  0  0  0  0  0  0  0  0  0  0  0  0  0  0  0  0  0  0  0  0  0  0  0  0  0  0  0  0  0  0  0  0  0  0  0  0  0  0  0  0  0  0  0  0  0  0  0  0  0  0  0  0  0  0  0  0  -0.021274000000000015
h  10  6  -0.690885  -0.120769  0.41526  0.937302  1.657256  2.310331  2.767946  3.162079  3.449998  3.602759  3.638073  3.515786  3.224324  2.795778  2.276181  1.703632  1.122044  0.560014  0.024416  -0.480689  -0.944513  -1.331074  0  0  0  0  0  0  0  0  0  0  0  0  0  0  0  0  0  0  0  0  0  0  0  0  0  0  0  0  0  0  0  0  0  0  0  0  0  0  0  0  0  0  0  0  0  0  0  0  0  0  0  0  0  0  0  0  0  0  0  0  0  0  0  0  0  -0.068384
g  10  7  2.341738  1.990967  2.113158  2.127488  1.809642  1.298225  0.663511  -0.138225  -1.045532  -1.953975  -2.827524  -3.666447  -4.449758  -5.084258  -5.50799  -5.720451  -5.759185  -5.677615  -5.520688  -5.328881  -5.139045  -4.98539  0  0  0  0  0  0  0  0  0  0  0  0  0  0  0  0  0  0  0  0  0  0  0  0  0  0  0  0  0  0  0  0  0  0  0  0  0  0  0  0  0  0  0  0  0  0  0  0  0  0  0  0  0  0  0  0  0  0  0  0  0  0  0  0  0  0.026737000000000677
h  10  7  -4.1864  -4.411125  -4.772367  -5.069953  -5.478591  -6.024881  -6.540826  -6.978411  -7.23601  -7.283947  -7.094515  -6.709021  -6.18955  -5.608662  -5.032794  -4.526112  -4.132212  -3.872209  -3.728598  -3.6851  -3.725404  -3.810168  0  0  0  0  0  0  0  0  0  0  0  0  0  0  0  0  0  0  0  0  0  0  0  0  0  0  0  0  0  0  0  0  0  0  0  0  0  0  0  0  0  0  0  0  0  0  0  0  0  0  0  0  0  0  0  0  0  0  0  0  0  0  0  0  0  -0.018139000000000127
g  10  8  2.31743  1.357642  0.541291  -0.175461  -0.717457  -0.997345  -1.023184  -0.876875  -0.674714  -0.575996  -0.557918  -0.541541  -0.584997  -0.744334  -1.021622  -1.385871  -1.805373  -2.263626  -2.725074  -3.14775  -3.526813  -3.876148  0  0  0  0  0  0  0  0  0  0  0  0  0  0  0  0  0  0  0  0  0  0  0  0  0  0  0  0  0  0  0  0  0  0  0  0  0  0  0  0  0  0  0  0  0  0  0  0  0  0  0  0  0  0  0  0  0  0  0  0  0  0  0  0  0  -0.0678270000000003
h  10  8  -2.727102  -3.470972  -4.148904  -4.576983  -4.840452  -5.185214  -5.594835  -6.057871  -6.56944  -7.067076  -7.481526  -7.813423  -8.094004  -8.328794  -8.514446  -8.655396  -8.738187  -8.729844  -8.614424  -8.390375  -8.062612  -7.636591  0  0  0  0  0  0  0  0  0  0  0  0  0  0  0  0  0  0  0  0  0  0  0  0  0  0  0  0  0  0  0  0  0  0  0  0  0  0  0  0  0  0  0  0  0  0  0  0  0  0  0  0  0  0  0  0  0  0  0  0  0  0  0  0  0  0.09278399999999998
g  10  9  -1.916577  -2.221339  -2.371608  -2.326965  -2.114057  -1.775334  -1.335361  -0.721941  0.133918  1.206314  2.386421  3.558854  4.612514  5.437988  6.00633  6.344013  6.466425  6.391254  6.153029  5.804397  5.390226  4.940629  0  0  0  0  0  0  0  0  0  0  0  0  0  0  0  0  0  0  0  0  0  0  0  0  0  0  0  0  0  0  0  0  0  0  0  0  0  0  0  0  0  0  0  0  0  0  0  0  0  0  0  0  0  0  0  0  0  0  0  0  0  0  0  0  0  -0.0920229999999993
h  10  9  -1.359142  -0.143813  0.458616  0.934727  1.439616  1.968237  2.504182  2.954748  3.267717  3.31436  3.01089  2.421943  1.592163  0.593956  -0.484308  -1.562379  -2.551994  -3.397199  -4.091956  -4.644159  -5.063279  -5.35757  0  0  0  0  0  0  0  0  0  0  0  0  0  0  0  0  0  0  0  0  0  0  0  0  0  0  0  0  0  0  0  0  0  0  0  0  0  0  0  0  0  0  0  0  0  0  0  0  0  0  0  0  0  0  0  0  0  0  0  0  0  0  0  0  0  -0.049254999999999605
g  10  10  -3.553798  -3.807153  -3.673935  -3.524699  -3.537161  -3.668775  -3.833978  -4.13836  -4.668279  -5.468163  -6.469753  -7.502615  -8.246055  -8.487553  -8.213778  -7.486977  -6.433211  -5.200226  -3.923451  -2.731009  -1.720425  -0.953426  0  0  0  0  0  0  0  0  0  0  0  0  0  0  0  0  0  0  0  0  0  0  0  0  0  0  0  0  0  0  0  0  0  0  0  0  0  0  0  0  0  0  0  0  0  0  0  0  0  0  0  0  0  0  0  0  0  0  0  0  0  0  0  0  0  0.13099000000000005
h  10  10  -8.555418  -8.860759  -9.057542  -9.168031  -9.346752  -9.587077  -9.855818  -10.147305  -10.409447  -10.476697  -10.15481  -9.282515  -7.870608  -6.181318  -4.438617  -2.782768  -1.34382  -0.219363  0.511268  0.816241  0.732983  0.335003  0  0  0  0  0  0  0  0  0  0  0  0  0  0  0  0  0  0  0  0  0  0  0  0  0  0  0  0  0  0  0  0  0  0  0  0  0  0  0  0  0  0  0  0  0  0  0  0  0  0  0  0  0  0  0  0  0  0  0  0  0  0  0  0  0  -0.10028799999999999
g  11  0  3.048601  2.923757  3.054061  3.050419  2.916308  2.705089  2.43011  2.167585  1.967728  1.843253  1.75809  1.663416  1.513334  1.278685  0.989515  0.674547  0.368984  0.115568  -0.073642  -0.200394  -0.270166  -0.31387  0  0  0  0  0  0  0  0  0  0  0  0  0  0  0  0  0  0  0  0  0  0  0  0  0  0  0  0  0  0  0  0  0  0  0  0  0  0  0  0  0  0  0  0  0  0  0  0  0  0  0  0  0  0  0  0  0  0  0  0  0  0  0  0  0  -0.008169999999999955
g  11  1  -1.321709  -1.336892  -1.099267  -0.942432  -0.961983  -1.151981  -1.398742  -1.574092  -1.676261  -1.675505  -1.527489  -1.287151  -1.027972  -0.790816  -0.604997  -0.468834  -0.37808  -0.336543  -0.325741  -0.316196  -0.312191  -0.350164  0  0  0  0  0  0  0  0  0  0  0  0  0  0  0  0  0  0  0  0  0  0  0  0  0  0  0  0  0  0  0  0  0  0  0  0  0  0  0  0  0  0  0  0  0  0  0  0  0  0  0  0  0  0  0  0  0  0  0  0  0  0  0  0  0  -0.01213299999999995
h  11  1  0.070566  0.028322  0.090239  0.23857  0.442984  0.665466  0.859879  1.103604  1.417551  1.78178  2.157942  2.5108  2.836954  3.139592  3.404454  3.628031  3.801415  3.937441  4.058266  4.178183  4.284497  4.346635  0  0  0  0  0  0  0  0  0  0  0  0  0  0  0  0  0  0  0  0  0  0  0  0  0  0  0  0  0  0  0  0  0  0  0  0  0  0  0  0  0  0  0  0  0  0  0  0  0  0  0  0  0  0  0  0  0  0  0  0  0  0  0  0  0  0.007882000000000389
g  11  2  -2.183754  -2.438816  -2.414449  -2.349023  -2.258101  -2.167964  -2.035313  -1.858177  -1.668067  -1.523184  -1.429868  -1.393968  -1.425979  -1.508998  -1.638638  -1.809957  -2.00069  -2.189123  -2.367815  -2.535978  -2.684381  -2.799973  0  0  0  0  0  0  0  0  0  0  0  0  0  0  0  0  0  0  0  0  0  0  0  0  0  0  0  0  0  0  0  0  0  0  0  0  0  0  0  0  0  0  0  0  0  0  0  0  0  0  0  0  0  0  0  0  0  0  0  0  0  0  0  0  0  -0.019919999999999938
h  11  2  2.016487  2.409089  2.324814  2.005401  1.465032  0.849088  0.25153  -0.290236  -0.782534  -1.19456  -1.494372  -1.675423  -1.757156  -1.728606  -1.581809  -1.351525  -1.098897  -0.868058  -0.676434  -0.520309  -0.379553  -0.235854  0  0  0  0  0  0  0  0  0  0  0  0  0  0  0  0  0  0  0  0  0  0  0  0  0  0  0  0  0  0  0  0  0  0  0  0  0  0  0  0  0  0  0  0  0  0  0  0  0  0  0  0  0  0  0  0  0  0  0  0  0  0  0  0  0  0.029100999999999988
g  11  3  2.116474  2.280176  2.255059  2.165351  2.32068  2.610471  2.920894  3.188751  3.387112  3.490607  3.528819  3.512419  3.457864  3.376526  3.243468  3.03465  2.763643  2.445269  2.097594  1.745003  1.398919  1.051504  0  0  0  0  0  0  0  0  0  0  0  0  0  0  0  0  0  0  0  0  0  0  0  0  0  0  0  0  0  0  0  0  0  0  0  0  0  0  0  0  0  0  0  0  0  0  0  0  0  0  0  0  0  0  0  0  0  0  0  0  0  0  0  0  0  -0.06970900000000002
h  11  3  -0.629997  -0.55405  -0.373697  -0.085395  0.194005  0.372103  0.435568  0.366391  0.153588  -0.09518  -0.337734  -0.591666  -0.791863  -0.924204  -1.007638  -1.017585  -0.948797  -0.818576  -0.640513  -0.436823  -0.23037  -0.027085  0  0  0  0  0  0  0  0  0  0  0  0  0  0  0  0  0  0  0  0  0  0  0  0  0  0  0  0  0  0  0  0  0  0  0  0  0  0  0  0  0  0  0  0  0  0  0  0  0  0  0  0  0  0  0  0  0  0  0  0  0  0  0  0  0  0.039466
g  11  4  -0.813389  -0.785025  -0.506476  -0.019754  0.529584  1.11326  1.64181  2.040577  2.350023  2.633629  2.872967  3.036065  3.102882  3.063014  2.924172  2.700837  2.395961  2.018591  1.598137  1.175721  0.789421  0.462145  0  0  0  0  0  0  0  0  0  0  0  0  0  0  0  0  0  0  0  0  0  0  0  0  0  0  0  0  0  0  0  0  0  0  0  0  0  0  0  0  0  0  0  0  0  0  0  0  0  0  0  0  0  0  0  0  0  0  0  0  0  0  0  0  0  -0.05996499999999999
h  11  4  -1.145156  -0.373261  0.387052  1.076617  1.685698  2.085017  2.265172  2.283378  2.236962  2.169067  2.056599  1.909794  1.725562  1.507848  1.293374  1.097924  0.917935  0.757988  0.627196  0.528244  0.479128  0.493642  0  0  0  0  0  0  0  0  0  0  0  0  0  0  0  0  0  0  0  0  0  0  0  0  0  0  0  0  0  0  0  0  0  0  0  0  0  0  0  0  0  0  0  0  0  0  0  0  0  0  0  0  0  0  0  0  0  0  0  0  0  0  0  0  0  0.007586000000000037
g  11  5  0.730596  0.321435  0.179412  -0.020703  -0.277609  -0.525803  -0.787623  -1.069014  -1.325723  -1.48  -1.440312  -1.235222  -0.962371  -0.691761  -0.46902  -0.335929  -0.292876  -0.336108  -0.461285  -0.646668  -0.840959  -0.985067  0  0  0  0  0  0  0  0  0  0  0  0  0  0  0  0  0  0  0  0  0  0  0  0  0  0  0  0  0  0  0  0  0  0  0  0  0  0  0  0  0  0  0  0  0  0  0  0  0  0  0  0  0  0  0  0  0  0  0  0  0  0  0  0  0  -0.02268199999999998
h  11  5  0.484738  0.608819  0.329133  -0.098089  -0.615604  -1.161679  -1.743279  -2.240694  -2.66489  -3.001483  -3.236631  -3.415121  -3.544052  -3.632418  -3.724562  -3.840984  -3.972161  -4.120269  -4.275707  -4.398436  -4.437963  -4.373606  0  0  0  0  0  0  0  0  0  0  0  0  0  0  0  0  0  0  0  0  0  0  0  0  0  0  0  0  0  0  0  0  0  0  0  0  0  0  0  0  0  0  0  0  0  0  0  0  0  0  0  0  0  0  0  0  0  0  0  0  0  0  0  0  0  0.02101299999999995
g  11  6  -0.773297  -0.679235  -0.818373  -0.979328  -1.205749  -1.465473  -1.658894  -1.794924  -1.902867  -2.020118  -2.134523  -2.219113  -2.293446  -2.354824  -2.407812  -2.467649  -2.521328  -2.554254  -2.565233  -2.56007  -2.557145  -2.556969  0  0  0  0  0  0  0  0  0  0  0  0  0  0  0  0  0  0  0  0  0  0  0  0  0  0  0  0  0  0  0  0  0  0  0  0  0  0  0  0  0  0  0  0  0  0  0  0  0  0  0  0  0  0  0  0  0  0  0  0  0  0  0  0  0  0.00020700000000006824
h  11  6  -0.129305  -0.212223  0.082778  0.498175  1.004302  1.540741  2.027171  2.389413  2.609912  2.707323  2.684658  2.543782  2.319229  2.050676  1.770849  1.522383  1.316613  1.13411  0.953781  0.77137  0.613382  0.510307  0  0  0  0  0  0  0  0  0  0  0  0  0  0  0  0  0  0  0  0  0  0  0  0  0  0  0  0  0  0  0  0  0  0  0  0  0  0  0  0  0  0  0  0  0  0  0  0  0  0  0  0  0  0  0  0  0  0  0  0  0  0  0  0  0  -0.015727000000000046
g  11  7  0.304133  -0.120454  -0.15496  -0.063854  -0.000461  0.067943  0.137187  0.111355  -0.051639  -0.345706  -0.76927  -1.299093  -1.865917  -2.421198  -2.930454  -3.356072  -3.65879  -3.819168  -3.838529  -3.730607  -3.522718  -3.239243  0  0  0  0  0  0  0  0  0  0  0  0  0  0  0  0  0  0  0  0  0  0  0  0  0  0  0  0  0  0  0  0  0  0  0  0  0  0  0  0  0  0  0  0  0  0  0  0  0  0  0  0  0  0  0  0  0  0  0  0  0  0  0  0  0  0.06198300000000012
h  11  7  -2.181723  -1.747368  -1.395792  -1.023523  -0.634944  -0.180862  0.236759  0.593818  0.904516  1.159144  1.353908  1.513037  1.638761  1.741386  1.845068  1.981602  2.150544  2.329744  2.51385  2.698919  2.87544  3.038477  0  0  0  0  0  0  0  0  0  0  0  0  0  0  0  0  0  0  0  0  0  0  0  0  0  0  0  0  0  0  0  0  0  0  0  0  0  0  0  0  0  0  0  0  0  0  0  0  0  0  0  0  0  0  0  0  0  0  0  0  0  0  0  0  0  0.0312859999999997
g  11  8  1.860663  1.507004  1.594296  1.65674  1.68317  1.804948  2.010699  2.252455  2.52289  2.820335  3.085087  3.249723  3.311876  3.30586  3.259324  3.183335  3.073147  2.923044  2.728646  2.492382  2.226481  1.951648  0  0  0  0  0  0  0  0  0  0  0  0  0  0  0  0  0  0  0  0  0  0  0  0  0  0  0  0  0  0  0  0  0  0  0  0  0  0  0  0  0  0  0  0  0  0  0  0  0  0  0  0  0  0  0  0  0  0  0  0  0  0  0  0  0  -0.05434599999999978
h  11  8  -1.417074  -1.658664  -1.747487  -1.826989  -1.968043  -2.161389  -2.367004  -2.574715  -2.744403  -2.864833  -2.949819  -2.99162  -2.997988  -2.966581  -2.905806  -2.850539  -2.82126  -2.805862  -2.774595  -2.707458  -2.588424  -2.410816  0  0  0  0  0  0  0  0  0  0  0  0  0  0  0  0  0  0  0  0  0  0  0  0  0  0  0  0  0  0  0  0  0  0  0  0  0  0  0  0  0  0  0  0  0  0  0  0  0  0  0  0  0  0  0  0  0  0  0  0  0  0  0  0  0  0.0399029999999998
g  11  9  -0.050741  -0.458655  -0.529777  -0.553094  -0.515354  -0.356315  -0.111383  0.138741  0.314245  0.415112  0.467105  0.485648  0.4383  0.308935  0.102972  -0.149525  -0.399663  -0.617849  -0.799675  -0.94593  -1.066243  -1.170618  0  0  0  0  0  0  0  0  0  0  0  0  0  0  0  0  0  0  0  0  0  0  0  0  0  0  0  0  0  0  0  0  0  0  0  0  0  0  0  0  0  0  0  0  0  0  0  0  0  0  0  0  0  0  0  0  0  0  0  0  0  0  0  0  0  -0.019795000000000007
h  11  9  -2.47415  -3.081647  -3.386867  -3.519284  -3.522775  -3.527093  -3.578373  -3.657824  -3.725752  -3.767667  -3.789331  -3.811559  -3.820445  -3.799001  -3.744783  -3.646677  -3.501716  -3.334511  -3.173528  -3.015817  -2.843417  -2.638156  0  0  0  0  0  0  0  0  0  0  0  0  0  0  0  0  0  0  0  0  0  0  0  0  0  0  0  0  0  0  0  0  0  0  0  0  0  0  0  0  0  0  0  0  0  0  0  0  0  0  0  0  0  0  0  0  0  0  0  0  0  0  0  0  0  0.044332999999999956
g  11  10  0.486874  0.242708  -0.142784  -0.521669  -0.826154  -0.961687  -0.929497  -0.695099  -0.270386  0.314719  0.949423  1.521974  1.962221  2.225995  2.331542  2.324157  2.24259  2.127886  2.019615  1.941922  1.897119  1.870627  0  0  0  0  0  0  0  0  0  0  0  0  0  0  0  0  0  0  0  0  0  0  0  0  0  0  0  0  0  0  0  0  0  0  0  0  0  0  0  0  0  0  0  0  0  0  0  0  0  0  0  0  0  0  0  0  0  0  0  0  0  0  0  0  0  -0.004969000000000001
h  11  10  -2.019964  -1.868141  -1.897959  -1.835738  -1.602224  -1.256305  -0.82379  -0.403213  -0.134517  -0.082307  -0.262005  -0.627485  -1.109746  -1.62141  -2.088514  -2.448275  -2.65385  -2.700349  -2.621693  -2.455883  -2.238801  -1.99575  0  0  0  0  0  0  0  0  0  0  0  0  0  0  0  0  0  0  0  0  0  0  0  0  0  0  0  0  0  0  0  0  0  0  0  0  0  0  0  0  0  0  0  0  0  0  0  0  0  0  0  0  0  0  0  0  0  0  0  0  0  0  0  0  0  0.049779999999999935
g  11  11  3.529427  2.980091  2.983044  3.073675  3.085404  3.005802  2.877708  2.649491  2.287839  1.793759  1.219457  0.68894  0.385251  0.41152  0.752717  1.334891  2.044615  2.776209  3.439264  3.95637  4.289542  4.430493  0  0  0  0  0  0  0  0  0  0  0  0  0  0  0  0  0  0  0  0  0  0  0  0  0  0  0  0  0  0  0  0  0  0  0  0  0  0  0  0  0  0  0  0  0  0  0  0  0  0  0  0  0  0  0  0  0  0  0  0  0  0  0  0  0  0.012665000000000148
h  11  11  -2.16531  -2.602064  -2.464826  -2.365756  -2.380561  -2.430669  -2.525301  -2.655227  -2.758993  -2.769168  -2.592283  -2.11335  -1.343379  -0.444784  0.444147  1.227694  1.834329  2.220435  2.361693  2.273014  2.010753  1.638343  0  0  0  0  0  0  0  0  0  0  0  0  0  0  0  0  0  0  0  0  0  0  0  0  0  0  0  0  0  0  0  0  0  0  0  0  0  0  0  0  0  0  0  0  0  0  0  0  0  0  0  0  0  0  0  0  0  0  0  0  0  0  0  0  0  -0.08022399999999985
g  12  0  -1.999207  -1.926164  -1.665845  -1.294721  -0.89657  -0.552284  -0.294841  -0.129957  -0.010995  0.046631  0.042463  0.003688  -0.051952  -0.095509  -0.125359  -0.164681  -0.226672  -0.31486  -0.420986  -0.526748  -0.617125  -0.684637  0  0  0  0  0  0  0  0  0  0  0  0  0  0  0  0  0  0  0  0  0  0  0  0  0  0  0  0  0  0  0  0  0  0  0  0  0  0  0  0  0  0  0  0  0  0  0  0  0  0  0  0  0  0  0  0  0  0  0  0  0  0  0  0  0  -0.01149700000000009
g  12  1  -0.111947  -0.049803  -0.135622  -0.216484  -0.21965  -0.176389  -0.10103  -0.017226  0.092487  0.219878  0.353775  0.48636  0.59988  0.693273  0.771998  0.820961  0.832166  0.809828  0.754674  0.67234  0.579793  0.498392  0  0  0  0  0  0  0  0  0  0  0  0  0  0  0  0  0  0  0  0  0  0  0  0  0  0  0  0  0  0  0  0  0  0  0  0  0  0  0  0  0  0  0  0  0  0  0  0  0  0  0  0  0  0  0  0  0  0  0  0  0  0  0  0  0  -0.01486599999999999
h  12  1  -1.044764  -1.150227  -1.126042  -1.059664  -0.953016  -0.854208  -0.754991  -0.691438  -0.67676  -0.665573  -0.641466  -0.593564  -0.508164  -0.394428  -0.273549  -0.166122  -0.080177  -0.01925  0.011649  0.021984  0.029679  0.048895  0  0  0  0  0  0  0  0  0  0  0  0  0  0  0  0  0  0  0  0  0  0  0  0  0  0  0  0  0  0  0  0  0  0  0  0  0  0  0  0  0  0  0  0  0  0  0  0  0  0  0  0  0  0  0  0  0  0  0  0  0  0  0  0  0  0.0049980000000000024
g  12  2  0.510262  0.503945  0.458219  0.379494  0.19688  -0.092487  -0.440139  -0.813445  -1.151576  -1.394298  -1.533144  -1.613058  -1.679857  -1.739625  -1.790722  -1.838299  -1.896038  -1.98072  -2.087964  -2.19381  -2.272233  -2.310666  0  0  0  0  0  0  0  0  0  0  0  0  0  0  0  0  0  0  0  0  0  0  0  0  0  0  0  0  0  0  0  0  0  0  0  0  0  0  0  0  0  0  0  0  0  0  0  0  0  0  0  0  0  0  0  0  0  0  0  0  0  0  0  0  0  -0.004430999999999852
h  12  2  0.269691  0.32828  0.312061  0.251472  0.210057  0.183573  0.166644  0.220685  0.368384  0.56541  0.789403  1.009848  1.205031  1.354886  1.438097  1.458912  1.436767  1.402052  1.370093  1.341106  1.311408  1.282216  0  0  0  0  0  0  0  0  0  0  0  0  0  0  0  0  0  0  0  0  0  0  0  0  0  0  0  0  0  0  0  0  0  0  0  0  0  0  0  0  0  0  0  0  0  0  0  0  0  0  0  0  0  0  0  0  0  0  0  0  0  0  0  0  0  -0.005665999999999949
g  12  3  1.199951  1.200446  1.27453  1.407898  1.530466  1.597881  1.594872  1.529378  1.438437  1.333944  1.221577  1.125319  1.040247  0.963635  0.89588  0.836685  0.776626  0.703407  0.614194  0.510957  0.402387  0.294915  0  0  0  0  0  0  0  0  0  0  0  0  0  0  0  0  0  0  0  0  0  0  0  0  0  0  0  0  0  0  0  0  0  0  0  0  0  0  0  0  0  0  0  0  0  0  0  0  0  0  0  0  0  0  0  0  0  0  0  0  0  0  0  0  0  -0.021282000000000023
h  12  3  1.938442  1.425828  1.31038  1.178109  1.009699  0.836261  0.669559  0.513484  0.351794  0.180898  0.024163  -0.113208  -0.238664  -0.331648  -0.373536  -0.369664  -0.344142  -0.315594  -0.288706  -0.252699  -0.199984  -0.141305  0  0  0  0  0  0  0  0  0  0  0  0  0  0  0  0  0  0  0  0  0  0  0  0  0  0  0  0  0  0  0  0  0  0  0  0  0  0  0  0  0  0  0  0  0  0  0  0  0  0  0  0  0  0  0  0  0  0  0  0  0  0  0  0  0  0.011885000000000007
g  12  4  -0.87788  -1.104708  -1.22308  -1.271556  -1.249788  -1.121907  -0.929871  -0.742309  -0.54599  -0.400525  -0.337463  -0.330171  -0.365273  -0.429103  -0.506438  -0.601424  -0.708551  -0.820183  -0.93302  -1.045171  -1.150236  -1.237722  0  0  0  0  0  0  0  0  0  0  0  0  0  0  0  0  0  0  0  0  0  0  0  0  0  0  0  0  0  0  0  0  0  0  0  0  0  0  0  0  0  0  0  0  0  0  0  0  0  0  0  0  0  0  0  0  0  0  0  0  0  0  0  0  0  -0.015959999999999974
h  12  4  -2.339491  -1.799888  -1.757075  -1.810194  -1.705553  -1.524704  -1.315663  -1.106729  -0.928805  -0.77063  -0.592104  -0.388953  -0.179131  0.032298  0.253035  0.495625  0.756711  1.020605  1.272446  1.498588  1.683738  1.820957  0  0  0  0  0  0  0  0  0  0  0  0  0  0  0  0  0  0  0  0  0  0  0  0  0  0  0  0  0  0  0  0  0  0  0  0  0  0  0  0  0  0  0  0  0  0  0  0  0  0  0  0  0  0  0  0  0  0  0  0  0  0  0  0  0  0.023898999999999893
g  12  5  0.932519  0.779808  0.595254  0.470236  0.425307  0.45965  0.520519  0.559723  0.589882  0.606367  0.640467  0.677023  0.691755  0.671785  0.617584  0.542725  0.454406  0.367248  0.29806  0.24939  0.223313  0.227599  0  0  0  0  0  0  0  0  0  0  0  0  0  0  0  0  0  0  0  0  0  0  0  0  0  0  0  0  0  0  0  0  0  0  0  0  0  0  0  0  0  0  0  0  0  0  0  0  0  0  0  0  0  0  0  0  0  0  0  0  0  0  0  0  0  0.0033330000000000026
h  12  5  0.317292  0.075852  0.019051  -0.002504  -0.011608  -0.048772  -0.109692  -0.189471  -0.305141  -0.460486  -0.626504  -0.764826  -0.853924  -0.887766  -0.869616  -0.809761  -0.70992  -0.582808  -0.452694  -0.338788  -0.250121  -0.181079  0  0  0  0  0  0  0  0  0  0  0  0  0  0  0  0  0  0  0  0  0  0  0  0  0  0  0  0  0  0  0  0  0  0  0  0  0  0  0  0  0  0  0  0  0  0  0  0  0  0  0  0  0  0  0  0  0  0  0  0  0  0  0  0  0  0.012602000000000002
g  12  6  0.155424  0.469049  0.860001  1.095643  1.162458  1.093883  0.978706  0.814275  0.659214  0.552871  0.515829  0.565445  0.681191  0.829117  0.989317  1.133413  1.233499  1.281784  1.294656  1.291167  1.279519  1.249777  0  0  0  0  0  0  0  0  0  0  0  0  0  0  0  0  0  0  0  0  0  0  0  0  0  0  0  0  0  0  0  0  0  0  0  0  0  0  0  0  0  0  0  0  0  0  0  0  0  0  0  0  0  0  0  0  0  0  0  0  0  0  0  0  0  -0.007735000000000047
h  12  6  0.813194  0.65765  0.421439  0.129046  -0.131634  -0.384058  -0.60961  -0.74893  -0.801157  -0.805653  -0.776064  -0.728514  -0.677628  -0.634586  -0.622591  -0.669363  -0.77722  -0.925753  -1.087925  -1.250536  -1.408285  -1.545876  0  0  0  0  0  0  0  0  0  0  0  0  0  0  0  0  0  0  0  0  0  0  0  0  0  0  0  0  0  0  0  0  0  0  0  0  0  0  0  0  0  0  0  0  0  0  0  0  0  0  0  0  0  0  0  0  0  0  0  0  0  0  0  0  0  -0.025073000000000123
g  12  7  0.602578  0.483449  0.439312  0.434794  0.355674  0.196366  0.018347  -0.158307  -0.351223  -0.581674  -0.841833  -1.10786  -1.362048  -1.584872  -1.764873  -1.897235  -1.983499  -2.034628  -2.060915  -2.063272  -2.043137  -2.010822  0  0  0  0  0  0  0  0  0  0  0  0  0  0  0  0  0  0  0  0  0  0  0  0  0  0  0  0  0  0  0  0  0  0  0  0  0  0  0  0  0  0  0  0  0  0  0  0  0  0  0  0  0  0  0  0  0  0  0  0  0  0  0  0  0  0.006888999999999701
h  12  7  -0.022666  -0.171382  -0.232047  -0.258815  -0.271113  -0.305156  -0.361397  -0.399407  -0.40759  -0.381907  -0.338615  -0.294554  -0.261322  -0.242626  -0.236281  -0.234899  -0.23966  -0.257631  -0.283718  -0.314558  -0.360486  -0.423843  0  0  0  0  0  0  0  0  0  0  0  0  0  0  0  0  0  0  0  0  0  0  0  0  0  0  0  0  0  0  0  0  0  0  0  0  0  0  0  0  0  0  0  0  0  0  0  0  0  0  0  0  0  0  0  0  0  0  0  0  0  0  0  0  0  -0.013524000000000036
g  12  8  -0.378443  -0.32732  -0.195507  -0.040392  0.131981  0.27554  0.391609  0.480248  0.534525  0.529996  0.472227  0.402359  0.338986  0.275729  0.215703  0.172275  0.151258  0.148966  0.155654  0.159617  0.152086  0.129239  0  0  0  0  0  0  0  0  0  0  0  0  0  0  0  0  0  0  0  0  0  0  0  0  0  0  0  0  0  0  0  0  0  0  0  0  0  0  0  0  0  0  0  0  0  0  0  0  0  0  0  0  0  0  0  0  0  0  0  0  0  0  0  0  0  -0.00597700000000001
h  12  8  0.224687  0.562206  0.607425  0.721608  0.83494  0.91133  0.957261  0.992897  0.973673  0.905402  0.828593  0.760392  0.696348  0.644318  0.612723  0.59932  0.593513  0.595538  0.613291  0.647555  0.689208  0.729649  0  0  0  0  0  0  0  0  0  0  0  0  0  0  0  0  0  0  0  0  0  0  0  0  0  0  0  0  0  0  0  0  0  0  0  0  0  0  0  0  0  0  0  0  0  0  0  0  0  0  0  0  0  0  0  0  0  0  0  0  0  0  0  0  0  0.007965
g  12  9  -0.364535  -0.49915  -0.354542  -0.224304  -0.07172  0.092356  0.232386  0.333364  0.399543  0.450641  0.482872  0.487916  0.465402  0.431681  0.405041  0.385269  0.369349  0.356664  0.343075  0.328919  0.319464  0.316512  0  0  0  0  0  0  0  0  0  0  0  0  0  0  0  0  0  0  0  0  0  0  0  0  0  0  0  0  0  0  0  0  0  0  0  0  0  0  0  0  0  0  0  0  0  0  0  0  0  0  0  0  0  0  0  0  0  0  0  0  0  0  0  0  0  -0.0002489999999999992
h  12  9  0.30579  0.220003  0.344822  0.416443  0.370684  0.267746  0.149003  0.046273  -0.021043  -0.035499  -0.02086  0.012411  0.075664  0.166604  0.270833  0.370253  0.45285  0.511381  0.542859  0.551278  0.542031  0.513993  0  0  0  0  0  0  0  0  0  0  0  0  0  0  0  0  0  0  0  0  0  0  0  0  0  0  0  0  0  0  0  0  0  0  0  0  0  0  0  0  0  0  0  0  0  0  0  0  0  0  0  0  0  0  0  0  0  0  0  0  0  0  0  0  0  -0.0072029999999999594
g  12  10  0.351674  0.410777  0.503474  0.52533  0.553213  0.586465  0.582751  0.555903  0.500239  0.414121  0.365477  0.38445  0.450402  0.545658  0.654789  0.758858  0.850787  0.929265  0.99456  1.053771  1.111363  1.165018  0  0  0  0  0  0  0  0  0  0  0  0  0  0  0  0  0  0  0  0  0  0  0  0  0  0  0  0  0  0  0  0  0  0  0  0  0  0  0  0  0  0  0  0  0  0  0  0  0  0  0  0  0  0  0  0  0  0  0  0  0  0  0  0  0  0.01020600000000016
h  12  10  -0.852005  -0.904361  -0.884744  -0.816754  -0.722556  -0.623751  -0.520545  -0.422662  -0.323449  -0.190527  -0.025413  0.124199  0.235224  0.303338  0.32779  0.322697  0.307609  0.293969  0.288145  0.300906  0.339033  0.405015  0  0  0  0  0  0  0  0  0  0  0  0  0  0  0  0  0  0  0  0  0  0  0  0  0  0  0  0  0  0  0  0  0  0  0  0  0  0  0  0  0  0  0  0  0  0  0  0  0  0  0  0  0  0  0  0  0  0  0  0  0  0  0  0  0  0.015282000000000018
g  12  11  -0.84315  -1.021919  -1.055617  -1.030768  -0.912283  -0.678529  -0.336192  0.097777  0.591837  1.08918  1.517036  1.832866  2.018501  2.069916  2.011871  1.866936  1.653033  1.392979  1.107078  0.809821  0.514538  0.231094  0  0  0  0  0  0  0  0  0  0  0  0  0  0  0  0  0  0  0  0  0  0  0  0  0  0  0  0  0  0  0  0  0  0  0  0  0  0  0  0  0  0  0  0  0  0  0  0  0  0  0  0  0  0  0  0  0  0  0  0  0  0  0  0  0  -0.05541700000000002
h  12  11  -0.100126  -0.009297  0.134341  0.354729  0.617071  0.882967  1.12027  1.268231  1.272597  1.124964  0.849793  0.499973  0.123324  -0.217491  -0.471054  -0.607921  -0.622621  -0.535877  -0.384216  -0.200654  -0.006249  0.187498  0  0  0  0  0  0  0  0  0  0  0  0  0  0  0  0  0  0  0  0  0  0  0  0  0  0  0  0  0  0  0  0  0  0  0  0  0  0  0  0  0  0  0  0  0  0  0  0  0  0  0  0  0  0  0  0  0  0  0  0  0  0  0  0  0  0.038255999999999984
g  12  12  0.007368  -0.186999  -0.247606  -0.279893  -0.348252  -0.444119  -0.583256  -0.78903  -1.047411  -1.350173  -1.657112  -1.87275  -1.896276  -1.69572  -1.304182  -0.789894  -0.242395  0.261484  0.661973  0.920458  1.029039  0.998444  0  0  0  0  0  0  0  0  0  0  0  0  0  0  0  0  0  0  0  0  0  0  0  0  0  0  0  0  0  0  0  0  0  0  0  0  0  0  0  0  0  0  0  0  0  0  0  0  0  0  0  0  0  0  0  0  0  0  0  0  0  0  0  0  0  -0.016555999999999904
h  12  12  0.785374  0.700829  0.80691  0.868028  0.86604  0.860657  0.845122  0.825487  0.833125  0.914151  1.119651  1.495889  2.002652  2.528689  2.986722  3.314454  3.472429  3.451693  3.266518  2.958671  2.584865  2.193346  0  0  0  0  0  0  0  0  0  0  0  0  0  0  0  0  0  0  0  0  0  0  0  0  0  0  0  0  0  0  0  0  0  0  0  0  0  0  0  0  0  0  0  0  0  0  0  0  0  0  0  0  0  0  0  0  0  0  0  0  0  0  0  0  0  -0.07764099999999985
g  13  0  -0.049758  0.041299  0.121445  0.162551  0.171204  0.158269  0.133064  0.112972  0.122772  0.164757  0.21052  0.243102  0.240971  0.2058  0.157775  0.109954  0.072511  0.05381  0.045873  0.035211  0.021064  0.008075  0  0  0  0  0  0  0  0  0  0  0  0  0  0  0  0  0  0  0  0  0  0  0  0  0  0  0  0  0  0  0  0  0  0  0  0  0  0  0  0  0  0  0  0  0  0  0  0  0  0  0  0  0  0  0  0  0  0  0  0  0  0  0  0  0  -0.002305999999999999
g  13  1  -0.877068  -0.999153  -0.925717  -0.800129  -0.656528  -0.504381  -0.35702  -0.209984  -0.093684  -0.026213  -0.005787  -0.013549  -0.030339  -0.047493  -0.068016  -0.087754  -0.099926  -0.097804  -0.074831  -0.032653  0.018532  0.063181  0  0  0  0  0  0  0  0  0  0  0  0  0  0  0  0  0  0  0  0  0  0  0  0  0  0  0  0  0  0  0  0  0  0  0  0  0  0  0  0  0  0  0  0  0  0  0  0  0  0  0  0  0  0  0  0  0  0  0  0  0  0  0  0  0  0.007975000000000003
h  13  1  -0.863012  -0.76643  -0.774678  -0.747353  -0.676387  -0.617967  -0.579479  -0.53298  -0.478589  -0.441619  -0.435583  -0.467869  -0.534357  -0.602509  -0.647004  -0.65963  -0.640531  -0.592505  -0.52546  -0.45081  -0.37775  -0.316056  0  0  0  0  0  0  0  0  0  0  0  0  0  0  0  0  0  0  0  0  0  0  0  0  0  0  0  0  0  0  0  0  0  0  0  0  0  0  0  0  0  0  0  0  0  0  0  0  0  0  0  0  0  0  0  0  0  0  0  0  0  0  0  0  0  0.011112999999999984
g  13  2  0.358134  0.422995  0.43802  0.478101  0.553026  0.633056  0.692822  0.704571  0.686384  0.64945  0.600017  0.547387  0.486142  0.412254  0.327864  0.23286  0.127103  0.014617  -0.096485  -0.200099  -0.291248  -0.366841  0  0  0  0  0  0  0  0  0  0  0  0  0  0  0  0  0  0  0  0  0  0  0  0  0  0  0  0  0  0  0  0  0  0  0  0  0  0  0  0  0  0  0  0  0  0  0  0  0  0  0  0  0  0  0  0  0  0  0  0  0  0  0  0  0  -0.01367299999999999
h  13  2  0.449875  0.616087  0.588702  0.53198  0.444143  0.34086  0.250759  0.161674  0.075561  0.014699  -0.022361  -0.039683  -0.044509  -0.044747  -0.039877  -0.039854  -0.054308  -0.076991  -0.097087  -0.109663  -0.11225  -0.109285  0  0  0  0  0  0  0  0  0  0  0  0  0  0  0  0  0  0  0  0  0  0  0  0  0  0  0  0  0  0  0  0  0  0  0  0  0  0  0  0  0  0  0  0  0  0  0  0  0  0  0  0  0  0  0  0  0  0  0  0  0  0  0  0  0  0.0008860000000000118
g  13  3  0.584983  0.714966  0.677016  0.596111  0.516356  0.428323  0.301161  0.13539  -0.041003  -0.198216  -0.308108  -0.376715  -0.425796  -0.465255  -0.495458  -0.517889  -0.53094  -0.53106  -0.51747  -0.491944  -0.458689  -0.422074  0  0  0  0  0  0  0  0  0  0  0  0  0  0  0  0  0  0  0  0  0  0  0  0  0  0  0  0  0  0  0  0  0  0  0  0  0  0  0  0  0  0  0  0  0  0  0  0  0  0  0  0  0  0  0  0  0  0  0  0  0  0  0  0  0  0.007523000000000002
h  13  3  1.502024  1.346252  1.265592  1.184793  1.089035  0.998336  0.907418  0.824533  0.7642  0.707544  0.651215  0.597676  0.554973  0.52401  0.488122  0.437606  0.375344  0.312833  0.262733  0.233667  0.228554  0.244958  0  0  0  0  0  0  0  0  0  0  0  0  0  0  0  0  0  0  0  0  0  0  0  0  0  0  0  0  0  0  0  0  0  0  0  0  0  0  0  0  0  0  0  0  0  0  0  0  0  0  0  0  0  0  0  0  0  0  0  0  0  0  0  0  0  0.004590000000000011
g  13  4  -0.347901  -0.343217  -0.193578  0.015741  0.192668  0.326748  0.424437  0.480372  0.505333  0.525519  0.539215  0.534059  0.504667  0.454529  0.38271  0.294238  0.199529  0.109662  0.035296  -0.020869  -0.065743  -0.112042  0  0  0  0  0  0  0  0  0  0  0  0  0  0  0  0  0  0  0  0  0  0  0  0  0  0  0  0  0  0  0  0  0  0  0  0  0  0  0  0  0  0  0  0  0  0  0  0  0  0  0  0  0  0  0  0  0  0  0  0  0  0  0  0  0  -0.009608000000000005
h  13  4  -0.658774  -0.354821  -0.299104  -0.284956  -0.299649  -0.296321  -0.281525  -0.234891  -0.131962  0.016143  0.176646  0.329495  0.456777  0.555529  0.633256  0.689974  0.718144  0.718917  0.698224  0.657096  0.602756  0.548038  0  0  0  0  0  0  0  0  0  0  0  0  0  0  0  0  0  0  0  0  0  0  0  0  0  0  0  0  0  0  0  0  0  0  0  0  0  0  0  0  0  0  0  0  0  0  0  0  0  0  0  0  0  0  0  0  0  0  0  0  0  0  0  0  0  -0.010653999999999941
g  13  5  0.987754  0.676452  0.382722  0.16589  -0.017473  -0.1105  -0.116854  -0.062735  0.026275  0.127527  0.2169  0.287849  0.34385  0.381946  0.40225  0.408195  0.405186  0.398935  0.392275  0.38857  0.387759  0.383381  0  0  0  0  0  0  0  0  0  0  0  0  0  0  0  0  0  0  0  0  0  0  0  0  0  0  0  0  0  0  0  0  0  0  0  0  0  0  0  0  0  0  0  0  0  0  0  0  0  0  0  0  0  0  0  0  0  0  0  0  0  0  0  0  0  -0.0014729999999999466
h  13  5  -1.243148  -1.266347  -1.308374  -1.29918  -1.246922  -1.112014  -0.942838  -0.789825  -0.654077  -0.523429  -0.382876  -0.234981  -0.100122  0.011935  0.104291  0.181437  0.245527  0.296456  0.334591  0.362533  0.384874  0.40163  0  0  0  0  0  0  0  0  0  0  0  0  0  0  0  0  0  0  0  0  0  0  0  0  0  0  0  0  0  0  0  0  0  0  0  0  0  0  0  0  0  0  0  0  0  0  0  0  0  0  0  0  0  0  0  0  0  0  0  0  0  0  0  0  0  0.0028249999999999664
g  13  6  -0.229316  -0.023618  -0.107344  -0.169499  -0.211362  -0.26145  -0.325013  -0.387766  -0.456844  -0.519  -0.565013  -0.601168  -0.633942  -0.661724  -0.671882  -0.652867  -0.596276  -0.497488  -0.366798  -0.227845  -0.106485  -0.01363  0  0  0  0  0  0  0  0  0  0  0  0  0  0  0  0  0  0  0  0  0  0  0  0  0  0  0  0  0  0  0  0  0  0  0  0  0  0  0  0  0  0  0  0  0  0  0  0  0  0  0  0  0  0  0  0  0  0  0  0  0  0  0  0  0  0.016207
h  13  6  -0.103335  0.020275  0.137179  0.268129  0.362145  0.444577  0.513287  0.548094  0.529109  0.471389  0.399097  0.333345  0.282897  0.251422  0.234862  0.223549  0.205724  0.168125  0.098087  -0.006923  -0.130701  -0.256018  0  0  0  0  0  0  0  0  0  0  0  0  0  0  0  0  0  0  0  0  0  0  0  0  0  0  0  0  0  0  0  0  0  0  0  0  0  0  0  0  0  0  0  0  0  0  0  0  0  0  0  0  0  0  0  0  0  0  0  0  0  0  0  0  0  -0.024745000000000017
g  13  7  0.77023  0.762929  0.763459  0.752507  0.700309  0.637701  0.587078  0.534377  0.474239  0.432202  0.406115  0.375133  0.338067  0.298279  0.251002  0.195349  0.13793  0.086873  0.053054  0.042307  0.04438  0.046161  0  0  0  0  0  0  0  0  0  0  0  0  0  0  0  0  0  0  0  0  0  0  0  0  0  0  0  0  0  0  0  0  0  0  0  0  0  0  0  0  0  0  0  0  0  0  0  0  0  0  0  0  0  0  0  0  0  0  0  0  0  0  0  0  0  5.999999999999062e-06
h  13  7  0.435454  0.285167  0.210216  0.142896  0.075678  0.025206  -0.011015  -0.028503  -0.005459  0.047667  0.102027  0.154125  0.209142  0.256925  0.290392  0.309786  0.319454  0.324185  0.323937  0.312803  0.28457  0.240112  0  0  0  0  0  0  0  0  0  0  0  0  0  0  0  0  0  0  0  0  0  0  0  0  0  0  0  0  0  0  0  0  0  0  0  0  0  0  0  0  0  0  0  0  0  0  0  0  0  0  0  0  0  0  0  0  0  0  0  0  0  0  0  0  0  -0.009973999999999983
g  13  8  -0.228999  -0.129448  -0.126535  -0.138362  -0.159754  -0.168597  -0.1874  -0.229341  -0.277005  -0.314211  -0.319101  -0.273747  -0.181167  -0.051562  0.104258  0.274489  0.443102  0.597253  0.729336  0.837801  0.92444  0.992949  0  0  0  0  0  0  0  0  0  0  0  0  0  0  0  0  0  0  0  0  0  0  0  0  0  0  0  0  0  0  0  0  0  0  0  0  0  0  0  0  0  0  0  0  0  0  0  0  0  0  0  0  0  0  0  0  0  0  0  0  0  0  0  0  0  0.012665999999999955
h  13  8  0.080483  -0.10844  -0.154117  -0.204967  -0.26818  -0.335816  -0.366653  -0.351228  -0.291577  -0.192963  -0.066002  0.072704  0.195444  0.282276  0.328636  0.340709  0.32589  0.298214  0.272301  0.253654  0.23723  0.220899  0  0  0  0  0  0  0  0  0  0  0  0  0  0  0  0  0  0  0  0  0  0  0  0  0  0  0  0  0  0  0  0  0  0  0  0  0  0  0  0  0  0  0  0  0  0  0  0  0  0  0  0  0  0  0  0  0  0  0  0  0  0  0  0  0  -0.0033159999999999856
g  13  9  0.34018  0.337238  0.310901  0.261386  0.187694  0.130917  0.091494  0.062496  0.028854  -0.028946  -0.119356  -0.232895  -0.358094  -0.485908  -0.604135  -0.696112  -0.74973  -0.762749  -0.746042  -0.711812  -0.663369  -0.598961  0  0  0  0  0  0  0  0  0  0  0  0  0  0  0  0  0  0  0  0  0  0  0  0  0  0  0  0  0  0  0  0  0  0  0  0  0  0  0  0  0  0  0  0  0  0  0  0  0  0  0  0  0  0  0  0  0  0  0  0  0  0  0  0  0  0.014299000000000062
h  13  9  0.409137  0.446313  0.385235  0.323434  0.276942  0.237109  0.186749  0.109473  0.008432  -0.10961  -0.220171  -0.30036  -0.33493  -0.318201  -0.251858  -0.142815  -0.008211  0.132157  0.264358  0.381634  0.483211  0.569035  0  0  0  0  0  0  0  0  0  0  0  0  0  0  0  0  0  0  0  0  0  0  0  0  0  0  0  0  0  0  0  0  0  0  0  0  0  0  0  0  0  0  0  0  0  0  0  0  0  0  0  0  0  0  0  0  0  0  0  0  0  0  0  0  0  0.015930999999999917
g  13  10  0.044747  0.115492  0.208606  0.301177  0.370706  0.384186  0.354142  0.284264  0.195884  0.107735  0.024583  -0.050813  -0.108303  -0.141464  -0.151557  -0.150944  -0.147644  -0.140765  -0.130684  -0.123217  -0.12525  -0.140899  0  0  0  0  0  0  0  0  0  0  0  0  0  0  0  0  0  0  0  0  0  0  0  0  0  0  0  0  0  0  0  0  0  0  0  0  0  0  0  0  0  0  0  0  0  0  0  0  0  0  0  0  0  0  0  0  0  0  0  0  0  0  0  0  0  -0.004277000000000003
h  13  10  0.448317  0.608652  0.658371  0.618674  0.536965  0.44609  0.362336  0.309724  0.299113  0.321809  0.358191  0.401665  0.454832  0.510932  0.554454  0.571395  0.560622  0.524332  0.465228  0.390059  0.305469  0.219475  0  0  0  0  0  0  0  0  0  0  0  0  0  0  0  0  0  0  0  0  0  0  0  0  0  0  0  0  0  0  0  0  0  0  0  0  0  0  0  0  0  0  0  0  0  0  0  0  0  0  0  0  0  0  0  0  0  0  0  0  0  0  0  0  0  -0.016850000000000004
g  13  11  0.346902  0.37693  0.354721  0.301541  0.270419  0.235853  0.181017  0.116797  0.048097  -0.015047  -0.045368  -0.033071  0.011847  0.074643  0.138459  0.187837  0.216279  0.223695  0.210598  0.178236  0.128407  0.063044  0  0  0  0  0  0  0  0  0  0  0  0  0  0  0  0  0  0  0  0  0  0  0  0  0  0  0  0  0  0  0  0  0  0  0  0  0  0  0  0  0  0  0  0  0  0  0  0  0  0  0  0  0  0  0  0  0  0  0  0  0  0  0  0  0  -0.014190999999999995
h  13  11  -0.292094  -0.224369  -0.173401  -0.109082  -0.04071  0.014804  0.059138  0.083762  0.107053  0.150199  0.212978  0.277174  0.330967  0.369097  0.392349  0.407813  0.424532  0.449334  0.482682  0.520692  0.556369  0.585381  0  0  0  0  0  0  0  0  0  0  0  0  0  0  0  0  0  0  0  0  0  0  0  0  0  0  0  0  0  0  0  0  0  0  0  0  0  0  0  0  0  0  0  0  0  0  0  0  0  0  0  0  0  0  0  0  0  0  0  0  0  0  0  0  0  0.005121000000000042
g  13  12  -0.28637  -0.346291  -0.355054  -0.35205  -0.321977  -0.249377  -0.139701  0.004208  0.169009  0.323962  0.437922  0.50128  0.514971  0.48373  0.41721  0.320582  0.198531  0.059236  -0.087961  -0.234464  -0.371823  -0.494105  0  0  0  0  0  0  0  0  0  0  0  0  0  0  0  0  0  0  0  0  0  0  0  0  0  0  0  0  0  0  0  0  0  0  0  0  0  0  0  0  0  0  0  0  0  0  0  0  0  0  0  0  0  0  0  0  0  0  0  0  0  0  0  0  0  -0.023105000000000042
h  13  12  -0.6742  -0.331409  -0.267973  -0.177787  -0.055261  0.055586  0.148291  0.213012  0.236751  0.21338  0.158588  0.089855  0.020111  -0.030921  -0.047342  -0.026846  0.022697  0.0875  0.148607  0.190669  0.208713  0.202424  0  0  0  0  0  0  0  0  0  0  0  0  0  0  0  0  0  0  0  0  0  0  0  0  0  0  0  0  0  0  0  0  0  0  0  0  0  0  0  0  0  0  0  0  0  0  0  0  0  0  0  0  0  0  0  0  0  0  0  0  0  0  0  0  0  -0.0031029999999999947
g  13  13  -0.331882  -0.437005  -0.551177  -0.619912  -0.628246  -0.605211  -0.596882  -0.616718  -0.656749  -0.707747  -0.744414  -0.721347  -0.599333  -0.389781  -0.134549  0.114672  0.308556  0.420098  0.440619  0.374993  0.241131  0.06086  0  0  0  0  0  0  0  0  0  0  0  0  0  0  0  0  0  0  0  0  0  0  0  0  0  0  0  0  0  0  0  0  0  0  0  0  0  0  0  0  0  0  0  0  0  0  0  0  0  0  0  0  0  0  0  0  0  0  0  0  0  0  0  0  0  -0.038711999999999996
h  13  13  -0.67988  -0.654215  -0.469607  -0.262719  -0.076427  0.063237  0.143561  0.180733  0.200368  0.228168  0.293963  0.423107  0.581312  0.704999  0.757485  0.720606  0.59725  0.407571  0.176759  -0.06409  -0.284397  -0.462772  0  0  0  0  0  0  0  0  0  0  0  0  0  0  0  0  0  0  0  0  0  0  0  0  0  0  0  0  0  0  0  0  0  0  0  0  0  0  0  0  0  0  0  0  0  0  0  0  0  0  0  0  0  0  0  0  0  0  0  0  0  0  0  0  0  -0.031521999999999994
