# 2019 MPG data assimilation forecast
# units of nT 
c/s d o  GUFM1  GUFM1  GUFM1  GUFM1  GUFM1  GUFM1  GUFM1  GUFM1  GUFM1  GUFM1  GUFM1  GUFM1  GUFM1  GUFM1  GUFM1  GUFM1  GUFM1  GUFM1  GUFM1  GUFM1  GUFM1  GUFM1  GUFM1  GUFM1  GUFM1  GUFM1  GUFM1  GUFM1  GUFM1  GUFM1  GUFM1  GUFM1  GUFM1  GUFM1  GUFM1  GUFM1  GUFM1  GUFM1  GUFM1  GUFM1  GUFM1  GUFM1  GUFM1  GUFM1  GUFM1  GUFM1  GUFM1  GUFM1  GUFM1  GUFM1  GUFM1  GUFM1  GUFM1  GUFM1  GUFM1  GUFM1  GUFM1  GUFM1  GUFM1  GUFM1  GUFM1  GUFM1   IGRF   IGRF   IGRF   IGRF   IGRF   IGRF   IGRF   IGRF   IGRF   DGRF   DGRF   DGRF   DGRF   DGRF   DGRF   DGRF   DGRF   DGRF   DGRF   DGRF   DGRF      DGRF      DGRF     DGRF     IGRF      SV
g/h n m 1590.0 1595.0 1600.0 1605.0 1610.0 1615.0 1620.0 1625.0 1630.0 1635.0 1640.0 1645.0 1650.0 1655.0 1660.0 1665.0 1670.0 1675.0 1680.0 1685.0 1690.0 1695.0 1700.0 1705.0 1710.0 1715.0 1720.0 1725.0 1730.0 1735.0 1740.0 1745.0 1750.0 1755.0 1760.0 1765.0 1770.0 1775.0 1780.0 1785.0 1790.0 1795.0 1800.0 1805.0 1810.0 1815.0 1820.0 1825.0 1830.0 1835.0 1840.0 1845.0 1850.0 1855.0 1860.0 1865.0 1870.0 1875.0 1880.0 1885.0 1890.0 1895.0 1900.0 1905.0 1910.0 1915.0 1920.0 1925.0 1930.0 1935.0 1940.0 1945.0 1950.0 1955.0 1960.0 1965.0 1970.0 1975.0 1980.0 1985.0 1990.0 1995.0 2000.0    2005.0    2010.0   2015.0   2020.0 2020-25
g  1  0  -29441.731051  -29403.893184  -29350.126805  -29284.049105  -29214.917504  -29148.189072  -29087.808968  -29028.763426  -28955.365624  -28872.34752  -28784.846955  -28694.075904  -28601.385106  -28507.96757  -28412.484178  -28315.718707  -28219.569243  -28124.23303  -28029.6137  -27935.582994  -27841.208746  -27745.401243  0  0  0  0  0  0  0  0  0  0  0  0  0  0  0  0  0  0  0  0  0  0  0  0  0  0  0  0  0  0  0  0  0  0  0  0  0  0  0  0  0  0  0  0  0  0  0  0  0  0  0  0  0  0  0  0  0  0  0  0  0  0  0  0  0  19.311729000000923
g  1  1  -1501.795878  -1451.995437  -1417.863379  -1374.474346  -1322.711726  -1263.354118  -1202.186457  -1141.82836  -1086.193831  -1028.706034  -964.961316  -896.818573  -825.311555  -754.124459  -689.780704  -635.70147  -590.545685  -553.203523  -524.86926  -505.222491  -493.154833  -485.435771  0  0  0  0  0  0  0  0  0  0  0  0  0  0  0  0  0  0  0  0  0  0  0  0  0  0  0  0  0  0  0  0  0  0  0  0  0  0  0  0  0  0  0  0  0  0  0  0  0  0  0  0  0  0  0  0  0  0  0  0  0  0  0  0  0  1.3952229999999872
h  1  1  4796.403506  4652.280466  4544.046376  4445.09221  4347.424516  4235.033824  4099.911904  3953.306131  3804.809262  3664.148696  3533.840196  3415.572139  3309.39902  3212.013476  3117.857622  3022.583776  2922.544143  2816.059027  2703.591091  2586.312218  2465.24385  2341.449908  0  0  0  0  0  0  0  0  0  0  0  0  0  0  0  0  0  0  0  0  0  0  0  0  0  0  0  0  0  0  0  0  0  0  0  0  0  0  0  0  0  0  0  0  0  0  0  0  0  0  0  0  0  0  0  0  0  0  0  0  0  0  0  0  0  -24.85909700000002
g  2  0  -2446.633048  -2499.137483  -2538.275685  -2577.19362  -2623.966032  -2669.581134  -2708.597099  -2740.833821  -2761.474221  -2775.325905  -2791.149916  -2807.881812  -2822.836562  -2834.090483  -2838.768281  -2836.941473  -2832.282354  -2828.43686  -2827.935928  -2830.772683  -2836.230429  -2843.940649  0  0  0  0  0  0  0  0  0  0  0  0  0  0  0  0  0  0  0  0  0  0  0  0  0  0  0  0  0  0  0  0  0  0  0  0  0  0  0  0  0  0  0  0  0  0  0  0  0  0  0  0  0  0  0  0  0  0  0  0  0  0  0  0  0  -1.760475999999926
g  2  1  3011.946349  2981.748687  2950.242028  2911.514777  2862.323035  2812.672898  2778.598344  2759.900063  2751.79543  2750.703709  2752.797433  2756.421747  2760.279874  2762.136667  2759.398579  2749.237652  2731.309715  2705.304214  2671.955779  2633.538087  2590.56827  2543.799114  0  0  0  0  0  0  0  0  0  0  0  0  0  0  0  0  0  0  0  0  0  0  0  0  0  0  0  0  0  0  0  0  0  0  0  0  0  0  0  0  0  0  0  0  0  0  0  0  0  0  0  0  0  0  0  0  0  0  0  0  0  0  0  0  0  -9.52228100000002
h  2  1  -2845.752192  -2990.879943  -3117.115098  -3213.334069  -3279.281679  -3334.461363  -3407.478045  -3495.370317  -3591.261824  -3685.560855  -3773.494496  -3854.081643  -3928.409022  -3996.754853  -4058.285647  -4116.941276  -4176.651604  -4239.800414  -4307.76847  -4379.910042  -4454.305085  -4530.420456  0  0  0  0  0  0  0  0  0  0  0  0  0  0  0  0  0  0  0  0  0  0  0  0  0  0  0  0  0  0  0  0  0  0  0  0  0  0  0  0  0  0  0  0  0  0  0  0  0  0  0  0  0  0  0  0  0  0  0  0  0  0  0  0  0  -15.341763999999785
g  2  2  1676.20378  1676.736325  1660.442838  1648.391759  1633.19512  1607.007597  1577.03835  1537.900744  1490.068198  1435.616975  1374.692177  1309.658394  1241.662881  1167.915918  1085.609415  994.759674  896.83755  793.345416  686.101137  577.915862  470.56915  365.246439  0  0  0  0  0  0  0  0  0  0  0  0  0  0  0  0  0  0  0  0  0  0  0  0  0  0  0  0  0  0  0  0  0  0  0  0  0  0  0  0  0  0  0  0  0  0  0  0  0  0  0  0  0  0  0  0  0  0  0  0  0  0  0  0  0  -20.88666999999998
h  2  2  -642.361553  -733.71052  -791.013946  -826.33293  -863.26064  -911.042829  -979.358925  -1068.283099  -1169.628893  -1277.328605  -1385.564028  -1492.276642  -1599.095788  -1705.980131  -1812.844954  -1918.246819  -2018.488088  -2110.592501  -2193.554432  -2265.710894  -2324.947937  -2368.51006  0  0  0  0  0  0  0  0  0  0  0  0  0  0  0  0  0  0  0  0  0  0  0  0  0  0  0  0  0  0  0  0  0  0  0  0  0  0  0  0  0  0  0  0  0  0  0  0  0  0  0  0  0  0  0  0  0  0  0  0  0  0  0  0  0  -7.350590999999895
g  3  0  1350.010869  1363.494596  1387.133699  1423.727529  1458.416339  1487.348752  1510.483491  1531.759198  1555.63336  1580.452154  1602.533069  1621.279478  1637.220285  1650.4868  1662.973819  1676.28244  1688.807977  1700.240483  1710.89197  1721.630252  1732.770525  1744.924461  0  0  0  0  0  0  0  0  0  0  0  0  0  0  0  0  0  0  0  0  0  0  0  0  0  0  0  0  0  0  0  0  0  0  0  0  0  0  0  0  0  0  0  0  0  0  0  0  0  0  0  0  0  0  0  0  0  0  0  0  0  0  0  0  0  2.5364750000001095
g  3  1  -2352.61001  -2380.5934  -2425.452183  -2484.281758  -2545.30471  -2599.989905  -2641.503111  -2668.412394  -2686.14228  -2693.977132  -2694.401433  -2692.169244  -2689.133549  -2686.242644  -2683.163829  -2679.864246  -2676.150248  -2672.06607  -2667.567757  -2662.344388  -2656.674104  -2649.596222  0  0  0  0  0  0  0  0  0  0  0  0  0  0  0  0  0  0  0  0  0  0  0  0  0  0  0  0  0  0  0  0  0  0  0  0  0  0  0  0  0  0  0  0  0  0  0  0  0  0  0  0  0  0  0  0  0  0  0  0  0  0  0  0  0  1.6398709999998573
h  3  1  -115.190994  -81.547851  -64.825257  -55.637379  -37.720609  -29.489782  -31.567412  -34.600776  -31.114677  -19.757312  -1.496495  22.558925  50.762594  83.214007  121.021455  164.009813  210.071469  257.30068  304.572679  351.597144  398.36656  445.467013  0  0  0  0  0  0  0  0  0  0  0  0  0  0  0  0  0  0  0  0  0  0  0  0  0  0  0  0  0  0  0  0  0  0  0  0  0  0  0  0  0  0  0  0  0  0  0  0  0  0  0  0  0  0  0  0  0  0  0  0  0  0  0  0  0  9.489638000000014
g  3  2  1225.845441  1235.995656  1238.164213  1221.828553  1186.674502  1143.297681  1107.728107  1078.840732  1052.064014  1029.899186  1013.745036  1004.384892  1000.803848  999.967413  1001.481411  1006.502617  1015.292  1026.961604  1040.2593  1053.961124  1067.598029  1081.192082  0  0  0  0  0  0  0  0  0  0  0  0  0  0  0  0  0  0  0  0  0  0  0  0  0  0  0  0  0  0  0  0  0  0  0  0  0  0  0  0  0  0  0  0  0  0  0  0  0  0  0  0  0  0  0  0  0  0  0  0  0  0  0  0  0  2.688634000000093
h  3  2  245.201644  242.096634  238.897347  234.75199  238.732254  253.515813  275.804946  306.294202  337.381646  366.448731  393.37766  420.016228  445.456067  468.740868  489.59747  506.493295  518.912728  527.537955  533.569183  538.513662  543.089579  548.243281  0  0  0  0  0  0  0  0  0  0  0  0  0  0  0  0  0  0  0  0  0  0  0  0  0  0  0  0  0  0  0  0  0  0  0  0  0  0  0  0  0  0  0  0  0  0  0  0  0  0  0  0  0  0  0  0  0  0  0  0  0  0  0  0  0  1.1507020000000239
g  3  3  582.048215  526.155677  474.276123  430.140314  395.709321  362.659355  336.919992  312.76151  282.641913  245.937656  202.905933  154.9647  103.238279  47.420549  -13.761981  -79.793032  -149.988999  -222.611291  -296.146693  -371.065437  -448.560931  -530.181242  0  0  0  0  0  0  0  0  0  0  0  0  0  0  0  0  0  0  0  0  0  0  0  0  0  0  0  0  0  0  0  0  0  0  0  0  0  0  0  0  0  0  0  0  0  0  0  0  0  0  0  0  0  0  0  0  0  0  0  0  0  0  0  0  0  -16.699919000000023
h  3  3  -539.007113  -543.005018  -536.314112  -531.445805  -535.355577  -552.749685  -583.143445  -627.111863  -676.1202  -726.257914  -776.436796  -823.267393  -866.442338  -904.687046  -937.622912  -966.42594  -990.447787  -1008.153719  -1018.025143  -1018.932532  -1011.178922  -996.191907  0  0  0  0  0  0  0  0  0  0  0  0  0  0  0  0  0  0  0  0  0  0  0  0  0  0  0  0  0  0  0  0  0  0  0  0  0  0  0  0  0  0  0  0  0  0  0  0  0  0  0  0  0  0  0  0  0  0  0  0  0  0  0  0  0  3.483432999999991
g  4  0  907.288622  902.908213  903.754076  902.482123  889.753159  870.706778  853.187429  839.267413  829.831952  821.007659  810.341313  797.703422  783.985279  768.693923  751.124066  731.889059  711.363186  689.86856  668.572237  649.696371  635.07007  625.659594  0  0  0  0  0  0  0  0  0  0  0  0  0  0  0  0  0  0  0  0  0  0  0  0  0  0  0  0  0  0  0  0  0  0  0  0  0  0  0  0  0  0  0  0  0  0  0  0  0  0  0  0  0  0  0  0  0  0  0  0  0  0  0  0  0  -1.4674680000000535
g  4  1  813.66912  809.641379  804.46174  801.668353  792.967541  781.25174  772.323532  766.450311  762.447492  755.162165  741.896914  723.51447  701.914743  678.475587  654.484352  629.796373  603.640914  574.732926  542.319182  506.901799  468.694813  427.72502  0  0  0  0  0  0  0  0  0  0  0  0  0  0  0  0  0  0  0  0  0  0  0  0  0  0  0  0  0  0  0  0  0  0  0  0  0  0  0  0  0  0  0  0  0  0  0  0  0  0  0  0  0  0  0  0  0  0  0  0  0  0  0  0  0  -8.38910500000003
h  4  1  283.69721  281.344198  272.261364  259.509209  240.95035  216.181873  181.873587  138.27336  89.01398  36.842196  -13.379943  -58.273453  -98.024469  -132.208696  -159.585029  -181.481633  -200.453595  -218.09118  -234.780785  -250.455613  -265.441473  -280.003973  0  0  0  0  0  0  0  0  0  0  0  0  0  0  0  0  0  0  0  0  0  0  0  0  0  0  0  0  0  0  0  0  0  0  0  0  0  0  0  0  0  0  0  0  0  0  0  0  0  0  0  0  0  0  0  0  0  0  0  0  0  0  0  0  0  -2.871687999999949
g  4  2  120.594623  85.71059  60.924941  36.94316  13.322918  -10.299757  -31.151802  -46.241421  -59.098124  -71.269307  -83.42743  -95.23582  -105.480345  -113.060787  -117.49532  -118.293806  -115.257154  -109.485203  -101.809739  -92.416656  -81.717405  -70.863381  0  0  0  0  0  0  0  0  0  0  0  0  0  0  0  0  0  0  0  0  0  0  0  0  0  0  0  0  0  0  0  0  0  0  0  0  0  0  0  0  0  0  0  0  0  0  0  0  0  0  0  0  0  0  0  0  0  0  0  0  0  0  0  0  0  2.1015230000000003
h  4  2  -188.725894  -158.927732  -116.975003  -70.886033  -21.420149  28.72615  79.364939  132.050312  183.771419  233.249015  278.31867  318.421941  353.803696  385.220871  414.293579  442.002291  468.440891  492.862628  514.403251  532.797697  547.726976  559.090288  0  0  0  0  0  0  0  0  0  0  0  0  0  0  0  0  0  0  0  0  0  0  0  0  0  0  0  0  0  0  0  0  0  0  0  0  0  0  0  0  0  0  0  0  0  0  0  0  0  0  0  0  0  0  0  0  0  0  0  0  0  0  0  0  0  2.006864999999948
g  4  3  -335.128923  -309.422438  -291.209629  -280.069361  -273.507149  -265.68522  -254.413067  -241.44055  -224.440835  -202.674396  -177.111772  -148.841252  -118.917705  -89.37231  -61.460977  -35.364008  -11.326004  10.709568  31.251802  50.438992  67.480568  81.146185  0  0  0  0  0  0  0  0  0  0  0  0  0  0  0  0  0  0  0  0  0  0  0  0  0  0  0  0  0  0  0  0  0  0  0  0  0  0  0  0  0  0  0  0  0  0  0  0  0  0  0  0  0  0  0  0  0  0  0  0  0  0  0  0  0  2.417348000000004
h  4  3  180.535466  200.014178  211.697485  223.244987  238.330347  260.964075  291.132545  323.420579  352.78673  379.631263  403.929317  425.175352  443.319619  459.435322  474.344032  488.415427  502.417841  516.976795  532.236715  547.818129  563.097287  577.255505  0  0  0  0  0  0  0  0  0  0  0  0  0  0  0  0  0  0  0  0  0  0  0  0  0  0  0  0  0  0  0  0  0  0  0  0  0  0  0  0  0  0  0  0  0  0  0  0  0  0  0  0  0  0  0  0  0  0  0  0  0  0  0  0  0  2.701432999999952
g  4  4  70.405734  48.049492  25.613363  10.697802  7.385265  13.434795  21.59187  31.094205  37.891233  39.698959  36.676218  27.083541  10.640498  -13.717744  -46.690365  -87.252748  -133.643492  -183.919909  -236.373899  -290.424183  -345.71338  -401.593811  0  0  0  0  0  0  0  0  0  0  0  0  0  0  0  0  0  0  0  0  0  0  0  0  0  0  0  0  0  0  0  0  0  0  0  0  0  0  0  0  0  0  0  0  0  0  0  0  0  0  0  0  0  0  0  0  0  0  0  0  0  0  0  0  0  -11.184710999999993
h  4  4  -328.841047  -349.567896  -360.780578  -366.964347  -374.304526  -386.439477  -404.4901  -425.7801  -451.106459  -477.673263  -504.639598  -531.084116  -556.853592  -581.319532  -603.609082  -623.0681  -638.862219  -649.591044  -654.589763  -653.949525  -648.069099  -637.390207  0  0  0  0  0  0  0  0  0  0  0  0  0  0  0  0  0  0  0  0  0  0  0  0  0  0  0  0  0  0  0  0  0  0  0  0  0  0  0  0  0  0  0  0  0  0  0  0  0  0  0  0  0  0  0  0  0  0  0  0  0  0  0  0  0  2.509770000000003
g  5  0  -232.885145  -234.461682  -239.621182  -242.677655  -244.544362  -248.83246  -252.921098  -254.157608  -251.354115  -243.854832  -232.383293  -219.296769  -205.928938  -193.480662  -183.217587  -174.769737  -167.663143  -161.059971  -153.890004  -145.262656  -134.953521  -122.923098  0  0  0  0  0  0  0  0  0  0  0  0  0  0  0  0  0  0  0  0  0  0  0  0  0  0  0  0  0  0  0  0  0  0  0  0  0  0  0  0  0  0  0  0  0  0  0  0  0  0  0  0  0  0  0  0  0  0  0  0  0  0  0  0  0  2.536379000000011
g  5  1  360.065807  363.133362  359.46019  348.791354  329.31436  307.81335  286.861119  267.534136  252.489641  240.9702  231.314218  221.841832  211.770513  200.649208  187.977373  174.276842  159.845353  144.567663  128.741173  112.382645  94.987634  76.32369  0  0  0  0  0  0  0  0  0  0  0  0  0  0  0  0  0  0  0  0  0  0  0  0  0  0  0  0  0  0  0  0  0  0  0  0  0  0  0  0  0  0  0  0  0  0  0  0  0  0  0  0  0  0  0  0  0  0  0  0  0  0  0  0  0  -3.814781999999994
h  5  1  47.302207  47.203951  39.391015  27.181154  13.124645  -3.697725  -22.628878  -40.180206  -55.030154  -66.979815  -77.531993  -87.872985  -97.889992  -107.352701  -116.210888  -123.968393  -131.164224  -138.501105  -146.163505  -153.698209  -160.551594  -166.348175  0  0  0  0  0  0  0  0  0  0  0  0  0  0  0  0  0  0  0  0  0  0  0  0  0  0  0  0  0  0  0  0  0  0  0  0  0  0  0  0  0  0  0  0  0  0  0  0  0  0  0  0  0  0  0  0  0  0  0  0  0  0  0  0  0  -1.0723570000000109
g  5  2  192.401884  188.438624  190.908986  194.747766  194.405316  190.248532  186.625497  185.193558  183.372253  180.222087  175.682275  170.79102  166.502928  163.343696  162.024222  162.394279  164.05375  166.410582  168.846411  171.087985  173.481822  176.392568  0  0  0  0  0  0  0  0  0  0  0  0  0  0  0  0  0  0  0  0  0  0  0  0  0  0  0  0  0  0  0  0  0  0  0  0  0  0  0  0  0  0  0  0  0  0  0  0  0  0  0  0  0  0  0  0  0  0  0  0  0  0  0  0  0  0.6152360000000101
h  5  2  197.156731  208.67271  226.724405  246.910567  268.896594  293.183751  315.269042  334.995131  351.461382  362.962031  369.647217  372.598902  372.010226  368.294287  362.685034  356.075301  348.868934  341.153694  333.274195  325.995391  319.790002  314.854776  0  0  0  0  0  0  0  0  0  0  0  0  0  0  0  0  0  0  0  0  0  0  0  0  0  0  0  0  0  0  0  0  0  0  0  0  0  0  0  0  0  0  0  0  0  0  0  0  0  0  0  0  0  0  0  0  0  0  0  0  0  0  0  0  0  -0.8707529999999792
g  5  3  -140.907025  -140.361753  -136.078241  -130.251385  -127.729524  -123.164544  -116.180036  -108.527783  -101.787988  -97.958409  -95.505212  -93.412269  -90.938811  -87.69662  -83.555582  -78.552461  -72.607357  -65.616577  -57.70323  -49.311612  -41.009294  -33.070013  0  0  0  0  0  0  0  0  0  0  0  0  0  0  0  0  0  0  0  0  0  0  0  0  0  0  0  0  0  0  0  0  0  0  0  0  0  0  0  0  0  0  0  0  0  0  0  0  0  0  0  0  0  0  0  0  0  0  0  0  0  0  0  0  0  1.5549399999999949
h  5  3  -118.981541  -121.286648  -114.546443  -101.565596  -84.609999  -66.512488  -48.347561  -28.55556  -8.91407  10.389423  28.509528  45.59124  62.545756  80.067414  98.553223  118.110252  138.051526  157.484983  176.297077  194.464872  211.864219  227.899902  0  0  0  0  0  0  0  0  0  0  0  0  0  0  0  0  0  0  0  0  0  0  0  0  0  0  0  0  0  0  0  0  0  0  0  0  0  0  0  0  0  0  0  0  0  0  0  0  0  0  0  0  0  0  0  0  0  0  0  0  0  0  0  0  0  3.0576910000000055
g  5  4  -157.416461  -151.37201  -144.22389  -136.158281  -130.28922  -125.465677  -121.045645  -116.716042  -110.69836  -102.437283  -92.747715  -82.054775  -71.081258  -61.098201  -52.747117  -46.235519  -41.815765  -39.657438  -39.788684  -41.993812  -45.825355  -50.305844  0  0  0  0  0  0  0  0  0  0  0  0  0  0  0  0  0  0  0  0  0  0  0  0  0  0  0  0  0  0  0  0  0  0  0  0  0  0  0  0  0  0  0  0  0  0  0  0  0  0  0  0  0  0  0  0  0  0  0  0  0  0  0  0  0  -0.8924420000000026
h  5  4  16.123367  31.997236  45.438688  56.849998  66.963866  75.637927  84.512383  93.448516  100.847442  107.438373  114.191352  121.213261  128.662452  136.658594  144.503307  151.032201  155.55914  158.14527  159.256543  159.49767  159.185863  158.09398  0  0  0  0  0  0  0  0  0  0  0  0  0  0  0  0  0  0  0  0  0  0  0  0  0  0  0  0  0  0  0  0  0  0  0  0  0  0  0  0  0  0  0  0  0  0  0  0  0  0  0  0  0  0  0  0  0  0  0  0  0  0  0  0  0  -0.30496800000000235
g  5  5  4.197122  13.752698  23.594846  39.606709  62.769292  88.888955  113.734444  133.274647  146.70719  152.482442  150.525489  141.896458  127.582712  108.708226  86.412049  62.126062  37.135893  12.087768  -12.521778  -36.428178  -59.331045  -80.808551  0  0  0  0  0  0  0  0  0  0  0  0  0  0  0  0  0  0  0  0  0  0  0  0  0  0  0  0  0  0  0  0  0  0  0  0  0  0  0  0  0  0  0  0  0  0  0  0  0  0  0  0  0  0  0  0  0  0  0  0  0  0  0  0  0  -4.164843999999988
h  5  5  100.128046  99.199082  103.506375  108.425307  110.26868  107.297765  96.18527  79.810004  60.194137  37.31893  12.895718  -12.407585  -37.861405  -61.873386  -83.288331  -101.486892  -115.985015  -125.902898  -130.76314  -130.8075  -126.611157  -118.661337  0  0  0  0  0  0  0  0  0  0  0  0  0  0  0  0  0  0  0  0  0  0  0  0  0  0  0  0  0  0  0  0  0  0  0  0  0  0  0  0  0  0  0  0  0  0  0  0  0  0  0  0  0  0  0  0  0  0  0  0  0  0  0  0  0  1.8724849999999975
g  6  0  69.457097  66.078695  66.977129  69.046222  68.316901  64.448836  61.621064  59.377368  57.367806  55.372649  53.183257  50.863869  48.20547  44.537787  39.430522  32.912502  25.416088  17.546988  9.815578  2.740602  -3.30539  -8.168638  0  0  0  0  0  0  0  0  0  0  0  0  0  0  0  0  0  0  0  0  0  0  0  0  0  0  0  0  0  0  0  0  0  0  0  0  0  0  0  0  0  0  0  0  0  0  0  0  0  0  0  0  0  0  0  0  0  0  0  0  0  0  0  0  0  -0.8812029999999993
g  6  1  67.552099  65.483745  61.711003  55.272908  46.018759  34.999623  24.365877  13.523004  4.40763  -3.135076  -9.617313  -15.103964  -19.806682  -24.248094  -29.000188  -33.944696  -38.748295  -43.206774  -47.076135  -50.404958  -53.314509  -55.973997  0  0  0  0  0  0  0  0  0  0  0  0  0  0  0  0  0  0  0  0  0  0  0  0  0  0  0  0  0  0  0  0  0  0  0  0  0  0  0  0  0  0  0  0  0  0  0  0  0  0  0  0  0  0  0  0  0  0  0  0  0  0  0  0  0  -0.5147829999999942
h  6  1  -20.612439  -19.351669  -24.526336  -34.207766  -48.623134  -64.374629  -80.915451  -97.266032  -113.024854  -127.919127  -141.358631  -152.997442  -162.905317  -170.890359  -176.827034  -181.04587  -184.08457  -186.035068  -186.469492  -184.862297  -181.142447  -175.468329  0  0  0  0  0  0  0  0  0  0  0  0  0  0  0  0  0  0  0  0  0  0  0  0  0  0  0  0  0  0  0  0  0  0  0  0  0  0  0  0  0  0  0  0  0  0  0  0  0  0  0  0  0  0  0  0  0  0  0  0  0  0  0  0  0  1.281407999999999
g  6  2  72.647997  72.775696  72.710832  71.08151  65.297539  58.027079  51.801908  45.931112  40.443379  34.729541  28.791733  23.007215  17.454416  12.518571  8.03964  4.023231  0.823941  -1.43232  -2.61948  -2.759951  -2.011485  -0.833519  0  0  0  0  0  0  0  0  0  0  0  0  0  0  0  0  0  0  0  0  0  0  0  0  0  0  0  0  0  0  0  0  0  0  0  0  0  0  0  0  0  0  0  0  0  0  0  0  0  0  0  0  0  0  0  0  0  0  0  0  0  0  0  0  0  0.23674099999999998
h  6  2  33.314501  25.019121  20.806883  17.35293  12.88588  10.992534  10.220628  11.794067  14.479199  15.952068  15.255877  12.686107  8.916422  4.417477  -0.570355  -5.69071  -11.189808  -17.605596  -25.05088  -33.328825  -42.322055  -52.108636  0  0  0  0  0  0  0  0  0  0  0  0  0  0  0  0  0  0  0  0  0  0  0  0  0  0  0  0  0  0  0  0  0  0  0  0  0  0  0  0  0  0  0  0  0  0  0  0  0  0  0  0  0  0  0  0  0  0  0  0  0  0  0  0  0  -2.014700999999995
g  6  3  -129.482799  -121.742487  -113.999087  -106.231993  -101.174818  -96.083066  -87.567204  -76.851158  -66.0362  -56.542921  -48.96338  -42.501775  -36.930678  -32.117757  -27.735624  -23.931396  -20.835001  -18.552348  -17.425959  -17.774223  -19.70093  -23.301237  0  0  0  0  0  0  0  0  0  0  0  0  0  0  0  0  0  0  0  0  0  0  0  0  0  0  0  0  0  0  0  0  0  0  0  0  0  0  0  0  0  0  0  0  0  0  0  0  0  0  0  0  0  0  0  0  0  0  0  0  0  0  0  0  0  -0.8600729999999999
h  6  3  58.970638  52.817261  48.337906  45.933939  43.727018  41.855054  40.092256  38.036891  35.874623  33.384153  30.793248  28.923689  28.272998  29.187369  31.862286  35.902635  40.796829  46.020991  51.356617  56.655566  61.887403  66.889623  0  0  0  0  0  0  0  0  0  0  0  0  0  0  0  0  0  0  0  0  0  0  0  0  0  0  0  0  0  0  0  0  0  0  0  0  0  0  0  0  0  0  0  0  0  0  0  0  0  0  0  0  0  0  0  0  0  0  0  0  0  0  0  0  0  0.961820000000003
g  6  4  -28.992866  -36.312833  -42.917259  -49.197058  -55.631289  -61.015332  -64.983859  -69.247032  -73.979097  -79.416809  -84.52668  -88.645755  -91.802859  -94.325961  -96.389836  -98.197385  -99.68899  -101.054826  -102.664513  -104.602256  -106.886737  -109.237948  0  0  0  0  0  0  0  0  0  0  0  0  0  0  0  0  0  0  0  0  0  0  0  0  0  0  0  0  0  0  0  0  0  0  0  0  0  0  0  0  0  0  0  0  0  0  0  0  0  0  0  0  0  0  0  0  0  0  0  0  0  0  0  0  0  -0.45841900000000635
h  6  4  -66.363924  -64.498559  -59.776712  -52.675174  -48.256971  -44.099833  -39.209722  -33.189113  -26.737183  -20.070976  -12.246047  -3.060326  7.130175  17.914181  28.739908  38.879235  47.857357  55.55236  61.991598  67.018186  70.524332  72.538392  0  0  0  0  0  0  0  0  0  0  0  0  0  0  0  0  0  0  0  0  0  0  0  0  0  0  0  0  0  0  0  0  0  0  0  0  0  0  0  0  0  0  0  0  0  0  0  0  0  0  0  0  0  0  0  0  0  0  0  0  0  0  0  0  0  0.2872559999999993
g  6  5  13.190209  13.426557  14.486014  15.51727  16.154643  16.9464  18.17799  20.057633  22.329758  23.977394  24.1338  22.273501  18.530974  12.946344  6.050066  -1.265753  -8.523827  -15.689151  -22.728627  -29.553339  -36.073586  -42.195213  0  0  0  0  0  0  0  0  0  0  0  0  0  0  0  0  0  0  0  0  0  0  0  0  0  0  0  0  0  0  0  0  0  0  0  0  0  0  0  0  0  0  0  0  0  0  0  0  0  0  0  0  0  0  0  0  0  0  0  0  0  0  0  0  0  -1.1946119999999993
h  6  5  7.374002  8.880506  9.369421  10.127319  12.21902  14.10846  15.346204  15.319143  13.919514  11.267999  7.284314  2.380665  -3.27156  -9.495576  -15.956677  -22.710485  -29.724149  -36.412691  -42.475293  -47.966936  -52.955383  -57.250058  0  0  0  0  0  0  0  0  0  0  0  0  0  0  0  0  0  0  0  0  0  0  0  0  0  0  0  0  0  0  0  0  0  0  0  0  0  0  0  0  0  0  0  0  0  0  0  0  0  0  0  0  0  0  0  0  0  0  0  0  0  0  0  0  0  -0.785262000000003
g  6  6  -70.732702  -64.674146  -54.363633  -39.415291  -20.011588  1.143669  20.765786  36.889421  49.575961  58.606087  64.136401  66.739969  66.862459  64.624908  60.261426  54.169533  46.661021  38.183982  29.141462  19.836869  10.533837  1.371564  0  0  0  0  0  0  0  0  0  0  0  0  0  0  0  0  0  0  0  0  0  0  0  0  0  0  0  0  0  0  0  0  0  0  0  0  0  0  0  0  0  0  0  0  0  0  0  0  0  0  0  0  0  0  0  0  0  0  0  0  0  0  0  0  0  -1.8163569999999998
h  6  6  62.464686  68.317742  76.205619  83.081566  87.579595  87.753086  81.605252  69.538073  53.542328  35.308692  16.033181  -3.010327  -20.718407  -36.209858  -48.934171  -59.03524  -66.664718  -71.812604  -74.608426  -75.235031  -73.991178  -71.086148  0  0  0  0  0  0  0  0  0  0  0  0  0  0  0  0  0  0  0  0  0  0  0  0  0  0  0  0  0  0  0  0  0  0  0  0  0  0  0  0  0  0  0  0  0  0  0  0  0  0  0  0  0  0  0  0  0  0  0  0  0  0  0  0  0  0.7096830000000125
g  7  0  81.21287  80.499024  78.035803  76.133104  74.755173  72.676808  69.583507  66.572782  64.043609  62.464574  62.218963  62.795219  63.568193  64.221778  64.558786  64.506627  64.153561  63.585449  62.700519  61.623565  60.678705  60.139295  0  0  0  0  0  0  0  0  0  0  0  0  0  0  0  0  0  0  0  0  0  0  0  0  0  0  0  0  0  0  0  0  0  0  0  0  0  0  0  0  0  0  0  0  0  0  0  0  0  0  0  0  0  0  0  0  0  0  0  0  0  0  0  0  0  -0.07148600000000016
g  7  1  -76.140657  -76.718489  -78.693785  -82.358497  -87.95383  -94.816078  -101.970526  -109.139235  -115.306081  -119.468373  -122.038639  -123.381524  -123.612866  -122.997709  -121.947189  -120.678477  -119.333915  -117.85708  -116.06817  -114.045705  -111.946798  -109.917445  0  0  0  0  0  0  0  0  0  0  0  0  0  0  0  0  0  0  0  0  0  0  0  0  0  0  0  0  0  0  0  0  0  0  0  0  0  0  0  0  0  0  0  0  0  0  0  0  0  0  0  0  0  0  0  0  0  0  0  0  0  0  0  0  0  0.3973089999999928
h  7  1  -54.397286  -51.520935  -51.352734  -51.300263  -51.439165  -52.403479  -52.63447  -51.719177  -49.477056  -45.747868  -41.006158  -35.81677  -30.332196  -24.647381  -19.310763  -14.441006  -10.15175  -6.447719  -3.068644  0.506319  4.5182  8.830002  0  0  0  0  0  0  0  0  0  0  0  0  0  0  0  0  0  0  0  0  0  0  0  0  0  0  0  0  0  0  0  0  0  0  0  0  0  0  0  0  0  0  0  0  0  0  0  0  0  0  0  0  0  0  0  0  0  0  0  0  0  0  0  0  0  0.8692450000000003
g  7  2  -6.862453  -7.987143  -5.972124  -3.762438  -2.399008  -2.062124  -2.371214  -2.88477  -2.390113  -0.942394  0.562503  1.71018  2.330078  2.295829  1.415219  -0.323112  -2.689968  -5.471785  -8.552453  -11.896144  -15.333115  -18.6795  0  0  0  0  0  0  0  0  0  0  0  0  0  0  0  0  0  0  0  0  0  0  0  0  0  0  0  0  0  0  0  0  0  0  0  0  0  0  0  0  0  0  0  0  0  0  0  0  0  0  0  0  0  0  0  0  0  0  0  0  0  0  0  0  0  -0.6600540000000024
h  7  2  -19.574971  -17.098138  -16.284325  -15.154788  -13.566175  -10.353558  -5.904686  -0.995714  3.37469  6.355882  7.940303  8.62172  8.353397  7.012739  4.653632  1.476728  -2.240639  -6.167222  -9.928445  -13.209256  -15.954531  -18.474949  0  0  0  0  0  0  0  0  0  0  0  0  0  0  0  0  0  0  0  0  0  0  0  0  0  0  0  0  0  0  0  0  0  0  0  0  0  0  0  0  0  0  0  0  0  0  0  0  0  0  0  0  0  0  0  0  0  0  0  0  0  0  0  0  0  -0.5002499999999976
g  7  3  51.953606  56.342955  59.857857  62.578002  64.705428  66.65302  70.033695  73.866938  77.7026  81.190779  84.41634  87.308525  89.504229  90.802918  91.263404  90.891525  89.755539  88.192048  86.301076  83.942098  80.906891  77.134568  0  0  0  0  0  0  0  0  0  0  0  0  0  0  0  0  0  0  0  0  0  0  0  0  0  0  0  0  0  0  0  0  0  0  0  0  0  0  0  0  0  0  0  0  0  0  0  0  0  0  0  0  0  0  0  0  0  0  0  0  0  0  0  0  0  -0.8130819999999943
h  7  3  5.508257  2.642069  1.863982  2.166912  2.190877  3.183945  5.530008  8.344788  11.894674  15.517888  18.559171  21.230363  23.829176  26.549867  29.476246  32.691439  35.928423  38.844506  41.279363  43.146802  44.430051  45.065067  0  0  0  0  0  0  0  0  0  0  0  0  0  0  0  0  0  0  0  0  0  0  0  0  0  0  0  0  0  0  0  0  0  0  0  0  0  0  0  0  0  0  0  0  0  0  0  0  0  0  0  0  0  0  0  0  0  0  0  0  0  0  0  0  0  0.06468699999999927
g  7  4  15.017655  15.796659  16.253511  16.617898  15.062045  12.095333  8.560244  4.428704  -0.430467  -6.267886  -12.559726  -18.710794  -24.4076  -29.483286  -33.832713  -37.68647  -41.071915  -43.848302  -46.028432  -47.596466  -48.585612  -48.89025  0  0  0  0  0  0  0  0  0  0  0  0  0  0  0  0  0  0  0  0  0  0  0  0  0  0  0  0  0  0  0  0  0  0  0  0  0  0  0  0  0  0  0  0  0  0  0  0  0  0  0  0  0  0  0  0  0  0  0  0  0  0  0  0  0  0.008195999999998094
h  7  4  24.482075  23.492715  23.497682  22.614184  20.368796  17.402529  15.530967  14.647086  13.472335  11.652468  9.760699  8.555067  8.281018  9.08484  10.970488  13.58028  16.640371  20.01769  23.425078  26.551  29.189533  31.109292  0  0  0  0  0  0  0  0  0  0  0  0  0  0  0  0  0  0  0  0  0  0  0  0  0  0  0  0  0  0  0  0  0  0  0  0  0  0  0  0  0  0  0  0  0  0  0  0  0  0  0  0  0  0  0  0  0  0  0  0  0  0  0  0  0  0.31611099999999936
g  7  5  9.045055  6.491708  1.224175  -4.926533  -10.211181  -14.942817  -18.423002  -20.719869  -22.54577  -24.244154  -26.361621  -28.833297  -31.484067  -34.233458  -36.833029  -39.011704  -40.665243  -41.986493  -43.182387  -44.30301  -45.288466  -46.045431  0  0  0  0  0  0  0  0  0  0  0  0  0  0  0  0  0  0  0  0  0  0  0  0  0  0  0  0  0  0  0  0  0  0  0  0  0  0  0  0  0  0  0  0  0  0  0  0  0  0  0  0  0  0  0  0  0  0  0  0  0  0  0  0  0  -0.13123099999999965
h  7  5  3.52305  -2.023663  -7.447453  -11.855359  -16.256393  -20.449844  -23.67624  -26.474706  -29.350582  -32.671424  -35.926074  -38.739727  -41.205464  -43.406036  -45.444775  -47.49476  -49.7115  -52.166123  -54.92809  -57.947635  -61.054245  -63.940686  0  0  0  0  0  0  0  0  0  0  0  0  0  0  0  0  0  0  0  0  0  0  0  0  0  0  0  0  0  0  0  0  0  0  0  0  0  0  0  0  0  0  0  0  0  0  0  0  0  0  0  0  0  0  0  0  0  0  0  0  0  0  0  0  0  -0.5424870000000013
g  7  6  -2.824678  -7.37981  -12.502375  -18.036666  -22.878618  -26.816805  -29.683542  -30.8495  -30.228959  -27.899644  -24.354204  -20.233395  -15.877406  -11.959494  -9.06887  -7.33492  -6.820572  -7.568767  -9.467157  -12.40107  -16.322088  -21.206033  0  0  0  0  0  0  0  0  0  0  0  0  0  0  0  0  0  0  0  0  0  0  0  0  0  0  0  0  0  0  0  0  0  0  0  0  0  0  0  0  0  0  0  0  0  0  0  0  0  0  0  0  0  0  0  0  0  0  0  0  0  0  0  0  0  -1.049308
h  7  6  -27.371678  -27.14591  -25.967865  -24.806727  -22.862479  -20.062734  -17.251266  -14.785894  -12.720388  -11.609058  -11.767517  -13.268539  -15.958544  -19.565308  -23.727928  -28.056808  -32.205125  -35.878168  -38.97343  -41.364225  -42.87671  -43.423775  0  0  0  0  0  0  0  0  0  0  0  0  0  0  0  0  0  0  0  0  0  0  0  0  0  0  0  0  0  0  0  0  0  0  0  0  0  0  0  0  0  0  0  0  0  0  0  0  0  0  0  0  0  0  0  0  0  0  0  0  0  0  0  0  0  -0.03546300000000002
g  7  7  6.808494  9.567305  13.90892  20.132187  28.170857  36.346881  43.0807  47.665187  49.724332  48.882172  45.359322  39.744725  32.321631  23.384314  13.532264  3.577383  -5.860218  -14.537805  -22.327616  -29.084338  -34.600718  -38.618489  0  0  0  0  0  0  0  0  0  0  0  0  0  0  0  0  0  0  0  0  0  0  0  0  0  0  0  0  0  0  0  0  0  0  0  0  0  0  0  0  0  0  0  0  0  0  0  0  0  0  0  0  0  0  0  0  0  0  0  0  0  0  0  0  0  -0.6742179999999962
h  7  7  -1.961481  -1.740242  0.040261  0.425999  -0.818596  -3.690642  -8.992438  -16.379552  -24.951004  -33.785943  -42.156056  -49.469222  -55.206707  -58.947181  -60.401237  -59.509765  -56.516926  -51.665977  -45.196647  -37.349666  -28.400349  -18.7115  0  0  0  0  0  0  0  0  0  0  0  0  0  0  0  0  0  0  0  0  0  0  0  0  0  0  0  0  0  0  0  0  0  0  0  0  0  0  0  0  0  0  0  0  0  0  0  0  0  0  0  0  0  0  0  0  0  0  0  0  0  0  0  0  0  1.977491999999998
g  8  0  23.954514  23.801113  24.204031  25.814902  27.617561  28.427877  28.775599  29.020838  28.909198  28.692463  28.70921  29.065311  29.706639  30.44477  31.298157  32.255549  33.32233  34.452809  35.448148  36.180354  36.688647  37.031728  0  0  0  0  0  0  0  0  0  0  0  0  0  0  0  0  0  0  0  0  0  0  0  0  0  0  0  0  0  0  0  0  0  0  0  0  0  0  0  0  0  0  0  0  0  0  0  0  0  0  0  0  0  0  0  0  0  0  0  0  0  0  0  0  0  0.056288000000002114
g  8  1  9.323554  9.632382  12.690722  16.457799  19.672591  21.674361  22.449134  22.101402  21.33054  20.31693  19.219192  18.185084  17.283532  16.481621  15.78843  15.247805  14.844279  14.610418  14.548372  14.461412  14.209364  13.75488  0  0  0  0  0  0  0  0  0  0  0  0  0  0  0  0  0  0  0  0  0  0  0  0  0  0  0  0  0  0  0  0  0  0  0  0  0  0  0  0  0  0  0  0  0  0  0  0  0  0  0  0  0  0  0  0  0  0  0  0  0  0  0  0  0  -0.10594599999999943
h  8  1  9.764474  8.256462  5.507528  3.020514  0.348021  -2.48575  -5.345177  -8.418537  -11.132724  -13.117779  -14.372797  -15.100771  -15.461862  -15.563857  -15.435221  -15.10914  -14.565158  -13.812879  -12.826739  -11.439845  -9.526558  -7.127144  0  0  0  0  0  0  0  0  0  0  0  0  0  0  0  0  0  0  0  0  0  0  0  0  0  0  0  0  0  0  0  0  0  0  0  0  0  0  0  0  0  0  0  0  0  0  0  0  0  0  0  0  0  0  0  0  0  0  0  0  0  0  0  0  0  0.5117289999999999
g  8  2  -16.642445  -17.650212  -19.275144  -20.625869  -22.911839  -25.01905  -26.264229  -26.911944  -27.013442  -26.515367  -25.521386  -24.462326  -23.412369  -22.549796  -22.107745  -22.147184  -22.442132  -22.807256  -23.214174  -23.787159  -24.489508  -25.176786  0  0  0  0  0  0  0  0  0  0  0  0  0  0  0  0  0  0  0  0  0  0  0  0  0  0  0  0  0  0  0  0  0  0  0  0  0  0  0  0  0  0  0  0  0  0  0  0  0  0  0  0  0  0  0  0  0  0  0  0  0  0  0  0  0  -0.13147800000000132
h  8  2  -18.213188  -15.533174  -14.314688  -13.859329  -14.679357  -15.744654  -16.039688  -15.640589  -14.519852  -13.291735  -12.282572  -11.471445  -10.790314  -10.167254  -9.609022  -9.121715  -8.779973  -8.605757  -8.508882  -8.525761  -8.720334  -9.162326  0  0  0  0  0  0  0  0  0  0  0  0  0  0  0  0  0  0  0  0  0  0  0  0  0  0  0  0  0  0  0  0  0  0  0  0  0  0  0  0  0  0  0  0  0  0  0  0  0  0  0  0  0  0  0  0  0  0  0  0  0  0  0  0  0  -0.10659500000000044
g  8  3  -3.302574  -0.289509  1.679078  2.650606  2.882826  3.061931  3.554589  4.83696  6.870098  8.961573  10.761936  12.237455  13.230448  13.784916  14.080303  14.227368  14.287583  14.360908  14.434087  14.446125  14.354659  14.179245  0  0  0  0  0  0  0  0  0  0  0  0  0  0  0  0  0  0  0  0  0  0  0  0  0  0  0  0  0  0  0  0  0  0  0  0  0  0  0  0  0  0  0  0  0  0  0  0  0  0  0  0  0  0  0  0  0  0  0  0  0  0  0  0  0  -0.039561000000000845
h  8  3  13.12002  12.745492  13.683372  15.264244  16.752873  18.144  19.15158  19.754111  20.252672  20.584836  20.57811  20.442811  20.255521  19.983432  19.669481  19.267038  18.661143  17.819103  16.835973  15.823981  14.940079  14.314576  0  0  0  0  0  0  0  0  0  0  0  0  0  0  0  0  0  0  0  0  0  0  0  0  0  0  0  0  0  0  0  0  0  0  0  0  0  0  0  0  0  0  0  0  0  0  0  0  0  0  0  0  0  0  0  0  0  0  0  0  0  0  0  0  0  -0.1063609999999997
g  8  4  -20.663843  -21.184969  -22.593924  -23.529532  -24.725048  -25.951974  -26.782969  -27.757916  -28.978315  -30.161962  -31.209047  -31.837402  -32.14226  -32.353335  -32.692051  -33.432422  -34.533114  -35.786712  -37.151886  -38.481147  -39.614795  -40.373495  0  0  0  0  0  0  0  0  0  0  0  0  0  0  0  0  0  0  0  0  0  0  0  0  0  0  0  0  0  0  0  0  0  0  0  0  0  0  0  0  0  0  0  0  0  0  0  0  0  0  0  0  0  0  0  0  0  0  0  0  0  0  0  0  0  -0.10853999999999786
h  8  4  -14.982582  -11.772582  -9.832405  -8.587034  -8.426817  -8.531795  -7.908777  -6.851671  -5.259524  -3.569894  -1.961702  -0.303308  1.301112  2.849268  4.320068  5.63598  6.744714  7.726913  8.636341  9.505632  10.266591  10.885493  0  0  0  0  0  0  0  0  0  0  0  0  0  0  0  0  0  0  0  0  0  0  0  0  0  0  0  0  0  0  0  0  0  0  0  0  0  0  0  0  0  0  0  0  0  0  0  0  0  0  0  0  0  0  0  0  0  0  0  0  0  0  0  0  0  0.1122519999999998
g  8  5  12.970984  15.203704  16.627305  17.917746  19.15104  19.74142  20.075704  20.2975  20.555806  20.551643  20.199481  19.638892  19.079688  18.732746  18.732669  18.993522  19.355436  19.64845  19.81845  19.891042  19.925929  20.033871  0  0  0  0  0  0  0  0  0  0  0  0  0  0  0  0  0  0  0  0  0  0  0  0  0  0  0  0  0  0  0  0  0  0  0  0  0  0  0  0  0  0  0  0  0  0  0  0  0  0  0  0  0  0  0  0  0  0  0  0  0  0  0  0  0  0.030673000000000172
h  8  5  16.334882  14.76765  12.832799  10.913361  8.255901  5.364312  2.93012  0.645321  -1.749495  -4.203127  -6.250776  -7.649271  -8.436976  -8.780978  -8.89098  -9.106647  -9.683744  -10.752658  -12.397614  -14.646691  -17.407191  -20.425976  0  0  0  0  0  0  0  0  0  0  0  0  0  0  0  0  0  0  0  0  0  0  0  0  0  0  0  0  0  0  0  0  0  0  0  0  0  0  0  0  0  0  0  0  0  0  0  0  0  0  0  0  0  0  0  0  0  0  0  0  0  0  0  0  0  -0.6071499999999972
g  8  6  11.731995  13.355018  12.13216  10.227583  8.344751  6.553385  4.951845  3.7621  3.122033  3.013878  3.144632  3.453339  4.180996  5.315186  6.805251  8.726769  11.00123  13.598302  16.556621  19.839572  23.303913  26.695533  0  0  0  0  0  0  0  0  0  0  0  0  0  0  0  0  0  0  0  0  0  0  0  0  0  0  0  0  0  0  0  0  0  0  0  0  0  0  0  0  0  0  0  0  0  0  0  0  0  0  0  0  0  0  0  0  0  0  0  0  0  0  0  0  0  0.6591970000000025
h  8  6  5.664061  3.722449  3.767868  4.538568  5.538381  6.747815  8.067553  9.277215  10.426471  11.562619  12.704489  14.09515  15.879246  17.972224  20.365584  22.867897  25.2527  27.414365  29.207305  30.51949  31.281051  31.410774  0  0  0  0  0  0  0  0  0  0  0  0  0  0  0  0  0  0  0  0  0  0  0  0  0  0  0  0  0  0  0  0  0  0  0  0  0  0  0  0  0  0  0  0  0  0  0  0  0  0  0  0  0  0  0  0  0  0  0  0  0  0  0  0  0  -0.028683999999998377
g  8  7  -16.067972  -17.10005  -18.152372  -19.30473  -19.913074  -19.942893  -19.277815  -17.727864  -15.421414  -12.561621  -9.750011  -7.532965  -6.033448  -5.328151  -5.296041  -5.615796  -6.110919  -6.781534  -7.653225  -8.753021  -10.034634  -11.397946  0  0  0  0  0  0  0  0  0  0  0  0  0  0  0  0  0  0  0  0  0  0  0  0  0  0  0  0  0  0  0  0  0  0  0  0  0  0  0  0  0  0  0  0  0  0  0  0  0  0  0  0  0  0  0  0  0  0  0  0  0  0  0  0  0  -0.27495399999999925
h  8  7  -9.095425  -6.896525  -4.977564  -3.663598  -1.961425  -0.011021  1.7102  2.941938  3.375845  2.608404  0.600794  -2.410378  -5.99696  -9.777805  -13.410997  -16.655308  -19.412765  -21.570589  -23.059044  -23.901037  -24.227945  -24.239353  0  0  0  0  0  0  0  0  0  0  0  0  0  0  0  0  0  0  0  0  0  0  0  0  0  0  0  0  0  0  0  0  0  0  0  0  0  0  0  0  0  0  0  0  0  0  0  0  0  0  0  0  0  0  0  0  0  0  0  0  0  0  0  0  0  0.015890999999999877
g  8  8  -2.071763  -0.110048  2.077352  5.238795  9.420004  13.577401  16.810752  18.769626  19.391714  18.679733  16.816772  14.129129  10.834675  7.147159  3.439028  0.064287  -2.826052  -5.244475  -7.235976  -8.854354  -10.154621  -11.151457  0  0  0  0  0  0  0  0  0  0  0  0  0  0  0  0  0  0  0  0  0  0  0  0  0  0  0  0  0  0  0  0  0  0  0  0  0  0  0  0  0  0  0  0  0  0  0  0  0  0  0  0  0  0  0  0  0  0  0  0  0  0  0  0  0  -0.17536600000000035
h  8  8  2.105842  2.673448  3.460814  3.761997  2.998021  1.069981  -1.975761  -5.955892  -10.353799  -14.762244  -18.739382  -21.84453  -23.813917  -24.562563  -24.150164  -22.77163  -20.685654  -18.132024  -15.338795  -12.503111  -9.773271  -7.223056  0  0  0  0  0  0  0  0  0  0  0  0  0  0  0  0  0  0  0  0  0  0  0  0  0  0  0  0  0  0  0  0  0  0  0  0  0  0  0  0  0  0  0  0  0  0  0  0  0  0  0  0  0  0  0  0  0  0  0  0  0  0  0  0  0  0.4934669999999999
g  9  0  5.450869  5.177062  5.579718  6.148092  6.908797  7.64762  7.99244  8.089451  8.058382  8.037245  8.157655  8.27035  8.209177  8.02788  7.697172  7.223967  6.641143  5.928215  4.993  3.813583  2.457551  1.02576  0  0  0  0  0  0  0  0  0  0  0  0  0  0  0  0  0  0  0  0  0  0  0  0  0  0  0  0  0  0  0  0  0  0  0  0  0  0  0  0  0  0  0  0  0  0  0  0  0  0  0  0  0  0  0  0  0  0  0  0  0  0  0  0  0  -0.28707499999999997
g  9  1  9.016274  8.677754  9.139238  9.817986  10.726451  11.143015  10.934154  10.378804  9.627916  9.035311  8.652129  8.402731  8.293461  8.326614  8.479224  8.695041  8.894114  9.070084  9.25102  9.440759  9.697667  10.071181  0  0  0  0  0  0  0  0  0  0  0  0  0  0  0  0  0  0  0  0  0  0  0  0  0  0  0  0  0  0  0  0  0  0  0  0  0  0  0  0  0  0  0  0  0  0  0  0  0  0  0  0  0  0  0  0  0  0  0  0  0  0  0  0  0  0.08509600000000006
h  9  1  -21.375393  -23.366387  -24.372744  -24.648889  -24.363913  -23.827843  -23.066144  -21.905826  -20.394828  -18.519647  -16.44519  -14.351036  -12.360357  -10.648976  -9.403316  -8.604819  -8.148193  -7.979272  -8.044169  -8.169988  -8.175644  -8.004842  0  0  0  0  0  0  0  0  0  0  0  0  0  0  0  0  0  0  0  0  0  0  0  0  0  0  0  0  0  0  0  0  0  0  0  0  0  0  0  0  0  0  0  0  0  0  0  0  0  0  0  0  0  0  0  0  0  0  0  0  0  0  0  0  0  0.04574099999999959
g  9  2  2.812638  2.870099  2.961146  3.281769  3.232567  2.917185  2.497179  2.21624  2.327047  2.748274  3.394036  4.271518  5.39865  6.671448  8.010735  9.306575  10.483453  11.56389  12.50332  13.177902  13.557355  13.698887  0  0  0  0  0  0  0  0  0  0  0  0  0  0  0  0  0  0  0  0  0  0  0  0  0  0  0  0  0  0  0  0  0  0  0  0  0  0  0  0  0  0  0  0  0  0  0  0  0  0  0  0  0  0  0  0  0  0  0  0  0  0  0  0  0  0.011351999999998696
h  9  2  10.784  10.951464  10.215571  9.002843  7.147305  5.347395  4.440908  4.397143  4.914675  5.608261  6.340043  7.081668  7.661775  7.948543  7.862311  7.356151  6.509147  5.516417  4.563562  3.679766  2.818987  1.856329  0  0  0  0  0  0  0  0  0  0  0  0  0  0  0  0  0  0  0  0  0  0  0  0  0  0  0  0  0  0  0  0  0  0  0  0  0  0  0  0  0  0  0  0  0  0  0  0  0  0  0  0  0  0  0  0  0  0  0  0  0  0  0  0  0  -0.20576400000000006
g  9  3  -3.439831  -1.230456  -0.430981  -0.385216  -0.102996  0.515483  1.370741  2.589341  3.845523  4.935272  5.786698  6.221639  6.19052  5.828009  5.319175  4.858045  4.592709  4.649222  5.060621  5.796577  6.781825  7.971033  0  0  0  0  0  0  0  0  0  0  0  0  0  0  0  0  0  0  0  0  0  0  0  0  0  0  0  0  0  0  0  0  0  0  0  0  0  0  0  0  0  0  0  0  0  0  0  0  0  0  0  0  0  0  0  0  0  0  0  0  0  0  0  0  0  0.25129800000000024
h  9  3  11.946355  9.836897  8.642388  8.396302  8.192023  7.458713  7.147786  7.138109  7.389591  7.8908  8.3306  8.784573  9.42975  10.253105  11.156474  12.032241  12.759707  13.273663  13.580706  13.663701  13.556365  13.297372  0  0  0  0  0  0  0  0  0  0  0  0  0  0  0  0  0  0  0  0  0  0  0  0  0  0  0  0  0  0  0  0  0  0  0  0  0  0  0  0  0  0  0  0  0  0  0  0  0  0  0  0  0  0  0  0  0  0  0  0  0  0  0  0  0  -0.06533300000000075
g  9  4  0.794974  -1.029572  -2.134612  -3.017506  -4.172725  -4.871455  -5.024519  -4.790206  -4.085984  -2.942928  -1.601193  -0.175308  1.204007  2.470389  3.548509  4.351155  4.950118  5.505554  6.035572  6.534914  6.951079  7.212567  0  0  0  0  0  0  0  0  0  0  0  0  0  0  0  0  0  0  0  0  0  0  0  0  0  0  0  0  0  0  0  0  0  0  0  0  0  0  0  0  0  0  0  0  0  0  0  0  0  0  0  0  0  0  0  0  0  0  0  0  0  0  0  0  0  0.04096000000000011
h  9  4  -6.874527  -5.228561  -4.202529  -3.401567  -2.789471  -1.836806  -0.47004  1.172202  2.872911  4.216252  5.139682  5.854031  6.434707  6.916295  7.372131  7.79807  8.135075  8.382236  8.522973  8.569209  8.502659  8.31411  0  0  0  0  0  0  0  0  0  0  0  0  0  0  0  0  0  0  0  0  0  0  0  0  0  0  0  0  0  0  0  0  0  0  0  0  0  0  0  0  0  0  0  0  0  0  0  0  0  0  0  0  0  0  0  0  0  0  0  0  0  0  0  0  0  -0.04655699999999996
g  9  5  -13.182559  -13.199251  -13.518161  -14.054955  -14.34702  -14.384567  -14.307972  -13.930415  -13.425359  -12.932562  -12.424364  -11.944724  -11.545163  -11.264186  -11.048713  -10.882249  -10.763977  -10.707623  -10.749293  -10.88579  -11.101705  -11.418765  0  0  0  0  0  0  0  0  0  0  0  0  0  0  0  0  0  0  0  0  0  0  0  0  0  0  0  0  0  0  0  0  0  0  0  0  0  0  0  0  0  0  0  0  0  0  0  0  0  0  0  0  0  0  0  0  0  0  0  0  0  0  0  0  0  -0.07300900000000077
h  9  5  -6.649604  -6.409711  -7.45261  -8.810228  -10.09143  -11.267081  -11.83492  -11.913739  -11.845661  -11.880861  -12.066929  -12.417786  -12.884269  -13.376169  -13.871181  -14.407363  -14.950697  -15.501193  -16.129419  -16.78985  -17.380977  -17.790229  0  0  0  0  0  0  0  0  0  0  0  0  0  0  0  0  0  0  0  0  0  0  0  0  0  0  0  0  0  0  0  0  0  0  0  0  0  0  0  0  0  0  0  0  0  0  0  0  0  0  0  0  0  0  0  0  0  0  0  0  0  0  0  0  0  -0.06016999999999939
g  9  6  -0.066286  0.939291  1.485849  1.857513  2.317537  2.565815  2.476132  2.068985  1.480879  0.713269  -0.21894  -1.305034  -2.45486  -3.584861  -4.658988  -5.653554  -6.544446  -7.308533  -7.9066  -8.279569  -8.440193  -8.479584  0  0  0  0  0  0  0  0  0  0  0  0  0  0  0  0  0  0  0  0  0  0  0  0  0  0  0  0  0  0  0  0  0  0  0  0  0  0  0  0  0  0  0  0  0  0  0  0  0  0  0  0  0  0  0  0  0  0  0  0  0  0  0  0  0  -0.002828999999998416
h  9  6  7.851593  8.100715  8.530016  8.622882  7.880936  6.827013  5.716832  4.378767  2.879288  1.432647  0.198181  -0.695184  -1.219225  -1.459259  -1.50489  -1.414408  -1.227056  -0.998104  -0.75628  -0.458627  -0.027506  0.590928  0  0  0  0  0  0  0  0  0  0  0  0  0  0  0  0  0  0  0  0  0  0  0  0  0  0  0  0  0  0  0  0  0  0  0  0  0  0  0  0  0  0  0  0  0  0  0  0  0  0  0  0  0  0  0  0  0  0  0  0  0  0  0  0  0  0.13853300000000002
g  9  7  8.659036  8.673142  7.620807  6.156837  4.669293  3.440263  2.41475  1.618825  1.063133  0.686705  0.253971  -0.371984  -1.198326  -2.181737  -3.288311  -4.372991  -5.380305  -6.40192  -7.502096  -8.704303  -9.989705  -11.282428  0  0  0  0  0  0  0  0  0  0  0  0  0  0  0  0  0  0  0  0  0  0  0  0  0  0  0  0  0  0  0  0  0  0  0  0  0  0  0  0  0  0  0  0  0  0  0  0  0  0  0  0  0  0  0  0  0  0  0  0  0  0  0  0  0  -0.254567999999999
h  9  7  1.066597  0.390435  -0.191187  -0.611037  -0.514675  -0.113134  0.137651  0.256642  0.011592  -0.62803  -1.517144  -2.471221  -3.304926  -3.977973  -4.462223  -4.748305  -4.916015  -5.003864  -4.999895  -4.88321  -4.653862  -4.320833  0  0  0  0  0  0  0  0  0  0  0  0  0  0  0  0  0  0  0  0  0  0  0  0  0  0  0  0  0  0  0  0  0  0  0  0  0  0  0  0  0  0  0  0  0  0  0  0  0  0  0  0  0  0  0  0  0  0  0  0  0  0  0  0  0  0.07555099999999992
g  9  8  -9.042022  -9.240097  -9.15552  -8.665433  -7.863289  -6.622352  -4.821599  -2.520244  0.170004  3.006427  5.599926  7.687042  9.188463  10.044793  10.292118  10.089955  9.583564  8.833257  7.912716  6.869031  5.741415  4.57544  0  0  0  0  0  0  0  0  0  0  0  0  0  0  0  0  0  0  0  0  0  0  0  0  0  0  0  0  0  0  0  0  0  0  0  0  0  0  0  0  0  0  0  0  0  0  0  0  0  0  0  0  0  0  0  0  0  0  0  0  0  0  0  0  0  -0.23447499999999977
h  9  8  -4.041026  -1.632898  -0.290801  0.360908  1.393925  2.486908  3.18922  3.584039  3.496289  2.71748  1.25778  -0.700591  -2.875556  -5.007848  -6.836007  -8.186988  -9.04822  -9.460237  -9.525217  -9.427426  -9.300105  -9.195111  0  0  0  0  0  0  0  0  0  0  0  0  0  0  0  0  0  0  0  0  0  0  0  0  0  0  0  0  0  0  0  0  0  0  0  0  0  0  0  0  0  0  0  0  0  0  0  0  0  0  0  0  0  0  0  0  0  0  0  0  0  0  0  0  0  0.019117999999998858
g  9  9  -10.451028  -11.793079  -11.632581  -10.867772  -9.072516  -6.780002  -4.747728  -3.17209  -2.176581  -1.847625  -2.086957  -2.788061  -3.898683  -5.386329  -7.115891  -8.873815  -10.492867  -11.880121  -12.976417  -13.748785  -14.165161  -14.186095  0  0  0  0  0  0  0  0  0  0  0  0  0  0  0  0  0  0  0  0  0  0  0  0  0  0  0  0  0  0  0  0  0  0  0  0  0  0  0  0  0  0  0  0  0  0  0  0  0  0  0  0  0  0  0  0  0  0  0  0  0  0  0  0  0  0.028378999999999266
h  9  9  8.636623  9.475936  10.614372  11.609465  12.232181  12.066047  11.174827  9.700417  7.864229  5.925529  4.06749  2.443981  1.207335  0.455318  0.282435  0.723607  1.690018  3.029969  4.584034  6.229295  7.880332  9.453673  0  0  0  0  0  0  0  0  0  0  0  0  0  0  0  0  0  0  0  0  0  0  0  0  0  0  0  0  0  0  0  0  0  0  0  0  0  0  0  0  0  0  0  0  0  0  0  0  0  0  0  0  0  0  0  0  0  0  0  0  0  0  0  0  0  0.3042750000000005
g  10  0  -2.047595  -2.049929  -1.889496  -1.325723  -0.67901  -0.102627  0.258464  0.448559  0.490712  0.27316  -0.053959  -0.382978  -0.67816  -0.944596  -1.164633  -1.351435  -1.504593  -1.620755  -1.740052  -1.926253  -2.20403  -2.547533  0  0  0  0  0  0  0  0  0  0  0  0  0  0  0  0  0  0  0  0  0  0  0  0  0  0  0  0  0  0  0  0  0  0  0  0  0  0  0  0  0  0  0  0  0  0  0  0  0  0  0  0  0  0  0  0  0  0  0  0  0  0  0  0  0  -0.07196900000000017
g  10  1  -6.249252  -6.19913  -4.974776  -3.331872  -1.379401  0.680074  2.307601  3.262897  3.792448  3.958128  3.895084  3.648647  3.272559  2.858947  2.472807  2.179668  1.999316  1.935648  1.948849  1.991074  2.029264  2.031674  0  0  0  0  0  0  0  0  0  0  0  0  0  0  0  0  0  0  0  0  0  0  0  0  0  0  0  0  0  0  0  0  0  0  0  0  0  0  0  0  0  0  0  0  0  0  0  0  0  0  0  0  0  0  0  0  0  0  0  0  0  0  0  0  0  -0.003877999999999826
h  10  1  3.563244  3.444993  4.173003  5.284692  6.628799  7.957893  9.06221  9.894332  10.531449  11.088774  11.635795  12.129168  12.517762  12.776435  12.913137  12.987553  13.052138  13.071548  12.964306  12.721475  12.385996  11.975455  0  0  0  0  0  0  0  0  0  0  0  0  0  0  0  0  0  0  0  0  0  0  0  0  0  0  0  0  0  0  0  0  0  0  0  0  0  0  0  0  0  0  0  0  0  0  0  0  0  0  0  0  0  0  0  0  0  0  0  0  0  0  0  0  0  -0.0888580000000001
g  10  2  0.177207  -0.248831  -1.12042  -1.901007  -2.674553  -3.471922  -4.015371  -4.264352  -4.247575  -3.827451  -2.993923  -1.975035  -0.908373  0.119645  1.007888  1.712772  2.246485  2.64559  2.895938  2.934706  2.748386  2.397998  0  0  0  0  0  0  0  0  0  0  0  0  0  0  0  0  0  0  0  0  0  0  0  0  0  0  0  0  0  0  0  0  0  0  0  0  0  0  0  0  0  0  0  0  0  0  0  0  0  0  0  0  0  0  0  0  0  0  0  0  0  0  0  0  0  -0.07890400000000009
h  10  2  -0.360874  -0.288633  -0.300641  -0.414116  -0.701196  -0.963725  -0.798813  -0.289317  0.389308  1.253356  2.141105  2.916732  3.535964  3.950857  4.157849  4.183184  4.050097  3.825366  3.561106  3.239474  2.841944  2.369024  0  0  0  0  0  0  0  0  0  0  0  0  0  0  0  0  0  0  0  0  0  0  0  0  0  0  0  0  0  0  0  0  0  0  0  0  0  0  0  0  0  0  0  0  0  0  0  0  0  0  0  0  0  0  0  0  0  0  0  0  0  0  0  0  0  -0.09856299999999996
g  10  3  0.498859  1.648912  2.144988  2.358635  2.535758  2.639449  2.642808  2.51464  2.31067  1.92118  1.340466  0.652348  -0.108782  -0.889154  -1.577596  -2.130149  -2.565399  -2.878302  -3.06565  -3.133465  -3.111305  -2.983654  0  0  0  0  0  0  0  0  0  0  0  0  0  0  0  0  0  0  0  0  0  0  0  0  0  0  0  0  0  0  0  0  0  0  0  0  0  0  0  0  0  0  0  0  0  0  0  0  0  0  0  0  0  0  0  0  0  0  0  0  0  0  0  0  0  0.03537999999999997
h  10  3  4.75879  3.650869  3.729582  3.793273  3.684186  3.420568  3.344047  3.288766  3.260668  3.335851  3.591076  3.952803  4.276129  4.472218  4.551532  4.500906  4.31588  4.036909  3.688961  3.272958  2.850819  2.534867  0  0  0  0  0  0  0  0  0  0  0  0  0  0  0  0  0  0  0  0  0  0  0  0  0  0  0  0  0  0  0  0  0  0  0  0  0  0  0  0  0  0  0  0  0  0  0  0  0  0  0  0  0  0  0  0  0  0  0  0  0  0  0  0  0  -0.05097999999999958
g  10  4  -0.227962  -0.940239  -0.989283  -1.152038  -1.620505  -1.944356  -2.180226  -2.332174  -2.401969  -2.421985  -2.414564  -2.399456  -2.398624  -2.433332  -2.515112  -2.615155  -2.672475  -2.640454  -2.547333  -2.424426  -2.307119  -2.207487  0  0  0  0  0  0  0  0  0  0  0  0  0  0  0  0  0  0  0  0  0  0  0  0  0  0  0  0  0  0  0  0  0  0  0  0  0  0  0  0  0  0  0  0  0  0  0  0  0  0  0  0  0  0  0  0  0  0  0  0  0  0  0  0  0  0.021006999999999998
h  10  4  4.416556  4.727854  4.776302  4.700781  4.507346  4.231474  4.203675  4.515711  5.010574  5.50596  5.90392  6.188961  6.369739  6.464556  6.523491  6.626093  6.784535  7.055793  7.477597  8.040406  8.68963  9.384995  0  0  0  0  0  0  0  0  0  0  0  0  0  0  0  0  0  0  0  0  0  0  0  0  0  0  0  0  0  0  0  0  0  0  0  0  0  0  0  0  0  0  0  0  0  0  0  0  0  0  0  0  0  0  0  0  0  0  0  0  0  0  0  0  0  0.14145800000000008
g  10  5  1.603218  0.769715  0.219014  -0.377417  -1.013916  -1.624486  -2.185933  -2.599775  -2.846163  -2.878754  -2.797524  -2.669746  -2.560568  -2.465555  -2.315142  -2.085991  -1.77805  -1.417808  -1.04352  -0.678023  -0.331906  0.004449  0  0  0  0  0  0  0  0  0  0  0  0  0  0  0  0  0  0  0  0  0  0  0  0  0  0  0  0  0  0  0  0  0  0  0  0  0  0  0  0  0  0  0  0  0  0  0  0  0  0  0  0  0  0  0  0  0  0  0  0  0  0  0  0  0  0.06704199999999999
h  10  5  -7.674942  -8.720418  -9.667698  -10.475002  -10.979967  -11.203476  -11.064068  -10.54899  -9.822683  -9.033628  -8.242886  -7.514161  -6.911598  -6.427073  -6.047013  -5.783289  -5.616404  -5.509928  -5.453769  -5.407822  -5.346362  -5.261174  0  0  0  0  0  0  0  0  0  0  0  0  0  0  0  0  0  0  0  0  0  0  0  0  0  0  0  0  0  0  0  0  0  0  0  0  0  0  0  0  0  0  0  0  0  0  0  0  0  0  0  0  0  0  0  0  0  0  0  0  0  0  0  0  0  0.019920000000000826
g  10  6  -0.522806  -0.75598  -0.778743  -0.649513  -0.513854  -0.576943  -0.844482  -1.231791  -1.593658  -1.828377  -1.882443  -1.82541  -1.731748  -1.654765  -1.604638  -1.560338  -1.483067  -1.316767  -1.004239  -0.521262  0.103923  0.83533  0  0  0  0  0  0  0  0  0  0  0  0  0  0  0  0  0  0  0  0  0  0  0  0  0  0  0  0  0  0  0  0  0  0  0  0  0  0  0  0  0  0  0  0  0  0  0  0  0  0  0  0  0  0  0  0  0  0  0  0  0  0  0  0  0  0.15302899999999997
h  10  6  -0.603562  -0.250018  0.532659  1.084884  1.259061  1.261145  1.149428  1.032175  0.866539  0.676586  0.503766  0.34237  0.211105  0.139533  0.178367  0.365543  0.689458  1.104461  1.555572  2.016872  2.471109  2.883952  0  0  0  0  0  0  0  0  0  0  0  0  0  0  0  0  0  0  0  0  0  0  0  0  0  0  0  0  0  0  0  0  0  0  0  0  0  0  0  0  0  0  0  0  0  0  0  0  0  0  0  0  0  0  0  0  0  0  0  0  0  0  0  0  0  0.07615999999999978
g  10  7  1.983186  2.018875  2.432627  2.824466  3.214444  3.512924  3.803266  4.154305  4.527692  4.85185  5.0624  5.099375  5.018532  4.899884  4.766205  4.616899  4.405778  4.102882  3.732886  3.323322  2.903007  2.508744  0  0  0  0  0  0  0  0  0  0  0  0  0  0  0  0  0  0  0  0  0  0  0  0  0  0  0  0  0  0  0  0  0  0  0  0  0  0  0  0  0  0  0  0  0  0  0  0  0  0  0  0  0  0  0  0  0  0  0  0  0  0  0  0  0  -0.07512799999999986
h  10  7  -4.208313  -4.502612  -5.14576  -5.704214  -6.3395  -6.937259  -7.586292  -8.358683  -9.180573  -10.003659  -10.722838  -11.2176  -11.421692  -11.369743  -11.140171  -10.820579  -10.492916  -10.203274  -9.945337  -9.676908  -9.393581  -9.137511  0  0  0  0  0  0  0  0  0  0  0  0  0  0  0  0  0  0  0  0  0  0  0  0  0  0  0  0  0  0  0  0  0  0  0  0  0  0  0  0  0  0  0  0  0  0  0  0  0  0  0  0  0  0  0  0  0  0  0  0  0  0  0  0  0  0.04749200000000009
g  10  8  2.563852  1.477037  0.437314  -0.488502  -1.240353  -1.63338  -1.585836  -1.291209  -0.81555  -0.27404  0.171697  0.456248  0.613225  0.679643  0.715975  0.784991  0.899849  1.011774  1.076045  1.060315  0.950062  0.734707  0  0  0  0  0  0  0  0  0  0  0  0  0  0  0  0  0  0  0  0  0  0  0  0  0  0  0  0  0  0  0  0  0  0  0  0  0  0  0  0  0  0  0  0  0  0  0  0  0  0  0  0  0  0  0  0  0  0  0  0  0  0  0  0  0  -0.052192000000000016
h  10  8  -2.93441  -3.493807  -3.75671  -3.835201  -3.700655  -3.43629  -3.181409  -3.040104  -3.045998  -3.284431  -3.687286  -4.111069  -4.45824  -4.694194  -4.826959  -4.900477  -4.97581  -5.094073  -5.272023  -5.517858  -5.833078  -6.185636  0  0  0  0  0  0  0  0  0  0  0  0  0  0  0  0  0  0  0  0  0  0  0  0  0  0  0  0  0  0  0  0  0  0  0  0  0  0  0  0  0  0  0  0  0  0  0  0  0  0  0  0  0  0  0  0  0  0  0  0  0  0  0  0  0  -0.0708719999999996
g  10  9  -1.7376  -2.6332  -3.003153  -3.086719  -3.198728  -3.140163  -2.802069  -2.178344  -1.252247  -0.117863  1.069214  2.132314  2.969219  3.478229  3.603581  3.373553  2.881226  2.190047  1.339566  0.392522  -0.572937  -1.496686  0  0  0  0  0  0  0  0  0  0  0  0  0  0  0  0  0  0  0  0  0  0  0  0  0  0  0  0  0  0  0  0  0  0  0  0  0  0  0  0  0  0  0  0  0  0  0  0  0  0  0  0  0  0  0  0  0  0  0  0  0  0  0  0  0  -0.1804079999999999
h  10  9  -1.180176  -0.258278  0.148713  0.569929  1.284734  2.035587  2.824169  3.576062  4.154179  4.39938  4.180448  3.580993  2.723333  1.690221  0.591216  -0.447637  -1.363846  -2.159023  -2.83612  -3.389023  -3.794628  -4.038975  0  0  0  0  0  0  0  0  0  0  0  0  0  0  0  0  0  0  0  0  0  0  0  0  0  0  0  0  0  0  0  0  0  0  0  0  0  0  0  0  0  0  0  0  0  0  0  0  0  0  0  0  0  0  0  0  0  0  0  0  0  0  0  0  0  -0.036095999999999684
g  10  10  -3.432071  -3.787983  -3.637973  -3.354417  -2.923881  -2.426993  -1.95532  -1.556994  -1.372445  -1.514705  -1.933774  -2.57692  -3.420708  -4.3893  -5.350154  -6.152656  -6.687724  -6.918374  -6.842336  -6.481761  -5.883632  -5.10566  0  0  0  0  0  0  0  0  0  0  0  0  0  0  0  0  0  0  0  0  0  0  0  0  0  0  0  0  0  0  0  0  0  0  0  0  0  0  0  0  0  0  0  0  0  0  0  0  0  0  0  0  0  0  0  0  0  0  0  0  0  0  0  0  0  0.16645999999999983
h  10  10  -8.615248  -8.713993  -8.688812  -8.535327  -8.378147  -8.439212  -8.760735  -9.272976  -9.912206  -10.481853  -10.830694  -10.875137  -10.548674  -9.857598  -8.841023  -7.580867  -6.211464  -4.873587  -3.691973  -2.764265  -2.142254  -1.85611  0  0  0  0  0  0  0  0  0  0  0  0  0  0  0  0  0  0  0  0  0  0  0  0  0  0  0  0  0  0  0  0  0  0  0  0  0  0  0  0  0  0  0  0  0  0  0  0  0  0  0  0  0  0  0  0  0  0  0  0  0  0  0  0  0  0.029333000000000053
g  11  0  3.085362  2.972895  3.282393  3.586557  3.677373  3.499678  3.125557  2.696414  2.250479  1.83042  1.481527  1.20883  0.992253  0.846019  0.753882  0.677079  0.602504  0.538524  0.477578  0.384434  0.230493  0.018607  0  0  0  0  0  0  0  0  0  0  0  0  0  0  0  0  0  0  0  0  0  0  0  0  0  0  0  0  0  0  0  0  0  0  0  0  0  0  0  0  0  0  0  0  0  0  0  0  0  0  0  0  0  0  0  0  0  0  0  0  0  0  0  0  0  -0.045919
g  11  1  -1.485097  -1.405461  -0.989583  -0.406151  0.242999  0.718285  0.856941  0.795263  0.569129  0.172462  -0.376041  -1.011034  -1.655153  -2.228764  -2.702414  -3.063246  -3.315971  -3.476011  -3.561548  -3.574088  -3.51291  -3.380064  0  0  0  0  0  0  0  0  0  0  0  0  0  0  0  0  0  0  0  0  0  0  0  0  0  0  0  0  0  0  0  0  0  0  0  0  0  0  0  0  0  0  0  0  0  0  0  0  0  0  0  0  0  0  0  0  0  0  0  0  0  0  0  0  0  0.03183800000000003
h  11  1  0.162563  0.1004  0.189086  0.561787  1.109681  1.695091  2.233834  2.681403  3.069478  3.366754  3.573878  3.697006  3.74847  3.70539  3.536147  3.241638  2.874606  2.481724  2.076277  1.665198  1.270865  0.923655  0  0  0  0  0  0  0  0  0  0  0  0  0  0  0  0  0  0  0  0  0  0  0  0  0  0  0  0  0  0  0  0  0  0  0  0  0  0  0  0  0  0  0  0  0  0  0  0  0  0  0  0  0  0  0  0  0  0  0  0  0  0  0  0  0  -0.06443999999999994
g  11  2  -2.017918  -2.542266  -2.540554  -2.49695  -2.524103  -2.596982  -2.776257  -2.908947  -2.842159  -2.626505  -2.303052  -1.87091  -1.355737  -0.809353  -0.296077  0.131191  0.438605  0.646853  0.778168  0.845612  0.869038  0.891261  0  0  0  0  0  0  0  0  0  0  0  0  0  0  0  0  0  0  0  0  0  0  0  0  0  0  0  0  0  0  0  0  0  0  0  0  0  0  0  0  0  0  0  0  0  0  0  0  0  0  0  0  0  0  0  0  0  0  0  0  0  0  0  0  0  0.007029999999999981
h  11  2  1.933232  2.234854  2.188135  1.861801  1.293258  0.759052  0.532216  0.559094  0.710452  0.833317  0.893246  0.907098  0.879283  0.836529  0.804764  0.775342  0.73337  0.684828  0.63077  0.556252  0.451671  0.321963  0  0  0  0  0  0  0  0  0  0  0  0  0  0  0  0  0  0  0  0  0  0  0  0  0  0  0  0  0  0  0  0  0  0  0  0  0  0  0  0  0  0  0  0  0  0  0  0  0  0  0  0  0  0  0  0  0  0  0  0  0  0  0  0  0  -0.027312999999999976
g  11  3  1.920123  2.547138  2.477435  2.275778  2.116444  2.147679  2.222179  2.21865  2.159492  2.004202  1.780536  1.465444  1.071313  0.687517  0.366208  0.136126  0.019478  -0.005909  0.032705  0.122809  0.245886  0.39412  0  0  0  0  0  0  0  0  0  0  0  0  0  0  0  0  0  0  0  0  0  0  0  0  0  0  0  0  0  0  0  0  0  0  0  0  0  0  0  0  0  0  0  0  0  0  0  0  0  0  0  0  0  0  0  0  0  0  0  0  0  0  0  0  0  0.030811000000000033
h  11  3  -0.395727  -0.298471  -0.098631  0.179472  0.470286  0.540621  0.489631  0.498845  0.560073  0.662941  0.765143  0.851134  0.98242  1.166211  1.373394  1.590924  1.804395  1.9855  2.092603  2.093772  2.009777  1.885973  0  0  0  0  0  0  0  0  0  0  0  0  0  0  0  0  0  0  0  0  0  0  0  0  0  0  0  0  0  0  0  0  0  0  0  0  0  0  0  0  0  0  0  0  0  0  0  0  0  0  0  0  0  0  0  0  0  0  0  0  0  0  0  0  0  -0.02663900000000008
g  11  4  -0.741738  -0.862813  -1.022312  -0.964089  -0.785034  -0.538926  -0.304549  -0.077467  0.183394  0.477972  0.743459  0.950882  1.114781  1.236481  1.313905  1.346855  1.3362  1.291771  1.19593  1.038606  0.816407  0.514568  0  0  0  0  0  0  0  0  0  0  0  0  0  0  0  0  0  0  0  0  0  0  0  0  0  0  0  0  0  0  0  0  0  0  0  0  0  0  0  0  0  0  0  0  0  0  0  0  0  0  0  0  0  0  0  0  0  0  0  0  0  0  0  0  0  -0.06682199999999994
h  11  4  -1.274436  -0.46933  0.09153  0.577962  0.99404  1.542367  2.307033  3.133051  3.935342  4.595348  5.061943  5.348714  5.466678  5.418709  5.244745  4.964452  4.594998  4.199561  3.851401  3.60175  3.427524  3.280061  0  0  0  0  0  0  0  0  0  0  0  0  0  0  0  0  0  0  0  0  0  0  0  0  0  0  0  0  0  0  0  0  0  0  0  0  0  0  0  0  0  0  0  0  0  0  0  0  0  0  0  0  0  0  0  0  0  0  0  0  0  0  0  0  0  -0.029093000000000035
g  11  5  0.588645  0.288648  0.247726  0.107311  -0.101303  -0.243349  -0.342479  -0.39357  -0.449161  -0.549649  -0.663415  -0.734814  -0.749006  -0.723175  -0.646593  -0.514294  -0.339911  -0.158521  0.008708  0.154173  0.278071  0.360718  0  0  0  0  0  0  0  0  0  0  0  0  0  0  0  0  0  0  0  0  0  0  0  0  0  0  0  0  0  0  0  0  0  0  0  0  0  0  0  0  0  0  0  0  0  0  0  0  0  0  0  0  0  0  0  0  0  0  0  0  0  0  0  0  0  0.011583999999999983
h  11  5  0.71708  0.534132  -0.062253  -0.657227  -1.235308  -1.711725  -1.995029  -2.040624  -1.940292  -1.790497  -1.639857  -1.543337  -1.537338  -1.610022  -1.736806  -1.898184  -2.079237  -2.257592  -2.437465  -2.62149  -2.814804  -3.02256  0  0  0  0  0  0  0  0  0  0  0  0  0  0  0  0  0  0  0  0  0  0  0  0  0  0  0  0  0  0  0  0  0  0  0  0  0  0  0  0  0  0  0  0  0  0  0  0  0  0  0  0  0  0  0  0  0  0  0  0  0  0  0  0  0  -0.041471000000000036
g  11  6  -0.452212  -0.62929  -0.58077  -0.540781  -0.521668  -0.571453  -0.742545  -1.040039  -1.379  -1.71625  -2.03198  -2.329967  -2.614356  -2.857687  -3.030111  -3.136898  -3.180896  -3.146283  -3.035774  -2.873281  -2.696254  -2.547755  0  0  0  0  0  0  0  0  0  0  0  0  0  0  0  0  0  0  0  0  0  0  0  0  0  0  0  0  0  0  0  0  0  0  0  0  0  0  0  0  0  0  0  0  0  0  0  0  0  0  0  0  0  0  0  0  0  0  0  0  0  0  0  0  0  0.025199000000000193
h  11  6  -0.125752  -0.200047  0.058514  0.264566  0.37766  0.474656  0.626108  0.832934  1.014878  1.173045  1.311784  1.396737  1.424591  1.405673  1.364824  1.326908  1.300023  1.273407  1.242892  1.214898  1.189038  1.165438  0  0  0  0  0  0  0  0  0  0  0  0  0  0  0  0  0  0  0  0  0  0  0  0  0  0  0  0  0  0  0  0  0  0  0  0  0  0  0  0  0  0  0  0  0  0  0  0  0  0  0  0  0  0  0  0  0  0  0  0  0  0  0  0  0  -0.004658000000000051
g  11  7  0.113655  -0.075861  -0.291744  -0.401721  -0.332897  -0.196799  -0.095523  -0.079657  -0.099627  -0.117421  -0.14442  -0.213645  -0.315843  -0.427491  -0.548115  -0.679188  -0.813412  -0.940466  -1.042456  -1.113781  -1.163683  -1.190665  0  0  0  0  0  0  0  0  0  0  0  0  0  0  0  0  0  0  0  0  0  0  0  0  0  0  0  0  0  0  0  0  0  0  0  0  0  0  0  0  0  0  0  0  0  0  0  0  0  0  0  0  0  0  0  0  0  0  0  0  0  0  0  0  0  -0.0029970000000001384
h  11  7  -2.156732  -1.82208  -1.555774  -1.464101  -1.406596  -1.339204  -1.307031  -1.292995  -1.262479  -1.220098  -1.148082  -1.028779  -0.856156  -0.630455  -0.346099  -0.006373  0.368216  0.747874  1.106852  1.442526  1.745813  2.012863  0  0  0  0  0  0  0  0  0  0  0  0  0  0  0  0  0  0  0  0  0  0  0  0  0  0  0  0  0  0  0  0  0  0  0  0  0  0  0  0  0  0  0  0  0  0  0  0  0  0  0  0  0  0  0  0  0  0  0  0  0  0  0  0  0  0.05092299999999983
g  11  8  1.729829  1.633954  1.60603  1.537648  1.634014  1.88841  2.264509  2.703504  3.171584  3.633596  3.999286  4.195342  4.220491  4.110369  3.907007  3.665013  3.420694  3.18766  2.979304  2.793734  2.623586  2.469695  0  0  0  0  0  0  0  0  0  0  0  0  0  0  0  0  0  0  0  0  0  0  0  0  0  0  0  0  0  0  0  0  0  0  0  0  0  0  0  0  0  0  0  0  0  0  0  0  0  0  0  0  0  0  0  0  0  0  0  0  0  0  0  0  0  -0.029181999999999597
h  11  8  -1.476059  -1.5848  -1.523485  -1.425983  -1.311237  -1.186253  -1.069383  -0.978069  -0.950042  -0.984974  -1.055805  -1.132492  -1.193532  -1.225071  -1.218778  -1.174571  -1.107464  -1.019125  -0.893082  -0.729855  -0.533822  -0.294547  0  0  0  0  0  0  0  0  0  0  0  0  0  0  0  0  0  0  0  0  0  0  0  0  0  0  0  0  0  0  0  0  0  0  0  0  0  0  0  0  0  0  0  0  0  0  0  0  0  0  0  0  0  0  0  0  0  0  0  0  0  0  0  0  0  0.05229600000000001
g  11  9  -0.17749  -0.646489  -0.874964  -1.130897  -1.319188  -1.383512  -1.326795  -1.131421  -0.795256  -0.354361  0.081276  0.416959  0.61944  0.677247  0.606298  0.45776  0.2796  0.089612  -0.113708  -0.333217  -0.572988  -0.848238  0  0  0  0  0  0  0  0  0  0  0  0  0  0  0  0  0  0  0  0  0  0  0  0  0  0  0  0  0  0  0  0  0  0  0  0  0  0  0  0  0  0  0  0  0  0  0  0  0  0  0  0  0  0  0  0  0  0  0  0  0  0  0  0  0  -0.058727000000000085
h  11  9  -2.436186  -2.980387  -3.064693  -3.012592  -2.775767  -2.460299  -2.138373  -1.837541  -1.574736  -1.454654  -1.501321  -1.685752  -1.957785  -2.290256  -2.654846  -3.020535  -3.374471  -3.713635  -4.039112  -4.348692  -4.624931  -4.839373  0  0  0  0  0  0  0  0  0  0  0  0  0  0  0  0  0  0  0  0  0  0  0  0  0  0  0  0  0  0  0  0  0  0  0  0  0  0  0  0  0  0  0  0  0  0  0  0  0  0  0  0  0  0  0  0  0  0  0  0  0  0  0  0  0  -0.036617000000000566
g  11  10  0.389697  0.0585  -0.165772  -0.376141  -0.538671  -0.508701  -0.335379  0.032761  0.564874  1.2167  1.866529  2.359519  2.622199  2.6279  2.40964  2.057867  1.655846  1.245555  0.849892  0.49262  0.195902  -0.026552  0  0  0  0  0  0  0  0  0  0  0  0  0  0  0  0  0  0  0  0  0  0  0  0  0  0  0  0  0  0  0  0  0  0  0  0  0  0  0  0  0  0  0  0  0  0  0  0  0  0  0  0  0  0  0  0  0  0  0  0  0  0  0  0  0  -0.038293
h  11  10  -1.954697  -1.851055  -1.77277  -1.532501  -1.147131  -0.705003  -0.2518  0.155048  0.430222  0.488466  0.301821  -0.05921  -0.494626  -0.926237  -1.269391  -1.454122  -1.478778  -1.386245  -1.222319  -1.01759  -0.789928  -0.556115  0  0  0  0  0  0  0  0  0  0  0  0  0  0  0  0  0  0  0  0  0  0  0  0  0  0  0  0  0  0  0  0  0  0  0  0  0  0  0  0  0  0  0  0  0  0  0  0  0  0  0  0  0  0  0  0  0  0  0  0  0  0  0  0  0  0.04658399999999996
g  11  11  3.564107  3.144426  3.01835  2.927982  2.877258  2.839024  2.776983  2.653956  2.401084  1.985016  1.479311  0.956778  0.450049  0.003442  -0.33048  -0.511823  -0.526174  -0.386871  -0.118098  0.244229  0.663333  1.113629  0  0  0  0  0  0  0  0  0  0  0  0  0  0  0  0  0  0  0  0  0  0  0  0  0  0  0  0  0  0  0  0  0  0  0  0  0  0  0  0  0  0  0  0  0  0  0  0  0  0  0  0  0  0  0  0  0  0  0  0  0  0  0  0  0  0.09140999999999999
h  11  11  -2.160072  -2.436856  -2.315558  -2.249469  -2.233476  -2.268706  -2.318936  -2.342736  -2.326187  -2.233292  -2.024477  -1.696812  -1.254204  -0.714825  -0.108305  0.518466  1.103192  1.593037  1.956839  2.185787  2.292049  2.294579  0  0  0  0  0  0  0  0  0  0  0  0  0  0  0  0  0  0  0  0  0  0  0  0  0  0  0  0  0  0  0  0  0  0  0  0  0  0  0  0  0  0  0  0  0  0  0  0  0  0  0  0  0  0  0  0  0  0  0  0  0  0  0  0  0  -0.00688500000000003
g  12  0  -2.083503  -1.928431  -1.656991  -1.39086  -1.098739  -0.746833  -0.43323  -0.207876  -0.029279  0.104635  0.217856  0.337528  0.458081  0.57626  0.710185  0.86193  1.03867  1.252425  1.499432  1.753358  1.98082  2.169639  0  0  0  0  0  0  0  0  0  0  0  0  0  0  0  0  0  0  0  0  0  0  0  0  0  0  0  0  0  0  0  0  0  0  0  0  0  0  0  0  0  0  0  0  0  0  0  0  0  0  0  0  0  0  0  0  0  0  0  0  0  0  0  0  0  0.034819000000000155
g  12  1  -0.007494  -0.204018  -0.223799  -0.150851  -0.025669  0.17782  0.388725  0.48514  0.476858  0.393976  0.305504  0.223059  0.137777  0.055244  -0.015655  -0.0687  -0.102523  -0.111909  -0.09403  -0.041113  0.050285  0.179044  0  0  0  0  0  0  0  0  0  0  0  0  0  0  0  0  0  0  0  0  0  0  0  0  0  0  0  0  0  0  0  0  0  0  0  0  0  0  0  0  0  0  0  0  0  0  0  0  0  0  0  0  0  0  0  0  0  0  0  0  0  0  0  0  0  0.02814
h  12  1  -0.851669  -1.083141  -1.091101  -0.966511  -0.799138  -0.680669  -0.686271  -0.72056  -0.733807  -0.707196  -0.650777  -0.602024  -0.577581  -0.584056  -0.626079  -0.69617  -0.777894  -0.870828  -0.992507  -1.15585  -1.349647  -1.545051  0  0  0  0  0  0  0  0  0  0  0  0  0  0  0  0  0  0  0  0  0  0  0  0  0  0  0  0  0  0  0  0  0  0  0  0  0  0  0  0  0  0  0  0  0  0  0  0  0  0  0  0  0  0  0  0  0  0  0  0  0  0  0  0  0  -0.037825
g  12  2  0.406196  0.424991  0.481785  0.529781  0.574362  0.463078  0.252244  0.054322  -0.138409  -0.31388  -0.433004  -0.507547  -0.553623  -0.571031  -0.576406  -0.580756  -0.594686  -0.618747  -0.64946  -0.68617  -0.734096  -0.79517  0  0  0  0  0  0  0  0  0  0  0  0  0  0  0  0  0  0  0  0  0  0  0  0  0  0  0  0  0  0  0  0  0  0  0  0  0  0  0  0  0  0  0  0  0  0  0  0  0  0  0  0  0  0  0  0  0  0  0  0  0  0  0  0  0  -0.013032000000000044
h  12  2  0.291263  0.388572  0.364657  0.334119  0.244933  0.143671  0.034078  -0.053253  -0.128165  -0.181265  -0.195817  -0.213111  -0.232698  -0.251312  -0.273142  -0.295523  -0.315345  -0.321491  -0.308893  -0.27723  -0.232902  -0.189313  0  0  0  0  0  0  0  0  0  0  0  0  0  0  0  0  0  0  0  0  0  0  0  0  0  0  0  0  0  0  0  0  0  0  0  0  0  0  0  0  0  0  0  0  0  0  0  0  0  0  0  0  0  0  0  0  0  0  0  0  0  0  0  0  0  0.007931999999999995
g  12  3  1.349218  1.37392  1.434011  1.522658  1.616405  1.645199  1.546288  1.378993  1.194495  0.981478  0.732403  0.477936  0.24932  0.068936  -0.049393  -0.109558  -0.129537  -0.128275  -0.115921  -0.087561  -0.044226  0.009545  0  0  0  0  0  0  0  0  0  0  0  0  0  0  0  0  0  0  0  0  0  0  0  0  0  0  0  0  0  0  0  0  0  0  0  0  0  0  0  0  0  0  0  0  0  0  0  0  0  0  0  0  0  0  0  0  0  0  0  0  0  0  0  0  0  0.011285
h  12  3  1.815677  1.444467  1.317981  1.14105  0.91937  0.715788  0.555838  0.406646  0.222466  0.040238  -0.063617  -0.067238  -0.0039  0.086671  0.189178  0.270394  0.309319  0.312901  0.273249  0.183712  0.058382  -0.07253  0  0  0  0  0  0  0  0  0  0  0  0  0  0  0  0  0  0  0  0  0  0  0  0  0  0  0  0  0  0  0  0  0  0  0  0  0  0  0  0  0  0  0  0  0  0  0  0  0  0  0  0  0  0  0  0  0  0  0  0  0  0  0  0  0  -0.025178
g  12  4  -0.768901  -1.117783  -1.188126  -1.22565  -1.293551  -1.318306  -1.37549  -1.504529  -1.643526  -1.764908  -1.865302  -1.963233  -2.070697  -2.17873  -2.276216  -2.351639  -2.391493  -2.392692  -2.360405  -2.303403  -2.243855  -2.203478  0  0  0  0  0  0  0  0  0  0  0  0  0  0  0  0  0  0  0  0  0  0  0  0  0  0  0  0  0  0  0  0  0  0  0  0  0  0  0  0  0  0  0  0  0  0  0  0  0  0  0  0  0  0  0  0  0  0  0  0  0  0  0  0  0  0.00634900000000016
h  12  4  -2.31245  -1.909232  -1.992352  -2.183391  -2.324777  -2.404275  -2.364589  -2.147259  -1.815955  -1.477471  -1.171939  -0.920607  -0.721088  -0.563087  -0.439763  -0.329307  -0.231596  -0.148647  -0.07074  0.011955  0.092812  0.175055  0  0  0  0  0  0  0  0  0  0  0  0  0  0  0  0  0  0  0  0  0  0  0  0  0  0  0  0  0  0  0  0  0  0  0  0  0  0  0  0  0  0  0  0  0  0  0  0  0  0  0  0  0  0  0  0  0  0  0  0  0  0  0  0  0  0.017162999999999984
g  12  5  0.780908  0.708922  0.56647  0.494587  0.419408  0.325142  0.213354  0.089581  -0.030991  -0.127355  -0.21173  -0.309381  -0.436413  -0.609618  -0.820364  -1.048961  -1.275058  -1.496663  -1.718711  -1.942041  -2.146728  -2.305828  0  0  0  0  0  0  0  0  0  0  0  0  0  0  0  0  0  0  0  0  0  0  0  0  0  0  0  0  0  0  0  0  0  0  0  0  0  0  0  0  0  0  0  0  0  0  0  0  0  0  0  0  0  0  0  0  0  0  0  0  0  0  0  0  0  -0.027349000000000068
h  12  5  0.345651  0.134825  -0.2192  -0.540601  -0.779462  -0.883947  -0.955859  -1.003187  -1.005225  -1.001613  -1.053246  -1.168075  -1.329198  -1.512743  -1.686952  -1.83782  -1.953603  -2.018697  -2.035809  -2.009994  -1.945692  -1.845909  0  0  0  0  0  0  0  0  0  0  0  0  0  0  0  0  0  0  0  0  0  0  0  0  0  0  0  0  0  0  0  0  0  0  0  0  0  0  0  0  0  0  0  0  0  0  0  0  0  0  0  0  0  0  0  0  0  0  0  0  0  0  0  0  0  0.023172999999999888
g  12  6  0.128504  0.296133  0.620304  0.982896  1.225245  1.323476  1.353272  1.363147  1.352524  1.341433  1.368176  1.452467  1.57953  1.726948  1.882089  2.033147  2.17524  2.310539  2.435208  2.532257  2.586172  2.598467  0  0  0  0  0  0  0  0  0  0  0  0  0  0  0  0  0  0  0  0  0  0  0  0  0  0  0  0  0  0  0  0  0  0  0  0  0  0  0  0  0  0  0  0  0  0  0  0  0  0  0  0  0  0  0  0  0  0  0  0  0  0  0  0  0  -0.0007030000000001202
h  12  6  0.736249  0.72493  0.715781  0.67433  0.522312  0.387584  0.354439  0.400737  0.462942  0.52412  0.57838  0.583404  0.511224  0.377728  0.213553  0.042625  -0.126225  -0.291817  -0.454139  -0.613506  -0.775212  -0.948192  0  0  0  0  0  0  0  0  0  0  0  0  0  0  0  0  0  0  0  0  0  0  0  0  0  0  0  0  0  0  0  0  0  0  0  0  0  0  0  0  0  0  0  0  0  0  0  0  0  0  0  0  0  0  0  0  0  0  0  0  0  0  0  0  0  -0.03612100000000007
g  12  7  0.538398  0.529401  0.524122  0.571368  0.585516  0.507988  0.319631  0.081552  -0.190446  -0.483916  -0.777961  -1.047896  -1.276337  -1.4549  -1.590554  -1.700263  -1.78785  -1.84885  -1.879805  -1.888241  -1.875713  -1.828607  0  0  0  0  0  0  0  0  0  0  0  0  0  0  0  0  0  0  0  0  0  0  0  0  0  0  0  0  0  0  0  0  0  0  0  0  0  0  0  0  0  0  0  0  0  0  0  0  0  0  0  0  0  0  0  0  0  0  0  0  0  0  0  0  0  0.013127999999999806
h  12  7  -0.141735  -0.153693  -0.247577  -0.325513  -0.379609  -0.438693  -0.508644  -0.565063  -0.612252  -0.640428  -0.645586  -0.628981  -0.592405  -0.528621  -0.43367  -0.314091  -0.177282  -0.026557  0.125397  0.274733  0.41025  0.50943  0  0  0  0  0  0  0  0  0  0  0  0  0  0  0  0  0  0  0  0  0  0  0  0  0  0  0  0  0  0  0  0  0  0  0  0  0  0  0  0  0  0  0  0  0  0  0  0  0  0  0  0  0  0  0  0  0  0  0  0  0  0  0  0  0  0.015779000000000043
g  12  8  -0.421155  -0.311805  -0.422193  -0.441601  -0.3199  -0.135663  0.079224  0.29105  0.505928  0.710065  0.85066  0.903859  0.87783  0.799938  0.698811  0.600731  0.519982  0.461727  0.427968  0.410003  0.406039  0.419479  0  0  0  0  0  0  0  0  0  0  0  0  0  0  0  0  0  0  0  0  0  0  0  0  0  0  0  0  0  0  0  0  0  0  0  0  0  0  0  0  0  0  0  0  0  0  0  0  0  0  0  0  0  0  0  0  0  0  0  0  0  0  0  0  0  0.0040060000000000096
h  12  8  0.190017  0.517777  0.636688  0.66073  0.620293  0.574069  0.514397  0.440791  0.365264  0.267749  0.159752  0.072583  0.02504  0.022429  0.060887  0.125477  0.19809  0.262488  0.319837  0.377173  0.442198  0.523192  0  0  0  0  0  0  0  0  0  0  0  0  0  0  0  0  0  0  0  0  0  0  0  0  0  0  0  0  0  0  0  0  0  0  0  0  0  0  0  0  0  0  0  0  0  0  0  0  0  0  0  0  0  0  0  0  0  0  0  0  0  0  0  0  0  0.017734999999999945
g  12  9  -0.266563  -0.403098  -0.267079  -0.189963  -0.155911  -0.149889  -0.140031  -0.110062  -0.063589  0.001236  0.060656  0.077155  0.045149  -0.038715  -0.177621  -0.355579  -0.556018  -0.768902  -0.98207  -1.174432  -1.332061  -1.459772  0  0  0  0  0  0  0  0  0  0  0  0  0  0  0  0  0  0  0  0  0  0  0  0  0  0  0  0  0  0  0  0  0  0  0  0  0  0  0  0  0  0  0  0  0  0  0  0  0  0  0  0  0  0  0  0  0  0  0  0  0  0  0  0  0  -0.02394200000000013
h  12  9  0.433632  0.26227  0.250565  0.27812  0.301772  0.338993  0.412849  0.498718  0.590087  0.677374  0.710739  0.676969  0.595955  0.486171  0.360996  0.234521  0.110254  -0.003578  -0.091055  -0.147253  -0.174975  -0.179952  0  0  0  0  0  0  0  0  0  0  0  0  0  0  0  0  0  0  0  0  0  0  0  0  0  0  0  0  0  0  0  0  0  0  0  0  0  0  0  0  0  0  0  0  0  0  0  0  0  0  0  0  0  0  0  0  0  0  0  0  0  0  0  0  0  6.60000000000105e-05
g  12  10  0.191055  0.219554  0.186097  0.129428  0.050351  -0.012182  -0.050625  -0.043724  0.008081  0.108022  0.241762  0.367308  0.464987  0.535173  0.578472  0.598941  0.596095  0.557952  0.480808  0.374016  0.250361  0.121837  0  0  0  0  0  0  0  0  0  0  0  0  0  0  0  0  0  0  0  0  0  0  0  0  0  0  0  0  0  0  0  0  0  0  0  0  0  0  0  0  0  0  0  0  0  0  0  0  0  0  0  0  0  0  0  0  0  0  0  0  0  0  0  0  0  -0.025584999999999997
h  12  10  -0.896178  -0.958479  -0.889246  -0.781841  -0.62278  -0.461866  -0.303208  -0.129986  0.05209  0.215719  0.320951  0.349333  0.323609  0.25667  0.165185  0.069366  -0.02157  -0.107103  -0.185562  -0.25134  -0.300725  -0.338842  0  0  0  0  0  0  0  0  0  0  0  0  0  0  0  0  0  0  0  0  0  0  0  0  0  0  0  0  0  0  0  0  0  0  0  0  0  0  0  0  0  0  0  0  0  0  0  0  0  0  0  0  0  0  0  0  0  0  0  0  0  0  0  0  0  -0.007186999999999999
g  12  11  -1.019842  -1.017596  -1.027995  -0.941984  -0.748089  -0.410095  0.003292  0.452249  0.899411  1.323458  1.667672  1.879701  1.952872  1.887498  1.687057  1.376582  1.001196  0.605731  0.220022  -0.145003  -0.482338  -0.783988  0  0  0  0  0  0  0  0  0  0  0  0  0  0  0  0  0  0  0  0  0  0  0  0  0  0  0  0  0  0  0  0  0  0  0  0  0  0  0  0  0  0  0  0  0  0  0  0  0  0  0  0  0  0  0  0  0  0  0  0  0  0  0  0  0  -0.05732999999999999
h  12  11  -0.135876  0.073277  0.365531  0.708176  1.047406  1.323569  1.490094  1.555582  1.515859  1.368472  1.120281  0.800987  0.444565  0.072206  -0.282442  -0.576561  -0.795173  -0.949368  -1.06164  -1.141729  -1.183425  -1.176597  0  0  0  0  0  0  0  0  0  0  0  0  0  0  0  0  0  0  0  0  0  0  0  0  0  0  0  0  0  0  0  0  0  0  0  0  0  0  0  0  0  0  0  0  0  0  0  0  0  0  0  0  0  0  0  0  0  0  0  0  0  0  0  0  0  0.005545000000000133
g  12  12  -0.185496  -0.192641  -0.212536  -0.199978  -0.15302  -0.105016  -0.090959  -0.112616  -0.172942  -0.266187  -0.372801  -0.483255  -0.597055  -0.692078  -0.731589  -0.678346  -0.510076  -0.236298  0.115849  0.518634  0.94465  1.361787  0  0  0  0  0  0  0  0  0  0  0  0  0  0  0  0  0  0  0  0  0  0  0  0  0  0  0  0  0  0  0  0  0  0  0  0  0  0  0  0  0  0  0  0  0  0  0  0  0  0  0  0  0  0  0  0  0  0  0  0  0  0  0  0  0  0.08100700000000005
h  12  12  0.7272  0.603566  0.700552  0.731002  0.695604  0.629162  0.57353  0.518741  0.463067  0.443091  0.488863  0.600166  0.778198  1.016172  1.296307  1.589282  1.851763  2.041141  2.131923  2.116366  1.997662  1.778723  0  0  0  0  0  0  0  0  0  0  0  0  0  0  0  0  0  0  0  0  0  0  0  0  0  0  0  0  0  0  0  0  0  0  0  0  0  0  0  0  0  0  0  0  0  0  0  0  0  0  0  0  0  0  0  0  0  0  0  0  0  0  0  0  0  -0.05162500000000003
g  13  0  -0.05752  0.022338  0.176159  0.311352  0.391618  0.380846  0.32325  0.293528  0.273864  0.256811  0.234313  0.209954  0.189847  0.179487  0.177852  0.178692  0.178639  0.18277  0.202616  0.240435  0.285258  0.327039  0  0  0  0  0  0  0  0  0  0  0  0  0  0  0  0  0  0  0  0  0  0  0  0  0  0  0  0  0  0  0  0  0  0  0  0  0  0  0  0  0  0  0  0  0  0  0  0  0  0  0  0  0  0  0  0  0  0  0  0  0  0  0  0  0  0.007796999999999998
g  13  1  -0.813915  -0.855036  -0.834883  -0.815872  -0.772965  -0.728388  -0.738991  -0.753919  -0.741917  -0.715866  -0.692159  -0.662753  -0.62426  -0.570609  -0.49612  -0.403846  -0.298497  -0.184458  -0.070622  0.037931  0.135442  0.21543  0  0  0  0  0  0  0  0  0  0  0  0  0  0  0  0  0  0  0  0  0  0  0  0  0  0  0  0  0  0  0  0  0  0  0  0  0  0  0  0  0  0  0  0  0  0  0  0  0  0  0  0  0  0  0  0  0  0  0  0  0  0  0  0  0  0.01419100000000001
h  13  1  -0.733878  -0.809136  -0.801993  -0.756379  -0.684194  -0.639867  -0.612496  -0.59173  -0.572007  -0.560724  -0.549303  -0.531248  -0.502822  -0.466441  -0.435429  -0.42196  -0.417613  -0.404785  -0.379363  -0.354172  -0.344987  -0.35187  0  0  0  0  0  0  0  0  0  0  0  0  0  0  0  0  0  0  0  0  0  0  0  0  0  0  0  0  0  0  0  0  0  0  0  0  0  0  0  0  0  0  0  0  0  0  0  0  0  0  0  0  0  0  0  0  0  0  0  0  0  0  0  0  0  -0.002130999999999994
g  13  2  0.24696  0.386943  0.40424  0.409829  0.392175  0.374884  0.327934  0.265264  0.240213  0.26356  0.327222  0.408774  0.475199  0.506149  0.499201  0.459935  0.387726  0.293156  0.189466  0.084376  -0.023828  -0.134253  0  0  0  0  0  0  0  0  0  0  0  0  0  0  0  0  0  0  0  0  0  0  0  0  0  0  0  0  0  0  0  0  0  0  0  0  0  0  0  0  0  0  0  0  0  0  0  0  0  0  0  0  0  0  0  0  0  0  0  0  0  0  0  0  0  -0.021888000000000005
h  13  2  0.30275  0.419058  0.292859  0.157411  0.010481  -0.15717  -0.311425  -0.422691  -0.490386  -0.55639  -0.628275  -0.704721  -0.783432  -0.847696  -0.886208  -0.905177  -0.916029  -0.920259  -0.913339  -0.892072  -0.85941  -0.816251  0  0  0  0  0  0  0  0  0  0  0  0  0  0  0  0  0  0  0  0  0  0  0  0  0  0  0  0  0  0  0  0  0  0  0  0  0  0  0  0  0  0  0  0  0  0  0  0  0  0  0  0  0  0  0  0  0  0  0  0  0  0  0  0  0  0.00951600000000008
g  13  3  0.545376  0.716212  0.620452  0.569609  0.490823  0.407464  0.334323  0.222272  0.078083  -0.069158  -0.185208  -0.272026  -0.342055  -0.38641  -0.400065  -0.381399  -0.330294  -0.258442  -0.176969  -0.084928  0.021381  0.14273  0  0  0  0  0  0  0  0  0  0  0  0  0  0  0  0  0  0  0  0  0  0  0  0  0  0  0  0  0  0  0  0  0  0  0  0  0  0  0  0  0  0  0  0  0  0  0  0  0  0  0  0  0  0  0  0  0  0  0  0  0  0  0  0  0  0.02532999999999999
h  13  3  1.507301  1.375912  1.331494  1.323179  1.356404  1.361753  1.247641  1.057985  0.867472  0.707496  0.575147  0.457103  0.35751  0.285382  0.23526  0.204365  0.192748  0.198231  0.203387  0.196413  0.177743  0.160228  0  0  0  0  0  0  0  0  0  0  0  0  0  0  0  0  0  0  0  0  0  0  0  0  0  0  0  0  0  0  0  0  0  0  0  0  0  0  0  0  0  0  0  0  0  0  0  0  0  0  0  0  0  0  0  0  0  0  0  0  0  0  0  0  0  -0.00272
g  13  4  -0.457862  -0.369662  -0.355482  -0.238535  -0.104244  -0.016291  -0.007267  -0.008573  0.013683  0.034665  0.038007  0.029368  0.024252  0.0297  0.039185  0.048876  0.053138  0.048978  0.03988  0.033617  0.036195  0.043527  0  0  0  0  0  0  0  0  0  0  0  0  0  0  0  0  0  0  0  0  0  0  0  0  0  0  0  0  0  0  0  0  0  0  0  0  0  0  0  0  0  0  0  0  0  0  0  0  0  0  0  0  0  0  0  0  0  0  0  0  0  0  0  0  0  0.001588000000000006
h  13  4  -0.528596  -0.558157  -0.608329  -0.666437  -0.743459  -0.767993  -0.71385  -0.632725  -0.568552  -0.538505  -0.525061  -0.513409  -0.503738  -0.506958  -0.523068  -0.551953  -0.594547  -0.64341  -0.682155  -0.689683  -0.660539  -0.599688  0  0  0  0  0  0  0  0  0  0  0  0  0  0  0  0  0  0  0  0  0  0  0  0  0  0  0  0  0  0  0  0  0  0  0  0  0  0  0  0  0  0  0  0  0  0  0  0  0  0  0  0  0  0  0  0  0  0  0  0  0  0  0  0  0  0.014229000000000047
g  13  5  1.025941  0.712302  0.504857  0.297622  0.099894  -0.046021  -0.163302  -0.24872  -0.308455  -0.339939  -0.366473  -0.387068  -0.389416  -0.381865  -0.367157  -0.344583  -0.316966  -0.297437  -0.292174  -0.299  -0.308676  -0.315923  0  0  0  0  0  0  0  0  0  0  0  0  0  0  0  0  0  0  0  0  0  0  0  0  0  0  0  0  0  0  0  0  0  0  0  0  0  0  0  0  0  0  0  0  0  0  0  0  0  0  0  0  0  0  0  0  0  0  0  0  0  0  0  0  0  -0.0013230000000000186
h  13  5  -1.070322  -1.118359  -1.170497  -1.228691  -1.297825  -1.339426  -1.357546  -1.356351  -1.316667  -1.279812  -1.269064  -1.270246  -1.266618  -1.251673  -1.217661  -1.164911  -1.102316  -1.028992  -0.947409  -0.862429  -0.783037  -0.719516  0  0  0  0  0  0  0  0  0  0  0  0  0  0  0  0  0  0  0  0  0  0  0  0  0  0  0  0  0  0  0  0  0  0  0  0  0  0  0  0  0  0  0  0  0  0  0  0  0  0  0  0  0  0  0  0  0  0  0  0  0  0  0  0  0  0.011340999999999934
g  13  6  -0.251269  -0.156471  -0.220586  -0.265931  -0.340612  -0.445929  -0.587142  -0.745273  -0.880098  -0.950831  -0.948166  -0.894033  -0.81433  -0.723714  -0.627499  -0.532807  -0.445315  -0.365585  -0.294076  -0.229973  -0.171281  -0.117602  0  0  0  0  0  0  0  0  0  0  0  0  0  0  0  0  0  0  0  0  0  0  0  0  0  0  0  0  0  0  0  0  0  0  0  0  0  0  0  0  0  0  0  0  0  0  0  0  0  0  0  0  0  0  0  0  0  0  0  0  0  0  0  0  0  0.009962000000000013
h  13  6  -0.128912  -0.202899  -0.206803  -0.239865  -0.254564  -0.22425  -0.186791  -0.151183  -0.127549  -0.131118  -0.167771  -0.23567  -0.331849  -0.449599  -0.571198  -0.679044  -0.76573  -0.832415  -0.882469  -0.916162  -0.933326  -0.938316  0  0  0  0  0  0  0  0  0  0  0  0  0  0  0  0  0  0  0  0  0  0  0  0  0  0  0  0  0  0  0  0  0  0  0  0  0  0  0  0  0  0  0  0  0  0  0  0  0  0  0  0  0  0  0  0  0  0  0  0  0  0  0  0  0  -0.0004070000000000462
g  13  7  0.844758  0.800758  0.81911  0.826671  0.800816  0.754842  0.704702  0.634685  0.515706  0.381702  0.271487  0.203846  0.17836  0.178897  0.18788  0.193693  0.201008  0.218263  0.24744  0.28579  0.331695  0.384548  0  0  0  0  0  0  0  0  0  0  0  0  0  0  0  0  0  0  0  0  0  0  0  0  0  0  0  0  0  0  0  0  0  0  0  0  0  0  0  0  0  0  0  0  0  0  0  0  0  0  0  0  0  0  0  0  0  0  0  0  0  0  0  0  0  0.01105600000000001
h  13  7  0.308202  0.272662  0.145951  0.020828  -0.074155  -0.097227  -0.063758  -0.027466  0.007235  0.041243  0.064382  0.06036  0.014519  -0.068009  -0.172101  -0.277742  -0.36758  -0.428215  -0.460383  -0.47029  -0.469916  -0.467668  0  0  0  0  0  0  0  0  0  0  0  0  0  0  0  0  0  0  0  0  0  0  0  0  0  0  0  0  0  0  0  0  0  0  0  0  0  0  0  0  0  0  0  0  0  0  0  0  0  0  0  0  0  0  0  0  0  0  0  0  0  0  0  0  0  0.0004310000000000147
g  13  8  -0.200314  -0.211642  -0.281965  -0.357973  -0.407994  -0.398836  -0.383906  -0.379954  -0.376449  -0.377489  -0.386511  -0.401173  -0.413038  -0.41257  -0.389811  -0.342646  -0.276364  -0.199362  -0.120601  -0.054576  -0.00987  0.01326  0  0  0  0  0  0  0  0  0  0  0  0  0  0  0  0  0  0  0  0  0  0  0  0  0  0  0  0  0  0  0  0  0  0  0  0  0  0  0  0  0  0  0  0  0  0  0  0  0  0  0  0  0  0  0  0  0  0  0  0  0  0  0  0  0  0.0029899999999999996
h  13  8  -0.103186  -0.144746  -0.126388  -0.086261  -0.051282  -0.040659  -0.027768  -0.015346  -0.002808  -0.000953  0.00953  0.044603  0.101579  0.172512  0.247552  0.31611  0.370034  0.402513  0.414249  0.406308  0.384683  0.366467  0  0  0  0  0  0  0  0  0  0  0  0  0  0  0  0  0  0  0  0  0  0  0  0  0  0  0  0  0  0  0  0  0  0  0  0  0  0  0  0  0  0  0  0  0  0  0  0  0  0  0  0  0  0  0  0  0  0  0  0  0  0  0  0  0  -0.002253000000000005
g  13  9  0.386044  0.360376  0.305048  0.271058  0.260887  0.273659  0.289409  0.302787  0.332492  0.364831  0.363606  0.313134  0.230581  0.136914  0.050329  -0.01573  -0.053413  -0.058327  -0.030663  0.025757  0.097924  0.167517  0  0  0  0  0  0  0  0  0  0  0  0  0  0  0  0  0  0  0  0  0  0  0  0  0  0  0  0  0  0  0  0  0  0  0  0  0  0  0  0  0  0  0  0  0  0  0  0  0  0  0  0  0  0  0  0  0  0  0  0  0  0  0  0  0  0.012869999999999993
h  13  9  0.446014  0.51316  0.401164  0.278559  0.187265  0.126676  0.076786  0.053629  0.057699  0.059693  0.051665  0.049035  0.070321  0.11978  0.194911  0.285848  0.374371  0.447619  0.499998  0.523986  0.517657  0.483865  0  0  0  0  0  0  0  0  0  0  0  0  0  0  0  0  0  0  0  0  0  0  0  0  0  0  0  0  0  0  0  0  0  0  0  0  0  0  0  0  0  0  0  0  0  0  0  0  0  0  0  0  0  0  0  0  0  0  0  0  0  0  0  0  0  -0.00881700000000002
g  13  10  -0.049759  -0.028399  0.034844  0.027842  0.001719  -0.034325  -0.071056  -0.100865  -0.121879  -0.130361  -0.136995  -0.170489  -0.251404  -0.381807  -0.550304  -0.734463  -0.917787  -1.091348  -1.243475  -1.364259  -1.450093  -1.500728  0  0  0  0  0  0  0  0  0  0  0  0  0  0  0  0  0  0  0  0  0  0  0  0  0  0  0  0  0  0  0  0  0  0  0  0  0  0  0  0  0  0  0  0  0  0  0  0  0  0  0  0  0  0  0  0  0  0  0  0  0  0  0  0  0  -0.007198000000000038
h  13  10  0.465488  0.506056  0.493483  0.490276  0.49004  0.498528  0.507189  0.502489  0.489472  0.455356  0.378181  0.252914  0.099277  -0.059576  -0.203014  -0.317925  -0.399463  -0.444918  -0.454939  -0.431081  -0.379152  -0.309878  0  0  0  0  0  0  0  0  0  0  0  0  0  0  0  0  0  0  0  0  0  0  0  0  0  0  0  0  0  0  0  0  0  0  0  0  0  0  0  0  0  0  0  0  0  0  0  0  0  0  0  0  0  0  0  0  0  0  0  0  0  0  0  0  0  0.014809000000000017
g  13  11  0.364683  0.387165  0.36554  0.339716  0.305242  0.289505  0.288884  0.309456  0.352286  0.414689  0.499269  0.591885  0.674472  0.738775  0.776725  0.781185  0.75437  0.702008  0.629808  0.538862  0.427663  0.29918  0  0  0  0  0  0  0  0  0  0  0  0  0  0  0  0  0  0  0  0  0  0  0  0  0  0  0  0  0  0  0  0  0  0  0  0  0  0  0  0  0  0  0  0  0  0  0  0  0  0  0  0  0  0  0  0  0  0  0  0  0  0  0  0  0  -0.026756999999999975
h  13  11  -0.224801  -0.269433  -0.248984  -0.236022  -0.203962  -0.158835  -0.1156  -0.069555  -0.016427  0.039556  0.080727  0.086732  0.057494  -0.007703  -0.105772  -0.222111  -0.345914  -0.473933  -0.60244  -0.726033  -0.834474  -0.91232  0  0  0  0  0  0  0  0  0  0  0  0  0  0  0  0  0  0  0  0  0  0  0  0  0  0  0  0  0  0  0  0  0  0  0  0  0  0  0  0  0  0  0  0  0  0  0  0  0  0  0  0  0  0  0  0  0  0  0  0  0  0  0  0  0  -0.012376999999999971
g  13  12  -0.36696  -0.515698  -0.535039  -0.492704  -0.409969  -0.251869  -0.047443  0.16835  0.380627  0.579265  0.738156  0.833721  0.860289  0.815727  0.701321  0.536368  0.354064  0.179225  0.02572  -0.098601  -0.19028  -0.251444  0  0  0  0  0  0  0  0  0  0  0  0  0  0  0  0  0  0  0  0  0  0  0  0  0  0  0  0  0  0  0  0  0  0  0  0  0  0  0  0  0  0  0  0  0  0  0  0  0  0  0  0  0  0  0  0  0  0  0  0  0  0  0  0  0  -0.010098999999999997
h  13  12  -0.398269  -0.335077  -0.246583  -0.12364  0.037983  0.193738  0.29499  0.333104  0.308501  0.221449  0.077406  -0.106545  -0.307466  -0.511086  -0.695652  -0.832196  -0.909314  -0.935266  -0.922118  -0.881065  -0.822545  -0.756614  0  0  0  0  0  0  0  0  0  0  0  0  0  0  0  0  0  0  0  0  0  0  0  0  0  0  0  0  0  0  0  0  0  0  0  0  0  0  0  0  0  0  0  0  0  0  0  0  0  0  0  0  0  0  0  0  0  0  0  0  0  0  0  0  0  0.013386000000000009
g  13  13  -0.354402  -0.430727  -0.495179  -0.512474  -0.475171  -0.424054  -0.394009  -0.383642  -0.405917  -0.467178  -0.554289  -0.653443  -0.74723  -0.808688  -0.811427  -0.742718  -0.611828  -0.445964  -0.274328  -0.122522  -0.009103  0.054423  0  0  0  0  0  0  0  0  0  0  0  0  0  0  0  0  0  0  0  0  0  0  0  0  0  0  0  0  0  0  0  0  0  0  0  0  0  0  0  0  0  0  0  0  0  0  0  0  0  0  0  0  0  0  0  0  0  0  0  0  0  0  0  0  0  0.008344999999999998
h  13  13  -0.75854  -0.652777  -0.515252  -0.389147  -0.286418  -0.222714  -0.181707  -0.163253  -0.16579  -0.164184  -0.14971  -0.12114  -0.069357  0.009889  0.108865  0.205431  0.269428  0.278939  0.228494  0.126715  -0.008257  -0.156769  0  0  0  0  0  0  0  0  0  0  0  0  0  0  0  0  0  0  0  0  0  0  0  0  0  0  0  0  0  0  0  0  0  0  0  0  0  0  0  0  0  0  0  0  0  0  0  0  0  0  0  0  0  0  0  0  0  0  0  0  0  0  0  0  0  -0.029838000000000003
