# 2019 MPG data assimilation forecast
# units of nT 
c/s d o  GUFM1  GUFM1  GUFM1  GUFM1  GUFM1  GUFM1  GUFM1  GUFM1  GUFM1  GUFM1  GUFM1  GUFM1  GUFM1  GUFM1  GUFM1  GUFM1  GUFM1  GUFM1  GUFM1  GUFM1  GUFM1  GUFM1  GUFM1  GUFM1  GUFM1  GUFM1  GUFM1  GUFM1  GUFM1  GUFM1  GUFM1  GUFM1  GUFM1  GUFM1  GUFM1  GUFM1  GUFM1  GUFM1  GUFM1  GUFM1  GUFM1  GUFM1  GUFM1  GUFM1  GUFM1  GUFM1  GUFM1  GUFM1  GUFM1  GUFM1  GUFM1  GUFM1  GUFM1  GUFM1  GUFM1  GUFM1  GUFM1  GUFM1  GUFM1  GUFM1  GUFM1  GUFM1   IGRF   IGRF   IGRF   IGRF   IGRF   IGRF   IGRF   IGRF   IGRF   DGRF   DGRF   DGRF   DGRF   DGRF   DGRF   DGRF   DGRF   DGRF   DGRF   DGRF   DGRF      DGRF      DGRF     DGRF     IGRF      SV
g/h n m 1590.0 1595.0 1600.0 1605.0 1610.0 1615.0 1620.0 1625.0 1630.0 1635.0 1640.0 1645.0 1650.0 1655.0 1660.0 1665.0 1670.0 1675.0 1680.0 1685.0 1690.0 1695.0 1700.0 1705.0 1710.0 1715.0 1720.0 1725.0 1730.0 1735.0 1740.0 1745.0 1750.0 1755.0 1760.0 1765.0 1770.0 1775.0 1780.0 1785.0 1790.0 1795.0 1800.0 1805.0 1810.0 1815.0 1820.0 1825.0 1830.0 1835.0 1840.0 1845.0 1850.0 1855.0 1860.0 1865.0 1870.0 1875.0 1880.0 1885.0 1890.0 1895.0 1900.0 1905.0 1910.0 1915.0 1920.0 1925.0 1930.0 1935.0 1940.0 1945.0 1950.0 1955.0 1960.0 1965.0 1970.0 1975.0 1980.0 1985.0 1990.0 1995.0 2000.0    2005.0    2010.0   2015.0   2020.0 2020-25
g  1  0  -29441.987569  -29404.701368  -29355.355111  -29286.587878  -29213.500612  -29141.579112  -29073.115536  -28998.779709  -28912.091001  -28816.021913  -28713.309906  -28609.7502  -28506.487177  -28399.924659  -28285.929261  -28165.654058  -28041.828653  -27916.97978  -27792.121563  -27669.382291  -27552.116128  -27442.991501  0  0  0  0  0  0  0  0  0  0  0  0  0  0  0  0  0  0  0  0  0  0  0  0  0  0  0  0  0  0  0  0  0  0  0  0  0  0  0  0  0  0  0  0  0  0  0  0  0  0  0  0  0  0  0  0  0  0  0  0  0  0  0  0  0  21.09159499999805
g  1  1  -1501.679008  -1451.136958  -1423.093256  -1380.790086  -1323.094699  -1262.725691  -1204.513149  -1146.792556  -1085.627303  -1027.768712  -978.571033  -942.280301  -920.925517  -909.820866  -901.27488  -889.158313  -873.002357  -853.027604  -829.613049  -802.479176  -772.824386  -742.580906  0  0  0  0  0  0  0  0  0  0  0  0  0  0  0  0  0  0  0  0  0  0  0  0  0  0  0  0  0  0  0  0  0  0  0  0  0  0  0  0  0  0  0  0  0  0  0  0  0  0  0  0  0  0  0  0  0  0  0  0  0  0  0  0  0  5.989788999999973
h  1  1  4796.699167  4653.659981  4535.747689  4443.862115  4376.444079  4328.729364  4301.019744  4281.687904  4258.10756  4224.26636  4181.578097  4130.386464  4074.711496  4021.571657  3974.071835  3930.101253  3885.190871  3836.452275  3781.771715  3720.727864  3654.098041  3583.114546  0  0  0  0  0  0  0  0  0  0  0  0  0  0  0  0  0  0  0  0  0  0  0  0  0  0  0  0  0  0  0  0  0  0  0  0  0  0  0  0  0  0  0  0  0  0  0  0  0  0  0  0  0  0  0  0  0  0  0  0  0  0  0  0  0  -14.490050000000338
g  2  0  -2446.703851  -2499.583993  -2550.208453  -2605.769878  -2662.258151  -2721.392692  -2780.846418  -2841.04741  -2901.651402  -2964.265296  -3028.422419  -3088.057394  -3140.889549  -3186.529579  -3227.805443  -3267.370617  -3304.605057  -3338.996628  -3369.359435  -3393.834943  -3410.285144  -3417.805724  0  0  0  0  0  0  0  0  0  0  0  0  0  0  0  0  0  0  0  0  0  0  0  0  0  0  0  0  0  0  0  0  0  0  0  0  0  0  0  0  0  0  0  0  0  0  0  0  0  0  0  0  0  0  0  0  0  0  0  0  0  0  0  0  0  -0.7387639999997191
g  2  1  3012.259008  2982.802013  2959.498792  2935.468251  2904.287475  2874.865716  2854.075444  2839.593946  2829.039835  2817.958088  2808.103971  2800.240997  2796.757232  2797.491478  2802.848378  2811.223958  2819.34096  2825.119788  2828.233321  2828.719521  2826.682168  2822.307043  0  0  0  0  0  0  0  0  0  0  0  0  0  0  0  0  0  0  0  0  0  0  0  0  0  0  0  0  0  0  0  0  0  0  0  0  0  0  0  0  0  0  0  0  0  0  0  0  0  0  0  0  0  0  0  0  0  0  0  0  0  0  0  0  0  -1.0223430000000917
h  2  1  -2845.29014  -2991.30046  -3120.546831  -3231.432895  -3346.343175  -3474.755207  -3613.535651  -3746.073592  -3869.527635  -3984.91076  -4098.177044  -4211.638186  -4325.535571  -4438.534577  -4547.073775  -4650.747198  -4750.425785  -4847.04454  -4941.776326  -5035.173163  -5127.962594  -5221.15259  0  0  0  0  0  0  0  0  0  0  0  0  0  0  0  0  0  0  0  0  0  0  0  0  0  0  0  0  0  0  0  0  0  0  0  0  0  0  0  0  0  0  0  0  0  0  0  0  0  0  0  0  0  0  0  0  0  0  0  0  0  0  0  0  0  -18.66357599999992
g  2  2  1675.844578  1676.639319  1648.635466  1615.164182  1584.228964  1554.922779  1531.272063  1513.041145  1502.240319  1496.84595  1491.599759  1481.007948  1463.968015  1441.982076  1415.870857  1386.596627  1354.588773  1320.007273  1283.532475  1244.791752  1202.380499  1156.935952  0  0  0  0  0  0  0  0  0  0  0  0  0  0  0  0  0  0  0  0  0  0  0  0  0  0  0  0  0  0  0  0  0  0  0  0  0  0  0  0  0  0  0  0  0  0  0  0  0  0  0  0  0  0  0  0  0  0  0  0  0  0  0  0  0  -9.292506000000003
h  2  2  -642.059671  -733.972  -803.842453  -844.211127  -875.588759  -899.064214  -919.383086  -942.736507  -967.094695  -1001.002622  -1048.71754  -1112.919807  -1187.504982  -1263.782489  -1335.773205  -1403.661331  -1471.131941  -1540.064911  -1611.188243  -1683.410335  -1754.659746  -1823.62255  0  0  0  0  0  0  0  0  0  0  0  0  0  0  0  0  0  0  0  0  0  0  0  0  0  0  0  0  0  0  0  0  0  0  0  0  0  0  0  0  0  0  0  0  0  0  0  0  0  0  0  0  0  0  0  0  0  0  0  0  0  0  0  0  0  -13.618836000000101
g  3  0  1350.594526  1364.278534  1375.649353  1394.971725  1424.775413  1466.150533  1512.857449  1563.4194  1618.003052  1674.144764  1730.506001  1784.614041  1834.000241  1877.730899  1917.450469  1953.970195  1986.403334  2014.797551  2039.95918  2061.989767  2080.552396  2095.762181  0  0  0  0  0  0  0  0  0  0  0  0  0  0  0  0  0  0  0  0  0  0  0  0  0  0  0  0  0  0  0  0  0  0  0  0  0  0  0  0  0  0  0  0  0  0  0  0  0  0  0  0  0  0  0  0  0  0  0  0  0  0  0  0  0  2.7800750000001244
g  3  1  -2352.698276  -2380.776976  -2415.070167  -2453.962832  -2487.615429  -2515.873682  -2538.593535  -2553.538629  -2562.65532  -2569.914426  -2577.95747  -2582.196746  -2580.256994  -2573.664596  -2563.569421  -2548.217573  -2524.859816  -2491.418382  -2447.684715  -2394.641788  -2333.530039  -2266.074606  0  0  0  0  0  0  0  0  0  0  0  0  0  0  0  0  0  0  0  0  0  0  0  0  0  0  0  0  0  0  0  0  0  0  0  0  0  0  0  0  0  0  0  0  0  0  0  0  0  0  0  0  0  0  0  0  0  0  0  0  0  0  0  0  0  13.929532999999992
h  3  1  -115.33872  -81.536575  -54.348237  -32.600824  0.859584  39.570323  85.134943  133.120846  174.835591  207.423718  234.15232  256.797277  277.391981  300.141852  325.83871  353.18765  381.165984  409.050032  437.718277  468.76488  502.307438  537.267436  0  0  0  0  0  0  0  0  0  0  0  0  0  0  0  0  0  0  0  0  0  0  0  0  0  0  0  0  0  0  0  0  0  0  0  0  0  0  0  0  0  0  0  0  0  0  0  0  0  0  0  0  0  0  0  0  0  0  0  0  0  0  0  0  0  7.058992999999987
g  3  2  1226.180768  1235.831584  1250.210914  1255.840373  1256.844442  1262.561849  1269.531743  1273.559097  1273.983035  1271.947234  1270.816432  1274.295129  1284.818423  1298.713403  1311.750424  1322.1076  1330.480363  1337.731609  1345.004234  1353.206258  1363.07417  1375.037607  0  0  0  0  0  0  0  0  0  0  0  0  0  0  0  0  0  0  0  0  0  0  0  0  0  0  0  0  0  0  0  0  0  0  0  0  0  0  0  0  0  0  0  0  0  0  0  0  0  0  0  0  0  0  0  0  0  0  0  0  0  0  0  0  0  2.5688800000000356
h  3  2  244.687567  242.636813  240.370725  234.627822  218.490318  199.868371  184.319745  176.890245  173.120924  168.139201  161.829819  156.529202  150.225557  141.746052  133.211599  127.380944  125.290185  127.031408  132.323057  140.700134  150.9211  161.828262  0  0  0  0  0  0  0  0  0  0  0  0  0  0  0  0  0  0  0  0  0  0  0  0  0  0  0  0  0  0  0  0  0  0  0  0  0  0  0  0  0  0  0  0  0  0  0  0  0  0  0  0  0  0  0  0  0  0  0  0  0  0  0  0  0  2.2148959999999818
g  3  3  581.650756  525.658626  458.870931  389.047332  328.851622  278.798412  236.159515  199.394984  167.027962  141.620657  120.284202  99.47496  76.478927  50.257294  20.578682  -13.662374  -52.193688  -93.622632  -136.751032  -182.221563  -232.283519  -288.625347  0  0  0  0  0  0  0  0  0  0  0  0  0  0  0  0  0  0  0  0  0  0  0  0  0  0  0  0  0  0  0  0  0  0  0  0  0  0  0  0  0  0  0  0  0  0  0  0  0  0  0  0  0  0  0  0  0  0  0  0  0  0  0  0  0  -11.828772999999956
h  3  3  -538.300295  -543.042884  -538.811574  -531.70927  -523.8772  -518.643357  -512.029733  -510.067283  -512.302975  -520.538793  -536.644123  -560.486372  -590.425106  -623.638078  -658.960337  -696.181797  -734.378554  -773.207378  -812.600315  -851.801715  -889.432988  -923.788663  0  0  0  0  0  0  0  0  0  0  0  0  0  0  0  0  0  0  0  0  0  0  0  0  0  0  0  0  0  0  0  0  0  0  0  0  0  0  0  0  0  0  0  0  0  0  0  0  0  0  0  0  0  0  0  0  0  0  0  0  0  0  0  0  0  -6.547818000000007
g  4  0  907.541608  903.485614  896.369626  896.272016  899.374126  905.327805  910.651118  915.230116  920.143339  926.945596  936.748827  947.571672  957.262091  966.229794  974.507849  982.230308  989.861593  997.214654  1003.890611  1009.824813  1015.377182  1021.061777  0  0  0  0  0  0  0  0  0  0  0  0  0  0  0  0  0  0  0  0  0  0  0  0  0  0  0  0  0  0  0  0  0  0  0  0  0  0  0  0  0  0  0  0  0  0  0  0  0  0  0  0  0  0  0  0  0  0  0  0  0  0  0  0  0  1.160237000000052
g  4  1  813.490773  809.694844  803.308608  797.386772  791.501575  784.299531  774.64494  764.55998  755.601316  749.831493  748.490246  747.720365  744.209703  736.114709  722.666656  704.131508  680.178905  651.598531  620.178948  587.448633  554.181425  521.214103  0  0  0  0  0  0  0  0  0  0  0  0  0  0  0  0  0  0  0  0  0  0  0  0  0  0  0  0  0  0  0  0  0  0  0  0  0  0  0  0  0  0  0  0  0  0  0  0  0  0  0  0  0  0  0  0  0  0  0  0  0  0  0  0  0  -6.52514199999996
h  4  1  283.849576  281.77301  267.127296  249.004853  225.941168  197.339154  166.429952  132.515785  97.448577  62.621057  27.443732  -8.743623  -45.848783  -82.792271  -118.161882  -151.528149  -182.558699  -211.059048  -235.740017  -255.324219  -269.474062  -278.747472  0  0  0  0  0  0  0  0  0  0  0  0  0  0  0  0  0  0  0  0  0  0  0  0  0  0  0  0  0  0  0  0  0  0  0  0  0  0  0  0  0  0  0  0  0  0  0  0  0  0  0  0  0  0  0  0  0  0  0  0  0  0  0  0  0  -1.5015860000000316
g  4  2  120.433534  85.8473  64.059218  48.92765  37.175628  25.167054  12.307737  -0.213037  -12.298761  -24.358762  -35.499571  -45.431102  -54.738672  -64.513331  -74.61318  -83.436253  -89.409602  -90.943078  -87.504966  -79.702997  -68.247753  -53.953937  0  0  0  0  0  0  0  0  0  0  0  0  0  0  0  0  0  0  0  0  0  0  0  0  0  0  0  0  0  0  0  0  0  0  0  0  0  0  0  0  0  0  0  0  0  0  0  0  0  0  0  0  0  0  0  0  0  0  0  0  0  0  0  0  0  3.0294799999999995
h  4  2  -188.47289  -158.441362  -123.19585  -88.876221  -56.889569  -26.706545  1.692039  30.978939  59.617409  88.122883  114.003033  135.945694  156.078996  175.785643  195.206581  213.369257  229.521688  244.09323  257.913738  271.035342  283.107461  293.980538  0  0  0  0  0  0  0  0  0  0  0  0  0  0  0  0  0  0  0  0  0  0  0  0  0  0  0  0  0  0  0  0  0  0  0  0  0  0  0  0  0  0  0  0  0  0  0  0  0  0  0  0  0  0  0  0  0  0  0  0  0  0  0  0  0  2.095345000000009
g  4  3  -334.812101  -309.214838  -282.151871  -256.960409  -229.761894  -205.954868  -186.852596  -172.333672  -160.549539  -149.406897  -136.209422  -118.578916  -95.98205  -69.553361  -40.549941  -10.572673  19.798588  50.448341  81.2429  111.930601  142.067754  171.381802  0  0  0  0  0  0  0  0  0  0  0  0  0  0  0  0  0  0  0  0  0  0  0  0  0  0  0  0  0  0  0  0  0  0  0  0  0  0  0  0  0  0  0  0  0  0  0  0  0  0  0  0  0  0  0  0  0  0  0  0  0  0  0  0  0  5.800153999999992
h  4  3  180.94435  199.729896  215.321393  222.476503  222.870022  227.708104  235.863368  246.33408  258.14011  271.026081  285.530002  302.735419  322.260466  342.535277  362.074257  380.803062  398.785954  415.218314  429.232285  440.329933  447.874725  451.881681  0  0  0  0  0  0  0  0  0  0  0  0  0  0  0  0  0  0  0  0  0  0  0  0  0  0  0  0  0  0  0  0  0  0  0  0  0  0  0  0  0  0  0  0  0  0  0  0  0  0  0  0  0  0  0  0  0  0  0  0  0  0  0  0  0  0.5536250000000109
g  4  4  70.422654  48.074288  24.716541  -0.293953  -20.477793  -36.86504  -53.118269  -65.397484  -72.722335  -75.560617  -74.816692  -74.542598  -76.150029  -79.098933  -82.537821  -86.558463  -91.206259  -96.465544  -102.048301  -108.348808  -116.840756  -128.806186  0  0  0  0  0  0  0  0  0  0  0  0  0  0  0  0  0  0  0  0  0  0  0  0  0  0  0  0  0  0  0  0  0  0  0  0  0  0  0  0  0  0  0  0  0  0  0  0  0  0  0  0  0  0  0  0  0  0  0  0  0  0  0  0  0  -2.723753000000002
h  4  4  -329.217537  -349.401672  -360.457444  -364.134531  -362.88086  -356.896151  -349.033754  -342.707755  -340.775154  -342.431582  -349.225357  -361.224854  -376.982987  -394.616452  -412.788585  -431.412793  -450.198524  -468.21194  -484.32045  -498.356282  -510.363209  -519.951274  0  0  0  0  0  0  0  0  0  0  0  0  0  0  0  0  0  0  0  0  0  0  0  0  0  0  0  0  0  0  0  0  0  0  0  0  0  0  0  0  0  0  0  0  0  0  0  0  0  0  0  0  0  0  0  0  0  0  0  0  0  0  0  0  0  -1.6845610000000306
g  5  0  -232.822451  -234.179057  -234.900362  -229.334712  -218.895857  -204.994631  -189.486707  -173.380575  -157.355726  -142.517905  -127.242817  -110.034632  -90.206837  -69.474576  -49.184966  -30.555126  -14.892181  -2.5328  7.381757  15.622245  23.091335  30.61332  0  0  0  0  0  0  0  0  0  0  0  0  0  0  0  0  0  0  0  0  0  0  0  0  0  0  0  0  0  0  0  0  0  0  0  0  0  0  0  0  0  0  0  0  0  0  0  0  0  0  0  0  0  0  0  0  0  0  0  0  0  0  0  0  0  1.5310680000000012
g  5  1  359.935034  363.508467  360.516227  353.840758  344.337902  337.748557  334.782282  333.225009  331.553133  327.852135  321.701101  315.11081  310.671526  309.452952  310.955491  314.768658  321.163774  329.607055  339.070014  348.556387  357.455351  365.672463  0  0  0  0  0  0  0  0  0  0  0  0  0  0  0  0  0  0  0  0  0  0  0  0  0  0  0  0  0  0  0  0  0  0  0  0  0  0  0  0  0  0  0  0  0  0  0  0  0  0  0  0  0  0  0  0  0  0  0  0  0  0  0  0  0  1.5933279999999854
h  5  1  46.94777  47.160695  41.343344  34.156143  29.743893  32.117452  38.112385  43.784563  46.432541  45.875815  44.140046  41.914137  39.627918  36.89263  33.231942  28.794612  23.083687  15.491787  6.690671  -2.388735  -11.099408  -18.770755  0  0  0  0  0  0  0  0  0  0  0  0  0  0  0  0  0  0  0  0  0  0  0  0  0  0  0  0  0  0  0  0  0  0  0  0  0  0  0  0  0  0  0  0  0  0  0  0  0  0  0  0  0  0  0  0  0  0  0  0  0  0  0  0  0  -1.4214690000000019
g  5  2  192.600665  187.650005  187.089666  187.947967  191.707121  199.853681  209.985033  221.769085  234.47735  248.24455  263.110122  277.41735  290.293321  300.362608  306.569474  308.63847  306.99359  302.963063  297.513383  291.209526  284.632588  278.563116  0  0  0  0  0  0  0  0  0  0  0  0  0  0  0  0  0  0  0  0  0  0  0  0  0  0  0  0  0  0  0  0  0  0  0  0  0  0  0  0  0  0  0  0  0  0  0  0  0  0  0  0  0  0  0  0  0  0  0  0  0  0  0  0  0  -1.141820999999993
h  5  2  197.164213  208.531135  223.07266  238.706708  252.845554  263.614058  270.648205  273.399714  272.865249  268.885555  261.691404  253.050783  243.683973  232.741659  220.077614  207.088235  195.068106  184.96656  177.60592  173.224822  171.524484  172.082878  0  0  0  0  0  0  0  0  0  0  0  0  0  0  0  0  0  0  0  0  0  0  0  0  0  0  0  0  0  0  0  0  0  0  0  0  0  0  0  0  0  0  0  0  0  0  0  0  0  0  0  0  0  0  0  0  0  0  0  0  0  0  0  0  0  0.2721699999999885
g  5  3  -140.64102  -140.730061  -140.018885  -139.90836  -141.989062  -142.249928  -140.738916  -138.165814  -133.966596  -128.395595  -120.981822  -111.398851  -100.269598  -87.918023  -74.88208  -62.259637  -50.701996  -40.567214  -32.388179  -26.434687  -22.561347  -20.563233  0  0  0  0  0  0  0  0  0  0  0  0  0  0  0  0  0  0  0  0  0  0  0  0  0  0  0  0  0  0  0  0  0  0  0  0  0  0  0  0  0  0  0  0  0  0  0  0  0  0  0  0  0  0  0  0  0  0  0  0  0  0  0  0  0  0.2507559999999991
h  5  3  -119.077843  -120.874445  -120.855767  -118.696326  -112.413455  -104.245544  -93.755187  -80.029742  -64.369907  -47.641209  -30.593484  -14.861529  -0.846413  11.366692  21.084664  28.408888  34.285905  39.180793  43.219121  46.339197  49.085289  52.115217  0  0  0  0  0  0  0  0  0  0  0  0  0  0  0  0  0  0  0  0  0  0  0  0  0  0  0  0  0  0  0  0  0  0  0  0  0  0  0  0  0  0  0  0  0  0  0  0  0  0  0  0  0  0  0  0  0  0  0  0  0  0  0  0  0  0.6421630000000036
g  5  4  -157.490601  -151.662125  -140.335707  -124.055125  -104.155377  -88.176843  -76.308057  -68.630061  -64.839909  -63.745833  -63.957014  -63.512869  -61.531736  -57.92465  -52.667008  -46.008482  -38.403324  -30.465546  -22.439271  -14.599303  -7.5283  -1.861085  0  0  0  0  0  0  0  0  0  0  0  0  0  0  0  0  0  0  0  0  0  0  0  0  0  0  0  0  0  0  0  0  0  0  0  0  0  0  0  0  0  0  0  0  0  0  0  0  0  0  0  0  0  0  0  0  0  0  0  0  0  0  0  0  0  0.9990190000000001
h  5  4  15.877005  32.389171  47.587719  60.149035  69.985481  75.749083  76.523602  75.588911  74.477796  75.492998  81.044485  91.594268  106.027643  123.304353  142.150615  161.211968  179.543101  196.693092  212.512538  226.739733  238.758252  248.316012  0  0  0  0  0  0  0  0  0  0  0  0  0  0  0  0  0  0  0  0  0  0  0  0  0  0  0  0  0  0  0  0  0  0  0  0  0  0  0  0  0  0  0  0  0  0  0  0  0  0  0  0  0  0  0  0  0  0  0  0  0  0  0  0  0  1.7178150000000016
g  5  5  4.409003  14.219703  26.772649  40.772968  59.122021  80.081198  101.01759  122.884132  145.862472  169.155542  191.045613  208.879166  221.338678  228.219222  229.80383  226.583685  219.479846  209.488058  197.181786  182.689827  165.70125  146.231019  0  0  0  0  0  0  0  0  0  0  0  0  0  0  0  0  0  0  0  0  0  0  0  0  0  0  0  0  0  0  0  0  0  0  0  0  0  0  0  0  0  0  0  0  0  0  0  0  0  0  0  0  0  0  0  0  0  0  0  0  0  0  0  0  0  -4.075348999999989
h  5  5  100.329273  99.173247  102.58204  105.484452  108.657029  112.71095  115.768297  116.990531  115.417662  109.782413  99.300893  83.980871  64.937766  44.756711  25.858029  9.253102  -4.506545  -15.053437  -22.182908  -26.122216  -27.425534  -26.717617  0  0  0  0  0  0  0  0  0  0  0  0  0  0  0  0  0  0  0  0  0  0  0  0  0  0  0  0  0  0  0  0  0  0  0  0  0  0  0  0  0  0  0  0  0  0  0  0  0  0  0  0  0  0  0  0  0  0  0  0  0  0  0  0  0  0.2758839999999978
g  6  0  69.610529  65.918627  60.837382  56.570688  53.369494  49.011754  45.742294  43.150497  41.843118  42.41177  44.319973  46.515934  47.82889  48.795346  49.761063  50.786148  52.124515  54.130918  56.64337  59.365084  62.205983  65.185759  0  0  0  0  0  0  0  0  0  0  0  0  0  0  0  0  0  0  0  0  0  0  0  0  0  0  0  0  0  0  0  0  0  0  0  0  0  0  0  0  0  0  0  0  0  0  0  0  0  0  0  0  0  0  0  0  0  0  0  0  0  0  0  0  0  0.6005290000000088
g  6  1  67.472618  65.564223  63.67601  59.681453  55.140898  49.936341  42.567583  33.278663  23.544221  14.285293  7.039061  3.054709  1.932042  2.328163  3.523231  5.366374  7.345289  8.910836  10.012289  10.985754  12.126966  13.417201  0  0  0  0  0  0  0  0  0  0  0  0  0  0  0  0  0  0  0  0  0  0  0  0  0  0  0  0  0  0  0  0  0  0  0  0  0  0  0  0  0  0  0  0  0  0  0  0  0  0  0  0  0  0  0  0  0  0  0  0  0  0  0  0  0  0.26105900000000126
h  6  1  -20.780813  -19.053075  -22.972219  -31.280368  -41.830554  -52.80518  -63.642928  -73.42256  -81.687372  -87.665704  -91.237496  -93.239648  -94.840408  -96.214315  -97.14051  -97.604437  -97.51439  -96.681956  -94.720004  -91.460646  -86.838722  -80.804206  0  0  0  0  0  0  0  0  0  0  0  0  0  0  0  0  0  0  0  0  0  0  0  0  0  0  0  0  0  0  0  0  0  0  0  0  0  0  0  0  0  0  0  0  0  0  0  0  0  0  0  0  0  0  0  0  0  0  0  0  0  0  0  0  0  1.3145520000000062
g  6  2  72.768017  73.007084  68.657032  65.290719  62.089157  59.244329  57.309799  55.416707  53.128796  49.89612  45.747098  41.745794  38.260926  35.320429  33.2383  31.509853  29.687436  27.699596  25.213917  22.017322  18.049908  13.216329  0  0  0  0  0  0  0  0  0  0  0  0  0  0  0  0  0  0  0  0  0  0  0  0  0  0  0  0  0  0  0  0  0  0  0  0  0  0  0  0  0  0  0  0  0  0  0  0  0  0  0  0  0  0  0  0  0  0  0  0  0  0  0  0  0  -1.0377379999999992
h  6  2  33.559934  25.212362  18.866227  11.557607  3.003449  -4.321543  -11.817911  -18.45141  -23.82771  -28.984244  -33.810014  -38.24733  -41.78037  -44.242064  -46.169437  -48.232265  -50.797928  -53.389082  -55.478353  -57.005064  -58.22017  -59.208066  0  0  0  0  0  0  0  0  0  0  0  0  0  0  0  0  0  0  0  0  0  0  0  0  0  0  0  0  0  0  0  0  0  0  0  0  0  0  0  0  0  0  0  0  0  0  0  0  0  0  0  0  0  0  0  0  0  0  0  0  0  0  0  0  0  -0.17425000000000068
g  6  3  -129.826289  -121.539175  -112.485533  -103.692764  -95.228034  -85.103976  -72.905907  -58.922204  -44.180781  -29.53503  -16.509382  -6.694308  -0.444709  3.521255  6.445842  9.042158  11.885144  15.277909  18.79262  21.780654  23.600485  23.801172  0  0  0  0  0  0  0  0  0  0  0  0  0  0  0  0  0  0  0  0  0  0  0  0  0  0  0  0  0  0  0  0  0  0  0  0  0  0  0  0  0  0  0  0  0  0  0  0  0  0  0  0  0  0  0  0  0  0  0  0  0  0  0  0  0  -0.09780999999999906
h  6  3  58.785455  52.81537  50.487008  48.814556  47.59305  46.730007  44.936476  41.296773  36.078833  29.672471  22.852578  16.775463  12.264117  9.56139  9.094507  10.994979  15.033299  20.752609  27.551897  34.830322  42.100485  49.021725  0  0  0  0  0  0  0  0  0  0  0  0  0  0  0  0  0  0  0  0  0  0  0  0  0  0  0  0  0  0  0  0  0  0  0  0  0  0  0  0  0  0  0  0  0  0  0  0  0  0  0  0  0  0  0  0  0  0  0  0  0  0  0  0  0  1.3435290000000037
g  6  4  -28.776892  -36.063848  -44.119485  -54.319305  -65.502288  -76.435416  -84.955852  -91.678415  -95.401342  -96.920704  -97.043405  -96.223246  -95.335157  -94.435745  -93.213401  -91.517467  -89.470117  -87.211075  -84.872828  -82.3885  -79.66848  -76.705875  0  0  0  0  0  0  0  0  0  0  0  0  0  0  0  0  0  0  0  0  0  0  0  0  0  0  0  0  0  0  0  0  0  0  0  0  0  0  0  0  0  0  0  0  0  0  0  0  0  0  0  0  0  0  0  0  0  0  0  0  0  0  0  0  0  0.6087589999999921
h  6  4  -66.723251  -64.293796  -60.917717  -54.796641  -48.535387  -41.376826  -34.45988  -27.764265  -20.867639  -14.338911  -7.759979  -1.365513  5.444935  13.176285  21.234854  28.830905  35.872138  42.700789  49.713408  56.681933  63.116578  68.47483  0  0  0  0  0  0  0  0  0  0  0  0  0  0  0  0  0  0  0  0  0  0  0  0  0  0  0  0  0  0  0  0  0  0  0  0  0  0  0  0  0  0  0  0  0  0  0  0  0  0  0  0  0  0  0  0  0  0  0  0  0  0  0  0  0  0.9577489999999926
g  6  5  13.022441  13.371774  13.816046  17.75597  23.008002  28.286167  32.693147  34.420755  33.372238  29.914691  25.120857  20.240546  15.557203  10.691668  5.508824  0.465814  -4.126781  -8.364083  -12.165389  -15.47648  -18.517143  -21.705373  0  0  0  0  0  0  0  0  0  0  0  0  0  0  0  0  0  0  0  0  0  0  0  0  0  0  0  0  0  0  0  0  0  0  0  0  0  0  0  0  0  0  0  0  0  0  0  0  0  0  0  0  0  0  0  0  0  0  0  0  0  0  0  0  0  -0.6678940000000004
h  6  5  7.614066  8.58809  8.422581  7.50021  5.255921  0.745489  -6.632401  -15.232634  -24.077464  -31.793093  -38.283763  -43.498585  -48.278772  -53.060437  -57.699879  -62.414312  -67.873358  -74.402354  -81.862011  -90.104311  -99.303972  -109.546812  0  0  0  0  0  0  0  0  0  0  0  0  0  0  0  0  0  0  0  0  0  0  0  0  0  0  0  0  0  0  0  0  0  0  0  0  0  0  0  0  0  0  0  0  0  0  0  0  0  0  0  0  0  0  0  0  0  0  0  0  0  0  0  0  0  -2.1213649999999973
g  6  6  -70.763047  -64.66568  -60.461437  -56.991045  -53.178796  -48.214338  -41.742671  -33.824446  -24.152249  -12.945028  -1.199168  9.212217  17.278396  22.210109  23.389954  20.939663  15.395283  7.520348  -1.791008  -11.890988  -22.437773  -33.074336  0  0  0  0  0  0  0  0  0  0  0  0  0  0  0  0  0  0  0  0  0  0  0  0  0  0  0  0  0  0  0  0  0  0  0  0  0  0  0  0  0  0  0  0  0  0  0  0  0  0  0  0  0  0  0  0  0  0  0  0  0  0  0  0  0  -2.120039000000002
h  6  6  62.696956  67.913644  73.939236  80.17137  86.618598  93.219241  98.043377  100.001868  98.920831  94.074628  84.973987  72.314469  57.63436  42.168962  27.016027  12.940627  0.540832  -9.691158  -17.553033  -23.172166  -26.690955  -28.166474  0  0  0  0  0  0  0  0  0  0  0  0  0  0  0  0  0  0  0  0  0  0  0  0  0  0  0  0  0  0  0  0  0  0  0  0  0  0  0  0  0  0  0  0  0  0  0  0  0  0  0  0  0  0  0  0  0  0  0  0  0  0  0  0  0  -0.12869399999999942
g  7  0  81.246042  80.694988  80.860685  82.346712  83.915978  85.275758  86.555732  87.357719  87.25819  86.147562  84.026267  81.184076  78.265565  74.984923  70.953898  65.6676  58.908355  51.155638  43.158506  35.278899  27.626605  20.185575  0  0  0  0  0  0  0  0  0  0  0  0  0  0  0  0  0  0  0  0  0  0  0  0  0  0  0  0  0  0  0  0  0  0  0  0  0  0  0  0  0  0  0  0  0  0  0  0  0  0  0  0  0  0  0  0  0  0  0  0  0  0  0  0  0  -1.4707180000000015
g  7  1  -75.78947  -76.284151  -77.087027  -80.301733  -83.75707  -86.903755  -88.437495  -88.576492  -88.075066  -86.848029  -85.663545  -85.376968  -85.619994  -85.32256  -83.814343  -80.911098  -76.520404  -70.866603  -64.637472  -58.594439  -53.297693  -48.877904  0  0  0  0  0  0  0  0  0  0  0  0  0  0  0  0  0  0  0  0  0  0  0  0  0  0  0  0  0  0  0  0  0  0  0  0  0  0  0  0  0  0  0  0  0  0  0  0  0  0  0  0  0  0  0  0  0  0  0  0  0  0  0  0  0  0.8138099999999966
h  7  1  -54.114467  -51.426552  -49.884099  -48.855331  -47.280006  -44.517779  -40.384159  -36.632554  -33.829354  -31.807015  -30.173947  -28.2124  -25.354731  -21.763441  -17.936933  -14.346994  -11.18811  -8.463797  -6.113703  -4.078721  -2.240518  -0.483438  0  0  0  0  0  0  0  0  0  0  0  0  0  0  0  0  0  0  0  0  0  0  0  0  0  0  0  0  0  0  0  0  0  0  0  0  0  0  0  0  0  0  0  0  0  0  0  0  0  0  0  0  0  0  0  0  0  0  0  0  0  0  0  0  0  0.351034
g  7  2  -6.579835  -8.221764  -7.041233  -5.453177  -3.018148  -0.320699  2.303828  4.975622  7.652559  9.994129  12.196138  14.662951  17.357094  19.77254  21.737485  23.013048  23.565573  23.560816  22.929248  21.640309  19.73839  17.313865  0  0  0  0  0  0  0  0  0  0  0  0  0  0  0  0  0  0  0  0  0  0  0  0  0  0  0  0  0  0  0  0  0  0  0  0  0  0  0  0  0  0  0  0  0  0  0  0  0  0  0  0  0  0  0  0  0  0  0  0  0  0  0  0  0  -0.5205170000000017
h  7  2  -19.580658  -16.674524  -14.477472  -13.246737  -12.018162  -10.547354  -9.74722  -9.581101  -9.697818  -10.368356  -11.748325  -13.71358  -15.806117  -17.785607  -19.675351  -21.39706  -22.939713  -24.427874  -26.043546  -27.926679  -30.192644  -32.963557  0  0  0  0  0  0  0  0  0  0  0  0  0  0  0  0  0  0  0  0  0  0  0  0  0  0  0  0  0  0  0  0  0  0  0  0  0  0  0  0  0  0  0  0  0  0  0  0  0  0  0  0  0  0  0  0  0  0  0  0  0  0  0  0  0  -0.5991720000000029
g  7  3  51.896256  56.527752  59.515269  61.972113  63.579532  64.539742  65.173561  65.494587  65.430713  64.929991  64.171492  63.793581  63.992143  64.313034  64.412731  63.735033  61.941671  58.673553  53.693799  47.208845  39.61739  31.123479  0  0  0  0  0  0  0  0  0  0  0  0  0  0  0  0  0  0  0  0  0  0  0  0  0  0  0  0  0  0  0  0  0  0  0  0  0  0  0  0  0  0  0  0  0  0  0  0  0  0  0  0  0  0  0  0  0  0  0  0  0  0  0  0  0  -1.768182999999997
h  7  3  5.058038  2.538234  1.362873  -0.968318  -4.927473  -8.636437  -11.787876  -13.582863  -13.391398  -11.564509  -8.36125  -4.16134  0.075711  3.648537  6.384829  8.268827  9.451277  10.088187  10.265423  10.246362  10.349728  10.766012  0  0  0  0  0  0  0  0  0  0  0  0  0  0  0  0  0  0  0  0  0  0  0  0  0  0  0  0  0  0  0  0  0  0  0  0  0  0  0  0  0  0  0  0  0  0  0  0  0  0  0  0  0  0  0  0  0  0  0  0  0  0  0  0  0  0.10946799999999968
g  7  4  15.057942  15.772653  17.664413  18.176682  19.460404  20.51884  21.711745  22.934065  23.687027  23.644913  22.734874  20.906471  18.549542  16.29802  14.44857  13.144673  12.432  12.078849  11.844583  11.524102  10.986185  10.385322  0  0  0  0  0  0  0  0  0  0  0  0  0  0  0  0  0  0  0  0  0  0  0  0  0  0  0  0  0  0  0  0  0  0  0  0  0  0  0  0  0  0  0  0  0  0  0  0  0  0  0  0  0  0  0  0  0  0  0  0  0  0  0  0  0  -0.10881200000000035
h  7  4  24.497718  23.71305  23.948037  24.646331  25.055353  24.468236  23.440287  22.184101  20.519904  18.428415  16.433895  15.198532  14.846379  15.342465  16.517949  17.996482  19.677923  21.48645  23.001711  23.790778  23.695426  22.761031  0  0  0  0  0  0  0  0  0  0  0  0  0  0  0  0  0  0  0  0  0  0  0  0  0  0  0  0  0  0  0  0  0  0  0  0  0  0  0  0  0  0  0  0  0  0  0  0  0  0  0  0  0  0  0  0  0  0  0  0  0  0  0  0  0  -0.24567200000000255
g  7  5  9.605436  6.106408  2.282217  -0.92799  -3.255458  -5.645107  -7.665  -8.988866  -10.066393  -10.545737  -10.765067  -11.603424  -13.382605  -16.10272  -19.581401  -23.243665  -26.746843  -29.875451  -32.445952  -34.369848  -35.524633  -35.886839  0  0  0  0  0  0  0  0  0  0  0  0  0  0  0  0  0  0  0  0  0  0  0  0  0  0  0  0  0  0  0  0  0  0  0  0  0  0  0  0  0  0  0  0  0  0  0  0  0  0  0  0  0  0  0  0  0  0  0  0  0  0  0  0  0  -0.015033999999999992
h  7  5  3.504098  -2.151957  -6.235595  -9.580872  -13.154827  -16.261471  -17.903711  -19.145337  -20.099411  -21.072355  -22.464725  -24.387661  -26.474706  -28.319034  -29.388863  -29.405124  -28.537298  -27.129483  -25.61657  -24.397154  -23.5947  -23.23127  0  0  0  0  0  0  0  0  0  0  0  0  0  0  0  0  0  0  0  0  0  0  0  0  0  0  0  0  0  0  0  0  0  0  0  0  0  0  0  0  0  0  0  0  0  0  0  0  0  0  0  0  0  0  0  0  0  0  0  0  0  0  0  0  0  0.03926099999999977
g  7  6  -2.93554  -7.417166  -11.567239  -15.22961  -18.990994  -22.509303  -26.101823  -29.840042  -33.764689  -37.815204  -41.180022  -43.027264  -43.297666  -42.696701  -41.97858  -41.374925  -40.797538  -40.182176  -39.549168  -39.006472  -38.724965  -38.922869  0  0  0  0  0  0  0  0  0  0  0  0  0  0  0  0  0  0  0  0  0  0  0  0  0  0  0  0  0  0  0  0  0  0  0  0  0  0  0  0  0  0  0  0  0  0  0  0  0  0  0  0  0  0  0  0  0  0  0  0  0  0  0  0  0  -0.08953799999999745
h  7  6  -27.472258  -27.1095  -27.156834  -27.596339  -27.069347  -26.250736  -25.638469  -25.001591  -24.065219  -22.607008  -20.531867  -17.968211  -15.511719  -13.629053  -12.647892  -12.607276  -13.390303  -14.761347  -16.457951  -18.317197  -20.339533  -22.456298  0  0  0  0  0  0  0  0  0  0  0  0  0  0  0  0  0  0  0  0  0  0  0  0  0  0  0  0  0  0  0  0  0  0  0  0  0  0  0  0  0  0  0  0  0  0  0  0  0  0  0  0  0  0  0  0  0  0  0  0  0  0  0  0  0  -0.41992400000000174
g  7  7  6.442858  9.53903  11.371882  12.750825  14.830822  17.685399  21.017984  24.616754  28.263569  31.493955  33.801331  34.306314  32.475454  28.608297  23.273426  16.93795  10.036282  2.977859  -3.949276  -10.534662  -16.670125  -22.327725  0  0  0  0  0  0  0  0  0  0  0  0  0  0  0  0  0  0  0  0  0  0  0  0  0  0  0  0  0  0  0  0  0  0  0  0  0  0  0  0  0  0  0  0  0  0  0  0  0  0  0  0  0  0  0  0  0  0  0  0  0  0  0  0  0  -1.0953550000000014
h  7  7  -2.414413  -2.122843  -0.938913  0.220525  1.780911  3.311695  3.919456  3.151889  0.995195  -2.619366  -7.915609  -14.61003  -21.717131  -28.359505  -34.056248  -38.492972  -41.409197  -42.731938  -42.435968  -40.744014  -38.039737  -34.539694  0  0  0  0  0  0  0  0  0  0  0  0  0  0  0  0  0  0  0  0  0  0  0  0  0  0  0  0  0  0  0  0  0  0  0  0  0  0  0  0  0  0  0  0  0  0  0  0  0  0  0  0  0  0  0  0  0  0  0  0  0  0  0  0  0  0.7615940000000023
g  8  0  23.952997  23.734643  24.811795  26.362217  27.599248  27.794774  27.328395  26.741784  26.05149  25.465544  24.835284  24.245656  23.779085  23.588552  23.741705  24.402071  25.753281  27.665241  29.699033  31.510544  32.944969  33.903017  0  0  0  0  0  0  0  0  0  0  0  0  0  0  0  0  0  0  0  0  0  0  0  0  0  0  0  0  0  0  0  0  0  0  0  0  0  0  0  0  0  0  0  0  0  0  0  0  0  0  0  0  0  0  0  0  0  0  0  0  0  0  0  0  0  0.1490269999999967
g  8  1  8.913676  9.907529  12.438781  15.545229  18.96023  21.939714  23.745411  24.445636  24.177382  22.947711  20.975632  19.010806  17.152619  14.912013  11.937979  8.286731  4.15379  -0.187032  -4.367858  -8.067624  -11.120079  -13.587693  0  0  0  0  0  0  0  0  0  0  0  0  0  0  0  0  0  0  0  0  0  0  0  0  0  0  0  0  0  0  0  0  0  0  0  0  0  0  0  0  0  0  0  0  0  0  0  0  0  0  0  0  0  0  0  0  0  0  0  0  0  0  0  0  0  -0.45113800000000026
h  8  1  10.347889  8.059825  6.748332  5.275689  2.908515  -0.420578  -4.498493  -8.530665  -11.67949  -13.864342  -15.116456  -15.513571  -15.579636  -15.559383  -15.486689  -15.543906  -15.760201  -15.944023  -15.956537  -15.836533  -15.587446  -15.169054  0  0  0  0  0  0  0  0  0  0  0  0  0  0  0  0  0  0  0  0  0  0  0  0  0  0  0  0  0  0  0  0  0  0  0  0  0  0  0  0  0  0  0  0  0  0  0  0  0  0  0  0  0  0  0  0  0  0  0  0  0  0  0  0  0  0.09759100000000132
g  8  2  -16.762744  -17.462276  -19.23367  -21.128622  -22.674268  -23.732674  -24.319213  -24.575832  -24.875472  -25.033237  -25.220242  -25.843625  -26.840445  -27.718029  -28.008454  -27.675158  -26.873055  -25.818087  -24.853481  -24.268015  -24.193915  -24.588206  0  0  0  0  0  0  0  0  0  0  0  0  0  0  0  0  0  0  0  0  0  0  0  0  0  0  0  0  0  0  0  0  0  0  0  0  0  0  0  0  0  0  0  0  0  0  0  0  0  0  0  0  0  0  0  0  0  0  0  0  0  0  0  0  0  -0.10978599999999972
h  8  2  -18.238076  -15.654412  -15.527523  -16.400801  -17.732452  -19.162765  -20.263822  -21.187266  -21.545064  -21.535318  -21.241885  -20.356781  -18.642695  -16.173452  -13.270437  -10.346445  -7.563243  -4.859102  -2.263243  0.110267  2.184427  3.955285  0  0  0  0  0  0  0  0  0  0  0  0  0  0  0  0  0  0  0  0  0  0  0  0  0  0  0  0  0  0  0  0  0  0  0  0  0  0  0  0  0  0  0  0  0  0  0  0  0  0  0  0  0  0  0  0  0  0  0  0  0  0  0  0  0  0.332592
g  8  3  -3.130672  -0.765657  1.476334  4.172765  6.102611  6.937054  7.494773  8.483499  9.859843  11.818864  14.14904  16.113748  17.158178  17.356869  17.164875  17.182181  17.720896  18.783257  20.280792  22.081968  24.020736  26.011065  0  0  0  0  0  0  0  0  0  0  0  0  0  0  0  0  0  0  0  0  0  0  0  0  0  0  0  0  0  0  0  0  0  0  0  0  0  0  0  0  0  0  0  0  0  0  0  0  0  0  0  0  0  0  0  0  0  0  0  0  0  0  0  0  0  0.39817399999999736
h  8  3  13.063466  12.933482  13.177327  12.750809  11.950226  10.93751  9.813361  8.385928  6.674503  4.658671  2.307746  -0.125761  -2.045458  -3.069331  -2.975834  -2.003573  -0.693722  0.534952  1.330467  1.499691  1.019807  -0.081495  0  0  0  0  0  0  0  0  0  0  0  0  0  0  0  0  0  0  0  0  0  0  0  0  0  0  0  0  0  0  0  0  0  0  0  0  0  0  0  0  0  0  0  0  0  0  0  0  0  0  0  0  0  0  0  0  0  0  0  0  0  0  0  0  0  -0.268027
g  8  4  -20.904092  -21.055183  -22.916506  -24.003518  -24.630137  -25.351942  -26.132427  -27.10445  -28.417938  -29.994664  -31.886789  -33.571586  -34.923403  -36.222916  -37.755409  -39.47676  -41.246284  -43.009912  -44.579958  -45.693792  -46.18965  -46.053983  0  0  0  0  0  0  0  0  0  0  0  0  0  0  0  0  0  0  0  0  0  0  0  0  0  0  0  0  0  0  0  0  0  0  0  0  0  0  0  0  0  0  0  0  0  0  0  0  0  0  0  0  0  0  0  0  0  0  0  0  0  0  0  0  0  0.07717499999999688
h  8  4  -14.600741  -11.911355  -10.036182  -7.872173  -5.456679  -2.888325  -0.257105  2.212385  4.744752  7.333289  9.782697  11.966336  13.610301  14.728525  15.416859  15.743511  15.722723  15.402913  14.982419  14.651316  14.43682  14.303215  0  0  0  0  0  0  0  0  0  0  0  0  0  0  0  0  0  0  0  0  0  0  0  0  0  0  0  0  0  0  0  0  0  0  0  0  0  0  0  0  0  0  0  0  0  0  0  0  0  0  0  0  0  0  0  0  0  0  0  0  0  0  0  0  0  -0.024039999999999395
g  8  5  13.379722  15.304875  16.143349  17.14935  18.110646  18.799271  19.664522  20.543519  21.471567  22.49954  23.312843  23.592365  23.230923  22.208839  20.535884  18.280581  15.509213  12.262901  8.852814  5.662253  2.889797  0.606559  0  0  0  0  0  0  0  0  0  0  0  0  0  0  0  0  0  0  0  0  0  0  0  0  0  0  0  0  0  0  0  0  0  0  0  0  0  0  0  0  0  0  0  0  0  0  0  0  0  0  0  0  0  0  0  0  0  0  0  0  0  0  0  0  0  -0.41471800000000003
h  8  5  16.331895  14.858694  12.131754  8.828539  5.169038  1.740273  -1.610918  -5.331171  -9.460227  -13.72873  -17.866094  -21.517279  -24.601324  -27.21171  -29.23499  -30.436008  -30.765747  -30.368172  -29.401508  -28.024806  -26.38415  -24.591805  0  0  0  0  0  0  0  0  0  0  0  0  0  0  0  0  0  0  0  0  0  0  0  0  0  0  0  0  0  0  0  0  0  0  0  0  0  0  0  0  0  0  0  0  0  0  0  0  0  0  0  0  0  0  0  0  0  0  0  0  0  0  0  0  0  0.36808699999999916
g  8  6  11.383182  13.552067  13.584647  13.113359  12.267467  11.012278  9.377378  7.62089  5.894745  4.424202  3.197181  2.067914  1.182416  0.647825  0.292627  0.012359  -0.229417  -0.30126  0.018443  0.758323  1.905276  3.458941  0  0  0  0  0  0  0  0  0  0  0  0  0  0  0  0  0  0  0  0  0  0  0  0  0  0  0  0  0  0  0  0  0  0  0  0  0  0  0  0  0  0  0  0  0  0  0  0  0  0  0  0  0  0  0  0  0  0  0  0  0  0  0  0  0  0.33957899999999963
h  8  6  5.506529  3.382825  2.018876  1.011838  0.278537  0.337726  1.404499  3.019437  4.937055  6.991383  8.961583  10.688665  12.361033  13.947232  15.326247  16.465874  17.347847  17.941271  18.115796  17.83265  17.288068  16.632219  0  0  0  0  0  0  0  0  0  0  0  0  0  0  0  0  0  0  0  0  0  0  0  0  0  0  0  0  0  0  0  0  0  0  0  0  0  0  0  0  0  0  0  0  0  0  0  0  0  0  0  0  0  0  0  0  0  0  0  0  0  0  0  0  0  -0.137397
g  8  7  -15.808458  -16.531121  -17.25017  -18.196213  -18.699085  -19.178875  -20.020341  -20.901423  -21.723639  -22.583054  -23.133668  -22.973022  -22.187101  -20.986793  -19.418348  -17.555438  -15.538791  -13.538165  -11.690608  -10.05474  -8.68915  -7.704536  0  0  0  0  0  0  0  0  0  0  0  0  0  0  0  0  0  0  0  0  0  0  0  0  0  0  0  0  0  0  0  0  0  0  0  0  0  0  0  0  0  0  0  0  0  0  0  0  0  0  0  0  0  0  0  0  0  0  0  0  0  0  0  0  0  0.15978899999999996
h  8  7  -9.052937  -7.085884  -6.129059  -5.79103  -5.468589  -4.921063  -4.303735  -3.65408  -2.86588  -1.803008  -0.226431  1.758629  3.740768  5.37829  6.407086  6.758078  6.584031  6.219048  5.927497  5.724408  5.454571  5.021508  0  0  0  0  0  0  0  0  0  0  0  0  0  0  0  0  0  0  0  0  0  0  0  0  0  0  0  0  0  0  0  0  0  0  0  0  0  0  0  0  0  0  0  0  0  0  0  0  0  0  0  0  0  0  0  0  0  0  0  0  0  0  0  0  0  -0.10096099999999986
g  8  8  -2.02879  -0.363214  1.599634  3.466784  5.635432  8.25131  10.663503  12.558856  14.069793  15.009351  15.099199  14.075458  11.85485  8.591994  4.599336  0.163017  -4.494713  -9.192843  -13.81023  -18.238913  -22.365847  -26.076365  0  0  0  0  0  0  0  0  0  0  0  0  0  0  0  0  0  0  0  0  0  0  0  0  0  0  0  0  0  0  0  0  0  0  0  0  0  0  0  0  0  0  0  0  0  0  0  0  0  0  0  0  0  0  0  0  0  0  0  0  0  0  0  0  0  -0.7029609999999984
h  8  8  2.034319  2.979923  2.413981  1.191365  -0.48715  -2.660517  -5.428232  -8.997467  -13.233075  -18.111057  -23.610383  -29.332606  -34.730683  -39.241226  -42.511513  -44.402129  -44.910779  -44.154551  -42.350192  -39.872527  -37.139272  -34.472221  0  0  0  0  0  0  0  0  0  0  0  0  0  0  0  0  0  0  0  0  0  0  0  0  0  0  0  0  0  0  0  0  0  0  0  0  0  0  0  0  0  0  0  0  0  0  0  0  0  0  0  0  0  0  0  0  0  0  0  0  0  0  0  0  0  0.5173690000000022
g  9  0  5.190482  5.083911  5.144768  4.629716  3.825683  3.300479  3.131214  2.937232  2.634857  2.265784  1.85552  1.223981  0.297201  -0.92665  -2.32527  -3.811947  -5.338411  -6.754317  -7.869087  -8.596984  -8.977048  -9.046739  0  0  0  0  0  0  0  0  0  0  0  0  0  0  0  0  0  0  0  0  0  0  0  0  0  0  0  0  0  0  0  0  0  0  0  0  0  0  0  0  0  0  0  0  0  0  0  0  0  0  0  0  0  0  0  0  0  0  0  0  0  0  0  0  0  0.010104000000000113
g  9  1  8.766761  8.500825  9.553896  9.883547  9.612406  9.147492  8.836455  8.995495  9.596267  10.634261  12.090702  13.695831  15.255736  16.756585  18.266908  19.801667  21.328509  22.729576  23.827502  24.499783  24.736463  24.634509  0  0  0  0  0  0  0  0  0  0  0  0  0  0  0  0  0  0  0  0  0  0  0  0  0  0  0  0  0  0  0  0  0  0  0  0  0  0  0  0  0  0  0  0  0  0  0  0  0  0  0  0  0  0  0  0  0  0  0  0  0  0  0  0  0  -0.04238399999999842
h  9  1  -21.422647  -23.248618  -23.804564  -23.70389  -22.973585  -21.391087  -19.326034  -17.081352  -14.880086  -12.81022  -10.748988  -8.574912  -6.069627  -3.309604  -0.526382  2.047828  4.264932  6.069362  7.346116  8.032251  8.217321  8.029618  0  0  0  0  0  0  0  0  0  0  0  0  0  0  0  0  0  0  0  0  0  0  0  0  0  0  0  0  0  0  0  0  0  0  0  0  0  0  0  0  0  0  0  0  0  0  0  0  0  0  0  0  0  0  0  0  0  0  0  0  0  0  0  0  0  -0.061836000000001334
g  9  2  3.072662  3.049658  3.747983  4.750735  6.206243  7.838719  9.32799  10.622298  11.285435  11.162065  10.384433  9.379856  8.34032  7.104611  5.65968  4.128992  2.773562  1.777062  1.139429  0.834039  0.798075  0.910064  0  0  0  0  0  0  0  0  0  0  0  0  0  0  0  0  0  0  0  0  0  0  0  0  0  0  0  0  0  0  0  0  0  0  0  0  0  0  0  0  0  0  0  0  0  0  0  0  0  0  0  0  0  0  0  0  0  0  0  0  0  0  0  0  0  0.02884999999999993
h  9  2  10.602425  10.794391  10.456854  9.952868  9.37518  8.485988  7.185694  5.718887  4.208159  2.537931  0.90906  -0.504656  -1.627608  -2.488251  -3.086693  -3.362984  -3.323479  -3.047611  -2.586887  -2.010644  -1.421095  -0.892066  0  0  0  0  0  0  0  0  0  0  0  0  0  0  0  0  0  0  0  0  0  0  0  0  0  0  0  0  0  0  0  0  0  0  0  0  0  0  0  0  0  0  0  0  0  0  0  0  0  0  0  0  0  0  0  0  0  0  0  0  0  0  0  0  0  0.09955999999999998
g  9  3  -3.327531  -1.367258  -0.24196  0.530765  1.241105  1.792498  2.164436  2.354718  2.273152  2.186405  2.071511  1.814685  1.520263  1.208857  0.752194  -0.032668  -1.30373  -3.12179  -5.347915  -7.741662  -10.022044  -11.995823  0  0  0  0  0  0  0  0  0  0  0  0  0  0  0  0  0  0  0  0  0  0  0  0  0  0  0  0  0  0  0  0  0  0  0  0  0  0  0  0  0  0  0  0  0  0  0  0  0  0  0  0  0  0  0  0  0  0  0  0  0  0  0  0  0  -0.36567799999999906
h  9  3  12.098469  10.028104  9.240712  8.605824  7.94722  7.316088  6.701416  6.05289  5.458696  5.078062  4.957408  5.238896  5.741712  6.065561  6.127807  6.036848  5.963463  6.014851  6.12836  6.26036  6.385107  6.440437  0  0  0  0  0  0  0  0  0  0  0  0  0  0  0  0  0  0  0  0  0  0  0  0  0  0  0  0  0  0  0  0  0  0  0  0  0  0  0  0  0  0  0  0  0  0  0  0  0  0  0  0  0  0  0  0  0  0  0  0  0  0  0  0  0  0.004465999999999859
g  9  4  0.754514  -1.109244  -0.734131  -0.150565  0.426381  0.989168  1.250686  1.34491  1.161741  0.776519  0.31588  -0.135637  -0.527877  -0.787434  -0.9237  -0.916644  -0.750897  -0.450117  -0.029707  0.407463  0.78633  1.153686  0  0  0  0  0  0  0  0  0  0  0  0  0  0  0  0  0  0  0  0  0  0  0  0  0  0  0  0  0  0  0  0  0  0  0  0  0  0  0  0  0  0  0  0  0  0  0  0  0  0  0  0  0  0  0  0  0  0  0  0  0  0  0  0  0  0.07546800000000009
h  9  4  -7.058736  -4.998636  -3.945945  -2.984264  -2.444821  -2.447317  -2.532166  -2.315335  -1.711849  -0.863466  0.047434  1.00517  2.110674  3.40743  4.79893  6.043295  6.997251  7.541577  7.617658  7.284993  6.679609  5.927179  0  0  0  0  0  0  0  0  0  0  0  0  0  0  0  0  0  0  0  0  0  0  0  0  0  0  0  0  0  0  0  0  0  0  0  0  0  0  0  0  0  0  0  0  0  0  0  0  0  0  0  0  0  0  0  0  0  0  0  0  0  0  0  0  0  -0.15789900000000046
g  9  5  -13.45363  -13.053976  -13.401217  -13.450458  -12.980639  -12.462142  -12.135427  -11.610015  -11.058792  -10.44991  -9.411361  -7.937503  -6.211482  -4.354049  -2.532681  -0.777447  0.970097  2.706646  4.408532  6.033532  7.528556  8.811336  0  0  0  0  0  0  0  0  0  0  0  0  0  0  0  0  0  0  0  0  0  0  0  0  0  0  0  0  0  0  0  0  0  0  0  0  0  0  0  0  0  0  0  0  0  0  0  0  0  0  0  0  0  0  0  0  0  0  0  0  0  0  0  0  0  0.23610299999999995
h  9  5  -7.093432  -6.005757  -6.441325  -6.721754  -6.809946  -7.020239  -6.992512  -6.878224  -6.85776  -6.724848  -6.620079  -6.811286  -7.258633  -7.925384  -8.807215  -9.762973  -10.749873  -11.805554  -12.835677  -13.761774  -14.618573  -15.438014  0  0  0  0  0  0  0  0  0  0  0  0  0  0  0  0  0  0  0  0  0  0  0  0  0  0  0  0  0  0  0  0  0  0  0  0  0  0  0  0  0  0  0  0  0  0  0  0  0  0  0  0  0  0  0  0  0  0  0  0  0  0  0  0  0  -0.16092700000000093
g  9  6  -0.009097  1.195817  1.856894  2.28587  2.622326  2.944974  3.0457  2.89549  2.636776  2.321081  1.777761  1.019495  0.157812  -0.788253  -1.90346  -3.276266  -4.858621  -6.485567  -7.99977  -9.267058  -10.203755  -10.785679  0  0  0  0  0  0  0  0  0  0  0  0  0  0  0  0  0  0  0  0  0  0  0  0  0  0  0  0  0  0  0  0  0  0  0  0  0  0  0  0  0  0  0  0  0  0  0  0  0  0  0  0  0  0  0  0  0  0  0  0  0  0  0  0  0  -0.08866800000000019
h  9  6  7.7358  7.948093  7.905606  7.210793  6.222161  5.062135  3.668466  2.078252  0.504521  -0.967919  -2.370408  -3.542236  -4.567094  -5.605343  -6.582626  -7.317077  -7.695324  -7.703135  -7.36538  -6.708319  -5.800189  -4.74967  0  0  0  0  0  0  0  0  0  0  0  0  0  0  0  0  0  0  0  0  0  0  0  0  0  0  0  0  0  0  0  0  0  0  0  0  0  0  0  0  0  0  0  0  0  0  0  0  0  0  0  0  0  0  0  0  0  0  0  0  0  0  0  0  0  0.2165189999999999
g  9  7  8.39088  8.608432  6.902494  4.345585  1.684166  -0.915791  -3.419036  -5.509196  -7.026425  -8.191311  -9.109961  -9.845993  -10.511007  -11.024181  -11.290966  -11.446769  -11.611366  -11.73073  -11.703455  -11.488478  -11.101815  -10.621988  0  0  0  0  0  0  0  0  0  0  0  0  0  0  0  0  0  0  0  0  0  0  0  0  0  0  0  0  0  0  0  0  0  0  0  0  0  0  0  0  0  0  0  0  0  0  0  0  0  0  0  0  0  0  0  0  0  0  0  0  0  0  0  0  0  0.0978589999999997
h  9  7  0.958824  0.27609  -1.352178  -2.816133  -3.55331  -3.818116  -3.659373  -3.023689  -2.2353  -1.373038  -0.509691  0.100737  0.505615  0.789664  0.814813  0.503571  -0.00408  -0.53098  -0.963804  -1.235782  -1.30012  -1.168036  0  0  0  0  0  0  0  0  0  0  0  0  0  0  0  0  0  0  0  0  0  0  0  0  0  0  0  0  0  0  0  0  0  0  0  0  0  0  0  0  0  0  0  0  0  0  0  0  0  0  0  0  0  0  0  0  0  0  0  0  0  0  0  0  0  0.039544000000000024
g  9  8  -8.980208  -9.192754  -8.323866  -7.066114  -5.55686  -4.005956  -2.821607  -1.963855  -1.355018  -0.861008  -0.322935  0.424064  1.340044  2.300825  3.248674  4.146865  4.867837  5.215429  5.074793  4.485669  3.542248  2.333571  0  0  0  0  0  0  0  0  0  0  0  0  0  0  0  0  0  0  0  0  0  0  0  0  0  0  0  0  0  0  0  0  0  0  0  0  0  0  0  0  0  0  0  0  0  0  0  0  0  0  0  0  0  0  0  0  0  0  0  0  0  0  0  0  0  -0.258416
h  9  8  -4.035896  -1.477425  -0.076703  1.014183  1.575491  1.499386  0.7869  -0.07955  -0.95507  -1.727373  -2.241081  -2.587247  -2.931579  -3.311533  -3.69732  -4.117141  -4.618889  -5.161227  -5.661043  -6.1076  -6.540464  -6.948556  0  0  0  0  0  0  0  0  0  0  0  0  0  0  0  0  0  0  0  0  0  0  0  0  0  0  0  0  0  0  0  0  0  0  0  0  0  0  0  0  0  0  0  0  0  0  0  0  0  0  0  0  0  0  0  0  0  0  0  0  0  0  0  0  0  -0.07691900000000018
g  9  9  -10.596473  -11.630481  -11.42766  -11.146084  -10.49147  -9.341074  -8.091406  -6.883093  -5.768889  -4.846956  -4.285018  -4.278975  -4.849941  -5.948729  -7.451727  -9.164064  -10.898311  -12.505896  -13.863007  -14.833658  -15.284708  -15.1542  0  0  0  0  0  0  0  0  0  0  0  0  0  0  0  0  0  0  0  0  0  0  0  0  0  0  0  0  0  0  0  0  0  0  0  0  0  0  0  0  0  0  0  0  0  0  0  0  0  0  0  0  0  0  0  0  0  0  0  0  0  0  0  0  0  0.07317800000000041
h  9  9  8.505802  9.753251  9.881369  9.61532  9.125973  8.393621  7.322074  5.833729  4.065034  2.104849  0.054587  -1.79075  -3.130411  -3.794059  -3.743902  -2.995811  -1.64448  0.134909  2.123226  4.109615  5.98566  7.744074  0  0  0  0  0  0  0  0  0  0  0  0  0  0  0  0  0  0  0  0  0  0  0  0  0  0  0  0  0  0  0  0  0  0  0  0  0  0  0  0  0  0  0  0  0  0  0  0  0  0  0  0  0  0  0  0  0  0  0  0  0  0  0  0  0  0.34453200000000006
g  10  0  -2.04455  -1.890924  -1.595579  -1.053748  -0.860077  -0.901147  -1.250256  -1.731335  -2.210857  -2.699097  -3.203074  -3.649449  -3.887122  -3.858266  -3.644344  -3.283983  -2.824833  -2.420938  -2.226617  -2.268775  -2.491605  -2.816664  0  0  0  0  0  0  0  0  0  0  0  0  0  0  0  0  0  0  0  0  0  0  0  0  0  0  0  0  0  0  0  0  0  0  0  0  0  0  0  0  0  0  0  0  0  0  0  0  0  0  0  0  0  0  0  0  0  0  0  0  0  0  0  0  0  -0.06919499999999967
g  10  1  -6.227843  -5.928698  -5.150148  -3.857449  -2.338933  -0.789207  0.549148  1.582416  2.362143  2.866758  3.149932  3.287939  3.316979  3.268192  3.135834  2.932885  2.639114  2.244328  1.822448  1.449137  1.14519  0.902135  0  0  0  0  0  0  0  0  0  0  0  0  0  0  0  0  0  0  0  0  0  0  0  0  0  0  0  0  0  0  0  0  0  0  0  0  0  0  0  0  0  0  0  0  0  0  0  0  0  0  0  0  0  0  0  0  0  0  0  0  0  0  0  0  0  -0.04427499999999995
h  10  1  3.227672  3.553735  4.289107  5.09257  5.731595  6.251194  6.566079  6.759912  6.934364  7.117827  7.375556  7.747596  8.09569  8.36406  8.573952  8.750072  8.89119  8.994321  9.025608  8.922731  8.650815  8.206363  0  0  0  0  0  0  0  0  0  0  0  0  0  0  0  0  0  0  0  0  0  0  0  0  0  0  0  0  0  0  0  0  0  0  0  0  0  0  0  0  0  0  0  0  0  0  0  0  0  0  0  0  0  0  0  0  0  0  0  0  0  0  0  0  0  -0.10243000000000002
g  10  2  -0.085539  -0.270194  -1.140059  -2.208275  -3.407274  -4.479659  -5.285942  -5.754931  -5.86613  -5.560212  -4.853396  -4.00834  -3.199453  -2.405472  -1.58919  -0.734373  0.063409  0.680315  1.069161  1.241843  1.235257  1.118509  0  0  0  0  0  0  0  0  0  0  0  0  0  0  0  0  0  0  0  0  0  0  0  0  0  0  0  0  0  0  0  0  0  0  0  0  0  0  0  0  0  0  0  0  0  0  0  0  0  0  0  0  0  0  0  0  0  0  0  0  0  0  0  0  0  -0.028000999999999943
h  10  2  -0.433225  -0.14941  -0.03726  -0.330746  -0.810814  -1.219871  -1.390157  -1.246509  -0.789578  -0.07771  0.691613  1.42015  2.0743  2.589554  2.934445  3.108242  3.141206  3.09115  2.982332  2.820464  2.626938  2.414806  0  0  0  0  0  0  0  0  0  0  0  0  0  0  0  0  0  0  0  0  0  0  0  0  0  0  0  0  0  0  0  0  0  0  0  0  0  0  0  0  0  0  0  0  0  0  0  0  0  0  0  0  0  0  0  0  0  0  0  0  0  0  0  0  0  -0.04423699999999986
g  10  3  0.485691  1.592167  1.959509  2.103179  2.050851  1.760065  1.350206  0.895557  0.398897  -0.122614  -0.630389  -1.073238  -1.583967  -2.213424  -2.899056  -3.408563  -3.599966  -3.502544  -3.195436  -2.72501  -2.138619  -1.494648  0  0  0  0  0  0  0  0  0  0  0  0  0  0  0  0  0  0  0  0  0  0  0  0  0  0  0  0  0  0  0  0  0  0  0  0  0  0  0  0  0  0  0  0  0  0  0  0  0  0  0  0  0  0  0  0  0  0  0  0  0  0  0  0  0  0.13071600000000005
h  10  3  4.672373  3.650652  3.601326  3.821404  4.241881  4.655537  5.131281  5.504146  5.617175  5.434566  5.040543  4.516107  4.044509  3.805745  3.905245  4.367711  5.094182  5.972993  6.879569  7.689429  8.314906  8.72478  0  0  0  0  0  0  0  0  0  0  0  0  0  0  0  0  0  0  0  0  0  0  0  0  0  0  0  0  0  0  0  0  0  0  0  0  0  0  0  0  0  0  0  0  0  0  0  0  0  0  0  0  0  0  0  0  0  0  0  0  0  0  0  0  0  0.06383900000000153
g  10  4  -0.513813  -0.926788  -0.843331  -0.819233  -0.780917  -0.778902  -0.863818  -0.957223  -1.113367  -1.443788  -1.979156  -2.704918  -3.555206  -4.461764  -5.506549  -6.633926  -7.712146  -8.6418  -9.28472  -9.538355  -9.374702  -8.848385  0  0  0  0  0  0  0  0  0  0  0  0  0  0  0  0  0  0  0  0  0  0  0  0  0  0  0  0  0  0  0  0  0  0  0  0  0  0  0  0  0  0  0  0  0  0  0  0  0  0  0  0  0  0  0  0  0  0  0  0  0  0  0  0  0  0.13036099999999884
h  10  4  4.235407  4.760515  5.274211  5.810818  6.530166  7.061816  7.416756  7.702482  7.860074  7.983903  8.045469  7.988911  7.746184  7.294399  6.747886  6.260076  5.849346  5.451114  5.059657  4.69112  4.330728  3.950395  0  0  0  0  0  0  0  0  0  0  0  0  0  0  0  0  0  0  0  0  0  0  0  0  0  0  0  0  0  0  0  0  0  0  0  0  0  0  0  0  0  0  0  0  0  0  0  0  0  0  0  0  0  0  0  0  0  0  0  0  0  0  0  0  0  -0.07833300000000021
g  10  5  1.610691  0.845412  0.26815  -0.170078  -0.499599  -0.725363  -0.918252  -0.983982  -1.021508  -1.010362  -0.903177  -0.764944  -0.605441  -0.327278  0.099934  0.599974  1.086795  1.510435  1.89022  2.245023  2.579551  2.904356  0  0  0  0  0  0  0  0  0  0  0  0  0  0  0  0  0  0  0  0  0  0  0  0  0  0  0  0  0  0  0  0  0  0  0  0  0  0  0  0  0  0  0  0  0  0  0  0  0  0  0  0  0  0  0  0  0  0  0  0  0  0  0  0  0  0.06490600000000013
h  10  5  -7.931289  -8.806163  -9.695743  -10.29771  -10.524263  -10.310908  -9.812582  -9.250137  -8.76091  -8.26834  -7.735288  -7.07405  -6.221666  -5.264665  -4.37113  -3.616809  -3.003368  -2.528946  -2.150436  -1.82934  -1.548777  -1.295234  0  0  0  0  0  0  0  0  0  0  0  0  0  0  0  0  0  0  0  0  0  0  0  0  0  0  0  0  0  0  0  0  0  0  0  0  0  0  0  0  0  0  0  0  0  0  0  0  0  0  0  0  0  0  0  0  0  0  0  0  0  0  0  0  0  0.049131999999999953
g  10  6  -0.619245  -0.708124  -0.50828  -0.41605  -0.457756  -0.583814  -0.771523  -1.013323  -1.142336  -1.111934  -0.902255  -0.498357  0.027299  0.645633  1.337523  2.104826  2.928033  3.743351  4.439466  4.915405  5.122715  5.057817  0  0  0  0  0  0  0  0  0  0  0  0  0  0  0  0  0  0  0  0  0  0  0  0  0  0  0  0  0  0  0  0  0  0  0  0  0  0  0  0  0  0  0  0  0  0  0  0  0  0  0  0  0  0  0  0  0  0  0  0  0  0  0  0  0  -0.03418200000000038
h  10  6  -0.717641  -0.190603  0.446556  1.07422  1.721974  2.425095  3.169904  3.933136  4.672308  5.358366  5.960187  6.377147  6.595802  6.676502  6.630518  6.443004  6.091227  5.570798  4.920412  4.204845  3.520877  2.945662  0  0  0  0  0  0  0  0  0  0  0  0  0  0  0  0  0  0  0  0  0  0  0  0  0  0  0  0  0  0  0  0  0  0  0  0  0  0  0  0  0  0  0  0  0  0  0  0  0  0  0  0  0  0  0  0  0  0  0  0  0  0  0  0  0  -0.10510600000000014
g  10  7  2.237703  1.955629  2.104425  1.737324  1.47705  1.46596  1.498538  1.535636  1.536706  1.422518  1.191226  0.951511  0.751038  0.617707  0.582223  0.598749  0.621209  0.651152  0.70655  0.80908  0.93462  1.050905  0  0  0  0  0  0  0  0  0  0  0  0  0  0  0  0  0  0  0  0  0  0  0  0  0  0  0  0  0  0  0  0  0  0  0  0  0  0  0  0  0  0  0  0  0  0  0  0  0  0  0  0  0  0  0  0  0  0  0  0  0  0  0  0  0  0.02252900000000002
h  10  7  -4.442479  -4.347454  -4.84967  -5.288659  -5.641782  -5.998769  -6.272523  -6.502604  -6.699493  -6.886821  -6.95583  -6.814449  -6.521596  -6.152847  -5.796699  -5.514559  -5.315639  -5.189445  -5.138674  -5.172068  -5.285248  -5.446323  0  0  0  0  0  0  0  0  0  0  0  0  0  0  0  0  0  0  0  0  0  0  0  0  0  0  0  0  0  0  0  0  0  0  0  0  0  0  0  0  0  0  0  0  0  0  0  0  0  0  0  0  0  0  0  0  0  0  0  0  0  0  0  0  0  -0.034856999999999694
g  10  8  2.600211  1.420408  0.454249  -0.438103  -1.234854  -1.850077  -2.210929  -2.285873  -2.072152  -1.680345  -1.249202  -0.890598  -0.651659  -0.533243  -0.4788  -0.43395  -0.384856  -0.315056  -0.197193  -0.02998  0.170276  0.38246  0  0  0  0  0  0  0  0  0  0  0  0  0  0  0  0  0  0  0  0  0  0  0  0  0  0  0  0  0  0  0  0  0  0  0  0  0  0  0  0  0  0  0  0  0  0  0  0  0  0  0  0  0  0  0  0  0  0  0  0  0  0  0  0  0  0.04237400000000002
h  10  8  -2.771035  -3.311184  -3.583676  -3.590237  -3.452512  -3.251061  -2.945239  -2.634544  -2.363848  -2.224045  -2.309607  -2.592951  -2.989651  -3.364851  -3.604154  -3.728667  -3.785674  -3.786786  -3.736129  -3.642752  -3.519003  -3.392537  0  0  0  0  0  0  0  0  0  0  0  0  0  0  0  0  0  0  0  0  0  0  0  0  0  0  0  0  0  0  0  0  0  0  0  0  0  0  0  0  0  0  0  0  0  0  0  0  0  0  0  0  0  0  0  0  0  0  0  0  0  0  0  0  0  0.023957000000000228
g  10  9  -1.786502  -2.494925  -2.782505  -2.849053  -2.64679  -2.262055  -1.862266  -1.550313  -1.275289  -1.002492  -0.634919  -0.082477  0.613682  1.325295  1.928178  2.394433  2.685962  2.737007  2.532561  2.128113  1.597111  0.997051  0  0  0  0  0  0  0  0  0  0  0  0  0  0  0  0  0  0  0  0  0  0  0  0  0  0  0  0  0  0  0  0  0  0  0  0  0  0  0  0  0  0  0  0  0  0  0  0  0  0  0  0  0  0  0  0  0  0  0  0  0  0  0  0  0  -0.123336
h  10  9  -1.369519  -0.164917  0.63067  1.359679  2.042808  2.472458  2.599517  2.603768  2.608909  2.666322  2.836436  3.085566  3.267072  3.273877  3.080255  2.713284  2.205388  1.617135  1.013673  0.428692  -0.120119  -0.598119  0  0  0  0  0  0  0  0  0  0  0  0  0  0  0  0  0  0  0  0  0  0  0  0  0  0  0  0  0  0  0  0  0  0  0  0  0  0  0  0  0  0  0  0  0  0  0  0  0  0  0  0  0  0  0  0  0  0  0  0  0  0  0  0  0  -0.08750799999999992
g  10  10  -3.520111  -3.738831  -3.39006  -3.162015  -3.011834  -2.788164  -2.504848  -2.170178  -1.831587  -1.5359  -1.3444  -1.362562  -1.609814  -2.035461  -2.535089  -2.994834  -3.324351  -3.470384  -3.401284  -3.098054  -2.569878  -1.862501  0  0  0  0  0  0  0  0  0  0  0  0  0  0  0  0  0  0  0  0  0  0  0  0  0  0  0  0  0  0  0  0  0  0  0  0  0  0  0  0  0  0  0  0  0  0  0  0  0  0  0  0  0  0  0  0  0  0  0  0  0  0  0  0  0  0.15267100000000022
h  10  10  -8.577405  -8.730791  -8.793092  -8.796304  -8.754767  -8.665118  -8.589318  -8.558143  -8.56228  -8.524335  -8.420611  -8.207881  -7.816671  -7.230479  -6.461135  -5.51465  -4.433401  -3.303969  -2.236192  -1.33415  -0.6372  -0.128858  0  0  0  0  0  0  0  0  0  0  0  0  0  0  0  0  0  0  0  0  0  0  0  0  0  0  0  0  0  0  0  0  0  0  0  0  0  0  0  0  0  0  0  0  0  0  0  0  0  0  0  0  0  0  0  0  0  0  0  0  0  0  0  0  0  0.088924
g  11  0  2.899008  2.847691  2.724504  2.417849  2.043278  1.735605  1.439267  1.164097  0.870994  0.59932  0.389133  0.197474  -0.093699  -0.521103  -1.002662  -1.44634  -1.792749  -2.004462  -2.064149  -1.976526  -1.797132  -1.584829  0  0  0  0  0  0  0  0  0  0  0  0  0  0  0  0  0  0  0  0  0  0  0  0  0  0  0  0  0  0  0  0  0  0  0  0  0  0  0  0  0  0  0  0  0  0  0  0  0  0  0  0  0  0  0  0  0  0  0  0  0  0  0  0  0  0.043684000000000056
g  11  1  -1.41567  -1.33161  -1.33481  -1.498795  -1.850402  -2.274585  -2.653772  -2.965978  -3.187821  -3.357821  -3.495163  -3.550643  -3.511509  -3.411042  -3.282567  -3.156801  -3.040046  -2.930724  -2.837193  -2.757594  -2.678263  -2.59859  0  0  0  0  0  0  0  0  0  0  0  0  0  0  0  0  0  0  0  0  0  0  0  0  0  0  0  0  0  0  0  0  0  0  0  0  0  0  0  0  0  0  0  0  0  0  0  0  0  0  0  0  0  0  0  0  0  0  0  0  0  0  0  0  0  0.015514999999999723
h  11  1  -0.009269  0.194868  0.41961  0.852957  1.479518  2.226347  3.003849  3.675939  4.18496  4.523094  4.745624  4.897157  5.066025  5.243619  5.409946  5.589473  5.77232  5.922388  5.989344  5.970691  5.897784  5.796245  0  0  0  0  0  0  0  0  0  0  0  0  0  0  0  0  0  0  0  0  0  0  0  0  0  0  0  0  0  0  0  0  0  0  0  0  0  0  0  0  0  0  0  0  0  0  0  0  0  0  0  0  0  0  0  0  0  0  0  0  0  0  0  0  0  -0.02211099999999977
g  11  2  -2.217133  -2.299734  -2.084399  -1.668221  -1.203496  -0.805177  -0.462978  -0.186049  0.020946  0.075969  -0.073274  -0.382853  -0.747907  -1.099892  -1.419395  -1.710508  -1.943093  -2.105966  -2.165074  -2.087554  -1.887717  -1.594534  0  0  0  0  0  0  0  0  0  0  0  0  0  0  0  0  0  0  0  0  0  0  0  0  0  0  0  0  0  0  0  0  0  0  0  0  0  0  0  0  0  0  0  0  0  0  0  0  0  0  0  0  0  0  0  0  0  0  0  0  0  0  0  0  0  0.06495800000000007
h  11  2  2.251676  2.428407  2.525648  2.493428  2.382072  2.101127  1.625331  1.078009  0.518511  0.002104  -0.397433  -0.605752  -0.628651  -0.523212  -0.328106  -0.0741  0.188311  0.392454  0.513435  0.560866  0.542263  0.46849  0  0  0  0  0  0  0  0  0  0  0  0  0  0  0  0  0  0  0  0  0  0  0  0  0  0  0  0  0  0  0  0  0  0  0  0  0  0  0  0  0  0  0  0  0  0  0  0  0  0  0  0  0  0  0  0  0  0  0  0  0  0  0  0  0  -0.018100000000000005
g  11  3  1.865051  2.407687  2.289537  1.892153  1.59881  1.36462  1.129998  0.88077  0.687561  0.58806  0.569882  0.535429  0.501816  0.54181  0.622301  0.647851  0.569367  0.406352  0.224809  0.070399  -0.035685  -0.09077  0  0  0  0  0  0  0  0  0  0  0  0  0  0  0  0  0  0  0  0  0  0  0  0  0  0  0  0  0  0  0  0  0  0  0  0  0  0  0  0  0  0  0  0  0  0  0  0  0  0  0  0  0  0  0  0  0  0  0  0  0  0  0  0  0  -0.0074800000000000005
h  11  3  -0.572958  -0.406028  -0.261474  -0.11619  0.001263  0.078395  0.118038  0.118558  0.074426  0.018721  -0.048992  -0.124663  -0.209458  -0.400847  -0.751921  -1.189594  -1.598808  -1.923684  -2.153697  -2.287002  -2.343323  -2.355407  0  0  0  0  0  0  0  0  0  0  0  0  0  0  0  0  0  0  0  0  0  0  0  0  0  0  0  0  0  0  0  0  0  0  0  0  0  0  0  0  0  0  0  0  0  0  0  0  0  0  0  0  0  0  0  0  0  0  0  0  0  0  0  0  0  0.00024399999999991095
g  11  4  -0.731357  -0.665165  -0.394831  -0.139451  0.101225  0.2736  0.307414  0.239243  0.089889  -0.106321  -0.281316  -0.385404  -0.446274  -0.508603  -0.591957  -0.685667  -0.802289  -0.949663  -1.123401  -1.321154  -1.522912  -1.699789  0  0  0  0  0  0  0  0  0  0  0  0  0  0  0  0  0  0  0  0  0  0  0  0  0  0  0  0  0  0  0  0  0  0  0  0  0  0  0  0  0  0  0  0  0  0  0  0  0  0  0  0  0  0  0  0  0  0  0  0  0  0  0  0  0  -0.03207800000000005
h  11  4  -1.236891  -0.444837  0.15212  0.71327  1.210779  1.599443  1.948941  2.273949  2.575359  2.856154  3.085443  3.254875  3.392179  3.540033  3.689842  3.791732  3.817474  3.758569  3.62842  3.457139  3.295035  3.180184  0  0  0  0  0  0  0  0  0  0  0  0  0  0  0  0  0  0  0  0  0  0  0  0  0  0  0  0  0  0  0  0  0  0  0  0  0  0  0  0  0  0  0  0  0  0  0  0  0  0  0  0  0  0  0  0  0  0  0  0  0  0  0  0  0  -0.01878499999999983
g  11  5  0.457283  0.266391  0.271133  0.233784  0.261819  0.355314  0.376477  0.317242  0.185259  -0.071134  -0.420845  -0.805865  -1.174384  -1.477297  -1.697993  -1.846158  -1.876293  -1.738296  -1.445458  -1.046662  -0.59091  -0.132557  0  0  0  0  0  0  0  0  0  0  0  0  0  0  0  0  0  0  0  0  0  0  0  0  0  0  0  0  0  0  0  0  0  0  0  0  0  0  0  0  0  0  0  0  0  0  0  0  0  0  0  0  0  0  0  0  0  0  0  0  0  0  0  0  0  0.089668
h  11  5  0.523488  0.517298  0.051788  -0.362317  -0.754251  -1.243933  -1.768446  -2.224963  -2.655472  -3.00513  -3.221758  -3.377471  -3.521527  -3.636712  -3.723417  -3.749624  -3.708539  -3.636705  -3.555804  -3.471286  -3.390697  -3.301213  0  0  0  0  0  0  0  0  0  0  0  0  0  0  0  0  0  0  0  0  0  0  0  0  0  0  0  0  0  0  0  0  0  0  0  0  0  0  0  0  0  0  0  0  0  0  0  0  0  0  0  0  0  0  0  0  0  0  0  0  0  0  0  0  0  0.02024999999999988
g  11  6  -0.937119  -0.508996  -0.451294  -0.406807  -0.386395  -0.280579  -0.082403  0.062837  0.173323  0.271362  0.319232  0.250031  0.04756  -0.254744  -0.603688  -0.975742  -1.33125  -1.631165  -1.8945  -2.151979  -2.417014  -2.690416  0  0  0  0  0  0  0  0  0  0  0  0  0  0  0  0  0  0  0  0  0  0  0  0  0  0  0  0  0  0  0  0  0  0  0  0  0  0  0  0  0  0  0  0  0  0  0  0  0  0  0  0  0  0  0  0  0  0  0  0  0  0  0  0  0  -0.055308000000000135
h  11  6  0.032865  0.012754  0.590115  1.076094  1.455288  1.742499  1.941076  2.03339  2.034698  1.955906  1.78258  1.577639  1.382959  1.192246  0.998726  0.812755  0.662684  0.577444  0.589241  0.716849  0.940268  1.203348  0  0  0  0  0  0  0  0  0  0  0  0  0  0  0  0  0  0  0  0  0  0  0  0  0  0  0  0  0  0  0  0  0  0  0  0  0  0  0  0  0  0  0  0  0  0  0  0  0  0  0  0  0  0  0  0  0  0  0  0  0  0  0  0  0  0.05309000000000008
g  11  7  0.142154  0.004361  -0.091544  -0.322748  -0.526439  -0.641962  -0.731873  -0.782564  -0.7597  -0.703521  -0.613361  -0.47171  -0.329943  -0.218717  -0.110272  -0.011869  0.029962  -0.022903  -0.189176  -0.451282  -0.760485  -1.066143  0  0  0  0  0  0  0  0  0  0  0  0  0  0  0  0  0  0  0  0  0  0  0  0  0  0  0  0  0  0  0  0  0  0  0  0  0  0  0  0  0  0  0  0  0  0  0  0  0  0  0  0  0  0  0  0  0  0  0  0  0  0  0  0  0  -0.0588010000000001
h  11  7  -2.044515  -1.590958  -1.355016  -1.203474  -1.019233  -0.780182  -0.488423  -0.098416  0.33842  0.760002  1.17035  1.502472  1.744433  1.948896  2.090485  2.115333  2.028276  1.869139  1.663768  1.433188  1.205485  0.993082  0  0  0  0  0  0  0  0  0  0  0  0  0  0  0  0  0  0  0  0  0  0  0  0  0  0  0  0  0  0  0  0  0  0  0  0  0  0  0  0  0  0  0  0  0  0  0  0  0  0  0  0  0  0  0  0  0  0  0  0  0  0  0  0  0  -0.04140300000000008
g  11  8  1.868176  1.488883  1.369245  1.230446  1.195454  1.253992  1.369771  1.504533  1.590867  1.57822  1.445324  1.236124  0.966109  0.617907  0.222313  -0.179102  -0.572562  -0.947442  -1.27371  -1.513814  -1.661556  -1.731847  0  0  0  0  0  0  0  0  0  0  0  0  0  0  0  0  0  0  0  0  0  0  0  0  0  0  0  0  0  0  0  0  0  0  0  0  0  0  0  0  0  0  0  0  0  0  0  0  0  0  0  0  0  0  0  0  0  0  0  0  0  0  0  0  0  -0.007938999999999918
h  11  8  -1.590863  -1.554904  -1.582483  -1.498178  -1.422387  -1.414377  -1.461359  -1.552336  -1.707055  -1.898722  -2.038875  -2.090903  -2.111259  -2.113314  -2.054183  -1.936752  -1.797961  -1.651858  -1.49594  -1.32021  -1.130571  -0.926048  0  0  0  0  0  0  0  0  0  0  0  0  0  0  0  0  0  0  0  0  0  0  0  0  0  0  0  0  0  0  0  0  0  0  0  0  0  0  0  0  0  0  0  0  0  0  0  0  0  0  0  0  0  0  0  0  0  0  0  0  0  0  0  0  0  0.042730000000000046
g  11  9  -0.289642  -0.654152  -0.873024  -1.042691  -1.212862  -1.336513  -1.323758  -1.149485  -0.852574  -0.415489  0.104683  0.604461  1.067024  1.473311  1.775604  1.973911  2.103954  2.195242  2.254577  2.277578  2.270406  2.243408  0  0  0  0  0  0  0  0  0  0  0  0  0  0  0  0  0  0  0  0  0  0  0  0  0  0  0  0  0  0  0  0  0  0  0  0  0  0  0  0  0  0  0  0  0  0  0  0  0  0  0  0  0  0  0  0  0  0  0  0  0  0  0  0  0  -0.006511999999999851
h  11  9  -2.358012  -2.687819  -2.679542  -2.613723  -2.468171  -2.194307  -1.784662  -1.303341  -0.791491  -0.341459  -0.070338  0.015739  -0.031098  -0.19911  -0.46784  -0.8014  -1.164215  -1.522553  -1.859994  -2.164397  -2.431992  -2.665704  0  0  0  0  0  0  0  0  0  0  0  0  0  0  0  0  0  0  0  0  0  0  0  0  0  0  0  0  0  0  0  0  0  0  0  0  0  0  0  0  0  0  0  0  0  0  0  0  0  0  0  0  0  0  0  0  0  0  0  0  0  0  0  0  0  -0.0441309999999997
g  11  10  0.638069  0.388391  0.20832  -0.005978  -0.225526  -0.390294  -0.513984  -0.587948  -0.605059  -0.56797  -0.457928  -0.240091  0.07263  0.44406  0.827044  1.16861  1.409377  1.51452  1.501871  1.427603  1.335749  1.229119  0  0  0  0  0  0  0  0  0  0  0  0  0  0  0  0  0  0  0  0  0  0  0  0  0  0  0  0  0  0  0  0  0  0  0  0  0  0  0  0  0  0  0  0  0  0  0  0  0  0  0  0  0  0  0  0  0  0  0  0  0  0  0  0  0  -0.023636999999999908
h  11  10  -2.107784  -2.068149  -2.242485  -2.432343  -2.474201  -2.415285  -2.28483  -2.073425  -1.828514  -1.550193  -1.203666  -0.838436  -0.529097  -0.341462  -0.308753  -0.412684  -0.613383  -0.862506  -1.11513  -1.349637  -1.564132  -1.75611  0  0  0  0  0  0  0  0  0  0  0  0  0  0  0  0  0  0  0  0  0  0  0  0  0  0  0  0  0  0  0  0  0  0  0  0  0  0  0  0  0  0  0  0  0  0  0  0  0  0  0  0  0  0  0  0  0  0  0  0  0  0  0  0  0  -0.036011000000000015
g  11  11  3.472246  3.037164  2.901046  2.743996  2.521565  2.303545  2.095703  1.890094  1.67407  1.447706  1.187008  0.832932  0.382808  -0.120508  -0.609058  -1.016344  -1.299286  -1.44383  -1.44832  -1.329235  -1.121022  -0.872815  0  0  0  0  0  0  0  0  0  0  0  0  0  0  0  0  0  0  0  0  0  0  0  0  0  0  0  0  0  0  0  0  0  0  0  0  0  0  0  0  0  0  0  0  0  0  0  0  0  0  0  0  0  0  0  0  0  0  0  0  0  0  0  0  0  0.050045000000000006
h  11  11  -2.104933  -2.319876  -2.274014  -2.317542  -2.379666  -2.380435  -2.255322  -2.001682  -1.662669  -1.294231  -0.943861  -0.618004  -0.301505  0.030141  0.41068  0.859849  1.35077  1.831709  2.250882  2.56887  2.784771  2.904552  0  0  0  0  0  0  0  0  0  0  0  0  0  0  0  0  0  0  0  0  0  0  0  0  0  0  0  0  0  0  0  0  0  0  0  0  0  0  0  0  0  0  0  0  0  0  0  0  0  0  0  0  0  0  0  0  0  0  0  0  0  0  0  0  0  0.016156999999999755
g  12  0  -2.07074  -2.026293  -1.87998  -1.653903  -1.4688  -1.344065  -1.253249  -1.192172  -1.122403  -1.054605  -1.02031  -0.997124  -0.93125  -0.78748  -0.600406  -0.434378  -0.339874  -0.359729  -0.494996  -0.714993  -0.978668  -1.250344  0  0  0  0  0  0  0  0  0  0  0  0  0  0  0  0  0  0  0  0  0  0  0  0  0  0  0  0  0  0  0  0  0  0  0  0  0  0  0  0  0  0  0  0  0  0  0  0  0  0  0  0  0  0  0  0  0  0  0  0  0  0  0  0  0  -0.05360599999999982
g  12  1  -0.084803  -0.080647  -0.079263  -0.043485  -0.036373  -0.001697  0.046314  0.08923  0.11445  0.117451  0.133301  0.14448  0.094185  -0.018192  -0.167155  -0.317247  -0.451077  -0.564025  -0.658826  -0.745422  -0.833144  -0.923407  0  0  0  0  0  0  0  0  0  0  0  0  0  0  0  0  0  0  0  0  0  0  0  0  0  0  0  0  0  0  0  0  0  0  0  0  0  0  0  0  0  0  0  0  0  0  0  0  0  0  0  0  0  0  0  0  0  0  0  0  0  0  0  0  0  -0.01786500000000002
h  12  1  -0.944918  -0.955134  -1.000914  -0.968939  -0.910941  -0.887359  -0.84967  -0.761322  -0.649774  -0.51713  -0.394874  -0.334715  -0.382729  -0.522282  -0.721046  -0.940564  -1.161257  -1.381835  -1.585083  -1.758881  -1.907591  -2.036263  0  0  0  0  0  0  0  0  0  0  0  0  0  0  0  0  0  0  0  0  0  0  0  0  0  0  0  0  0  0  0  0  0  0  0  0  0  0  0  0  0  0  0  0  0  0  0  0  0  0  0  0  0  0  0  0  0  0  0  0  0  0  0  0  0  -0.023908999999999736
g  12  2  0.439214  0.59128  0.711609  0.731654  0.588529  0.303263  -0.04569  -0.392222  -0.678569  -0.87073  -0.966485  -0.970274  -0.930802  -0.878026  -0.835153  -0.810084  -0.839442  -0.955009  -1.135816  -1.339904  -1.532734  -1.699829  0  0  0  0  0  0  0  0  0  0  0  0  0  0  0  0  0  0  0  0  0  0  0  0  0  0  0  0  0  0  0  0  0  0  0  0  0  0  0  0  0  0  0  0  0  0  0  0  0  0  0  0  0  0  0  0  0  0  0  0  0  0  0  0  0  -0.030996000000000024
h  12  2  0.246962  0.369512  0.33879  0.185331  -0.019717  -0.180194  -0.242897  -0.190613  -0.049996  0.128216  0.30868  0.434033  0.482573  0.486203  0.464523  0.417097  0.345625  0.270935  0.211092  0.1773  0.178935  0.218666  0  0  0  0  0  0  0  0  0  0  0  0  0  0  0  0  0  0  0  0  0  0  0  0  0  0  0  0  0  0  0  0  0  0  0  0  0  0  0  0  0  0  0  0  0  0  0  0  0  0  0  0  0  0  0  0  0  0  0  0  0  0  0  0  0  0.01084199999999999
g  12  3  1.172085  1.441394  1.605191  1.669139  1.659501  1.57609  1.42083  1.217657  0.961716  0.664886  0.336655  0.001398  -0.335509  -0.663208  -0.962266  -1.180418  -1.274538  -1.240064  -1.098996  -0.883465  -0.624909  -0.346107  0  0  0  0  0  0  0  0  0  0  0  0  0  0  0  0  0  0  0  0  0  0  0  0  0  0  0  0  0  0  0  0  0  0  0  0  0  0  0  0  0  0  0  0  0  0  0  0  0  0  0  0  0  0  0  0  0  0  0  0  0  0  0  0  0  0.05641299999999999
h  12  3  1.717302  1.255973  0.997235  0.862543  0.767072  0.636904  0.501398  0.38047  0.227705  0.052344  -0.112154  -0.256502  -0.375833  -0.439494  -0.434861  -0.369178  -0.287429  -0.237236  -0.236167  -0.277916  -0.359094  -0.469422  0  0  0  0  0  0  0  0  0  0  0  0  0  0  0  0  0  0  0  0  0  0  0  0  0  0  0  0  0  0  0  0  0  0  0  0  0  0  0  0  0  0  0  0  0  0  0  0  0  0  0  0  0  0  0  0  0  0  0  0  0  0  0  0  0  -0.023816000000000004
g  12  4  -0.732791  -1.049347  -1.232808  -1.403047  -1.447146  -1.440781  -1.400075  -1.364928  -1.319526  -1.279873  -1.259137  -1.263052  -1.295062  -1.309261  -1.298038  -1.276951  -1.249035  -1.214788  -1.177851  -1.149302  -1.144078  -1.17356  0  0  0  0  0  0  0  0  0  0  0  0  0  0  0  0  0  0  0  0  0  0  0  0  0  0  0  0  0  0  0  0  0  0  0  0  0  0  0  0  0  0  0  0  0  0  0  0  0  0  0  0  0  0  0  0  0  0  0  0  0  0  0  0  0  -0.009171999999999958
h  12  4  -2.176054  -2.030308  -1.900063  -1.702963  -1.359228  -0.984155  -0.599794  -0.219266  0.125951  0.424545  0.65473  0.817984  0.923467  0.97347  0.974118  0.936681  0.86822  0.777886  0.686516  0.607297  0.539638  0.485526  0  0  0  0  0  0  0  0  0  0  0  0  0  0  0  0  0  0  0  0  0  0  0  0  0  0  0  0  0  0  0  0  0  0  0  0  0  0  0  0  0  0  0  0  0  0  0  0  0  0  0  0  0  0  0  0  0  0  0  0  0  0  0  0  0  -0.009145000000000014
g  12  5  0.941026  0.612408  0.44814  0.261729  0.096917  -0.066999  -0.207612  -0.279332  -0.283654  -0.255162  -0.159138  -0.012221  0.128193  0.252145  0.373759  0.472267  0.517916  0.499477  0.416117  0.279977  0.112488  -0.068218  0  0  0  0  0  0  0  0  0  0  0  0  0  0  0  0  0  0  0  0  0  0  0  0  0  0  0  0  0  0  0  0  0  0  0  0  0  0  0  0  0  0  0  0  0  0  0  0  0  0  0  0  0  0  0  0  0  0  0  0  0  0  0  0  0  -0.036551
h  12  5  0.370842  0.170675  -0.18631  -0.453888  -0.561278  -0.577289  -0.505076  -0.373287  -0.243957  -0.126338  -0.036913  -0.001461  -0.012745  -0.04675  -0.114161  -0.21983  -0.336935  -0.444291  -0.525336  -0.574232  -0.594168  -0.590297  0  0  0  0  0  0  0  0  0  0  0  0  0  0  0  0  0  0  0  0  0  0  0  0  0  0  0  0  0  0  0  0  0  0  0  0  0  0  0  0  0  0  0  0  0  0  0  0  0  0  0  0  0  0  0  0  0  0  0  0  0  0  0  0  0  0.0023450000000000415
g  12  6  0.119246  0.290651  0.46838  0.597862  0.617749  0.658587  0.736497  0.753726  0.759174  0.767797  0.768912  0.794245  0.841351  0.893511  0.953705  1.024732  1.094902  1.150154  1.171808  1.146659  1.068165  0.937276  0  0  0  0  0  0  0  0  0  0  0  0  0  0  0  0  0  0  0  0  0  0  0  0  0  0  0  0  0  0  0  0  0  0  0  0  0  0  0  0  0  0  0  0  0  0  0  0  0  0  0  0  0  0  0  0  0  0  0  0  0  0  0  0  0  -0.029978999999999978
h  12  6  0.674083  0.749814  0.681585  0.587473  0.555836  0.582539  0.612192  0.661275  0.733561  0.804339  0.876079  0.911352  0.858353  0.7422  0.593491  0.413267  0.206346  -0.014456  -0.241366  -0.468141  -0.676937  -0.842587  0  0  0  0  0  0  0  0  0  0  0  0  0  0  0  0  0  0  0  0  0  0  0  0  0  0  0  0  0  0  0  0  0  0  0  0  0  0  0  0  0  0  0  0  0  0  0  0  0  0  0  0  0  0  0  0  0  0  0  0  0  0  0  0  0  -0.028812999999999978
g  12  7  0.28102  0.392922  0.271383  0.12444  -0.02527  -0.140935  -0.215216  -0.284341  -0.357467  -0.421941  -0.482106  -0.533973  -0.552617  -0.537221  -0.477144  -0.365052  -0.205119  -0.017675  0.157905  0.279256  0.317178  0.26363  0  0  0  0  0  0  0  0  0  0  0  0  0  0  0  0  0  0  0  0  0  0  0  0  0  0  0  0  0  0  0  0  0  0  0  0  0  0  0  0  0  0  0  0  0  0  0  0  0  0  0  0  0  0  0  0  0  0  0  0  0  0  0  0  0  -0.017816
h  12  7  -0.070394  -0.147451  -0.077703  -0.034954  -0.0034  -0.003724  -0.019287  0.009009  0.052675  0.052909  0.015535  -0.003855  -0.004114  -0.010783  -0.03591  -0.084131  -0.149391  -0.231922  -0.35663  -0.539844  -0.779133  -1.059883  0  0  0  0  0  0  0  0  0  0  0  0  0  0  0  0  0  0  0  0  0  0  0  0  0  0  0  0  0  0  0  0  0  0  0  0  0  0  0  0  0  0  0  0  0  0  0  0  0  0  0  0  0  0  0  0  0  0  0  0  0  0  0  0  0  -0.058412999999999826
g  12  8  -0.332853  -0.33683  -0.37658  -0.398657  -0.348964  -0.244131  -0.088215  0.075054  0.230292  0.374886  0.505326  0.603325  0.642679  0.606509  0.518647  0.417047  0.305235  0.175689  0.040086  -0.08584  -0.19317  -0.272272  0  0  0  0  0  0  0  0  0  0  0  0  0  0  0  0  0  0  0  0  0  0  0  0  0  0  0  0  0  0  0  0  0  0  0  0  0  0  0  0  0  0  0  0  0  0  0  0  0  0  0  0  0  0  0  0  0  0  0  0  0  0  0  0  0  -0.013138000000000039
h  12  8  0.17389  0.445551  0.522465  0.636455  0.730112  0.79294  0.806756  0.793358  0.753905  0.675814  0.551618  0.376975  0.174135  -0.018386  -0.16454  -0.275982  -0.379256  -0.487193  -0.599354  -0.705787  -0.790519  -0.839075  0  0  0  0  0  0  0  0  0  0  0  0  0  0  0  0  0  0  0  0  0  0  0  0  0  0  0  0  0  0  0  0  0  0  0  0  0  0  0  0  0  0  0  0  0  0  0  0  0  0  0  0  0  0  0  0  0  0  0  0  0  0  0  0  0  -0.006006000000000067
g  12  9  -0.280435  -0.244602  -0.029666  0.166478  0.390169  0.589133  0.702224  0.731483  0.687701  0.59159  0.454553  0.31636  0.193011  0.066033  -0.092098  -0.27162  -0.443706  -0.585564  -0.676345  -0.704912  -0.682101  -0.628558  0  0  0  0  0  0  0  0  0  0  0  0  0  0  0  0  0  0  0  0  0  0  0  0  0  0  0  0  0  0  0  0  0  0  0  0  0  0  0  0  0  0  0  0  0  0  0  0  0  0  0  0  0  0  0  0  0  0  0  0  0  0  0  0  0  0.012271000000000032
h  12  9  0.26156  0.205871  0.323409  0.370779  0.319948  0.250374  0.157604  0.06998  -0.010718  -0.075737  -0.105517  -0.0977  -0.080442  -0.069584  -0.047398  0.004592  0.081398  0.171612  0.273942  0.394127  0.527691  0.6686  0  0  0  0  0  0  0  0  0  0  0  0  0  0  0  0  0  0  0  0  0  0  0  0  0  0  0  0  0  0  0  0  0  0  0  0  0  0  0  0  0  0  0  0  0  0  0  0  0  0  0  0  0  0  0  0  0  0  0  0  0  0  0  0  0  0.02873899999999996
g  12  10  0.039831  0.102878  -0.034441  -0.220448  -0.378022  -0.48053  -0.520382  -0.482034  -0.388766  -0.253417  -0.094682  0.038767  0.13948  0.235252  0.328135  0.390739  0.413133  0.40073  0.361083  0.302375  0.232044  0.145961  0  0  0  0  0  0  0  0  0  0  0  0  0  0  0  0  0  0  0  0  0  0  0  0  0  0  0  0  0  0  0  0  0  0  0  0  0  0  0  0  0  0  0  0  0  0  0  0  0  0  0  0  0  0  0  0  0  0  0  0  0  0  0  0  0  -0.01897299999999999
h  12  10  -0.988542  -1.083919  -1.097703  -1.062673  -0.931126  -0.699677  -0.420738  -0.138999  0.135013  0.378988  0.552443  0.647824  0.704902  0.734314  0.726365  0.697998  0.684464  0.706654  0.768614  0.867225  0.992383  1.124334  0  0  0  0  0  0  0  0  0  0  0  0  0  0  0  0  0  0  0  0  0  0  0  0  0  0  0  0  0  0  0  0  0  0  0  0  0  0  0  0  0  0  0  0  0  0  0  0  0  0  0  0  0  0  0  0  0  0  0  0  0  0  0  0  0  0.02586200000000005
g  12  11  -0.819378  -1.047373  -0.990236  -0.866621  -0.71932  -0.544458  -0.370441  -0.223174  -0.097411  -0.022361  0.007295  0.024838  0.021214  -0.022323  -0.112841  -0.256911  -0.465953  -0.735427  -1.037951  -1.330205  -1.573501  -1.747224  0  0  0  0  0  0  0  0  0  0  0  0  0  0  0  0  0  0  0  0  0  0  0  0  0  0  0  0  0  0  0  0  0  0  0  0  0  0  0  0  0  0  0  0  0  0  0  0  0  0  0  0  0  0  0  0  0  0  0  0  0  0  0  0  0  -0.028755000000000086
h  12  11  -0.294716  -0.085045  -0.082601  -0.1035  -0.118907  -0.135795  -0.147805  -0.152275  -0.163522  -0.171595  -0.16743  -0.185985  -0.26433  -0.398508  -0.565006  -0.752768  -0.947908  -1.120763  -1.238265  -1.28094  -1.249891  -1.159176  0  0  0  0  0  0  0  0  0  0  0  0  0  0  0  0  0  0  0  0  0  0  0  0  0  0  0  0  0  0  0  0  0  0  0  0  0  0  0  0  0  0  0  0  0  0  0  0  0  0  0  0  0  0  0  0  0  0  0  0  0  0  0  0  0  0.02205999999999997
g  12  12  0.015656  -0.236642  -0.294579  -0.320739  -0.376062  -0.437699  -0.516003  -0.607972  -0.693551  -0.762768  -0.828223  -0.92248  -1.056613  -1.219976  -1.385388  -1.511193  -1.559793  -1.516973  -1.382163  -1.166186  -0.890753  -0.580661  0  0  0  0  0  0  0  0  0  0  0  0  0  0  0  0  0  0  0  0  0  0  0  0  0  0  0  0  0  0  0  0  0  0  0  0  0  0  0  0  0  0  0  0  0  0  0  0  0  0  0  0  0  0  0  0  0  0  0  0  0  0  0  0  0  0.06359800000000004
h  12  12  0.94105  0.727529  0.714471  0.618842  0.489146  0.382345  0.308904  0.261157  0.229795  0.190692  0.109851  -0.015177  -0.151483  -0.261404  -0.311196  -0.285906  -0.212967  -0.134712  -0.082469  -0.069073  -0.081846  -0.1059  0  0  0  0  0  0  0  0  0  0  0  0  0  0  0  0  0  0  0  0  0  0  0  0  0  0  0  0  0  0  0  0  0  0  0  0  0  0  0  0  0  0  0  0  0  0  0  0  0  0  0  0  0  0  0  0  0  0  0  0  0  0  0  0  0  -0.005568999999999991
g  13  0  -0.092994  0.040421  0.087536  0.055247  0.04983  0.058019  0.055876  0.048078  0.037447  0.010799  -0.024071  -0.049706  -0.07785  -0.108953  -0.125203  -0.113356  -0.065975  0.015749  0.12679  0.260004  0.398738  0.525683  0  0  0  0  0  0  0  0  0  0  0  0  0  0  0  0  0  0  0  0  0  0  0  0  0  0  0  0  0  0  0  0  0  0  0  0  0  0  0  0  0  0  0  0  0  0  0  0  0  0  0  0  0  0  0  0  0  0  0  0  0  0  0  0  0  0.023882999999999988
g  13  1  -0.799603  -0.829196  -0.878793  -0.894954  -0.9034  -0.932204  -0.935905  -0.915396  -0.878688  -0.821707  -0.772891  -0.735965  -0.681707  -0.59966  -0.497822  -0.393017  -0.280847  -0.148274  0.001287  0.152783  0.29577  0.422358  0  0  0  0  0  0  0  0  0  0  0  0  0  0  0  0  0  0  0  0  0  0  0  0  0  0  0  0  0  0  0  0  0  0  0  0  0  0  0  0  0  0  0  0  0  0  0  0  0  0  0  0  0  0  0  0  0  0  0  0  0  0  0  0  0  0.023660999999999988
h  13  1  -0.77245  -0.700428  -0.6162  -0.478564  -0.287187  -0.076801  0.120915  0.278216  0.377419  0.412328  0.39014  0.31625  0.212358  0.080742  -0.082694  -0.260426  -0.437475  -0.61109  -0.776899  -0.921366  -1.036349  -1.118355  0  0  0  0  0  0  0  0  0  0  0  0  0  0  0  0  0  0  0  0  0  0  0  0  0  0  0  0  0  0  0  0  0  0  0  0  0  0  0  0  0  0  0  0  0  0  0  0  0  0  0  0  0  0  0  0  0  0  0  0  0  0  0  0  0  -0.013519999999999976
g  13  2  0.294197  0.386052  0.438633  0.52022  0.610912  0.700732  0.78348  0.853036  0.928914  0.993209  1.021321  1.00075  0.951307  0.913135  0.901066  0.904405  0.915994  0.923804  0.919086  0.89674  0.850092  0.778996  0  0  0  0  0  0  0  0  0  0  0  0  0  0  0  0  0  0  0  0  0  0  0  0  0  0  0  0  0  0  0  0  0  0  0  0  0  0  0  0  0  0  0  0  0  0  0  0  0  0  0  0  0  0  0  0  0  0  0  0  0  0  0  0  0  -0.01595599999999997
h  13  2  0.531081  0.599617  0.613223  0.604498  0.544498  0.429346  0.282831  0.135892  0.018934  -0.047608  -0.062282  -0.02179  0.062942  0.166425  0.267665  0.350725  0.409228  0.442631  0.457333  0.45714  0.443513  0.418757  0  0  0  0  0  0  0  0  0  0  0  0  0  0  0  0  0  0  0  0  0  0  0  0  0  0  0  0  0  0  0  0  0  0  0  0  0  0  0  0  0  0  0  0  0  0  0  0  0  0  0  0  0  0  0  0  0  0  0  0  0  0  0  0  0  -0.005730000000000013
g  13  3  0.500234  0.512752  0.443783  0.315212  0.180377  0.091448  0.035478  -0.000793  0.002475  0.043156  0.100139  0.154295  0.180301  0.165828  0.116254  0.032074  -0.068463  -0.157264  -0.221871  -0.263756  -0.286178  -0.29129  0  0  0  0  0  0  0  0  0  0  0  0  0  0  0  0  0  0  0  0  0  0  0  0  0  0  0  0  0  0  0  0  0  0  0  0  0  0  0  0  0  0  0  0  0  0  0  0  0  0  0  0  0  0  0  0  0  0  0  0  0  0  0  0  0  0.00042200000000003346
h  13  3  1.479136  1.291201  1.192953  1.109157  1.048798  1.027167  1.014379  0.995331  0.984738  0.980052  0.961759  0.909565  0.82388  0.713996  0.586224  0.454332  0.336233  0.233997  0.145835  0.073161  0.012653  -0.039279  0  0  0  0  0  0  0  0  0  0  0  0  0  0  0  0  0  0  0  0  0  0  0  0  0  0  0  0  0  0  0  0  0  0  0  0  0  0  0  0  0  0  0  0  0  0  0  0  0  0  0  0  0  0  0  0  0  0  0  0  0  0  0  0  0  -0.009664000000000002
g  13  4  -0.38382  -0.341083  -0.186908  -0.041522  0.079215  0.180851  0.218291  0.167841  0.054706  -0.087771  -0.232397  -0.35629  -0.454077  -0.530685  -0.575539  -0.581301  -0.55169  -0.493958  -0.420709  -0.34802  -0.285497  -0.242154  0  0  0  0  0  0  0  0  0  0  0  0  0  0  0  0  0  0  0  0  0  0  0  0  0  0  0  0  0  0  0  0  0  0  0  0  0  0  0  0  0  0  0  0  0  0  0  0  0  0  0  0  0  0  0  0  0  0  0  0  0  0  0  0  0  0.0068010000000000015
h  13  4  -0.419946  -0.421862  -0.453856  -0.447409  -0.430318  -0.414266  -0.41085  -0.409857  -0.398661  -0.356149  -0.2745  -0.168805  -0.064014  0.041485  0.140118  0.207087  0.231114  0.218941  0.183107  0.133934  0.080582  0.028485  0  0  0  0  0  0  0  0  0  0  0  0  0  0  0  0  0  0  0  0  0  0  0  0  0  0  0  0  0  0  0  0  0  0  0  0  0  0  0  0  0  0  0  0  0  0  0  0  0  0  0  0  0  0  0  0  0  0  0  0  0  0  0  0  0  -0.010467
g  13  5  1.080237  0.841458  0.643905  0.467733  0.316267  0.203119  0.120143  0.057858  0.018479  -0.004504  -0.039012  -0.103036  -0.169401  -0.224395  -0.270895  -0.306861  -0.320545  -0.305953  -0.278578  -0.258963  -0.264011  -0.300665  0  0  0  0  0  0  0  0  0  0  0  0  0  0  0  0  0  0  0  0  0  0  0  0  0  0  0  0  0  0  0  0  0  0  0  0  0  0  0  0  0  0  0  0  0  0  0  0  0  0  0  0  0  0  0  0  0  0  0  0  0  0  0  0  0  -0.009885000000000033
h  13  5  -1.07711  -1.263752  -1.425577  -1.528495  -1.586802  -1.597016  -1.595799  -1.582482  -1.54355  -1.491849  -1.423049  -1.32759  -1.226687  -1.132748  -1.044707  -0.954439  -0.860467  -0.769949  -0.697756  -0.655916  -0.645081  -0.65507  0  0  0  0  0  0  0  0  0  0  0  0  0  0  0  0  0  0  0  0  0  0  0  0  0  0  0  0  0  0  0  0  0  0  0  0  0  0  0  0  0  0  0  0  0  0  0  0  0  0  0  0  0  0  0  0  0  0  0  0  0  0  0  0  0  -0.0030290000000000594
g  13  6  -0.300242  -0.043941  -0.080354  -0.111553  -0.144272  -0.1603  -0.16101  -0.175506  -0.193033  -0.203845  -0.191288  -0.166796  -0.146016  -0.128303  -0.094733  -0.046229  0.006893  0.056205  0.092013  0.121114  0.156363  0.200448  0  0  0  0  0  0  0  0  0  0  0  0  0  0  0  0  0  0  0  0  0  0  0  0  0  0  0  0  0  0  0  0  0  0  0  0  0  0  0  0  0  0  0  0  0  0  0  0  0  0  0  0  0  0  0  0  0  0  0  0  0  0  0  0  0  0.009319999999999995
h  13  6  -0.158812  -0.158913  -0.089139  -0.004483  0.058452  0.089062  0.107616  0.099177  0.062528  -0.005826  -0.102489  -0.223688  -0.339904  -0.434724  -0.505984  -0.552136  -0.567221  -0.545044  -0.488308  -0.411016  -0.33115  -0.263174  0  0  0  0  0  0  0  0  0  0  0  0  0  0  0  0  0  0  0  0  0  0  0  0  0  0  0  0  0  0  0  0  0  0  0  0  0  0  0  0  0  0  0  0  0  0  0  0  0  0  0  0  0  0  0  0  0  0  0  0  0  0  0  0  0  0.012292999999999998
g  13  7  0.800399  0.885285  0.818997  0.712549  0.584484  0.471836  0.37427  0.273014  0.156839  0.030812  -0.103715  -0.226286  -0.332104  -0.440876  -0.556928  -0.669974  -0.777612  -0.876385  -0.954498  -1.000255  -1.01048  -0.99234  0  0  0  0  0  0  0  0  0  0  0  0  0  0  0  0  0  0  0  0  0  0  0  0  0  0  0  0  0  0  0  0  0  0  0  0  0  0  0  0  0  0  0  0  0  0  0  0  0  0  0  0  0  0  0  0  0  0  0  0  0  0  0  0  0  0.005402000000000018
h  13  7  0.31534  0.248097  0.167847  0.045017  -0.060527  -0.112739  -0.121877  -0.10746  -0.080604  -0.060016  -0.046237  -0.048784  -0.086332  -0.150642  -0.214837  -0.263176  -0.290479  -0.293042  -0.27582  -0.243128  -0.200971  -0.159792  0  0  0  0  0  0  0  0  0  0  0  0  0  0  0  0  0  0  0  0  0  0  0  0  0  0  0  0  0  0  0  0  0  0  0  0  0  0  0  0  0  0  0  0  0  0  0  0  0  0  0  0  0  0  0  0  0  0  0  0  0  0  0  0  0  0.007522000000000001
g  13  8  -0.197571  -0.133881  -0.182884  -0.224858  -0.246565  -0.248813  -0.245132  -0.240843  -0.240837  -0.242831  -0.244166  -0.237899  -0.213027  -0.172247  -0.12362  -0.072392  -0.020623  0.033047  0.095566  0.168476  0.248446  0.336985  0  0  0  0  0  0  0  0  0  0  0  0  0  0  0  0  0  0  0  0  0  0  0  0  0  0  0  0  0  0  0  0  0  0  0  0  0  0  0  0  0  0  0  0  0  0  0  0  0  0  0  0  0  0  0  0  0  0  0  0  0  0  0  0  0  0.018662999999999985
h  13  8  -0.110981  -0.180281  -0.16661  -0.14095  -0.112738  -0.114685  -0.129968  -0.166305  -0.227652  -0.305082  -0.372231  -0.403008  -0.402105  -0.393416  -0.382221  -0.365976  -0.347525  -0.331187  -0.322384  -0.322458  -0.329646  -0.339049  0  0  0  0  0  0  0  0  0  0  0  0  0  0  0  0  0  0  0  0  0  0  0  0  0  0  0  0  0  0  0  0  0  0  0  0  0  0  0  0  0  0  0  0  0  0  0  0  0  0  0  0  0  0  0  0  0  0  0  0  0  0  0  0  0  -0.0016680000000000028
g  13  9  0.402729  0.349693  0.367095  0.392472  0.407277  0.417626  0.437826  0.472329  0.515041  0.55879  0.603512  0.628447  0.631472  0.616947  0.579831  0.531729  0.490793  0.470699  0.47492  0.497748  0.533658  0.579873  0  0  0  0  0  0  0  0  0  0  0  0  0  0  0  0  0  0  0  0  0  0  0  0  0  0  0  0  0  0  0  0  0  0  0  0  0  0  0  0  0  0  0  0  0  0  0  0  0  0  0  0  0  0  0  0  0  0  0  0  0  0  0  0  0  0.009734999999999938
h  13  9  0.421311  0.366348  0.287405  0.226811  0.173468  0.134979  0.119547  0.11605  0.122208  0.136639  0.138263  0.114612  0.082362  0.046549  0.011364  -0.015386  -0.031765  -0.041873  -0.043029  -0.029055  0.003395  0.05106  0  0  0  0  0  0  0  0  0  0  0  0  0  0  0  0  0  0  0  0  0  0  0  0  0  0  0  0  0  0  0  0  0  0  0  0  0  0  0  0  0  0  0  0  0  0  0  0  0  0  0  0  0  0  0  0  0  0  0  0  0  0  0  0  0  0.010296
g  13  10  0.045795  0.255219  0.391021  0.483336  0.543681  0.534252  0.451252  0.314427  0.139336  -0.055461  -0.243262  -0.390854  -0.489321  -0.536939  -0.535046  -0.491234  -0.411339  -0.298536  -0.156807  0.003589  0.165501  0.315136  0  0  0  0  0  0  0  0  0  0  0  0  0  0  0  0  0  0  0  0  0  0  0  0  0  0  0  0  0  0  0  0  0  0  0  0  0  0  0  0  0  0  0  0  0  0  0  0  0  0  0  0  0  0  0  0  0  0  0  0  0  0  0  0  0  0.028564000000000034
h  13  10  0.454293  0.500771  0.52008  0.464778  0.37758  0.289224  0.202837  0.141865  0.109033  0.115657  0.168341  0.256621  0.365202  0.482682  0.592213  0.686515  0.764349  0.831204  0.893861  0.949119  0.984348  0.987976  0  0  0  0  0  0  0  0  0  0  0  0  0  0  0  0  0  0  0  0  0  0  0  0  0  0  0  0  0  0  0  0  0  0  0  0  0  0  0  0  0  0  0  0  0  0  0  0  0  0  0  0  0  0  0  0  0  0  0  0  0  0  0  0  0  -0.0022840000000000638
g  13  11  0.304463  0.360539  0.294859  0.177321  0.066921  -0.028819  -0.08409  -0.096463  -0.073377  -0.0282  0.01375  0.025526  0.001943  -0.046358  -0.105939  -0.175587  -0.25845  -0.351813  -0.451743  -0.552587  -0.645503  -0.723989  0  0  0  0  0  0  0  0  0  0  0  0  0  0  0  0  0  0  0  0  0  0  0  0  0  0  0  0  0  0  0  0  0  0  0  0  0  0  0  0  0  0  0  0  0  0  0  0  0  0  0  0  0  0  0  0  0  0  0  0  0  0  0  0  0  -0.014464000000000032
h  13  11  -0.241341  -0.278955  -0.323294  -0.366896  -0.382615  -0.363056  -0.314787  -0.25849  -0.205238  -0.178628  -0.192217  -0.234946  -0.283959  -0.318741  -0.332651  -0.331546  -0.320619  -0.305415  -0.289609  -0.273993  -0.262182  -0.261375  0  0  0  0  0  0  0  0  0  0  0  0  0  0  0  0  0  0  0  0  0  0  0  0  0  0  0  0  0  0  0  0  0  0  0  0  0  0  0  0  0  0  0  0  0  0  0  0  0  0  0  0  0  0  0  0  0  0  0  0  0  0  0  0  0  -0.0009790000000000076
g  13  12  -0.102378  -0.206484  -0.103308  -0.005481  0.076067  0.148453  0.17542  0.15641  0.101674  0.021392  -0.058657  -0.11188  -0.137326  -0.155319  -0.182857  -0.221177  -0.270995  -0.330725  -0.393013  -0.4429  -0.466938  -0.458458  0  0  0  0  0  0  0  0  0  0  0  0  0  0  0  0  0  0  0  0  0  0  0  0  0  0  0  0  0  0  0  0  0  0  0  0  0  0  0  0  0  0  0  0  0  0  0  0  0  0  0  0  0  0  0  0  0  0  0  0  0  0  0  0  0  0.0044580000000000175
h  13  12  -0.455228  -0.440493  -0.39052  -0.345669  -0.314162  -0.317949  -0.337574  -0.355688  -0.363859  -0.364137  -0.360879  -0.367202  -0.398579  -0.451726  -0.511184  -0.564627  -0.600967  -0.604617  -0.564094  -0.476987  -0.347786  -0.186993  0  0  0  0  0  0  0  0  0  0  0  0  0  0  0  0  0  0  0  0  0  0  0  0  0  0  0  0  0  0  0  0  0  0  0  0  0  0  0  0  0  0  0  0  0  0  0  0  0  0  0  0  0  0  0  0  0  0  0  0  0  0  0  0  0  0.03407300000000002
g  13  13  -0.329746  -0.261138  -0.272915  -0.242286  -0.186833  -0.116664  -0.048417  0.021027  0.08278  0.129049  0.151116  0.129012  0.060081  -0.035895  -0.130436  -0.192735  -0.200241  -0.152217  -0.060458  0.05305  0.162859  0.247047  0  0  0  0  0  0  0  0  0  0  0  0  0  0  0  0  0  0  0  0  0  0  0  0  0  0  0  0  0  0  0  0  0  0  0  0  0  0  0  0  0  0  0  0  0  0  0  0  0  0  0  0  0  0  0  0  0  0  0  0  0  0  0  0  0  0.014043
h  13  13  -0.561557  -0.550097  -0.447735  -0.345389  -0.265632  -0.200004  -0.147643  -0.130832  -0.155698  -0.217633  -0.3161  -0.432956  -0.534672  -0.591827  -0.585577  -0.512595  -0.394682  -0.262397  -0.140281  -0.041336  0.033798  0.087615  0  0  0  0  0  0  0  0  0  0  0  0  0  0  0  0  0  0  0  0  0  0  0  0  0  0  0  0  0  0  0  0  0  0  0  0  0  0  0  0  0  0  0  0  0  0  0  0  0  0  0  0  0  0  0  0  0  0  0  0  0  0  0  0  0  0.009158
