# lons lats(polar edge) lats(equatorward edge)
0.000000000000000000e+00 -8.318607243336737156e+01 -7.585287426318973303e+01
5.006954102920723182e-01 -8.313430016579864912e+01 -7.577123340172693133e+01
1.001390820584144636e+00 -8.308160873522301415e+01 -7.568865239340811968e+01
1.502086230876216844e+00 -8.302798367774275334e+01 -7.560512890759855509e+01
2.002781641168289273e+00 -8.297341035853122548e+01 -7.552066081389784813e+01
2.503477051460361480e+00 -8.291787399193768238e+01 -7.543524613801127998e+01
3.004172461752433687e+00 -8.286135965700104578e+01 -7.534888311020768015e+01
3.504867872044505894e+00 -8.280385227462528519e+01 -7.526157013803458540e+01
4.005563282336578546e+00 -8.274533665388877068e+01 -7.517330583382135956e+01
4.506258692628650309e+00 -8.268579745615993204e+01 -7.508408897993649589e+01
5.006954102920722960e+00 -8.262521925529540567e+01 -7.499391856924194144e+01
5.507649513212795611e+00 -8.256358650168243685e+01 -7.490279380472020421e+01
6.008344923504867374e+00 -8.250088355567476128e+01 -7.481071405352668080e+01
6.509040333796940025e+00 -8.243709470491671709e+01 -7.471767891438321385e+01
7.009735744089011789e+00 -8.237220415437940346e+01 -7.462368814514593396e+01
7.510431154381083552e+00 -8.230619605478422329e+01 -7.452874173650161538e+01
8.011126564673157091e+00 -8.223905450384788196e+01 -7.443283989334122452e+01
8.511821974965229742e+00 -8.217076358962076199e+01 -7.433598296374657366e+01
9.012517385257300617e+00 -8.210130735819316783e+01 -7.423817154227253923e+01
9.513212795549373268e+00 -8.203066987234106477e+01 -7.413940640548207739e+01
1.001390820584144592e+01 -8.195883520566441405e+01 -7.403968851405625173e+01
1.051460361613352035e+01 -8.188578745837466499e+01 -7.393901905863276625e+01
1.101529902642559122e+01 -8.181151078555551237e+01 -7.383739937740574533e+01
1.151599443671766032e+01 -8.173598941669408191e+01 -7.373483103471517097e+01
1.201668984700973475e+01 -8.165920765712809271e+01 -7.363131575756415259e+01
1.251738525730180740e+01 -8.158114992473718985e+01 -7.352685548776935320e+01
1.301808066759388005e+01 -8.150180077295630099e+01 -7.342145233477640431e+01
1.351877607788595093e+01 -8.142114489812171030e+01 -7.331510859026644766e+01
1.401947148817802358e+01 -8.133916716809073932e+01 -7.320782671284001708e+01
1.452016689847009623e+01 -8.125585263953936987e+01 -7.309960935336044940e+01
1.502086230876216710e+01 -8.117118660283955478e+01 -7.299045931764618445e+01
1.552155771905424153e+01 -8.108515457238760860e+01 -7.288037959935815024e+01
1.602225312934631418e+01 -8.099774232529782125e+01 -7.276937335247845340e+01
1.652294853963838506e+01 -8.090893594896344609e+01 -7.265744386452092840e+01
1.702364394993045948e+01 -8.081872181554081180e+01 -7.254459462339832498e+01
1.752433936022252681e+01 -8.072708665458156929e+01 -7.243082924375153198e+01
1.802503477051460123e+01 -8.063401754986784908e+01 -7.231615150209358944e+01
1.852573018080667566e+01 -8.053950197260584787e+01 -7.220056531769182584e+01
1.902642559109874654e+01 -8.044352782388486389e+01 -7.208407475955277732e+01
1.952712100139081741e+01 -8.034608341247816554e+01 -7.196668404322076640e+01
2.002781641168289184e+01 -8.024715753610072966e+01 -7.184839753718074462e+01
2.052851182197496627e+01 -8.014673947182768643e+01 -7.172921970770653388e+01
2.102920723226704069e+01 -8.004481901834793689e+01 -7.160915521723177335e+01
2.152990264255910802e+01 -7.994138649413559961e+01 -7.148820881244569136e+01
2.203059805285118244e+01 -7.983643279159639405e+01 -7.136638541218667342e+01
2.253129346314325332e+01 -7.972994938474346327e+01 -7.124369005185394599e+01
2.303198887343532064e+01 -7.962192835733492302e+01 -7.112012791642223419e+01
2.353268428372739507e+01 -7.951236241013009476e+01 -7.099570432748146231e+01
2.403337969401946950e+01 -7.940124490745563435e+01 -7.087042472395546611e+01
2.453407510431154037e+01 -7.928856988069799172e+01 -7.074429471210601150e+01
2.503477051460361480e+01 -7.917433203761663663e+01 -7.061732001767518341e+01
2.553546592489568567e+01 -7.905852680658188092e+01 -7.048950653804490685e+01
2.603616133518776010e+01 -7.894115034123149144e+01 -7.036086028723070740e+01
2.653685674547983453e+01 -7.882219952163484322e+01 -7.023138748530323028e+01
2.703755215577190185e+01 -7.870167200085904824e+01 -7.010109446059937000e+01
2.753824756606397628e+01 -7.857956618052173781e+01 -6.996998772772053599e+01
2.803894297635604715e+01 -7.845588126899872350e+01 -6.983807397821942686e+01
2.853963838664812158e+01 -7.833061723718617486e+01 -6.970536007827172398e+01
2.904033379694019246e+01 -7.820377489067811894e+01 -6.957185307798931717e+01
2.954102920723226333e+01 -7.807535581854369866e+01 -6.943756023703167557e+01
3.004172461752433421e+01 -7.794536243709205792e+01 -6.930248903391907334e+01
3.054242002781640863e+01 -7.781379799933108643e+01 -6.916664711346265904e+01
3.104311543810848306e+01 -7.768066657350334481e+01 -6.903004241729968271e+01
3.154381084840055394e+01 -7.754597306360426501e+01 -6.889268306637995920e+01
3.204450625869262836e+01 -7.740972322753566459e+01 -6.875457748829967386e+01
3.254520166898469569e+01 -7.727192363112169460e+01 -6.861573434239426206e+01
3.304589707927677011e+01 -7.713258172057737738e+01 -6.847616257881918500e+01
3.354659248956884454e+01 -7.699170574218203456e+01 -6.833587142676287840e+01
3.404728789986091897e+01 -7.684930480688979060e+01 -6.819487045518280866e+01
3.454798331015298629e+01 -7.670538886588235528e+01 -6.805316954437213894e+01
3.504867872044505361e+01 -7.655996868990530402e+01 -6.791077890485095736e+01
3.554937413073713515e+01 -7.641305589953606159e+01 -6.776770910416300353e+01
3.605006954102920247e+01 -7.626466295587067634e+01 -6.762397110370213227e+01
3.655076495132127690e+01 -7.611480312327091724e+01 -6.747957623529939042e+01
3.705146036161335132e+01 -7.596349053048231781e+01 -6.733453623625675277e+01
3.755215577190541865e+01 -7.581074010427744270e+01 -6.718886328536311225e+01
3.805285118219749307e+01 -7.565656760554463744e+01 -6.704256997700886700e+01
3.855354659248956750e+01 -7.550098961997480274e+01 -6.689566938987573508e+01
3.905424200278163482e+01 -7.534402354467363239e+01 -6.674817505142291907e+01
3.955493741307371636e+01 -7.518568761493713737e+01 -6.660010099318915877e+01
4.005563282336578368e+01 -7.502600086699874282e+01 -6.645146175195569072e+01
4.055632823365785811e+01 -7.486498314385005415e+01 -6.630227238720854643e+01
4.105702364394993253e+01 -7.470265514646359861e+01 -6.615254847764609281e+01
4.155771905424199986e+01 -7.453903835230210007e+01 -6.600230619393860820e+01
4.205841446453408139e+01 -7.437415509680920422e+01 -6.585156223586400870e+01
4.255910987482614871e+01 -7.420802851403766454e+01 -6.570033390390327099e+01
4.305980528511821603e+01 -7.404068257681262821e+01 -6.554863908876305345e+01
4.356050069541029046e+01 -7.387214208829152540e+01 -6.539649627719646219e+01
4.406119610570236489e+01 -7.370243268894898847e+01 -6.524392457295780900e+01
4.456189151599443221e+01 -7.353158086065138832e+01 -6.509094368283277277e+01
4.506258692628650664e+01 -7.335961393051309187e+01 -6.493757400627819720e+01
4.556328233657857396e+01 -7.318656007497099836e+01 -6.478383651435015622e+01
4.606397774687064128e+01 -7.301244834292208452e+01 -6.462975284749282423e+01
4.656467315716272282e+01 -7.283730863447760839e+01 -6.447534528905399043e+01
4.706536856745479014e+01 -7.266117173101281423e+01 -6.432063678645809546e+01
4.756606397774686457e+01 -7.248406929982354541e+01 -6.416565091249813690e+01
4.806675938803893899e+01 -7.230603387666394610e+01 -6.401041191488494064e+01
4.856745479833100632e+01 -7.212709891231259007e+01 -6.385494466383298118e+01
4.906815020862308074e+01 -7.194729873531957764e+01 -6.369927466821300754e+01
4.956884561891514807e+01 -7.176666859624435801e+01 -6.354342809852587948e+01
5.006954102920722960e+01 -7.158524463738774557e+01 -6.338743173418825450e+01
5.057023643949929692e+01 -7.140306390210514564e+01 -6.323131296428746850e+01
5.107093184979137135e+01 -7.122016436740284462e+01 -6.307509977946884305e+01
5.157162726008345288e+01 -7.103658489970018763e+01 -6.291882078739709527e+01
5.207232267037552020e+01 -7.085236528044094939e+01 -6.276250512682727845e+01
5.257301808066758753e+01 -7.066754618979518909e+01 -6.260618252557597430e+01
5.307371349095966906e+01 -7.048216919734602470e+01 -6.244988322834379346e+01
5.357440890125173638e+01 -7.029627676441793938e+01 -6.229363800137198837e+01
5.407510431154380370e+01 -7.010991223127109606e+01 -6.213747809402539701e+01
5.457579972183587813e+01 -6.992311978217674096e+01 -6.198143522947921724e+01
5.507649513212795256e+01 -6.973594446258846347e+01 -6.182554155116795869e+01
5.557719054242002699e+01 -6.954843211278546278e+01 -6.166982962489547049e+01
5.607788595271209431e+01 -6.936062938824522917e+01 -6.151433239663438712e+01
5.657858136300416163e+01 -6.917258371889818136e+01 -6.135908313805322223e+01
5.707927677329624316e+01 -6.898434326052426968e+01 -6.120411545638836515e+01
5.757997218358831759e+01 -6.879595686914160524e+01 -6.104946322408414972e+01
5.808066759388038491e+01 -6.860747408820077453e+01 -6.089516055104814996e+01
5.858136300417245934e+01 -6.841894506709411417e+01 -6.074124176903188754e+01
5.908205841446452666e+01 -6.823042055824532781e+01 -6.058774136738412608e+01
5.958275382475660109e+01 -6.804195184260368023e+01 -6.043469396123674642e+01
6.008344923504866841e+01 -6.785359068074956213e+01 -6.028213425359700750e+01
6.058414464534074995e+01 -6.766538926516420815e+01 -6.013009701675747465e+01
6.108484005563281727e+01 -6.747740018297679399e+01 -5.997861699719925355e+01
6.158553546592489170e+01 -6.728967631351895307e+01 -5.982772894023929666e+01
6.208623087621696612e+01 -6.710227081086247836e+01 -5.967746751203213762e+01
6.258692628650903345e+01 -6.691523701417952452e+01 -5.952786725766037534e+01
6.308762169680110787e+01 -6.672862838487833415e+01 -5.937896256155346464e+01
6.358831710709318941e+01 -6.654249844141065751e+01 -5.923078764981602262e+01
6.408901251738525673e+01 -6.635690070630278115e+01 -5.908337646449928116e+01
6.458970792767732405e+01 -6.617188861302327041e+01 -5.893676271948044132e+01
6.509040333796939137e+01 -6.598751544661115531e+01 -5.879097978637565802e+01
6.559109874826147291e+01 -6.580383425985689883e+01 -5.864606069221173357e+01
6.609179415855354023e+01 -6.562089782644522984e+01 -5.850203809381474684e+01
6.659248956884562176e+01 -6.543875854898703892e+01 -5.835894420796086024e+01
6.709318497913768908e+01 -6.525746839440887470e+01 -5.821681079507817458e+01
6.759388038942975641e+01 -6.507707882643205721e+01 -5.807566913301690192e+01
6.809457579972183794e+01 -6.489764073368621666e+01 -5.793554996597214313e+01
6.859527121001390526e+01 -6.471920435753179390e+01 -5.779648348913161726e+01
6.909596662030597258e+01 -6.454181924782221813e+01 -5.765849931564281405e+01
6.959666203059803991e+01 -6.436553417093580265e+01 -5.752162644106994094e+01
7.009735744089010723e+01 -6.419039706088130970e+01 -5.738589323524485053e+01
7.059805285118218876e+01 -6.401645497273182173e+01 -5.725132738820667555e+01
7.109874826147427029e+01 -6.384375400695478220e+01 -5.711795592097024610e+01
7.159944367176633762e+01 -6.367233926750247974e+01 -5.698580514288897803e+01
7.210013908205840494e+01 -6.350225481291761298e+01 -5.685490064205060889e+01
7.260083449235048647e+01 -6.333354360511054892e+01 -5.672526725449989726e+01
7.310152990264255379e+01 -6.316624746046488781e+01 -5.659692907588015487e+01
7.360222531293462112e+01 -6.300040703586762447e+01 -5.646990941486711790e+01
7.410292072322670265e+01 -6.283606176118826170e+01 -5.634423080248217275e+01
7.460361613351876997e+01 -6.267324982530897159e+01 -5.621991497928667059e+01
7.510431154381083729e+01 -6.251200815051322479e+01 -5.609698287675547590e+01
7.560500695410290461e+01 -6.235237235057627458e+01 -5.597545461960527291e+01
7.610570236439498615e+01 -6.219437672843685050e+01 -5.585534951648133983e+01
7.660639777468706768e+01 -6.203805424825748105e+01 -5.573668605879339566e+01
7.710709318497913500e+01 -6.188343652727542121e+01 -5.561948191605898728e+01
7.760778859527120233e+01 -6.173055381717620094e+01 -5.550375393124687662e+01
7.810848400556326965e+01 -6.157943501107854445e+01 -5.538951813241857280e+01
7.860917941585533697e+01 -6.143010762025130589e+01 -5.527678971875849356e+01
7.910987482614743271e+01 -6.128259779623238046e+01 -5.516558307454380383e+01
7.961057023643950004e+01 -6.113693031918717224e+01 -5.505591177612933507e+01
8.011126564673156736e+01 -6.099312860489351351e+01 -5.494778858263435950e+01
8.061196105702363468e+01 -6.085121471405489046e+01 -5.484122545224073519e+01
8.111265646731571621e+01 -6.071120937092689474e+01 -5.473623354917782535e+01
8.161335187760779775e+01 -6.057313196331722338e+01 -5.463282325070741763e+01
8.211404728789986507e+01 -6.043700056586874325e+01 -5.453100414712372412e+01
8.261474269819193239e+01 -6.030283196101424892e+01 -5.443078506503644576e+01
8.311543810848399971e+01 -6.017064165061799486e+01 -5.433217406737077226e+01
8.361613351877606704e+01 -6.004044387925875981e+01 -5.423517846384476115e+01
8.411682892906816278e+01 -5.991225165984121759e+01 -5.413980482726748278e+01
8.461752433936023010e+01 -5.978607680153561432e+01 -5.404605900052393963e+01
8.511821974965229742e+01 -5.966192992141930063e+01 -5.395394610821659853e+01
8.561891515994436475e+01 -5.953982049104286034e+01 -5.386347057179938247e+01
8.611961057023643207e+01 -5.941975684341502983e+01 -5.377463611889089634e+01
8.662030598052849939e+01 -5.930174621724052031e+01 -5.368744579491595914e+01
8.712100139082058092e+01 -5.918579477787477572e+01 -5.360190198522451510e+01
8.762169680111264825e+01 -5.907190765224856932e+01 -5.351800641043502083e+01
8.812239221140472978e+01 -5.896008895215106804e+01 -5.343576015786658218e+01
8.862308762169679710e+01 -5.885034181148273547e+01 -5.335516368386726072e+01
8.912378303198886442e+01 -5.874266841419500906e+01 -5.327621683593298485e+01
8.962447844228094596e+01 -5.863707002222997744e+01 -5.319891885736416270e+01
9.012517385257301328e+01 -5.853354701975820262e+01 -5.312326840705628683e+01
9.062586926286508060e+01 -5.843209892714855869e+01 -5.304926357754430910e+01
9.112656467315714792e+01 -5.833272443822113473e+01 -5.297690189965925356e+01
9.162726008344921524e+01 -5.823542146215675075e+01 -5.290618036930374046e+01
9.212795549374128257e+01 -5.814018713513848979e+01 -5.283709545210859915e+01
9.262865090403337831e+01 -5.804701787041028638e+01 -5.276964310380554934e+01
9.312934631432544563e+01 -5.795590937457507152e+01 -5.270381878885365268e+01
9.363004172461751295e+01 -5.786685668484767575e+01 -5.263961749324499806e+01
9.413073713490958028e+01 -5.777985419932281275e+01 -5.257703374313115319e+01
9.463143254520164760e+01 -5.769489570840721626e+01 -5.251606161239016046e+01
9.513212795549372913e+01 -5.761197441344609160e+01 -5.245669475755113353e+01
9.563282336578581067e+01 -5.753108297328924436e+01 -5.239892641779425730e+01
9.613351877607787799e+01 -5.745221352058922548e+01 -5.234274944521877160e+01
9.663421418636994531e+01 -5.737535769439762134e+01 -5.228815631779417572e+01
9.713490959666201263e+01 -5.730050667043303747e+01 -5.223513915740460334e+01
9.763560500695409416e+01 -5.722765118902077575e+01 -5.218368974818423567e+01
9.813630041724616149e+01 -5.715678158070420523e+01 -5.213379956503905532e+01
9.863699582753822881e+01 -5.708788779418443937e+01 -5.208545978543389765e+01
9.913769123783029613e+01 -5.702095942193170686e+01 -5.203866130478110108e+01
9.963838664812239188e+01 -5.695598573743825455e+01 -5.199339477034646961e+01
1.001390820584144592e+02 -5.689295570802403290e+01 -5.194965059558290932e+01
1.006397774687065265e+02 -5.683185802976129253e+01 -5.190741897133540306e+01
1.011404728789985938e+02 -5.677268114610103567e+01 -5.186668991149764452e+01
1.016411682892906754e+02 -5.671541328396176596e+01 -5.182745325534034464e+01
1.021418636995827427e+02 -5.666004246886348028e+01 -5.178969868730183634e+01
1.026425591098748242e+02 -5.660655655868811209e+01 -5.175341577278578598e+01
1.031432545201669058e+02 -5.655494325532106359e+01 -5.171859397271310854e+01
1.036439499304589731e+02 -5.650519014539656837e+01 -5.168522266738710869e+01
1.041446453407510404e+02 -5.645728470728261073e+01 -5.165329117402853853e+01
1.046453407510431077e+02 -5.641121434716967542e+01 -5.162278877646150477e+01
1.051460361613351751e+02 -5.636696641304058630e+01 -5.159370474592270739e+01
1.056467315716272708e+02 -5.632452822261018355e+01 -5.156602834666392710e+01
1.061474269819193381e+02 -5.628388707962346871e+01 -5.153974888462818171e+01
1.066481223922114054e+02 -5.624503029946697552e+01 -5.151485570788628365e+01
1.071488178025034728e+02 -5.620794522255653192e+01 -5.149133823661378528e+01
1.076495132127955401e+02 -5.617261924693355013e+01 -5.146918597480527069e+01
1.081502086230876074e+02 -5.613903982942917992e+01 -5.144838853937818612e+01
1.086509040333796889e+02 -5.610719452524551798e+01 -5.142893567588890846e+01
1.091515994436717563e+02 -5.607707098737353135e+01 -5.141081727832334991e+01
1.096522948539638236e+02 -5.604865698638366212e+01 -5.139402339724603053e+01
1.101529902642559051e+02 -5.602194044302211751e+01 -5.137854427123221512e+01
1.106536856745479724e+02 -5.599690941773349095e+01 -5.136437033705425392e+01
1.111543810848400540e+02 -5.597355215024197150e+01 -5.135149223841273169e+01
1.116550764951321213e+02 -5.595185705722303737e+01 -5.133990085096576195e+01
1.121557719054241886e+02 -5.593181274860160102e+01 -5.132958729047805946e+01
1.126564673157162559e+02 -5.591340804734261383e+01 -5.132054292591766398e+01
1.131571627260083233e+02 -5.589663198945106615e+01 -5.131275938818708937e+01
1.136578581363004190e+02 -5.588147383677767266e+01 -5.130622858933185171e+01
1.141585535465924863e+02 -5.586792309797363032e+01 -5.130094272254046928e+01
1.146592489568845536e+02 -5.585596952383400549e+01 -5.129689427378599476e+01
1.151599443671766352e+02 -5.584560311777511288e+01 -5.129407603346754740e+01
1.156606397774686883e+02 -5.583681414980435420e+01 -5.129248109699238967e+01
1.161613351877607698e+02 -5.582959315186360527e+01 -5.129210287292499970e+01
1.166620305980528229e+02 -5.582393092947074820e+01 -5.129293508415122460e+01
1.171627260083449187e+02 -5.581981856521213103e+01 -5.129497177369904648e+01
1.176634214186370002e+02 -5.581724742107087422e+01 -5.129820730706688892e+01
1.181641168289290533e+02 -5.581620913609856416e+01 -5.130263637455192338e+01
1.186648122392211349e+02 -5.581669563805678536e+01 -5.130825397960853707e+01
1.191655076495132022e+02 -5.581869913643220116e+01 -5.131505545863893758e+01
1.196662030598052695e+02 -5.582221212243655373e+01 -5.132303646003839503e+01
1.201668984700973368e+02 -5.582722737249912370e+01 -5.133219294652354847e+01
1.206675938803894041e+02 -5.583373793895350445e+01 -5.134252119746071230e+01
1.211682892906814999e+02 -5.584173715702252139e+01 -5.135401779489603769e+01
1.216689847009735672e+02 -5.585121863084839333e+01 -5.136667962471966575e+01
1.221696801112656345e+02 -5.586217623931349863e+01 -5.138050386735250186e+01
1.226703755215577019e+02 -5.587460412672714938e+01 -5.139548798726883660e+01
1.231710709318497834e+02 -5.588849669351236571e+01 -5.141162973066803943e+01
1.236717663421418507e+02 -5.590384859853418220e+01 -5.142892711150471996e+01
1.241724617524339322e+02 -5.592065474629396249e+01 -5.144737840799626838e+01
1.246731571627260138e+02 -5.593891028227278639e+01 -5.146698214516055714e+01
1.251738525730180669e+02 -5.595861058478237737e+01 -5.148773709132348131e+01
1.256745479833101484e+02 -5.597975125798018325e+01 -5.150964224065666031e+01
1.261752433936022157e+02 -5.600232811906369079e+01 -5.153269680619251858e+01
1.266759388038942831e+02 -5.602633719477796603e+01 -5.155690020701860021e+01
1.271766342141863788e+02 -5.605177470977412213e+01 -5.158225205430773030e+01
1.276773296244784177e+02 -5.607863707496778716e+01 -5.160875213734817635e+01
1.281780250347705135e+02 -5.610692088171833802e+01 -5.163640041772288214e+01
1.286787204450625950e+02 -5.613662288785906185e+01 -5.166519700719055663e+01
1.291794158553546481e+02 -5.616774000489147056e+01 -5.169514215953660141e+01
1.296801112656467296e+02 -5.620026929798530091e+01 -5.172623625427496563e+01
1.301808066759387827e+02 -5.623420795920299042e+01 -5.175847978733492027e+01
1.306815020862308643e+02 -5.626955331099213709e+01 -5.179187334894214700e+01
1.311821974965229458e+02 -5.630630278755904783e+01 -5.182641762245458494e+01
1.316828929068149989e+02 -5.634445391857059349e+01 -5.186211335758690666e+01
1.321835883171070805e+02 -5.638400433613912810e+01 -5.189896136517182867e+01
1.326842837273991336e+02 -5.642495173524127949e+01 -5.193696249736950676e+01
1.331849791376912435e+02 -5.646729389118024756e+01 -5.197611764068261664e+01
1.336856745479833251e+02 -5.651102862931782056e+01 -5.201642769383744280e+01
1.341863699582753782e+02 -5.655615381808945585e+01 -5.205789356487349551e+01
1.346870653685674597e+02 -5.660266735969105412e+01 -5.210051615018875282e+01
1.351877607788595128e+02 -5.665056718192988683e+01 -5.214429632056982200e+01
1.356884561891515943e+02 -5.669985121494153191e+01 -5.218923491304286699e+01
1.361891515994436759e+02 -5.675051739351818014e+01 -5.223533271573961656e+01
1.366898470097357290e+02 -5.680256364081049014e+01 -5.228259045625583212e+01
1.371905424200278105e+02 -5.685598785450326886e+01 -5.233100878884562235e+01
1.376912378303198636e+02 -5.691078789983055231e+01 -5.238058827986952792e+01
1.381919332406119452e+02 -5.696696159938926485e+01 -5.243132939906337242e+01
1.386926286509039983e+02 -5.702450672324391689e+01 -5.248323251138918977e+01
1.391933240611960798e+02 -5.708342097393813219e+01 -5.253629785608046632e+01
1.396940194714881613e+02 -5.714370198402082224e+01 -5.259052554606006424e+01
1.401947148817802145e+02 -5.720534730324050088e+01 -5.264591555105999987e+01
1.406954102920723244e+02 -5.726835438603063722e+01 -5.270246769063652437e+01
1.411961057023643775e+02 -5.733272059209173221e+01 -5.276018162020028512e+01
1.416968011126564591e+02 -5.739844316820142467e+01 -5.281905683101632576e+01
1.421974965229485406e+02 -5.746551924122957189e+01 -5.287909262924932818e+01
1.426981919332405937e+02 -5.753394582279486258e+01 -5.294028812897869329e+01
1.431988873435326752e+02 -5.760371978132513959e+01 -5.300264225951542585e+01
1.436995827538247283e+02 -5.767483785253477890e+01 -5.306615373497044175e+01
1.442002781641168099e+02 -5.774729662661900420e+01 -5.313082106323128073e+01
1.447009735744088914e+02 -5.782109253661235471e+01 -5.319664253182855873e+01
1.452016689847009729e+02 -5.789622186246322144e+01 -5.326361620826793342e+01
1.457023643949930261e+02 -5.797268071881023843e+01 -5.333173991558288662e+01
1.462030598052851076e+02 -5.805046505498228271e+01 -5.340101125081565669e+01
1.467037552155771891e+02 -5.812957063986448247e+01 -5.347142757279362968e+01
1.472044506258692422e+02 -5.820999307877843876e+01 -5.354298598495807937e+01
1.477051460361613238e+02 -5.829172778263216514e+01 -5.361568334409531644e+01
1.482058414464534053e+02 -5.837476999062107552e+01 -5.368951625058690524e+01
1.487065368567454584e+02 -5.845911475276568581e+01 -5.376448105772288955e+01
1.492072322670375399e+02 -5.854475692758330752e+01 -5.384057384434419191e+01
1.497079276773296215e+02 -5.863169118674466063e+01 -5.391779044278229094e+01
1.502086230876216746e+02 -5.871991200983518411e+01 -5.399612641299319193e+01
1.507093184979137845e+02 -5.880941368668334235e+01 -5.407557705434447826e+01
1.512100139082058092e+02 -5.890019031619647194e+01 -5.415613740234113038e+01
1.517107093184979192e+02 -5.899223579937586237e+01 -5.423780222906208337e+01
1.522114047287899723e+02 -5.908554385794320751e+01 -5.432056604668906630e+01
1.527121001390820538e+02 -5.918010800523677517e+01 -5.440442309964856804e+01
1.532127955493741354e+02 -5.927592158346431006e+01 -5.448936737858167589e+01
1.537134909596661885e+02 -5.937297774041996945e+01 -5.457539261044877321e+01
1.542141863699582700e+02 -5.947126943879754890e+01 -5.466249227861118243e+01
1.547148817802503231e+02 -5.957078945735463549e+01 -5.475065960071225390e+01
1.552155771905424047e+02 -5.967153040604659964e+01 -5.483988755457977504e+01
1.557162726008344862e+02 -5.977348470623599042e+01 -5.493016887531558723e+01
1.562169680111265393e+02 -5.987664461630390633e+01 -5.502149605966116042e+01
1.567176634214186208e+02 -5.998100221942638655e+01 -5.511386136366928667e+01
1.572183588317106739e+02 -6.008654944569332201e+01 -5.520725682686025948e+01
1.577190542420027555e+02 -6.019327805115369756e+01 -5.530167425359542221e+01
1.582197496522948654e+02 -6.030117965041188199e+01 -5.539710524334515185e+01
1.587204450625868901e+02 -6.041024570091155965e+01 -5.549354117904732675e+01
1.592211404728790001e+02 -6.052046751574141581e+01 -5.559097323678435032e+01
1.597218358831710532e+02 -6.063183627294836242e+01 -5.568939240761102383e+01
1.602225312934631347e+02 -6.074434300855261881e+01 -5.578878948576749508e+01
1.607232267037552162e+02 -6.085797863517416317e+01 -5.588915509749205057e+01
1.612239221140472694e+02 -6.097273393504781325e+01 -5.599047966937069987e+01
1.617246175243393509e+02 -6.108859958447044392e+01 -5.609275349236560260e+01
1.622253129346314324e+02 -6.120556613051792283e+01 -5.619596667874139939e+01
1.627260083449234855e+02 -6.132362402480555374e+01 -5.630010919931811486e+01
1.632267037552155955e+02 -6.144276360951823790e+01 -5.640517087910558303e+01
1.637273991655076486e+02 -6.156297513254446585e+01 -5.651114142528064122e+01
1.642280945757997301e+02 -6.168424874107347478e+01 -5.661801039269454350e+01
1.647287899860917832e+02 -6.180657450691558097e+01 -5.672576724132346726e+01
1.652294853963838648e+02 -6.192994240671157513e+01 -5.683440131181674815e+01
1.657301808066759463e+02 -6.205434234463371013e+01 -5.694390184583431846e+01
1.662308762169679994e+02 -6.217976414714701150e+01 -5.705425799295886691e+01
1.667315716272600810e+02 -6.230619756504654561e+01 -5.716545880680320124e+01
1.672322670375521341e+02 -6.243363228277064536e+01 -5.727749328269970874e+01
1.677329624478442156e+02 -6.256205792189336989e+01 -5.739035032222995625e+01
1.682336578581363256e+02 -6.269146403675892998e+01 -5.750401877768121039e+01
1.687343532684283502e+02 -6.282184012146660734e+01 -5.761848743974945819e+01
1.692350486787204602e+02 -6.295317560579621841e+01 -5.773374504845372712e+01
1.697357440890125133e+02 -6.308545987267041255e+01 -5.784978028822473561e+01
1.702364394993045948e+02 -6.321868223050603319e+01 -5.796658182952336347e+01
1.707371349095966480e+02 -6.335283193882548858e+01 -5.808413829857266819e+01
1.712378303198887295e+02 -6.348789820010767926e+01 -5.820243828070482550e+01
1.717385257301808110e+02 -6.362387015047477234e+01 -5.832147036285272179e+01
1.722392211404728641e+02 -6.376073686551296760e+01 -5.844122309338666810e+01
1.727399165507649457e+02 -6.389848736143665064e+01 -5.856168502693429900e+01
1.732406119610569988e+02 -6.403711057762609471e+01 -5.868284470007887421e+01
1.737413073713490803e+02 -6.417659539059729923e+01 -5.880469064241873411e+01
1.742420027816411618e+02 -6.431693059188307870e+01 -5.892721138908194689e+01
1.747426981919332150e+02 -6.445810490316705454e+01 -5.905039547490554241e+01
1.752433936022252965e+02 -6.460010694834397782e+01 -5.917423144462185292e+01
1.757440890125173496e+02 -6.474292526283295501e+01 -5.929870783015752522e+01
1.762447844228094596e+02 -6.488654827495099653e+01 -5.942381319254303662e+01
1.767454798331015411e+02 -6.503096430998755295e+01 -5.954953610037586031e+01
1.772461752433935942e+02 -6.517616156692145069e+01 -5.967586512749215899e+01
1.777468706536856757e+02 -6.532212812424165804e+01 -5.980278886344416378e+01
1.782475660639777288e+02 -6.546885190735099513e+01 -5.993029591113548804e+01
1.787482614742698104e+02 -6.561632069962558944e+01 -6.005837488522041667e+01
1.792489568845618919e+02 -6.576452212146011789e+01 -6.018701441188562740e+01
1.797496522948539450e+02 -6.591344360465643604e+01 -6.031620312899570990e+01
1.802503477051460266e+02 -6.606307240406511028e+01 -6.044592968605678607e+01
1.807510431154380797e+02 -6.621339555567590196e+01 -6.057618274319787588e+01
1.812517385257301612e+02 -6.636439987894607384e+01 -6.070695095894728865e+01
1.817524339360222427e+02 -6.651607195351732571e+01 -6.083822300332934674e+01
1.822531293463142958e+02 -6.666839810524595578e+01 -6.096998754971531298e+01
1.827538247566063774e+02 -6.682136438291979630e+01 -6.110223326216322448e+01
1.832545201668984305e+02 -6.697495654079591532e+01 -6.123494881113396104e+01
1.837552155771905404e+02 -6.712916002695908446e+01 -6.136812283682041880e+01
1.842559109874825651e+02 -6.728395995771040816e+01 -6.150174398872871961e+01
1.847566063977746751e+02 -6.743934108613518674e+01 -6.163580088551492508e+01
1.852573018080667566e+02 -6.759528780792368252e+01 -6.177028212138787922e+01
1.857579972183588097e+02 -6.775178411480499108e+01 -6.190517626610920843e+01
1.862586926286508913e+02 -6.790881357824889619e+01 -6.204047185509801920e+01
1.867593880389429444e+02 -6.806635934131679733e+01 -6.217615737487898286e+01
1.872600834492350259e+02 -6.822440408140880663e+01 -6.231222126657479521e+01
1.877607788595271074e+02 -6.838292998698068459e+01 -6.244865192124956366e+01
1.882614742698191606e+02 -6.854191875055892069e+01 -6.258543766361066218e+01
1.887621696801112421e+02 -6.870135153032367725e+01 -6.272256674502381202e+01
1.892628650904032952e+02 -6.886120893381064434e+01 -6.286002734467723485e+01
1.897635605006953767e+02 -6.902147100394120116e+01 -6.299780754629858848e+01
1.902642559109874583e+02 -6.918211718176951308e+01 -6.313589534863234576e+01
1.907649513212795114e+02 -6.934312629600515265e+01 -6.327427863808219399e+01
1.912656467315716213e+02 -6.950447655137156744e+01 -6.341294519453180101e+01
1.917663421418636460e+02 -6.966614548669656415e+01 -6.355188267039005723e+01
1.922670375521557560e+02 -6.982810998189722795e+01 -6.369107858942692246e+01
1.927677329624478375e+02 -6.999034622538363237e+01 -6.383052033338566389e+01
1.932684283727398906e+02 -7.015282970707391996e+01 -6.397019513150547709e+01
1.937691237830319722e+02 -7.031553520209615726e+01 -6.411009005819317963e+01
1.942698191933240253e+02 -7.047843675681849618e+01 -6.425019200974014666e+01
1.947705146036161068e+02 -7.064150768652086754e+01 -6.439048771130723026e+01
1.952712100139081883e+02 -7.080472056608175535e+01 -6.453096368665677574e+01
1.957719054242002414e+02 -7.096804721833666463e+01 -6.467160627794322636e+01
1.962726008344923230e+02 -7.113145872339134712e+01 -6.481240160147530105e+01
1.967732962447844045e+02 -7.129492540698026914e+01 -6.495333557099905875e+01
1.972739916550764576e+02 -7.145841685676475663e+01 -6.509439386277330186e+01
1.977746870653685392e+02 -7.162190191884053547e+01 -6.523556192721110847e+01
1.982753824756605923e+02 -7.178534871403587658e+01 -6.537682496792507436e+01
1.987760778859527022e+02 -7.194872464955312807e+01 -6.551816793939900663e+01
1.992767732962447838e+02 -7.211199643526686032e+01 -6.565957554465961721e+01
1.997774687065368369e+02 -7.227513010584277708e+01 -6.580103221199345853e+01
2.002781641168289184e+02 -7.243809103936416705e+01 -6.594252211357337501e+01
2.007788595271209999e+02 -7.260084399691311319e+01 -6.608402913751882579e+01
2.012795549374130530e+02 -7.276335314352525074e+01 -6.622553690302987661e+01
2.017802503477051346e+02 -7.292558209475589592e+01 -6.636702873943244185e+01
2.022809457579971877e+02 -7.308749394461972315e+01 -6.650848769781981673e+01
2.027816411682892692e+02 -7.324905131914181311e+01 -6.664989653941114511e+01
2.032823365785813508e+02 -7.341021641244640250e+01 -6.679123774602879848e+01
2.037830319888734039e+02 -7.357095105427777071e+01 -6.693249350845684376e+01
2.042837273991654854e+02 -7.373121675190975566e+01 -6.707364573808257546e+01
2.047844228094575953e+02 -7.389097475068172116e+01 -6.721467606456820931e+01
2.052851182197496485e+02 -7.405018609104206462e+01 -6.735556583585088219e+01
2.057858136300417300e+02 -7.420881169003894229e+01 -6.749629614375402298e+01
2.062865090403338115e+02 -7.436681237624486585e+01 -6.763684780303259458e+01
2.067872044506258646e+02 -7.452414899685879845e+01 -6.777720138164107766e+01
2.072878998609179462e+02 -7.468078245495905776e+01 -6.791733719374855127e+01
2.077885952712099993e+02 -7.483667380147142012e+01 -6.805723532535006370e+01
2.082892906815020808e+02 -7.499178430501831372e+01 -6.819687563659493890e+01
2.087899860917941623e+02 -7.514607552875293095e+01 -6.833623777575661506e+01
2.092906815020862155e+02 -7.529950939555180867e+01 -6.847530120484401550e+01
2.097913769123782970e+02 -7.545204827532631953e+01 -6.861404519727324214e+01
2.102920723226703501e+02 -7.560365506418509085e+01 -6.875244887512047853e+01
2.107927677329624316e+02 -7.575429323565674622e+01 -6.889049121145029630e+01
2.112934631432545416e+02 -7.590392694546369512e+01 -6.902815106291194525e+01
2.117941585535465663e+02 -7.605252108507318098e+01 -6.916540718370919194e+01
2.122948539638386762e+02 -7.620004134688986142e+01 -6.930223824655507769e+01
2.127955493741307293e+02 -7.634645431273145277e+01 -6.943862287992482152e+01
2.132962447844228109e+02 -7.649172750737977822e+01 -6.957453966339920726e+01
2.137969401947148924e+02 -7.663582944747520287e+01 -6.970996719052885737e+01
2.142976356050069455e+02 -7.677872972300735910e+01 -6.984488405719270077e+01
2.147983310152990271e+02 -7.692039904620958168e+01 -6.997926891747732725e+01
2.152990264255910802e+02 -7.706080929812503655e+01 -7.011310049764682617e+01
2.157997218358831617e+02 -7.719993356120301087e+01 -7.024635762408246364e+01
2.163004172461752148e+02 -7.733774620078963835e+01 -7.037901924656574693e+01
2.168011126564672963e+02 -7.747422286279959280e+01 -7.051106447669548061e+01
2.173018080667593779e+02 -7.760934052493882973e+01 -7.064247261349913742e+01
2.178025034770514310e+02 -7.774307753395748932e+01 -7.077322316438761618e+01
2.183031988873435125e+02 -7.787541360564989645e+01 -7.090329587775153186e+01
2.188038942976355656e+02 -7.800632986210746367e+01 -7.103267077439335253e+01
2.193045897079276472e+02 -7.813580884103191693e+01 -7.116132816455314014e+01
2.198052851182197571e+02 -7.826383449107868273e+01 -7.128924868690768335e+01
2.203059805285118102e+02 -7.839039220445317824e+01 -7.141641332341345105e+01
2.208066759388038918e+02 -7.851546878198621471e+01 -7.154280343364911232e+01
2.213073713490959449e+02 -7.863905245408875544e+01 -7.166840077300543044e+01
2.218080667593880264e+02 -7.876113285514054496e+01 -7.179318751829663370e+01
2.223087621696801079e+02 -7.888170102349010904e+01 -7.191714629220763300e+01
2.228094575799721611e+02 -7.900074937118677099e+01 -7.204026017959216688e+01
2.233101529902642426e+02 -7.911827166768250663e+01 -7.216251275483040217e+01
2.238108484005562957e+02 -7.923426301422057350e+01 -7.228388809579877261e+01
2.243115438108483772e+02 -7.934871981822414000e+01 -7.240437079201905135e+01
2.248122392211404588e+02 -7.946163975371507604e+01 -7.252394598889617328e+01
2.253129346314325119e+02 -7.957302174734411437e+01 -7.264259936967386011e+01
2.258136300417245934e+02 -7.968286590854165752e+01 -7.276031719268752340e+01
2.263143254520166465e+02 -7.979117353650269706e+01 -7.287708628205103878e+01
2.268150208623087565e+02 -7.989794702938286264e+01 -7.299289406490964893e+01
2.273157162726008380e+02 -8.000318988429842193e+01 -7.310772855747012500e+01
2.278164116828928911e+02 -8.010690663289068425e+01 -7.322157836965737943e+01
2.283171070931849727e+02 -8.020910280118988567e+01 -7.333443273305414323e+01
2.288178025034770258e+02 -8.030978487140448863e+01 -7.344628149158774022e+01
2.293184979137691073e+02 -8.040896021890432621e+01 -7.355711509454516772e+01
2.298191933240611604e+02 -8.050663709216951247e+01 -7.366692462218446735e+01
2.303198887343532704e+02 -8.060282454383903428e+01 -7.377570175313843492e+01
2.308205841446453235e+02 -8.069753239668081335e+01 -7.388343879759298716e+01
2.313212795549373766e+02 -8.079077119234014503e+01 -7.399012867080267597e+01
2.318219749652294297e+02 -8.088255215574676527e+01 -7.409576489309068847e+01
2.323226703755215397e+02 -8.097288712791930720e+01 -7.420034159043092359e+01
2.328233657858135928e+02 -8.106178855457091004e+01 -7.430385348455268968e+01
2.333240611961056459e+02 -8.114926941416911177e+01 -7.440629588042605747e+01
2.338247566063977843e+02 -8.123534319018796168e+01 -7.450766467091847289e+01
2.343254520166898374e+02 -8.132002382218715297e+01 -7.460795630303431381e+01
2.348261474269818621e+02 -8.140332567694073873e+01 -7.470716779886964787e+01
2.353268428372740004e+02 -8.148526350054356726e+01 -7.480529671603102315e+01
2.358275382475660535e+02 -8.156585237845182235e+01 -7.490234116044115353e+01
2.363282336578581067e+02 -8.164510770153123076e+01 -7.499829973977278996e+01
2.368289290681501882e+02 -8.172304514239604600e+01 -7.509317159022424448e+01
2.373296244784422697e+02 -8.179968060109727901e+01 -7.518695633169949133e+01
2.378303198887343228e+02 -8.187503018963799661e+01 -7.527965407246477980e+01
2.383310152990264044e+02 -8.194911019438727351e+01 -7.537126537538819093e+01
2.388317107093184859e+02 -8.202193704254341355e+01 -7.546179127074532289e+01
2.393324061196105390e+02 -8.209352728722362258e+01 -7.555123319975785989e+01
2.398331015299026205e+02 -8.216389756595282279e+01 -7.563959304369740266e+01
2.403337969401946737e+02 -8.223306458517421902e+01 -7.572687307782865673e+01
2.408344923504867552e+02 -8.230104508985604639e+01 -7.581307596704385787e+01
2.413351877607788083e+02 -8.236785584825794615e+01 -7.589820474563560992e+01
2.418358831710709183e+02 -8.243351362333770282e+01 -7.598226280361808449e+01
2.423365785813629998e+02 -8.249803515777080065e+01 -7.606525386919196308e+01
2.428372739916550529e+02 -8.256143715723752052e+01 -7.614718199943121135e+01
2.433379694019471344e+02 -8.262373626040462682e+01 -7.622805154768678904e+01
2.438386648122392160e+02 -8.268494904061830653e+01 -7.630786717289987564e+01
2.443393602225312691e+02 -8.274509197577788200e+01 -7.638663379128951192e+01
2.448400556328233506e+02 -8.280418144593295438e+01 -7.646435659788943440e+01
2.453407510431154037e+02 -8.286223370767353913e+01 -7.654104102813101917e+01
2.458414464534074853e+02 -8.291926489554589352e+01 -7.661669274038098365e+01
2.463421418636995668e+02 -8.297529100397137825e+01 -7.669131761826969296e+01
2.468428372739916199e+02 -8.303032787160162798e+01 -7.676492174100525290e+01
2.473435326842837014e+02 -8.308439118396242407e+01 -7.683751138104520351e+01
2.478442280945758114e+02 -8.313749646001666349e+01 -7.690909298779837400e+01
2.483449235048678645e+02 -8.318965904143934154e+01 -7.697967315968520552e+01
2.488456189151599460e+02 -8.324089408725586736e+01 -7.704925866043589622e+01
2.493463143254520276e+02 -8.329121657281646662e+01 -7.711785637019596606e+01
2.498470097357440807e+02 -8.334064127896229479e+01 -7.718547331346593410e+01
2.503477051460361338e+02 -8.338918278340484846e+01 -7.725211661952010900e+01
2.508484005563282153e+02 -8.343685547258493784e+01 -7.731779350378013760e+01
2.513490959666202968e+02 -8.348367351520744251e+01 -7.738251130041129500e+01
2.518497913769123500e+02 -8.352965088277152006e+01 -7.744627739712990433e+01
2.523504867872044315e+02 -8.357480132495777525e+01 -7.750909926314301401e+01
2.528511821974965130e+02 -8.361913838523669540e+01 -7.757098443052194625e+01
2.533518776077885661e+02 -8.366267538804626724e+01 -7.763194047091923267e+01
2.538525730180806477e+02 -8.370542544373901706e+01 -7.769197500488184005e+01
2.543532684283727576e+02 -8.374740144516792384e+01 -7.775109568555302531e+01
2.548539638386647823e+02 -8.378861606681766716e+01 -7.780931018470249683e+01
2.553546592489568354e+02 -8.382908176117584276e+01 -7.786662619738302737e+01
2.558553546592489738e+02 -8.386881077107473459e+01 -7.792305142330400258e+01
2.563560500695410269e+02 -8.390781511597884901e+01 -7.797859356217480808e+01
2.568567454798330800e+02 -8.394610659861477586e+01 -7.803326031603313595e+01
2.573574408901251900e+02 -8.398369680796110970e+01 -7.808705936363361388e+01
2.578581363004172431e+02 -8.402059711522096563e+01 -7.813999837791010350e+01
2.583588317107092962e+02 -8.405681868024855419e+01 -7.819208500036432952e+01
2.588595271210013493e+02 -8.409237244691698265e+01 -7.824332684863287568e+01
2.593602225312934593e+02 -8.412726915480490675e+01 -7.829373149786073327e+01
2.598609179415855124e+02 -8.416151932716539363e+01 -7.834330648768622041e+01
2.603616133518775655e+02 -8.419513328349481185e+01 -7.839205931758436918e+01
2.608623087621696754e+02 -8.422812114070200096e+01 -7.843999742882255077e+01
2.613630041724617286e+02 -8.426049281005312253e+01 -7.848712821726616085e+01
2.618636995827537817e+02 -8.429225800175714767e+01 -7.853345901824462771e+01
2.623643949930458916e+02 -8.432342622858185166e+01 -7.857899710655141234e+01
2.628650904033379447e+02 -8.435400680538491258e+01 -7.862374969411570191e+01
2.633657858136299978e+02 -8.438400885807251939e+01 -7.866772392068918407e+01
2.638664812239220510e+02 -8.441344131579961640e+01 -7.871092686432342589e+01
2.643671766342141609e+02 -8.444231292444290204e+01 -7.875336552041511595e+01
2.648678720445062140e+02 -8.447063224030476647e+01 -7.879504681218344331e+01
2.653685674547982671e+02 -8.449840763488829509e+01 -7.883597758310310155e+01
2.658692628650904339e+02 -8.452564730531717885e+01 -7.887616459923259526e+01
2.663699582753824870e+02 -8.455235926496419552e+01 -7.891561453640855461e+01
2.668706536856744833e+02 -8.457855135234323996e+01 -7.895433399305142075e+01
2.673713490959666501e+02 -8.460423123551676383e+01 -7.899232947444937736e+01
2.678720445062587032e+02 -8.462940641124603758e+01 -7.902960740439988285e+01
2.683727399165507563e+02 -8.465408420764040898e+01 -7.906617410658321887e+01
2.688734353268428094e+02 -8.467827179153030670e+01 -7.910203582551724821e+01
2.693741307371349194e+02 -8.470197616487070036e+01 -7.913719870152812064e+01
2.698748261474269725e+02 -8.472520416980549385e+01 -7.917166878937672436e+01
2.703755215577190256e+02 -8.474796248951885502e+01 -7.920545204137846440e+01
2.708762169680111356e+02 -8.477025766001140994e+01 -7.923855432253725439e+01
2.713769123783031887e+02 -8.479209605887129442e+01 -7.927098139482944816e+01
2.718776077885952418e+02 -8.481348391455641433e+01 -7.930273892418875903e+01
2.723783031988873518e+02 -8.483442731549050109e+01 -7.933383247876002997e+01
2.728789986091794049e+02 -8.485493219600621728e+01 -7.936426753239169329e+01
2.733796940194714580e+02 -8.487500435858729020e+01 -7.939404944950177878e+01
2.738803894297635111e+02 -8.489464945535445395e+01 -7.942318350603267163e+01
2.743810848400556210e+02 -8.491387301215638672e+01 -7.945167487082466096e+01
2.748817802503476742e+02 -8.493268041146723135e+01 -7.947952861725747198e+01
2.753824756606397273e+02 -8.495107690712383430e+01 -7.950674971510119349e+01
2.758831710709318372e+02 -8.496906762594737472e+01 -7.953334303400873750e+01
2.763838664812238903e+02 -8.498665755965986079e+01 -7.955931334584414572e+01
2.768845618915159434e+02 -8.500385157893165911e+01 -7.958466531536936373e+01
2.773852573018079966e+02 -8.502065442672730455e+01 -7.960940351537823290e+01
2.778859527121001065e+02 -8.503707073180152065e+01 -7.963353241156249851e+01
2.783866481223921596e+02 -8.505310499390745349e+01 -7.965705637182503551e+01
2.788873435326842127e+02 -8.506876160146808274e+01 -7.967997966627984852e+01
2.793880389429763227e+02 -8.508404482505187616e+01 -7.970230645561053962e+01
2.798887343532683758e+02 -8.509895882197240269e+01 -7.972404080969675988e+01
2.803894297635604289e+02 -8.511350763928163587e+01 -7.974518669597267717e+01
2.808901251738525957e+02 -8.512769520751291452e+01 -7.976574797942697614e+01
2.813908205841446488e+02 -8.514152535737051153e+01 -7.978572842958777755e+01
2.818915159944367019e+02 -8.515500180573000932e+01 -7.980513171353771895e+01
2.823922114047287550e+02 -8.516812816968659661e+01 -7.982396140057056755e+01
2.828929068150208650e+02 -8.518090796373320472e+01 -7.984222096219122022e+01
2.833936022253129181e+02 -8.519334459315140862e+01 -7.985991377327985674e+01
2.838942976356049712e+02 -8.520544137204079504e+01 -7.987704310743532687e+01
2.843949930458970812e+02 -8.521720151303298962e+01 -7.989361214163176328e+01
2.848956884561891343e+02 -8.522862812679028366e+01 -7.990962395621858150e+01
2.853963838664811874e+02 -8.523972423496321937e+01 -7.992508153608463317e+01
2.858970792767732974e+02 -8.525049276161499279e+01 -7.993998776832989961e+01
2.863977746870653505e+02 -8.526093654004120026e+01 -7.995434544226549178e+01
2.868984700973574036e+02 -8.527105830903980177e+01 -7.996815725639856964e+01
2.873991655076494567e+02 -8.528086071949716995e+01 -7.998142580911911637e+01
2.878998609179415666e+02 -8.529034633394333298e+01 -7.999415360568485767e+01
2.884005563282336198e+02 -8.529951762211493360e+01 -8.000634305822126180e+01
2.889012517385257297e+02 -8.530837697405920039e+01 -8.001799648008915256e+01
2.894019471488177828e+02 -8.531692668968344151e+01 -8.002911609758382383e+01
2.899026425591098359e+02 -8.532516898302338859e+01 -8.003970404051599985e+01
2.904033379694019459e+02 -8.533310599116290973e+01 -8.004976234486186115e+01
2.909040333796939990e+02 -8.534073976066665068e+01 -8.005929295373476862e+01
2.914047287899860521e+02 -8.534807226272442904e+01 -8.006829771828768116e+01
2.919054242002781621e+02 -8.535510538493019794e+01 -8.007677840088081211e+01
2.924061196105702152e+02 -8.536184093610526702e+01 -8.008473666891322296e+01
2.929068150208622683e+02 -8.536828064499349011e+01 -8.009217409791841646e+01
2.934075104311543782e+02 -8.537442616380788252e+01 -8.009909217808113624e+01
2.939082058414464314e+02 -8.538027906646658494e+01 -8.010549230157155876e+01
2.944089012517384845e+02 -8.538584085193897977e+01 -8.011137577625277117e+01
2.949095966620305944e+02 -8.539111294236781191e+01 -8.011674381655777211e+01
2.954102920723226475e+02 -8.539609668462645686e+01 -8.012159754964372382e+01
2.959109874826147006e+02 -8.540079334953209411e+01 -8.012593801406234206e+01
2.964116828929068106e+02 -8.540520413539780975e+01 -8.012976615585472473e+01
2.969123783031988637e+02 -8.540933016782311427e+01 -8.013308283607584315e+01
2.974130737134909168e+02 -8.541317249997686645e+01 -8.013588882430707372e+01
2.979137691237830268e+02 -8.541673211131450216e+01 -8.013818480716942361e+01
2.984144645340750799e+02 -8.542000991087645900e+01 -8.013997137535460524e+01
2.989151599443671330e+02 -8.542300673351226692e+01 -8.014124903928771460e+01
2.994158553546592429e+02 -8.542572334404800927e+01 -8.014201821967097317e+01
2.999165507649512961e+02 -8.542816044052688085e+01 -8.014227924866497688e+01
3.004172461752433492e+02 -8.543031864525841002e+01 -8.014203237401760305e+01
3.009179415855354023e+02 -8.543219851408227328e+01 -8.014127775307895263e+01
3.014186369958275691e+02 -8.543380053096271354e+01 -8.014001546027134282e+01
3.019193324061196222e+02 -8.543512511322838066e+01 -8.013824548503818335e+01
3.024200278164116185e+02 -8.543617260486450959e+01 -8.013596772273572810e+01
3.029207232267037853e+02 -8.543694328469368315e+01 -8.013318199436932332e+01
3.034214186369958384e+02 -8.543743735885243495e+01 -8.012988802399028998e+01
3.039221140472878915e+02 -8.543765496697818662e+01 -8.012608545747673361e+01
3.044228094575799446e+02 -8.543759618080161999e+01 -8.012177385097947990e+01
3.049235048678720545e+02 -8.543726100203548413e+01 -8.011695268012833537e+01
3.054242002781641077e+02 -8.543664936171705904e+01 -8.011162132946407155e+01
3.059248956884561608e+02 -8.543576112507113862e+01 -8.010577910673130475e+01
3.064255910987482707e+02 -8.543459608621503776e+01 -8.009942522438575452e+01
3.069262865090403238e+02 -8.543315397491815588e+01 -8.009255881801661303e+01
3.074269819193323769e+02 -8.543143444677389198e+01 -8.008517893334132509e+01
3.079276773296244869e+02 -8.542943709019110088e+01 -8.007728453923293443e+01
3.084283727399165400e+02 -8.542716142337837937e+01 -8.006887451082637597e+01
3.089290681502085931e+02 -8.542460689664798679e+01 -8.005994764405448905e+01
3.094297635605006462e+02 -8.542177289297765697e+01 -8.005050264874122945e+01
3.099304589707927562e+02 -8.541865871952003886e+01 -8.004053815418306783e+01
3.104311543810848093e+02 -8.541526361660547195e+01 -8.003005270121630588e+01
3.109318497913768624e+02 -8.541158675355580954e+01 -8.001904474957753166e+01
3.114325452016689724e+02 -8.540762722711895094e+01 -8.000751267314606707e+01
3.119332406119610255e+02 -8.540338406579832053e+01 -7.999545476422129298e+01
3.124339360222530786e+02 -8.539885622413018496e+01 -7.998286923416374350e+01
3.129346314325451885e+02 -8.539404258566098349e+01 -7.996975420065639639e+01
3.134353268428372417e+02 -8.538894195844758883e+01 -7.995610770792184496e+01
3.139360222531292948e+02 -8.538355308007358246e+01 -7.994192771287119115e+01
3.144367176634213479e+02 -8.537787461544979806e+01 -7.992721208976065839e+01
3.149374130737134578e+02 -8.537190514890451709e+01 -7.991195863601235772e+01
3.154381084840055109e+02 -8.536564319655931854e+01 -7.989616505358783627e+01
3.159388038942975641e+02 -8.535908719787886412e+01 -7.987982897343529487e+01
3.164394993045897309e+02 -8.535223551165758238e+01 -7.986294793453483010e+01
3.169401947148817840e+02 -8.534508642189956618e+01 -7.984551940136073256e+01
3.174408901251737802e+02 -8.533763813745007099e+01 -7.982754075456826115e+01
3.179415855354659470e+02 -8.532988878279277856e+01 -7.980900929332194949e+01
3.184422809457580001e+02 -8.532183640903274124e+01 -7.978992222831068659e+01
3.189429763560500533e+02 -8.531347898398392715e+01 -7.977027670037416840e+01
3.194436717663421064e+02 -8.530481439006683786e+01 -7.975006975605568016e+01
3.199443671766342163e+02 -8.529584043834688600e+01 -7.972929837321346724e+01
3.204450625869262694e+02 -8.528655484497424766e+01 -7.970795944472259009e+01
3.209457579972183225e+02 -8.527695525027588985e+01 -7.968604977847492421e+01
3.214464534075104325e+02 -8.526703920529253367e+01 -7.966356611251315201e+01
3.219471488178024856e+02 -8.525680417522853816e+01 -7.964050509407600487e+01
3.224478442280945387e+02 -8.524624753973984070e+01 -7.961686330295408709e+01
3.229485396383865918e+02 -8.523536658617047124e+01 -7.959263723024407966e+01
3.234492350486787018e+02 -8.522415851764108652e+01 -7.956782329741174919e+01
3.239499304589707549e+02 -8.521262044272526737e+01 -7.954241784086691780e+01
3.244506258692628649e+02 -8.520074937802692716e+01 -7.951641713080819329e+01
3.249513212795549180e+02 -8.518854224716517365e+01 -7.948981734619367501e+01
3.254520166898469711e+02 -8.517599588028500079e+01 -7.946261460588205239e+01
3.259527121001390810e+02 -8.516310700766754849e+01 -7.943480494389434909e+01
3.264534075104311910e+02 -8.514987226516757346e+01 -7.940638432585758721e+01
3.269541029207232441e+02 -8.513628818968047085e+01 -7.937734863678117847e+01
3.274547983310152972e+02 -8.512235121821764494e+01 -7.934769369851922249e+01
3.279554937413073503e+02 -8.510805768292811990e+01 -7.931741525783793634e+01
3.284561891515994603e+02 -8.509340381165954170e+01 -7.928650898408734804e+01
3.289568845618915134e+02 -8.507838573204499255e+01 -7.925497049423059082e+01
3.294575799721835665e+02 -8.506299945938022233e+01 -7.922279532024761295e+01
3.299582753824756765e+02 -8.504724090685400029e+01 -7.918997893416447198e+01
3.304589707927677296e+02 -8.503110587187774172e+01 -7.915651674223256862e+01
3.309596662030597827e+02 -8.501459003875717713e+01 -7.912240408201826369e+01
3.314603616133518926e+02 -8.499768898502708225e+01 -7.908763623695479339e+01
3.319610570236439457e+02 -8.498039816806956992e+01 -7.905220842586489027e+01
3.324617524339359989e+02 -8.496271292424695787e+01 -7.901611579714001721e+01
3.329624478442280520e+02 -8.494462848092129548e+01 -7.897935345318758493e+01
3.334631432545201619e+02 -8.492613993606056511e+01 -7.894191643238657718e+01
3.339638386648122150e+02 -8.490724226710550226e+01 -7.890379972771400219e+01
3.344645340751042681e+02 -8.488793032337005684e+01 -7.886499827292057319e+01
3.349652294853963781e+02 -8.486819883213345861e+01 -7.882550694427693827e+01
3.354659248956884312e+02 -8.484804238824746392e+01 -7.878532058181947662e+01
3.359666203059804843e+02 -8.482745545389190056e+01 -7.874443397479838325e+01
3.364673157162726511e+02 -8.480643236173833088e+01 -7.870284186356941802e+01
3.369680111265647042e+02 -8.478496730335449172e+01 -7.866053895007128460e+01
3.374687065368567005e+02 -8.476305434428853403e+01 -7.861751989840770705e+01
3.379694019471487536e+02 -8.474068739343438494e+01 -7.857377933397431491e+01
3.384700973574409204e+02 -8.471786022914702130e+01 -7.852931184753317950e+01
3.389707927677329735e+02 -8.469456648645359564e+01 -7.848411200598123116e+01
3.394714881780250266e+02 -8.467079964133796466e+01 -7.843817433808938233e+01
3.399721835883171366e+02 -8.464655303482862791e+01 -7.839149335865870682e+01
3.404728789986091897e+02 -8.462181985397502615e+01 -7.834406353912557108e+01
3.409735744089012428e+02 -8.459659312438859047e+01 -7.829587936314995034e+01
3.414742698191932959e+02 -8.457086572641806299e+01 -7.824693527451957209e+01
3.419749652294854059e+02 -8.454463037308057949e+01 -7.819722572022358520e+01
3.424756606397774590e+02 -8.451787962460228698e+01 -7.814674512629638059e+01
3.429763560500695121e+02 -8.449060587637723074e+01 -7.809548793041388137e+01
3.434770514603616220e+02 -8.446280135357505969e+01 -7.804344856326709134e+01
3.439777468706536752e+02 -8.443445812427846420e+01 -7.799062145089040143e+01
3.444784422809457283e+02 -8.440556808494199004e+01 -7.793700103794465406e+01
3.449791376912378382e+02 -8.437612295024709397e+01 -7.788258177840391738e+01
3.454798331015298913e+02 -8.434611427345430457e+01 -7.782735814763357496e+01
3.459805285118219444e+02 -8.431553342605900525e+01 -7.777132463453229150e+01
3.464812239221139976e+02 -8.428437160658765492e+01 -7.771447575462873658e+01
3.469819193324061075e+02 -8.425261982598146915e+01 -7.765680605590235075e+01
3.474826147426981606e+02 -8.422026892236948470e+01 -7.759831011572744330e+01
3.479833101529902137e+02 -8.418730954222340301e+01 -7.753898257365138136e+01
3.484840055632823237e+02 -8.415373214903230803e+01 -7.747881809224993788e+01
3.489847009735743768e+02 -8.411952702445289276e+01 -7.741781137393475376e+01
3.494853963838664299e+02 -8.408468425593792972e+01 -7.735595721726924978e+01
3.499860917941585399e+02 -8.404919373395711091e+01 -7.729325044409991108e+01
3.504867872044505930e+02 -8.401304517128760097e+01 -7.722968595543564163e+01
3.509874826147426461e+02 -8.397622807874427053e+01 -7.716525871747792564e+01
3.514881780250346992e+02 -8.393873177499565941e+01 -7.709996378999706224e+01
3.519888734353268660e+02 -8.390054537664036616e+01 -7.703379629136436790e+01
3.524895688456189191e+02 -8.386165782141162595e+01 -7.696675144791045398e+01
3.529902642559109154e+02 -8.382205783108685182e+01 -7.689882455583104104e+01
3.534909596662030822e+02 -8.378173393693501225e+01 -7.683001104116813451e+01
3.539916550764951353e+02 -8.374067447384135221e+01 -7.676030640796200544e+01
3.544923504867871884e+02 -8.369886758360449619e+01 -7.668970626124321655e+01
3.549930458970792415e+02 -8.365630119907356743e+01 -7.661820635476290420e+01
3.554937413073713515e+02 -8.361296306814676882e+01 -7.654580254151626661e+01
3.559944367176634046e+02 -8.356884072889053527e+01 -7.647249079353316858e+01
3.564951321279554577e+02 -8.352392153780158424e+01 -7.639826723418339327e+01
3.569958275382475676e+02 -8.347819264757222868e+01 -7.632312808664467241e+01
3.574965229485396208e+02 -8.343164102226160139e+01 -7.624706975690317279e+01
3.579972183588316739e+02 -8.338425343964513559e+01 -7.617008877492737895e+01
3.584979137691237838e+02 -8.333601647889780395e+01 -7.609218181325820751e+01
3.589986091794158369e+02 -8.328691654004754241e+01 -7.601334571121958561e+01
3.594993045897078900e+02 -8.323693984745307262e+01 -7.593357747664674662e+01
3.600000000000000000e+02 -8.318607243235661031e+01 -7.585287426260299526e+01
