# lons lats(polar edge) lats(equatorward edge)
0.000000000000000000e+00 7.161612045019865036e+01 6.693376917438581586e+01
5.006954102920723182e-01 7.165135940536856651e+01 6.696585423359647393e+01
1.001390820584144636e+00 7.168617093469947577e+01 6.699745379434898496e+01
1.502086230876216844e+00 7.172055795323103666e+01 6.702857179613556582e+01
2.002781641168289273e+00 7.175452338415198028e+01 6.705921217396235079e+01
2.503477051460361480e+00 7.178807015763595700e+01 6.708937885614670904e+01
3.004172461752433687e+00 7.182120121084153652e+01 6.711907580404169948e+01
3.504867872044505894e+00 7.185391948965843767e+01 6.714830695007788108e+01
4.005563282336578546e+00 7.188622794754337519e+01 6.717707624662818944e+01
4.506258692628650309e+00 7.191812954319175333e+01 6.720538764963077938e+01
5.006954102920722960e+00 7.194962723820935935e+01 6.723324511853964225e+01
5.507649513212795611e+00 7.198072400002274662e+01 6.726065259847776190e+01
6.008344923504867374e+00 7.201142280420754105e+01 6.728761404479959651e+01
6.509040333796940025e+00 7.204172662981363828e+01 6.731413341669471606e+01
7.009735744089011789e+00 7.207163845478135045e+01 6.734021466767521247e+01
7.510431154381083552e+00 7.210116126922002877e+01 6.736586174152839135e+01
8.011126564673157091e+00 7.213029805452606524e+01 6.739107860874432276e+01
8.511821974965229742e+00 7.215905181130437995e+01 6.741586920525227811e+01
9.012517385257300617e+00 7.218742552619005437e+01 6.744023749091942932e+01
9.513212795549373268e+00 7.221542220269839163e+01 6.746418740389421487e+01
1.001390820584144592e+01 7.224304483910600538e+01 6.748772289625853205e+01
1.051460361613352035e+01 7.227029643659989233e+01 6.751084791169054711e+01
1.101529902642559122e+01 7.229718000051434501e+01 6.753356639375928694e+01
1.151599443671766032e+01 7.232369854003991350e+01 6.755588226798940354e+01
1.201668984700973475e+01 7.234985506516750320e+01 6.757779948959145599e+01
1.251738525730180740e+01 7.237565258406903013e+01 6.759932197932434406e+01
1.301808066759388005e+01 7.240109411888624891e+01 6.762045366991591777e+01
1.351877607788595093e+01 7.242618267662692233e+01 6.764119849842322196e+01
1.401947148817802358e+01 7.245092127943280502e+01 6.766156038575067555e+01
1.452016689847009623e+01 7.247531295060980483e+01 6.768154325152940487e+01
1.502086230876216710e+01 7.249936071229967638e+01 6.770115103006978075e+01
1.552155771905424153e+01 7.252306759130078717e+01 6.772038763289023677e+01
1.602225312934631418e+01 7.254643661208319827e+01 6.773925698262323181e+01
1.652294853963838506e+01 7.256947081134057953e+01 6.775776298795931041e+01
1.702364394993045948e+01 7.259217322169206454e+01 6.777590957549504935e+01
1.752433936022252681e+01 7.261454687517471029e+01 6.779370064926438033e+01
1.802503477051460123e+01 7.263659481954164221e+01 6.781114013013534247e+01
1.852573018080667566e+01 7.265832009352379828e+01 6.782823193490143865e+01
1.902642559109874654e+01 7.267972574429222732e+01 6.784497996420354582e+01
1.952712100139081741e+01 7.270081482571185916e+01 6.786138813134270720e+01
2.002781641168289184e+01 7.272159039077450871e+01 6.787746035660488531e+01
2.052851182197496627e+01 7.274205549654652714e+01 6.789320054630620405e+01
2.102920723226704069e+01 7.276221320998956799e+01 6.790861261709464713e+01
2.152990264255910802e+01 7.278206659748320817e+01 6.792370047965191304e+01
2.203059805285118244e+01 7.280161873006363749e+01 6.793846805659227073e+01
2.253129346314325332e+01 7.282087268691611825e+01 6.795291925626911222e+01
2.303198887343532064e+01 7.283983155071837245e+01 6.796705801002785563e+01
2.353268428372739507e+01 7.285849840873197536e+01 6.798088823291577398e+01
2.403337969401946950e+01 7.287687635658585350e+01 6.799441385860659182e+01
2.453407510431154037e+01 7.289496849551142077e+01 6.800763881146080791e+01
2.503477051460361480e+01 7.291277793263361673e+01 6.802056703446537256e+01
2.553546592489568567e+01 7.293030777740568737e+01 6.803320245347235584e+01
2.603616133518776010e+01 7.294756115674317698e+01 6.804554901547048473e+01
2.653685674547983453e+01 7.296454119057671051e+01 6.805761067890811944e+01
2.703755215577190185e+01 7.298125101979167084e+01 6.806939138793636346e+01
2.753824756606397628e+01 7.299769378061682801e+01 6.808089510416861856e+01
2.803894297635604715e+01 7.301387263139986317e+01 6.809212579794943565e+01
2.853963838664812158e+01 7.302979072466769139e+01 6.810308744369790190e+01
2.904033379694019246e+01 7.304545123040952603e+01 6.811378402107179397e+01
2.954102920723226333e+01 7.306085732443534653e+01 6.812421951962419087e+01
3.004172461752433421e+01 7.307601218837589840e+01 6.813439793938555056e+01
3.054242002781640863e+01 7.309091901899591903e+01 6.814432328533398220e+01
3.104311543810848306e+01 7.310558101713468204e+01 6.815399957554431865e+01
3.154381084840055394e+01 7.312000139701922308e+01 6.816343083012866089e+01
3.204450625869262836e+01 7.313418338160772691e+01 6.817262109219113597e+01
3.254520166898469569e+01 7.314813020026122103e+01 6.818157440163444960e+01
3.304589707927677011e+01 7.316184509863887797e+01 6.819029481844295049e+01
3.354659248956884454e+01 7.317533132938478957e+01 6.819878640696656191e+01
3.404728789986091897e+01 7.318859215678457986e+01 6.820705324989062035e+01
3.454798331015298629e+01 7.320163085443709861e+01 6.821509943688538158e+01
3.504867872044505361e+01 7.321445070525442134e+01 6.822292907042678678e+01
3.554937413073713515e+01 7.322705500844676862e+01 6.823054626696061575e+01
3.605006954102920247e+01 7.323944707020928035e+01 6.823795515690248692e+01
3.655076495132127690e+01 7.325163021070693503e+01 6.824515987765293801e+01
3.705146036161335132e+01 7.326360775708963047e+01 6.825216458873141789e+01
3.755215577190541865e+01 7.327538305047710310e+01 6.825897346013475442e+01
3.805285118219749307e+01 7.328695944363062154e+01 6.826559066535223508e+01
3.855354659248956750e+01 7.329834030095298658e+01 6.827202040930528426e+01
3.905424200278163482e+01 7.330952899848853122e+01 6.827826690157193923e+01
3.955493741307371636e+01 7.332052891926650773e+01 6.828433436104346299e+01
4.005563282336578368e+01 7.333134346494261990e+01 6.829022703455079579e+01
4.055632823365785811e+01 7.334197604415749083e+01 6.829594917241733754e+01
4.105702364394993253e+01 7.335243007253666292e+01 6.830150504475709283e+01
4.155771905424199986e+01 7.336270898898874293e+01 6.830689893448975170e+01
4.205841446453408139e+01 7.337281623009403120e+01 6.831213513966899598e+01
4.255910987482614871e+01 7.338275524873097311e+01 6.831721797581080580e+01
4.305980528511821603e+01 7.339252951291200588e+01 6.832215176658023381e+01
4.356050069541029046e+01 7.340214249181371997e+01 6.832694085776124382e+01
4.406119610570236489e+01 7.341159767440331052e+01 6.833158960561517858e+01
4.456189151599443221e+01 7.342089855197627912e+01 6.833610238037321949e+01
4.506258692628650664e+01 7.343004862863381277e+01 6.834048356972884619e+01
4.556328233657857396e+01 7.343905141662617098e+01 6.834473757185291731e+01
4.606397774687064128e+01 7.344791043635268579e+01 6.834886880354274297e+01
4.656467315716272282e+01 7.345662921985422145e+01 6.835288168858055258e+01
4.706536856745479014e+01 7.346521130615656148e+01 6.835678067053918028e+01
4.756606397774686457e+01 7.347366023661379586e+01 6.836057020114053273e+01
4.806675938803893899e+01 7.348197956887815963e+01 6.836425474607635522e+01
4.856745479833100632e+01 7.349017286060188781e+01 6.836783878733653808e+01
4.906815020862308074e+01 7.349824367642213474e+01 6.837132680923927808e+01
4.956884561891514807e+01 7.350619558796097408e+01 6.837472331938583636e+01
5.006954102920722960e+01 7.351403216916878591e+01 6.837803282537747407e+01
5.057023643949929692e+01 7.352175699865256320e+01 6.838125985111359739e+01
5.107093184979137135e+01 7.352937366200421820e+01 6.838440892747853184e+01
5.157162726008345288e+01 7.353688574248735677e+01 6.838748459699813509e+01
5.207232267037552020e+01 7.354429682802219759e+01 6.839049140219826484e+01
5.257301808066758753e+01 7.355161050885726581e+01 6.839343390423123026e+01
5.307371349095966906e+01 7.355883036825616728e+01 6.839631666424934053e+01
5.357440890125173638e+01 7.356595999646742712e+01 6.839914425038982415e+01
5.407510431154380370e+01 7.357300297908295761e+01 6.840192123311821604e+01
5.457579972183587813e+01 7.357996289936636458e+01 6.840465218988497043e+01
5.507649513212795256e+01 7.358684333359633456e+01 6.840734170046884799e+01
5.557719054242002699e+01 7.359364786037986050e+01 6.840999434697691584e+01
5.607788595271209431e+01 7.360038004551824997e+01 6.841261471151624107e+01
5.657858136300416163e+01 7.360704345132035087e+01 6.841520737386558437e+01
5.707927677329624316e+01 7.361364162961763213e+01 6.841777691496785962e+01
5.757997218358831759e+01 7.362017812409249018e+01 6.842032791227352106e+01
5.808066759388038491e+01 7.362665646678578923e+01 6.842286493741225684e+01
5.858136300417245934e+01 7.363308018158932100e+01 6.842539256317790830e+01
5.908205841446452666e+01 7.363945277260427247e+01 6.842791534431994194e+01
5.958275382475660109e+01 7.364577773345445166e+01 6.843043783616990083e+01
6.008344923504866841e+01 7.365205854030136834e+01 6.843296458416402572e+01
6.058414464534074995e+01 7.365829865068008075e+01 6.843550012267910176e+01
6.108484005563281727e+01 7.366450150582750211e+01 6.843804896630130941e+01
6.158553546592489170e+01 7.367067052369748126e+01 6.844061561681114370e+01
6.208623087621696612e+01 7.367680909896080266e+01 6.844320457133248681e+01
6.258692628650903345e+01 7.368292060766179929e+01 6.844582029672123724e+01
6.308762169680110787e+01 7.368900839208436082e+01 6.844846724819176131e+01
6.358831710709318941e+01 7.369507577588592540e+01 6.845114985185459489e+01
6.408901251738525673e+01 7.370112604779933463e+01 6.845387251985043520e+01
6.458970792767732405e+01 7.370716247094605933e+01 6.845663963055953616e+01
6.509040333796939137e+01 7.371318827003051410e+01 6.845945554373570019e+01
6.559109874826147291e+01 7.371920664065328310e+01 6.846232457955152029e+01
6.609179415855354023e+01 7.372522073766958783e+01 6.846525103955313796e+01
6.659248956884562176e+01 7.373123368450251292e+01 6.846823918337717885e+01
6.709318497913768908e+01 7.373724856150147389e+01 6.847129323457151884e+01
6.759388038942975641e+01 7.374326840244975756e+01 6.847441738641605014e+01
6.809457579972183794e+01 7.374929620504190098e+01 6.847761578795284265e+01
6.859527121001390526e+01 7.375533491924215923e+01 6.848089254398614401e+01
6.909596662030597258e+01 7.376138744728450547e+01 6.848425171741068596e+01
6.959666203059803991e+01 7.376745663901601802e+01 6.848769732688337797e+01
7.009735744089010723e+01 7.377354530004595290e+01 6.849123333605488995e+01
7.059805285118218876e+01 7.377965617544759880e+01 6.849486366404703119e+01
7.109874826147427029e+01 7.378579196023565601e+01 6.849859216740837553e+01
7.159944367176633762e+01 7.379195528772470425e+01 6.850242265059164026e+01
7.210013908205840494e+01 7.379814873418581556e+01 6.850635886333434144e+01
7.260083449235048647e+01 7.380437481651824783e+01 6.851040448785310844e+01
7.310152990264255379e+01 7.381063598177206586e+01 6.851456314233614364e+01
7.360222531293462112e+01 7.381693462344628642e+01 6.851883837919699261e+01
7.410292072322670265e+01 7.382327305122089456e+01 6.852323367925377795e+01
7.460361613351876997e+01 7.382965352355313371e+01 6.852775245405750582e+01
7.510431154381083729e+01 7.383607821275290917e+01 6.853239803657884011e+01
7.560500695410290461e+01 7.384254922826585243e+01 6.853717368644679198e+01
7.610570236439498615e+01 7.384906859571856330e+01 6.854208257830718765e+01
7.660639777468706768e+01 7.385563827088844846e+01 6.854712780415097484e+01
7.710709318497913500e+01 7.386226012806218932e+01 6.855231236982176313e+01
7.760778859527120233e+01 7.386893596003574203e+01 6.855763919501582393e+01
7.810848400556326965e+01 7.387566747986056725e+01 6.856311110164055833e+01
7.860917941585533697e+01 7.388245630920209805e+01 6.856873082312772283e+01
7.910987482614743271e+01 7.388930399580203812e+01 6.857450099512020358e+01
7.961057023643950004e+01 7.389621198553868453e+01 6.858042414150217780e+01
8.011126564673156736e+01 7.390318164512791554e+01 6.858650270001048455e+01
8.061196105702363468e+01 7.391021424349673907e+01 6.859273898963833460e+01
8.111265646731571621e+01 7.391731096342482488e+01 6.859913522635137895e+01
8.161335187760779775e+01 7.392447288990297238e+01 6.860569351130065741e+01
8.211404728789986507e+01 7.393170101013311069e+01 6.861241583722544135e+01
8.261474269819193239e+01 7.393899621352829854e+01 6.861930407011782052e+01
8.311543810848399971e+01 7.394635930335425655e+01 6.862635996733983745e+01
8.361613351877606704e+01 7.395379096646138350e+01 6.863358515390386572e+01
8.411682892906816278e+01 7.396129179656782071e+01 6.864098113920731237e+01
8.461752433936023010e+01 7.396886228727453272e+01 6.864854929345851531e+01
8.511821974965229742e+01 7.397650282508038799e+01 6.865629086928633740e+01
8.561891515994436475e+01 7.398421369636707823e+01 6.866420697380048921e+01
8.611961057023643207e+01 7.399199508041419904e+01 6.867229858838213374e+01
8.662030598052849939e+01 7.399984704707094352e+01 6.868056655820650747e+01
8.712100139082058092e+01 7.400776956374102156e+01 6.868901158292969455e+01
8.762169680111264825e+01 7.401576249072604696e+01 6.869763421901693334e+01
8.812239221140472978e+01 7.402382558006138424e+01 6.870643488207092275e+01
8.862308762169679710e+01 7.403195847318784217e+01 6.871541384217520942e+01
8.912378303198886442e+01 7.404016070560828666e+01 6.872457122505834093e+01
8.962447844228094596e+01 7.404843169990272145e+01 6.873390699695987394e+01
9.012517385257301328e+01 7.405677077736982028e+01 6.874342098151059588e+01
9.062586926286508060e+01 7.406517713940047543e+01 6.875311284110607346e+01
9.112656467315714792e+01 7.407364988494009594e+01 6.876298208942129975e+01
9.162726008344921524e+01 7.408218800350368838e+01 6.877302807976916199e+01
9.212795549374128257e+01 7.409079037051924388e+01 6.878325001092120772e+01
9.262865090403337831e+01 7.409945575664096395e+01 6.879364692361518507e+01
9.312934631432544563e+01 7.410818282192849438e+01 6.880421769095077877e+01
9.363004172461751295e+01 7.411697012283184449e+01 6.881496104167267447e+01
9.413073713490958028e+01 7.412581610171400825e+01 6.882587552058934932e+01
9.463143254520164760e+01 7.413471909616418998e+01 6.883695952582597499e+01
9.513212795549372913e+01 7.414367734132611076e+01 6.884821129019796615e+01
9.563282336578581067e+01 7.415268896174893598e+01 6.885962888586759334e+01
9.613351877607787799e+01 7.416175197953634779e+01 6.887121021037414437e+01
9.663421418636994531e+01 7.417086431783900480e+01 6.888295301166321849e+01
9.713490959666201263e+01 7.418002378688470344e+01 6.889485486916923662e+01
9.763560500695409416e+01 7.418922810842559556e+01 6.890691320080036064e+01
9.813630041724616149e+01 7.419847489594758372e+01 6.891912525187903782e+01
9.863699582753822881e+01 7.420776166747600655e+01 6.893148812570102280e+01
9.913769123783029613e+01 7.421708584557563881e+01 6.894399874773766612e+01
9.963838664812239188e+01 7.422644475502238492e+01 6.895665389299351489e+01
1.001390820584144592e+02 7.423583562745989184e+01 6.896945017203647410e+01
1.006397774687065265e+02 7.424525560372785549e+01 6.898238404234830057e+01
1.011404728789985938e+02 7.425470173502617399e+01 6.899545180308591341e+01
1.016411682892906754e+02 7.426417098291494767e+01 6.900864959973800694e+01
1.021418636995827427e+02 7.427366021931447904e+01 6.902197342470712726e+01
1.026425591098748242e+02 7.428316624280341784e+01 6.903541912080213194e+01
1.031432545201669058e+02 7.429268575766400318e+01 6.904898238123818999e+01
1.036439499304589731e+02 7.430221539483682136e+01 6.906265875545754795e+01
1.041446453407510404e+02 7.431175170493588666e+01 6.907644364272668724e+01
1.046453407510431077e+02 7.432129116290525417e+01 6.909033231134485220e+01
1.051460361613351751e+02 7.433083017034732620e+01 6.910431988351005828e+01
1.056467315716272708e+02 7.434036506017946522e+01 6.911840135045308386e+01
1.061474269819193381e+02 7.434989209546984057e+01 6.913257156487047439e+01
1.066481223922114054e+02 7.435940746943742852e+01 6.914682525955099379e+01
1.071488178025034728e+02 7.436890731592939119e+01 6.916115703107747947e+01
1.076495132127955401e+02 7.437838770709277014e+01 6.917556136660236632e+01
1.081502086230876074e+02 7.438784465221033315e+01 6.919003261998254573e+01
1.086509040333796889e+02 7.439727410701379995e+01 6.920456504262942588e+01
1.091515994436717563e+02 7.440667197368384223e+01 6.921915276022586738e+01
1.096522948539638236e+02 7.441603410434254329e+01 6.923378980997908627e+01
1.101529902642559051e+02 7.442535629639678518e+01 6.924847010569605743e+01
1.106536856745479724e+02 7.443463430650808732e+01 6.926318747736472403e+01
1.111543810848400540e+02 7.444386384826430003e+01 6.927793565019923960e+01
1.116550764951321213e+02 7.445304058868714492e+01 6.929270826443057274e+01
1.121557719054241886e+02 7.446216015987374703e+01 6.930749886948574101e+01
1.126564673157162559e+02 7.447121815666832845e+01 6.932230093242792179e+01
1.131571627260083233e+02 7.448021014131882112e+01 6.933710784319514175e+01
1.136578581363004190e+02 7.448913164347686688e+01 6.935191291983896633e+01
1.141585535465924863e+02 7.449797816718273680e+01 6.936670940619619330e+01
1.146592489568845536e+02 7.450674518271625857e+01 6.938149048731388291e+01
1.151599443671766352e+02 7.451542814522326807e+01 6.939624928188236197e+01
1.156606397774686883e+02 7.452402248307407717e+01 6.941097886086167534e+01
1.161613351877607698e+02 7.453252360717669944e+01 6.942567223351174732e+01
1.166620305980528229e+02 7.454092691214100341e+01 6.944032237009336939e+01
1.171627260083449187e+02 7.454922777627871255e+01 6.945492219488328089e+01
1.176634214186370002e+02 7.455742156393171172e+01 6.946946459432324161e+01
1.181641168289290533e+02 7.456550363478527288e+01 6.948394242284079780e+01
1.186648122392211349e+02 7.457346933455482940e+01 6.949834850459551205e+01
1.191655076495132022e+02 7.458131400779166142e+01 6.951267563580726971e+01
1.196662030598052695e+02 7.458903298973382334e+01 6.952691659639781108e+01
1.201668984700973368e+02 7.459662161561936955e+01 6.954106414766242494e+01
1.206675938803894041e+02 7.460407522534296731e+01 6.955511104041902115e+01
1.211682892906814999e+02 7.461138915065021138e+01 6.956905001035151770e+01
1.216689847009735672e+02 7.461855873492822866e+01 6.958287379896459868e+01
1.221696801112656345e+02 7.462557932389245252e+01 6.959657513728556921e+01
1.226703755215577019e+02 7.463244626791492919e+01 6.961014676332665374e+01
1.231710709318497834e+02 7.463915492900923709e+01 6.962358142557745566e+01
1.236717663421418507e+02 7.464570067617387394e+01 6.963687187602003803e+01
1.241724617524339322e+02 7.465207889470548253e+01 6.965001088642706861e+01
1.246731571627260138e+02 7.465828497455731849e+01 6.966299124225001549e+01
1.251738525730180669e+02 7.466431432896570186e+01 6.967580574960406636e+01
1.256745479833101484e+02 7.467016237815187196e+01 6.968844724283512448e+01
1.261752433936022157e+02 7.467582456329182605e+01 6.970090857637073611e+01
1.266759388038942831e+02 7.468129634418801288e+01 6.971318263723473763e+01
1.271766342141863788e+02 7.468657319926933269e+01 6.972526234504725551e+01
1.276773296244784177e+02 7.469165062093452434e+01 6.973714065668131923e+01
1.281780250347705135e+02 7.469652413185031037e+01 6.974881056277040159e+01
1.286787204450625950e+02 7.470118926632494549e+01 6.976026509585749125e+01
1.291794158553546481e+02 7.470564159009882133e+01 6.977149733155924594e+01
1.296801112656467296e+02 7.470987668637462775e+01 6.978250038856599247e+01
1.301808066759387827e+02 7.471389016513057868e+01 6.979326743329833960e+01
1.306815020862308643e+02 7.471767765846379916e+01 6.980379168107133125e+01
1.311821974965229458e+02 7.472123482524693827e+01 6.981406639725859975e+01
1.316828929068149989e+02 7.472455735112816910e+01 6.982408489962067222e+01
1.321835883171070805e+02 7.472764094387457590e+01 6.983384055714081740e+01
1.326842837273991336e+02 7.473048134268537979e+01 6.984332679933827137e+01
1.331849791376912435e+02 7.473307431120701949e+01 6.985253710928331827e+01
1.336856745479833251e+02 7.473541563986145775e+01 6.986146502359729027e+01
1.341863699582753782e+02 7.473750114701033453e+01 6.987010414642240619e+01
1.346870653685674597e+02 7.473932667895496706e+01 6.987844813545193290e+01
1.351877607788595128e+02 7.474088810877219657e+01 6.988649070891510462e+01
1.356884561891515943e+02 7.474218133864269475e+01 6.989422565256204223e+01
1.361891515994436759e+02 7.474320229635850410e+01 6.990164680569391464e+01
1.366898470097357290e+02 7.474394694230795722e+01 6.990874807746108388e+01
1.371905424200278105e+02 7.474441126249075751e+01 6.991552343754987930e+01
1.376912378303198636e+02 7.474459126618967275e+01 6.992196691851090407e+01
1.381919332406119452e+02 7.474448299528376083e+01 6.992807261925149476e+01
1.386926286509039983e+02 7.474408251726345043e+01 6.993383470037910854e+01
1.391933240611960798e+02 7.474338593221546034e+01 6.993924738652962958e+01
1.396940194714881613e+02 7.474238935768880765e+01 6.994430496869567548e+01
1.401947148817802145e+02 7.474108894499295275e+01 6.994900179840583121e+01
1.406954102920723244e+02 7.473948086988457362e+01 6.995333229703787481e+01
1.411961057023643775e+02 7.473756133256756584e+01 6.995729094184893881e+01
1.416968011126564591e+02 7.473532656467796187e+01 6.996087228110950207e+01
1.421974965229485406e+02 7.473277281764239888e+01 6.996407092246185755e+01
1.426981919332405937e+02 7.472989636966303806e+01 6.996688153641257202e+01
1.431988873435326752e+02 7.472669352222510497e+01 6.996929885400417959e+01
1.436995827538247283e+02 7.472316060358934919e+01 6.997131767263594782e+01
1.442002781641168099e+02 7.471929396529958467e+01 6.997293285024311160e+01
1.447009735744088914e+02 7.471508998101853649e+01 6.997413929714780068e+01
1.452016689847009729e+02 7.471054504419953446e+01 6.997493199468549108e+01
1.457023643949930261e+02 7.470565557739973883e+01 6.997530597425024723e+01
1.462030598052851076e+02 7.470041801656407188e+01 6.997525633242871379e+01
1.467037552155771891e+02 7.469482882499505649e+01 6.997477821935858344e+01
1.472044506258692422e+02 7.468888448403959046e+01 6.997386684105690335e+01
1.477051460361613238e+02 7.468258149308894644e+01 6.997251745709176873e+01
1.482058414464534053e+02 7.467591637365330826e+01 6.997072539455216145e+01
1.487065368567454584e+02 7.466888566586931120e+01 6.996848602010827278e+01
1.492072322670375399e+02 7.466148592267927597e+01 6.996579475863795494e+01
1.497079276773296215e+02 7.465371372147274087e+01 6.996264708595076343e+01
1.502086230876216746e+02 7.464556565477323602e+01 6.995903853228041669e+01
1.507093184979137845e+02 7.463703832441751729e+01 6.995496467355364700e+01
1.512100139082058092e+02 7.462812835668955813e+01 6.995042113953927299e+01
1.517107093184979192e+02 7.461883238835071097e+01 6.994540359958732267e+01
1.522114047287899723e+02 7.460914707129632006e+01 6.993990777892717858e+01
1.527121001390820538e+02 7.459906906906326185e+01 6.993392944469773909e+01
1.532127955493741354e+02 7.458859506148655782e+01 6.992746440827572485e+01
1.537134909596661885e+02 7.457772173946068506e+01 6.992050852760398527e+01
1.542141863699582700e+02 7.456644580610372941e+01 6.991305769554996630e+01
1.547148817802503231e+02 7.455476397195525351e+01 6.990510785853216191e+01
1.552155771905424047e+02 7.454267296487159911e+01 6.989665499440120300e+01
1.557162726008344862e+02 7.453016951692916336e+01 6.988769512175308307e+01
1.562169680111265393e+02 7.451725037082724157e+01 6.987822430458577116e+01
1.567176634214186208e+02 7.450391228323496762e+01 6.986823863832937320e+01
1.572183588317106739e+02 7.449015201082147541e+01 6.985773425654001301e+01
1.577190542420027555e+02 7.447596632422573748e+01 6.984670732740737265e+01
1.582197496522948654e+02 7.446135199874333921e+01 6.983515405142638599e+01
1.587204450625868901e+02 7.444630581898309174e+01 6.982307067274773260e+01
1.592211404728790001e+02 7.443082456955380621e+01 6.981045346142450114e+01
1.597218358831710532e+02 7.441490504786997917e+01 6.979729871166595956e+01
1.602225312934631347e+02 7.439854405483856681e+01 6.978360276570269605e+01
1.607232267037552162e+02 7.438173839253067854e+01 6.976936198672005673e+01
1.612239221140472694e+02 7.436448487116649630e+01 6.975457276817137142e+01
1.617246175243393509e+02 7.434678030329450849e+01 6.973923153144964715e+01
1.622253129346314324e+02 7.432862150844812277e+01 6.972333472705172142e+01
1.627260083449234855e+02 7.431000530616074684e+01 6.970687883457826217e+01
1.632267037552155955e+02 7.429092851712994161e+01 6.968986035574884852e+01
1.637273991655076486e+02 7.427138796787403408e+01 6.967227582138689002e+01
1.642280945757997301e+02 7.425138049073211732e+01 6.965412179345689481e+01
1.647287899860917832e+02 7.423090291455082479e+01 6.963539484760217135e+01
1.652294853963838648e+02 7.420995206817678991e+01 6.961609158886089688e+01
1.657301808066759463e+02 7.418852478976987186e+01 6.959620865108404075e+01
1.662308762169679994e+02 7.416661791283331695e+01 6.957574267918202793e+01
1.667315716272600810e+02 7.414422827785529080e+01 6.955469035590026294e+01
1.672322670375521341e+02 7.412135271993975039e+01 6.953304837911814218e+01
1.677329624478442156e+02 7.409798808103005285e+01 6.951081346912501147e+01
1.682336578581363256e+02 7.407413120205092127e+01 6.948798236629185965e+01
1.687343532684283502e+02 7.404977892814713414e+01 6.946455184093024116e+01
1.692350486787204602e+02 7.402492809747855063e+01 6.944051867306511383e+01
1.697357440890125133e+02 7.399957556042863871e+01 6.941587967753689270e+01
1.702364394993045948e+02 7.397371816214217688e+01 6.939063168493844103e+01
1.707371349095966480e+02 7.394735274951017345e+01 6.936477154041453730e+01
1.712378303198887295e+02 7.392047617466232623e+01 6.933829612461663316e+01
1.717385257301808110e+02 7.389308528972833301e+01 6.931120233274809550e+01
1.722392211404728641e+02 7.386517695033035125e+01 6.928348707980289589e+01
1.727399165507649457e+02 7.383674801150846179e+01 6.925514730755052994e+01
1.732406119610569988e+02 7.380779533712484408e+01 6.922617997987940441e+01
1.737413073713490803e+02 7.377831578902259935e+01 6.919658208046853076e+01
1.742420027816411618e+02 7.374830623921297956e+01 6.916635062093659769e+01
1.747426981919332150e+02 7.371776355495967437e+01 6.913548263327497523e+01
1.752433936022252965e+02 7.368668461749621201e+01 6.910397517566848080e+01
1.757440890125173496e+02 7.365506631154858042e+01 6.907182532667461317e+01
1.762447844228094596e+02 7.362290552591730375e+01 6.903903020385000389e+01
1.767454798331015411e+02 7.359019915813405532e+01 6.900558694104942958e+01
1.772461752433935942e+02 7.355694411329750437e+01 6.897149269773903768e+01
1.777468706536856757e+02 7.352313730872992892e+01 6.893674466365295928e+01
1.782475660639777288e+02 7.348877566291776020e+01 6.890134006344992201e+01
1.787482614742698104e+02 7.345385611326491926e+01 6.886527614274341147e+01
1.792489568845618919e+02 7.341837561027205084e+01 6.882855019720550160e+01
1.797496522948539450e+02 7.338233110531291459e+01 6.879115953298564534e+01
1.802503477051460266e+02 7.334571958090236876e+01 6.875310150163527112e+01
1.807510431154380797e+02 7.330853802071942482e+01 6.871437349545117002e+01
1.812517385257301612e+02 7.327078343478206079e+01 6.867497293466981034e+01
1.817524339360222427e+02 7.323245284489530604e+01 6.863489727794471662e+01
1.822531293463142958e+02 7.319354329134512227e+01 6.859414402816723566e+01
1.827538247566063774e+02 7.315405184395785909e+01 6.855271073595899622e+01
1.832545201668984305e+02 7.311397559002216440e+01 6.851059498803037684e+01
1.837552155771905404e+02 7.307331163894559722e+01 6.846779441998619120e+01
1.842559109874825651e+02 7.303205713156785350e+01 6.842430671399738173e+01
1.847566063977746751e+02 7.299020923433999997e+01 6.838012960229347925e+01
1.852573018080667566e+02 7.294776514558179770e+01 6.833526088055036496e+01
1.857579972183588097e+02 7.290472209140716586e+01 6.828969838635343592e+01
1.862586926286508913e+02 7.286107733998505864e+01 6.824344001840613316e+01
1.867593880389429444e+02 7.281682818786066491e+01 6.819648373514750972e+01
1.872600834492350259e+02 7.277197197669011075e+01 6.814882756086403504e+01
1.877607788595271074e+02 7.272650608800176997e+01 6.810046958612615242e+01
1.882614742698191606e+02 7.268042794727080036e+01 6.805140795908555162e+01
1.887621696801112421e+02 7.263373502479225863e+01 6.800164091861260829e+01
1.892628650904032952e+02 7.258642484383017290e+01 6.795116676012439427e+01
1.897635605006953767e+02 7.253849497523333412e+01 6.789998386981351075e+01
1.902642559109874583e+02 7.248994305256928783e+01 6.784809070634337047e+01
1.907649513212795114e+02 7.244076676106487866e+01 6.779548581801036278e+01
1.912656467315716213e+02 7.239096384997537825e+01 6.774216784275749603e+01
1.917663421418636460e+02 7.234053213418519590e+01 6.768813550583699623e+01
1.922670375521557560e+02 7.228946949915552977e+01 6.763338763516485130e+01
1.927677329624478375e+02 7.223777389859606046e+01 6.757792315244414283e+01
1.932684283727398906e+02 7.218544336043123621e+01 6.752174108786248041e+01
1.937691237830319722e+02 7.213247599902388174e+01 6.746484057310708238e+01
1.942698191933240253e+02 7.207887000411574263e+01 6.740722086544819547e+01
1.947705146036161068e+02 7.202462366090912838e+01 6.734888132925816251e+01
1.952712100139081883e+02 7.196973533958953340e+01 6.728982145463787390e+01
1.957719054242002414e+02 7.191420351045962889e+01 6.723004085850816125e+01
1.962726008344923230e+02 7.185802674277510960e+01 6.716953928490083570e+01
1.967732962447844045e+02 7.180120371638622601e+01 6.710831661849196905e+01
1.972739916550764576e+02 7.174373321126040537e+01 6.704637288489293212e+01
1.977746870653685392e+02 7.168561412719100190e+01 6.698370825872670764e+01
1.982753824756605923e+02 7.162684548645302129e+01 6.692032305838920081e+01
1.987760778859527022e+02 7.156742643331199361e+01 6.685621777517125963e+01
1.992767732962447838e+02 7.150735624366461707e+01 6.679139304637401153e+01
1.997774687065368369e+02 7.144663432844936324e+01 6.672584969223434825e+01
2.002781641168289184e+02 7.138526023830308986e+01 6.665958870108197232e+01
2.007788595271209999e+02 7.132323367520257307e+01 6.659261123765217860e+01
2.012795549374130530e+02 7.126055449144587328e+01 6.652491866924292196e+01
2.017802503477051346e+02 7.119722269761950884e+01 6.645651253666100899e+01
2.022809457579971877e+02 7.113323847118408594e+01 6.638739458923764403e+01
2.027816411682892692e+02 7.106860216411405418e+01 6.631756678629271562e+01
2.032823365785813508e+02 7.100331429678590212e+01 6.624703129460640127e+01
2.037830319888734039e+02 7.093737558282555256e+01 6.617579048905126626e+01
2.042837273991654854e+02 7.087078692910836253e+01 6.610384699537489439e+01
2.047844228094575953e+02 7.080354942993835721e+01 6.603120363897714640e+01
2.052851182197496485e+02 7.073566439498790714e+01 6.595786350908410611e+01
2.057858136300417300e+02 7.066713333998450253e+01 6.588382992797077975e+01
2.062865090403338115e+02 7.059795800533720467e+01 6.580910647657246670e+01
2.067872044506258646e+02 7.052814035148003313e+01 6.573369698502601466e+01
2.072878998609179462e+02 7.045768258099087689e+01 6.565760555813567123e+01
2.077885952712099993e+02 7.038658712927826855e+01 6.558083657144406686e+01
2.082892906815020808e+02 7.031485669484936807e+01 6.550339467909024904e+01
2.087899860917941623e+02 7.024249421835520479e+01 6.542528482210427399e+01
2.092906815020862155e+02 7.016950291693319741e+01 6.534651223859354729e+01
2.097913769123782970e+02 7.009588627489392820e+01 6.526708246032312388e+01
2.102920723226703501e+02 7.002164806118344131e+01 6.518700133250631268e+01
2.107927677329624316e+02 6.994679233171154920e+01 6.510627502013475976e+01
2.112934631432545416e+02 6.987132344506790105e+01 6.502490999546380124e+01
2.117941585535465663e+02 6.979524605553706351e+01 6.494291306842596612e+01
2.122948539638386762e+02 6.971856514569481078e+01 6.486029139157862744e+01
2.127955493741307293e+02 6.964128601214724767e+01 6.477705243412883362e+01
2.132962447844228109e+02 6.956341428124687809e+01 6.469320405178250155e+01
2.137969401947148924e+02 6.948495592597282666e+01 6.460875441689522347e+01
2.142976356050069455e+02 6.940591725545345980e+01 6.452371208424692384e+01
2.147983310152990271e+02 6.932630494727163750e+01 6.443808597365232060e+01
2.152990264255910802e+02 6.924612604106187064e+01 6.435188537898311267e+01
2.157997218358831617e+02 6.916538794083862740e+01 6.426511997209699700e+01
2.163004172461752148e+02 6.908409844177185732e+01 6.417779980778531979e+01
2.168011126564672963e+02 6.900226572087376553e+01 6.408993533752463634e+01
2.173018080667593779e+02 6.891989836028187710e+01 6.400153740773048128e+01
2.178025034770514310e+02 6.883700533678165812e+01 6.391261725801113869e+01
2.183031988873435125e+02 6.875359604858203966e+01 6.382318654910731937e+01
2.188038942976355656e+02 6.866968031298711139e+01 6.373325734863128389e+01
2.193045897079276472e+02 6.858526837920180697e+01 6.364284213397722567e+01
2.198052851182197571e+02 6.850037092483944434e+01 6.355195380920149262e+01
2.203059805285118102e+02 6.841499907862271357e+01 6.346060569861974443e+01
2.208066759388038918e+02 6.832916441223460424e+01 6.336881156077679123e+01
2.213073713490959449e+02 6.824287896360146988e+01 6.327658557564090813e+01
2.218080667593880264e+02 6.815615522292318929e+01 6.318394237676356795e+01
2.223087621696801079e+02 6.806900616817983973e+01 6.309089701526345095e+01
2.228094575799721611e+02 6.798144522904294718e+01 6.299746499482380102e+01
2.233101529902642426e+02 6.789348634391899395e+01 6.290366225670395295e+01
2.238108484005562957e+02 6.780514392036820936e+01 6.280950519516436259e+01
2.243115438108483772e+02 6.771643286188009370e+01 6.271501063396526376e+01
2.248122392211404588e+02 6.762736857805975887e+01 6.262019586427440743e+01
2.253129346314325119e+02 6.753796697415054950e+01 6.252507861614530782e+01
2.258136300417245934e+02 6.744824445860103879e+01 6.242967707015877465e+01
2.263143254520166465e+02 6.735821795237825427e+01 6.233400986091537277e+01
2.268150208623087565e+02 6.726790489682571206e+01 6.223809607026878155e+01
2.273157162726008380e+02 6.717732323969357822e+01 6.214195522681647788e+01
2.278164116828928911e+02 6.708649144910850737e+01 6.204560731477640445e+01
2.283171070931849727e+02 6.699542851473779592e+01 6.194907276831172283e+01
2.288178025034770258e+02 6.690415394837145868e+01 6.185237246330898131e+01
2.293184979137691073e+02 6.681268778275807563e+01 6.175552772821929182e+01
2.298191933240611604e+02 6.672105057742555800e+01 6.165856032630499328e+01
2.303198887343532704e+02 6.662926341053207580e+01 6.156149247659440960e+01
2.308205841446453235e+02 6.653734788759720686e+01 6.146434683583747471e+01
2.313212795549373766e+02 6.644532612986040476e+01 6.136714648686420048e+01
2.318219749652294297e+02 6.635322078592253092e+01 6.126991496186774100e+01
2.323226703755215397e+02 6.626105501195524994e+01 6.117267621766613672e+01
2.328233657858135928e+02 6.616885249149163428e+01 6.107545464385138700e+01
2.333240611961056459e+02 6.607663741447140637e+01 6.097827505405830095e+01
2.338247566063977843e+02 6.598443447724093858e+01 6.088116268480034421e+01
2.343254520166898374e+02 6.589226888138909999e+01 6.078414318702952812e+01
2.348261474269818621e+02 6.580016632676233712e+01 6.068724263195717583e+01
2.353268428372740004e+02 6.570815301146467391e+01 6.059048749475577722e+01
2.358275382475660535e+02 6.561625561323126021e+01 6.049390465921560178e+01
2.363282336578581067e+02 6.552450129641329113e+01 6.039752140261070679e+01
2.368289290681501882e+02 6.543291769567986194e+01 6.030136541083292911e+01
2.373296244784422697e+02 6.534153291368966165e+01 6.020546474695974837e+01
2.378303198887343228e+02 6.525037550944944087e+01 6.010984786813450853e+01
2.383310152990264044e+02 6.515947449132909242e+01 6.001454360810411970e+01
2.388317107093184859e+02 6.506885930309181276e+01 5.991958117372659842e+01
2.393324061196105390e+02 6.497855982156579557e+01 5.982499014147860805e+01
2.398331015299026205e+02 6.488860633801778022e+01 5.973080045338092248e+01
2.403337969401946737e+02 6.479902955349643889e+01 5.963704240186443428e+01
2.408344923504867552e+02 6.470986056020592514e+01 5.954374663209846119e+01
2.413351877607788083e+02 6.462113083684926096e+01 5.945094413500582675e+01
2.418358831710709183e+02 6.453287222534527245e+01 5.935866623096471528e+01
2.423365785813629998e+02 6.444511692850028339e+01 5.926694457562943796e+01
2.428372739916550529e+02 6.435789748672505084e+01 5.917581114363228778e+01
2.433379694019471344e+02 6.427124676639323297e+01 5.908529822159862022e+01
2.438386648122392160e+02 6.418519794703570369e+01 5.899543840232608716e+01
2.443393602225312691e+02 6.409978449805748824e+01 5.890626457779971759e+01
2.448400556328233506e+02 6.401504016942453745e+01 5.881780992289377252e+01
2.453407510431154037e+02 6.393099896605235699e+01 5.873010789304343859e+01
2.458414464534074853e+02 6.384769513791070494e+01 5.864319220911083619e+01
2.463421418636995668e+02 6.376516315208391461e+01 5.855709685156425337e+01
2.468428372739916199e+02 6.368343768462182197e+01 5.847185604418000082e+01
2.473435326842837014e+02 6.360255358561516914e+01 5.838750424240087966e+01
2.478442280945758114e+02 6.352254586697199557e+01 5.830407612402295570e+01
2.483449235048678645e+02 6.344344968146288011e+01 5.822160657522572080e+01
2.488456189151599460e+02 6.336530029012465093e+01 5.814013067194564144e+01
2.493463143254520276e+02 6.328813305527546618e+01 5.805968366590632002e+01
2.498470097357440807e+02 6.321198339278453204e+01 5.798030097064865629e+01
2.503477051460361338e+02 6.313688676741548989e+01 5.790201814174024264e+01
2.508484005563282153e+02 6.306287865324520681e+01 5.782487085814891259e+01
2.513490959666202968e+02 6.298999451503732416e+01 5.774889490361628930e+01
2.518497913769123500e+02 6.291826977098935458e+01 5.767412614453887443e+01
2.523504867872044315e+02 6.284773976712131116e+01 5.760060050668498377e+01
2.528511821974965130e+02 6.277843975166433665e+01 5.752835395191168288e+01
2.533518776077885661e+02 6.271040483082288119e+01 5.745742245721002917e+01
2.538525730180806477e+02 6.264366995480486366e+01 5.738784197395970921e+01
2.543532684283727576e+02 6.257826986427062366e+01 5.731964842094411949e+01
2.548539638386647823e+02 6.251423906937816355e+01 5.725287763545593123e+01
2.553546592489568354e+02 6.245161180787363264e+01 5.718756534768571953e+01
2.558553546592489738e+02 6.239042201016673062e+01 5.712374715365540112e+01
2.563560500695410269e+02 6.233070325974949810e+01 5.706145846981625880e+01
2.568567454798330800e+02 6.227248876060002658e+01 5.700073450103472794e+01
2.573574408901251900e+02 6.221581128363141033e+01 5.694161020683195318e+01
2.578581363004172431e+02 6.216070314340868208e+01 5.688412025117968085e+01
2.583588317107092962e+02 6.210719613994115207e+01 5.682829896466527941e+01
2.588595271210013493e+02 6.205532152725027117e+01 5.677418030578364494e+01
2.593602225312934593e+02 6.200510996447519574e+01 5.672179780214746359e+01
2.598609179415855124e+02 6.195659147163496527e+01 5.667118452502135995e+01
2.603616133518775655e+02 6.190979538830106321e+01 5.662237300550286534e+01
2.608623087621696754e+02 6.186475032353882852e+01 5.657539523106633794e+01
2.613630041724617286e+02 6.182148411283378664e+01 5.653028254297196042e+01
2.618636995827537817e+02 6.178002377152552071e+01 5.648706562717079294e+01
2.623643949930458916e+02 6.174039544183870021e+01 5.644577442801191580e+01
2.628650904033379447e+02 6.170262435330187145e+01 5.640643810520514023e+01
2.633657858136299978e+02 6.166673477850963536e+01 5.636908498347138163e+01
2.638664812239220510e+02 6.163274997142252687e+01 5.633374248152931330e+01
2.643671766342141609e+02 6.160069214175564412e+01 5.630043706116366309e+01
2.648678720445062140e+02 6.157058238396530214e+01 5.626919416901755255e+01
2.653685674547982671e+02 6.154244065862258140e+01 5.624003816485155482e+01
2.658692628650904339e+02 6.151628572372828785e+01 5.621299229243986417e+01
2.663699582753824870e+02 6.149213510677327577e+01 5.618807858818426837e+01
2.668706536856744833e+02 6.147000505700816575e+01 5.616531783745840301e+01
2.673713490959666501e+02 6.144991049887721601e+01 5.614472951829183955e+01
2.678720445062587032e+02 6.143186500640695158e+01 5.612633173443127532e+01
2.683727399165507563e+02 6.141588074267019692e+01 5.611014117517724742e+01
2.688734353268428094e+02 6.140196845280115667e+01 5.609617304786324610e+01
2.693741307371349194e+02 6.139013740229529503e+01 5.608444102663297315e+01
2.698748261474269725e+02 6.138039536478572700e+01 5.607495721169497926e+01
2.703755215577190256e+02 6.137274858246200893e+01 5.606773206704046686e+01
2.708762169680111356e+02 6.136720174511538062e+01 5.606277438551869352e+01
2.713769123783031887e+02 6.136375796569154772e+01 5.606009124954680090e+01
2.718776077885952418e+02 6.136241875875384721e+01 5.605968797319319208e+01
2.723783031988873518e+02 6.136318402302094910e+01 5.606156808529730995e+01
2.728789986091794049e+02 6.136605203321778390e+01 5.606573329134361927e+01
2.733796940194714580e+02 6.137101941679247830e+01 5.607218344057427828e+01
2.738803894297635111e+02 6.137808116555788729e+01 5.608091650707164888e+01
2.743810848400556210e+02 6.138723061822929594e+01 5.609192856174472297e+01
2.748817802503476742e+02 6.139845946740933869e+01 5.610521377582612956e+01
2.753824756606397273e+02 6.141175776075215254e+01 5.612076438550415958e+01
2.758831710709318372e+02 6.142711391493321571e+01 5.613857070269573057e+01
2.763838664812238903e+02 6.144451472496257338e+01 5.615862111846494997e+01
2.768845618915159434e+02 6.146394537815467629e+01 5.618090208614289338e+01
2.773852573018079966e+02 6.148538948323221121e+01 5.620539815625220115e+01
2.778859527121001065e+02 6.150882907847517345e+01 5.623209197301461870e+01
2.783866481223921596e+02 6.153424467828699562e+01 5.626096430229067380e+01
2.788873435326842127e+02 6.156161529414930556e+01 5.629199406126558358e+01
2.793880389429763227e+02 6.159091846459887165e+01 5.632515833591155285e+01
2.798887343532683758e+02 6.162213031227111060e+01 5.636043242988220925e+01
2.803894297635604289e+02 6.165522556543692190e+01 5.639778989478058691e+01
2.808901251738525957e+02 6.169017761737450201e+01 5.643720258138186807e+01
2.813908205841446488e+02 6.172695856798782188e+01 5.647864068969197149e+01
2.818915159944367019e+02 6.176553927386521536e+01 5.652207281551368112e+01
2.823922114047287550e+02 6.180588940299458045e+01 5.656746601796753282e+01
2.828929068150208650e+02 6.184797749762765307e+01 5.661478587886362845e+01
2.833936022253129181e+02 6.189177102201028902e+01 5.666399655974514360e+01
2.838942976356049712e+02 6.193723642291843134e+01 5.671506088687151248e+01
2.843949930458970812e+02 6.198433920067145664e+01 5.676794040797089735e+01
2.848956884561891343e+02 6.203304396268322307e+01 5.682259547605922023e+01
2.853963838664811874e+02 6.208331448632634419e+01 5.687898532336389223e+01
2.858970792767732974e+02 6.213511379576630134e+01 5.693706813699377278e+01
2.863977746870653505e+02 6.218840421434833843e+01 5.699680114828792910e+01
2.868984700973574036e+02 6.224314743444665510e+01 5.705814070732144216e+01
2.873991655076494567e+02 6.229930459080605942e+01 5.712104236206782559e+01
2.878998609179415666e+02 6.235683631409301597e+01 5.718546095502374271e+01
2.884005563282336198e+02 6.241570280656560499e+01 5.725135069189404646e+01
2.889012517385257297e+02 6.247586389795287687e+01 5.731866523472403685e+01
2.894019471488177828e+02 6.253727912228896457e+01 5.738735778106187979e+01
2.899026425591098359e+02 6.259990776797167200e+01 5.745738114312102596e+01
2.904033379694019459e+02 6.266370894528336066e+01 5.752868783625585536e+01
2.909040333796939990e+02 6.272864165158352989e+01 5.760123015055710027e+01
2.914047287899860521e+02 6.279466482253155846e+01 5.767496023350672374e+01
2.919054242002781621e+02 6.286173739378682512e+01 5.774983016797618518e+01
2.924061196105702152e+02 6.292981835455975670e+01 5.782579203159825454e+01
2.929068150208622683e+02 6.299886680814779538e+01 5.790279799630211244e+01
2.934075104311543782e+02 6.306884201151660818e+01 5.798080036440209994e+01
2.939082058414464314e+02 6.313970343583605427e+01 5.805975165940166960e+01
2.944089012517384845e+02 6.321141081071800727e+01 5.813960468187273989e+01
2.949095966620305944e+02 6.328392416379756469e+01 5.822031256300674329e+01
2.954102920723226475e+02 6.335720387195578951e+01 5.830182883446381936e+01
2.959109874826147006e+02 6.343121069624430675e+01 5.838410747261063705e+01
2.964116828929068106e+02 6.350590582146651286e+01 5.846710295672805557e+01
2.969123783031988637e+02 6.358125089110217232e+01 5.855077031092064033e+01
2.974130737134909168e+02 6.365720804456032056e+01 5.863506515533940444e+01
2.979137691237830268e+02 6.373373994046232838e+01 5.871994374343471179e+01
2.984144645340750799e+02 6.381080979273065168e+01 5.880536299688087354e+01
2.989151599443671330e+02 6.388838139387189585e+01 5.889128055228779601e+01
2.994158553546592429e+02 6.396641913476742047e+01 5.897765477808120238e+01
2.999165507649512961e+02 6.404488803494132299e+01 5.906444481495695698e+01
3.004172461752433492e+02 6.412375375303781766e+01 5.915161060091035949e+01
3.009179415855354023e+02 6.420298261359675962e+01 5.923911288535150277e+01
3.014186369958275691e+02 6.428254161054610449e+01 5.932691325588079678e+01
3.019193324061196222e+02 6.436239843048497278e+01 5.941497415924372660e+01
3.024200278164116185e+02 6.444252145966856915e+01 5.950325890395019712e+01
3.029207232267037853e+02 6.452287979681386787e+01 5.959173168355759742e+01
3.034214186369958384e+02 6.460344325659207243e+01 5.968035758307364347e+01
3.039221140472878915e+02 6.468418237544938165e+01 5.976910258164848244e+01
3.044228094575799446e+02 6.476506842092021543e+01 5.985793356363414830e+01
3.049235048678720545e+02 6.484607338929890830e+01 5.994681831960319585e+01
3.054242002781641077e+02 6.492717001378878194e+01 6.003572555013219869e+01
3.059248956884561608e+02 6.500833175053230661e+01 6.012462485103155529e+01
3.064255910987482707e+02 6.508953279956585902e+01 6.021348673371817029e+01
3.069262865090403238e+02 6.517074807920835156e+01 6.030228260426069653e+01
3.074269819193323769e+02 6.525195324003107089e+01 6.039098475814084566e+01
3.079276773296244869e+02 6.533312465088783938e+01 6.047956639189492023e+01
3.084283727399165400e+02 6.541423939658670861e+01 6.056800155945806807e+01
3.089290681502085931e+02 6.549527526741258043e+01 6.065626519777565306e+01
3.094297635605006462e+02 6.557621076145551342e+01 6.074433310031876943e+01
3.099304589707927562e+02 6.565702506947673101e+01 6.083218191253676821e+01
3.104311543810848093e+02 6.573769806326708931e+01 6.091978910348102261e+01
3.109318497913768624e+02 6.581821029448292393e+01 6.100713296791495566e+01
3.114325452016689724e+02 6.589854297601959843e+01 6.109419261569114212e+01
3.119332406119610255e+02 6.597867798666811723e+01 6.118094793984623436e+01
3.124339360222530786e+02 6.605859783677260566e+01 6.126737962940664772e+01
3.129346314325451885e+02 6.613828567987184215e+01 6.135346911198125497e+01
3.134353268428372417e+02 6.621772528825204063e+01 6.143919858373833165e+01
3.139360222531292948e+02 6.629690104829023767e+01 6.152455096887847219e+01
3.144367176634213479e+02 6.637579793775330472e+01 6.160950989518737231e+01
3.149374130737134578e+02 6.645440152870833117e+01 6.169405971244400178e+01
3.154381084840055109e+02 6.653269796423955995e+01 6.177818542402660285e+01
3.159388038942975641e+02 6.661067394797100860e+01 6.186187272831288908e+01
3.164394993045897309e+02 6.668831672893247742e+01 6.194510796047238443e+01
3.169401947148817840e+02 6.676561409981331963e+01 6.202787808664550084e+01
3.174408901251737802e+02 6.684255436902276415e+01 6.211017069578599603e+01
3.179415855354659470e+02 6.691912635952576238e+01 6.219197396826427848e+01
3.184422809457580001e+02 6.699531939603730279e+01 6.227327667348515661e+01
3.189429763560500533e+02 6.707112328173934657e+01 6.235406815464455121e+01
3.194436717663421064e+02 6.714652829828082758e+01 6.243433829292268911e+01
3.199443671766342163e+02 6.722152517667382199e+01 6.251407751177691807e+01
3.204450625869262694e+02 6.729610511475584644e+01 6.259327675816973624e+01
3.209457579972183225e+02 6.737025972829542297e+01 6.267192747637534467e+01
3.214464534075104325e+02 6.744398106030530471e+01 6.275002159604707686e+01
3.219471488178024856e+02 6.751726157289340335e+01 6.282755153680125204e+01
3.224478442280945387e+02 6.759009411815895874e+01 6.290451015379812816e+01
3.229485396383865918e+02 6.766247194255811337e+01 6.298089077031772831e+01
3.234492350486787018e+02 6.773438866784090351e+01 6.305668711929183701e+01
3.239499304589707549e+02 6.780583827882765036e+01 6.313189337180529037e+01
3.244506258692628649e+02 6.787681511738810514e+01 6.320650408631490791e+01
3.249513212795549180e+02 6.794731386257808481e+01 6.328051420770361801e+01
3.254520166898469711e+02 6.801732953027567419e+01 6.335391906931772610e+01
3.259527121001390810e+02 6.808685746015726181e+01 6.342671436262617135e+01
3.264534075104311910e+02 6.815589329665272089e+01 6.349889612528795624e+01
3.269541029207232441e+02 6.822443299258338811e+01 6.357046074879190201e+01
3.274547983310152972e+02 6.829247278889852169e+01 6.364140493953027544e+01
3.279554937413073503e+02 6.836000920652622881e+01 6.371172572702062098e+01
3.284561891515994603e+02 6.842703904520931246e+01 6.378142043232810465e+01
3.289568845618915134e+02 6.849355936080428364e+01 6.385048669818797862e+01
3.294575799721835665e+02 6.855956747226628067e+01 6.391892241973164346e+01
3.299582753824756765e+02 6.862506093181764300e+01 6.398672578060268279e+01
3.304589707927677296e+02 6.869003753804463486e+01 6.405389523850953992e+01
3.309596662030597827e+02 6.875449531690719596e+01 6.412042948203361448e+01
3.314603616133518926e+02 6.881843251620921365e+01 6.418632744667502266e+01
3.319610570236439457e+02 6.888184758813622466e+01 6.425158832543911558e+01
3.324617524339359989e+02 6.894473919745919943e+01 6.431621151817762438e+01
3.329624478442280520e+02 6.900710620552686692e+01 6.438019664566081701e+01
3.334631432545201619e+02 6.906894766542805542e+01 6.444354354713152588e+01
3.339638386648122150e+02 6.913026280518366207e+01 6.450625223882536829e+01
3.344645340751042681e+02 6.919105103987945427e+01 6.456832296582444997e+01
3.349652294853963781e+02 6.925131194547262226e+01 6.462975612506863854e+01
3.354659248956884312e+02 6.931104526701361124e+01 6.469055231413233287e+01
3.359666203059804843e+02 6.937025090293005292e+01 6.475071228636818432e+01
3.364673157162726511e+02 6.942892890037015263e+01 6.481023697718239873e+01
3.369680111265647042e+02 6.948707945723995749e+01 6.486912746052450984e+01
3.374687065368567005e+02 6.954470290881559436e+01 6.492738497426228150e+01
3.379694019471487536e+02 6.960179971464654614e+01 6.498501089849935397e+01
3.384700973574409204e+02 6.965837047721848307e+01 6.504200674095966406e+01
3.389707927677329735e+02 6.971441590746522365e+01 6.509837417016581185e+01
3.394714881780250266e+02 6.976993684710592447e+01 6.515411495592172741e+01
3.399721835883171366e+02 6.982493424026884554e+01 6.520923098677496910e+01
3.404728789986091897e+02 6.987940914025799088e+01 6.526372429939340236e+01
3.409735744089012428e+02 6.993336271028070428e+01 6.531759700922532375e+01
3.414742698191932959e+02 6.998679620445741989e+01 6.537085134888013727e+01
3.419749652294854059e+02 7.003971098441084564e+01 6.542348966587280756e+01
3.424756606397774590e+02 7.009210848466878474e+01 6.547551437865888602e+01
3.429763560500695121e+02 7.014399023943965972e+01 6.552692802276408202e+01
3.434770514603616220e+02 7.019535785641906500e+01 6.557773321520483023e+01
3.439777468706536752e+02 7.024621303759900570e+01 6.562793264744490784e+01
3.444784422809457283e+02 7.029655753735838175e+01 6.567752910341900474e+01
3.449791376912378382e+02 7.034639320029796750e+01 6.572652543517128265e+01
3.454798331015298913e+02 7.039572192980827481e+01 6.577492457116554192e+01
3.459805285118219444e+02 7.044454570436769814e+01 6.582272950787759669e+01
3.464812239221139976e+02 7.049286655164010540e+01 6.586994330510228224e+01
3.469819193324061075e+02 7.054068656651921287e+01 6.591656909435718603e+01
3.474826147426981606e+02 7.058800790181535945e+01 6.596261006425797291e+01
3.479833101529902137e+02 7.063483275661397442e+01 6.600806944250592778e+01
3.484840055632823237e+02 7.068116338355153516e+01 6.605295052243661758e+01
3.489847009735743768e+02 7.072700208561414570e+01 6.609725665374924120e+01
3.494853963838664299e+02 7.077235120857054085e+01 6.614099122308459755e+01
3.499860917941585399e+02 7.081721314737492889e+01 6.618415766687746782e+01
3.504867872044505930e+02 7.086159032666742519e+01 6.622675946041624684e+01
3.509874826147426461e+02 7.090548521969154194e+01 6.626880012308163259e+01
3.514881780250346992e+02 7.094890033024981335e+01 6.631028320961547706e+01
3.519888734353268660e+02 7.099183820318117455e+01 6.635121230240827117e+01
3.524895688456189191e+02 7.103430141359254435e+01 6.639159103245390270e+01
3.529902642559109154e+02 7.107629256453051880e+01 6.643142304467956194e+01
3.534909596662030822e+02 7.111781428465306476e+01 6.647071202370325693e+01
3.539916550764951353e+02 7.115886924045312867e+01 6.650946168604760089e+01
3.544923504867871884e+02 7.119946011996049151e+01 6.654767574645275374e+01
3.549930458970792415e+02 7.123958962924930916e+01 6.658535797795180144e+01
3.554937413073713515e+02 7.127926050582587436e+01 6.662251215375859204e+01
3.559944367176634046e+02 7.131847550407670155e+01 6.665914206334987568e+01
3.564951321279554577e+02 7.135723739817890987e+01 6.669525153124182282e+01
3.569958275382475676e+02 7.139554897977191672e+01 6.673084438949940989e+01
3.574965229485396208e+02 7.143341306335074137e+01 6.676592449036020582e+01
3.579972183588316739e+02 7.147083247284186314e+01 6.680049569190073555e+01
3.584979137691237838e+02 7.150781005708282123e+01 6.683456186282042211e+01
3.589986091794158369e+02 7.154434866475654076e+01 6.686812690536085313e+01
3.594993045897078900e+02 7.158045116753797288e+01 6.690119471012208408e+01
3.600000000000000000e+02 7.161612044961671586e+01 6.693376917468908971e+01
