# lons lats(polar edge) lats(equatorward edge)
0.000000000000000000e+00 6.162107316544279456e+01 5.309540251014372103e+01
5.006954102920723182e-01 6.162712309277830514e+01 5.307945558545728915e+01
1.001390820584144636e+00 6.163285482497570911e+01 5.306303394019499819e+01
1.502086230876216844e+00 6.163827750637238978e+01 5.304615905042545876e+01
2.002781641168289273e+00 6.164340027648023579e+01 5.302885280608359153e+01
2.503477051460361480e+00 6.164823223611193725e+01 5.301113733534828043e+01
3.004172461752433687e+00 6.165278257925848493e+01 5.299303520227762476e+01
3.504867872044505894e+00 6.165706042731500247e+01 5.297456889961880222e+01
4.005563282336578546e+00 6.166107494915223697e+01 5.295576139835858953e+01
4.506258692628650309e+00 6.166483521895672482e+01 5.293663575795628162e+01
5.006954102920722960e+00 6.166835037930825081e+01 5.291721533977219849e+01
5.507649513212795611e+00 6.167162946977799720e+01 5.289752342964315801e+01
6.008344923504867374e+00 6.167468147788309807e+01 5.287758360795673696e+01
6.509040333796940025e+00 6.167751541069588939e+01 5.285741950563570413e+01
7.009735744089011789e+00 6.168014017165984342e+01 5.283705510144537243e+01
7.510431154381083552e+00 6.168256456998462056e+01 5.281651390108928013e+01
8.011126564673157091e+00 6.168479738788091993e+01 5.279581981452601269e+01
8.511821974965229742e+00 6.168684732898482537e+01 5.277499675794793177e+01
9.012517385257300617e+00 6.168872296680738998e+01 5.275406837558749373e+01
9.513212795549373268e+00 6.169043280054857803e+01 5.273305850213421309e+01
1.001390820584144592e+01 6.169198522680481744e+01 5.271199063051074063e+01
1.051460361613352035e+01 6.169338851135954371e+01 5.269088834801198118e+01
1.101529902642559122e+01 6.169465080685050395e+01 5.266977498723642270e+01
1.151599443671766032e+01 6.169578014659940379e+01 5.264867368133518255e+01
1.201668984700973475e+01 6.169678441501467603e+01 5.262760726252263055e+01
1.251738525730180740e+01 6.169767136457970480e+01 5.260659842669359421e+01
1.301808066759388005e+01 6.169844860944431275e+01 5.258566953130151944e+01
1.351877607788595093e+01 6.169912356219856520e+01 5.256484262585558298e+01
1.401947148817802358e+01 6.169970349676577825e+01 5.254413924993399831e+01
1.452016689847009623e+01 6.170019558114024960e+01 5.252358080934301654e+01
1.502086230876216710e+01 6.170060669064829995e+01 5.250318792618141117e+01
1.552155771905424153e+01 6.170094361417395135e+01 5.248298118700067505e+01
1.602225312934631418e+01 6.170121291395443563e+01 5.246298029911149285e+01
1.652294853963838506e+01 6.170142099877065789e+01 5.244320464387746483e+01
1.702364394993045948e+01 6.170157404300934445e+01 5.242367296081246764e+01
1.752433936022252681e+01 6.170167805131816863e+01 5.240440346367867619e+01
1.802503477051460123e+01 6.170173881182157061e+01 5.238541374166706532e+01
1.852573018080667566e+01 6.170176191764360851e+01 5.236672064007470340e+01
1.902642559109874654e+01 6.170175276943658105e+01 5.234834047936196555e+01
1.952712100139081741e+01 6.170171654331673494e+01 5.233028879638878550e+01
2.002781641168289184e+01 6.170165818708417760e+01 5.231258044705610644e+01
2.052851182197496627e+01 6.170158246798499135e+01 5.229522956785245924e+01
2.102920723226704069e+01 6.170149394417356348e+01 5.227824945276012159e+01
2.152990264255910802e+01 6.170139693761419153e+01 5.226165269708667438e+01
2.203059805285118244e+01 6.170129556315194463e+01 5.224545112174714490e+01
2.253129346314325332e+01 6.170119375111380577e+01 5.222965566270763560e+01
2.303198887343532064e+01 6.170109516941894867e+01 5.221427655141599189e+01
2.353268428372739507e+01 6.170100331963200802e+01 5.219932320239752244e+01
2.403337969401946950e+01 6.170092148322598291e+01 5.218480404360464320e+01
2.453407510431154037e+01 6.170085273145869564e+01 5.217072676643932994e+01
2.503477051460361480e+01 6.170079994410880886e+01 5.215709831338665481e+01
2.553546592489568567e+01 6.170076577388354622e+01 5.214392472055475025e+01
2.603616133518776010e+01 6.170075270998407291e+01 5.213121112432996540e+01
2.653685674547983453e+01 6.170076302903819965e+01 5.211896196179291962e+01
2.703755215577190185e+01 6.170079883606288718e+01 5.210718075292011520e+01
2.753824756606397628e+01 6.170086204958263920e+01 5.209587024373963970e+01
2.803894297635604715e+01 6.170095438886701800e+01 5.208503242547885037e+01
2.853963838664812158e+01 6.170107743054896332e+01 5.207466835587546683e+01
2.904033379694019246e+01 6.170123256269644685e+01 5.206477856694981909e+01
2.954102920723226333e+01 6.170142102746095247e+01 5.205536257907078124e+01
3.004172461752433421e+01 6.170164390060190840e+01 5.204641932432845408e+01
3.054242002781640863e+01 6.170190212259140594e+01 5.203794694971452373e+01
3.104311543810848306e+01 6.170219649503079040e+01 5.202994304287545901e+01
3.154381084840055394e+01 6.170252766402509792e+01 5.202240428873083999e+01
3.204450625869262836e+01 6.170289618371126039e+01 5.201532695671545525e+01
3.254520166898469569e+01 6.170330245630421473e+01 5.200870653072379923e+01
3.304589707927677011e+01 6.170374678797625734e+01 5.200253790575553126e+01
3.354659248956884454e+01 6.170422938600123075e+01 5.199681558227021583e+01
3.404728789986091897e+01 6.170475035911832151e+01 5.199153332581356324e+01
3.454798331015298629e+01 6.170530971145663557e+01 5.198668445070818223e+01
3.504867872044505361e+01 6.170590740398066032e+01 5.198226181400552548e+01
3.554937413073713515e+01 6.170654329124400306e+01 5.197825785103798069e+01
3.605006954102920247e+01 6.170721718112500298e+01 5.197466452914834179e+01
3.655076495132127690e+01 6.170792883064305556e+01 5.197147338486085744e+01
3.705146036161335132e+01 6.170867793355310482e+01 5.196867576578928549e+01
3.755215577190541865e+01 6.170946415374228877e+01 5.196626245221172269e+01
3.805285118219749307e+01 6.171028713206933958e+01 5.196422415238177450e+01
3.855354659248956750e+01 6.171114647272216303e+01 5.196255118457260380e+01
3.905424200278163482e+01 6.171204177406789881e+01 5.196123366144378508e+01
3.955493741307371636e+01 6.171297262166800124e+01 5.196026150806903843e+01
4.005563282336578368e+01 6.171393859642731172e+01 5.195962444151848558e+01
4.055632823365785811e+01 6.171493930602619571e+01 5.195931209017844310e+01
4.105702364394993253e+01 6.171597434650348646e+01 5.195931393390610253e+01
4.155771905424199986e+01 6.171704335591667245e+01 5.195961936056237107e+01
4.205841446453408139e+01 6.171814598945812236e+01 5.196021771916848309e+01
4.255910987482614871e+01 6.171928195154205810e+01 5.196109828237085537e+01
4.305980528511821603e+01 6.172045097324908625e+01 5.196225036665587993e+01
4.356050069541029046e+01 6.172165284095709126e+01 5.196366328428290160e+01
4.406119610570236489e+01 6.172288739750538866e+01 5.196532638716767849e+01
4.456189151599443221e+01 6.172415454335887830e+01 5.196722909315745653e+01
4.506258692628650664e+01 6.172545424650334667e+01 5.196936094655562499e+01
4.556328233657857396e+01 6.172678654531947018e+01 5.197171151325329674e+01
4.606397774687064128e+01 6.172815155920571328e+01 5.197427054986442840e+01
4.656467315716272282e+01 6.172954948195720704e+01 5.197702796717899787e+01
4.706536856745479014e+01 6.173098059879148991e+01 5.197997381999110189e+01
4.756606397774686457e+01 6.173244528514797480e+01 5.198309834203635660e+01
4.806675938803893899e+01 6.173394400901625545e+01 5.198639196082902458e+01
4.856745479833100632e+01 6.173547734548802168e+01 5.198984534095168897e+01
4.906815020862308074e+01 6.173704595580230148e+01 5.199344939167738744e+01
4.956884561891514807e+01 6.173865062459836395e+01 5.199719520665652794e+01
5.006954102920722960e+01 6.174029223896096141e+01 5.200107419164012867e+01
5.057023643949929692e+01 6.174197178842032940e+01 5.200507798231299716e+01
5.107093184979137135e+01 6.174369039289186389e+01 5.200919850262906152e+01
5.157162726008345288e+01 6.174544927706475050e+01 5.201342798619478458e+01
5.207232267037552020e+01 6.174724978902841599e+01 5.201775893942865991e+01
5.257301808066758753e+01 6.174909339910837502e+01 5.202218415658606432e+01
5.307371349095966906e+01 6.175098169288131089e+01 5.202669677884003363e+01
5.357440890125173638e+01 6.175291638863737376e+01 5.203129024804255209e+01
5.407510431154380370e+01 6.175489932108203561e+01 5.203595833586248887e+01
5.457579972183587813e+01 6.175693245297762246e+01 5.204069514143000674e+01
5.507649513212795256e+01 6.175901787281500788e+01 5.204549508950393033e+01
5.557719054242002699e+01 6.176115779830607266e+01 5.205035297049860787e+01
5.607788595271209431e+01 6.176335456474217267e+01 5.205526387343368810e+01
5.657858136300416163e+01 6.176561064245643706e+01 5.206022327324561161e+01
5.707927677329624316e+01 6.176792862518223615e+01 5.206522696675918382e+01
5.757997218358831759e+01 6.177031122539656849e+01 5.207027110790320990e+01
5.808066759388038491e+01 6.177276128596159310e+01 5.207535219432273266e+01
5.858136300417245934e+01 6.177528177313971014e+01 5.208046708076679465e+01
5.908205841446452666e+01 6.177787577077279479e+01 5.208561297093936560e+01
5.958275382475660109e+01 6.178054648726711662e+01 5.209078741313376781e+01
6.008344923504866841e+01 6.178329724628011377e+01 5.209598831420251486e+01
6.058414464534074995e+01 6.178613149079492928e+01 5.210121392616954950e+01
6.108484005563281727e+01 6.178905277497133852e+01 5.210646285321516302e+01
6.158553546592489170e+01 6.179206477229482175e+01 5.211173403770615664e+01
6.208623087621696612e+01 6.179517125811426581e+01 5.211702677649398652e+01
6.258692628650903345e+01 6.179837612070141972e+01 5.212234070752700177e+01
6.308762169680110787e+01 6.180168334728105606e+01 5.212767580519383159e+01
6.358831710709318941e+01 6.180509703567250313e+01 5.213303239196491745e+01
6.408901251738525673e+01 6.180862137100658060e+01 5.213841111510944870e+01
6.458970792767732405e+01 6.181226063736713172e+01 5.214381296648596731e+01
6.509040333796939137e+01 6.181601921720894666e+01 5.214923926158760992e+01
6.559109874826147291e+01 6.181990156574639173e+01 5.215469164070626107e+01
6.609179415855354023e+01 6.182391224020275899e+01 5.216017207358916608e+01
6.659248956884562176e+01 6.182805585731867382e+01 5.216568284415942003e+01
6.709318497913768908e+01 6.183233712391111681e+01 5.217122656273957659e+01
6.759388038942975641e+01 6.183676080602336356e+01 5.217680613903965536e+01
6.809457579972183794e+01 6.184133174653280207e+01 5.218242478950585905e+01
6.859527121001390526e+01 6.184605484768863448e+01 5.218808605278198343e+01
6.909596662030597258e+01 6.185093505714203843e+01 5.219379374699954610e+01
6.959666203059803991e+01 6.185597738657261857e+01 5.219955198724690604e+01
7.009735744089010723e+01 6.186118688142042288e+01 5.220536519012583199e+01
7.059805285118218876e+01 6.186656864067654737e+01 5.221123805178217481e+01
7.109874826147427029e+01 6.187212779243591854e+01 5.221717554751671742e+01
7.159944367176633762e+01 6.187786948749445060e+01 5.222318291805572699e+01
7.210013908205840494e+01 6.188379890808019468e+01 5.222926566969356088e+01
7.260083449235048647e+01 6.188992124773531600e+01 5.223542960021397619e+01
7.310152990264255379e+01 6.189624171495407268e+01 5.224168074923902338e+01
7.360222531293462112e+01 6.190276552132300480e+01 5.224802538427859133e+01
7.410292072322670265e+01 6.190949787642776414e+01 5.225447003028243387e+01
7.460361613351876997e+01 6.191644397821247026e+01 5.226102147481292093e+01
7.510431154381083729e+01 6.192360900599479123e+01 5.226768670833557451e+01
7.560500695410290461e+01 6.193099812745086297e+01 5.227447293203086076e+01
7.610570236439498615e+01 6.193861647183976515e+01 5.228138759206757413e+01
7.660639777468706768e+01 6.194646913233182772e+01 5.228843833662182305e+01
7.710709318497913500e+01 6.195456115611332848e+01 5.229563299015723032e+01
7.760778859527120233e+01 6.196289754671479955e+01 5.230297958858869833e+01
7.810848400556326965e+01 6.197148323956380978e+01 5.231048631804156912e+01
7.860917941585533697e+01 6.198032310198496475e+01 5.231816158907719227e+01
7.910987482614743271e+01 6.198942193727444305e+01 5.232601393641203913e+01
7.961057023643950004e+01 6.199878444628294005e+01 5.233405202553767310e+01
8.011126564673156736e+01 6.200841526234026446e+01 5.234228472151953326e+01
8.061196105702363468e+01 6.201831890003259673e+01 5.235072093942362415e+01
8.111265646731571621e+01 6.202849978314216628e+01 5.235936979678845660e+01
8.161335187760779775e+01 6.203896219808112278e+01 5.236824046364168339e+01
8.211404728789986507e+01 6.204971033347274556e+01 5.237734219797300739e+01
8.261474269819193239e+01 6.206074822718247219e+01 5.238668435050738026e+01
8.311543810848399971e+01 6.207207978960096284e+01 5.239627635121676974e+01
8.361613351877606704e+01 6.208370876522704407e+01 5.240612766720686011e+01
8.411682892906816278e+01 6.209563876701022878e+01 5.241624777846253380e+01
8.461752433936023010e+01 6.210787322338174476e+01 5.242664623249537215e+01
8.511821974965229742e+01 6.212041539513475641e+01 5.243733252108312115e+01
8.561891515994436475e+01 6.213326836843944534e+01 5.244831620890862212e+01
8.611961057023643207e+01 6.214643502515710338e+01 5.245960673841862842e+01
8.662030598052849939e+01 6.215991806612319692e+01 5.247121357243712225e+01
8.712100139082058092e+01 6.217371997331238731e+01 5.248314608006010928e+01
8.762169680111264825e+01 6.218784303428574844e+01 5.249541355065274217e+01
8.812239221140472978e+01 6.220228929562463804e+01 5.250802518034161892e+01
8.862308762169679710e+01 6.221706058737791523e+01 5.252099003923577669e+01
8.912378303198886442e+01 6.223215850792794868e+01 5.253431706271586421e+01
8.962447844228094596e+01 6.224758440303585871e+01 5.254801503197742107e+01
9.012517385257301328e+01 6.226333938213966235e+01 5.256209249772583547e+01
9.062586926286508060e+01 6.227942428954148113e+01 5.257655789656323009e+01
9.112656467315714792e+01 6.229583971139246046e+01 5.259141936476812873e+01
9.162726008344921524e+01 6.231258597278238653e+01 5.260668483956256125e+01
9.212795549374128257e+01 6.232966311794908165e+01 5.262236197406896565e+01
9.262865090403337831e+01 6.234707091522605538e+01 5.263845812682417602e+01
9.312934631432544563e+01 6.236480885355004489e+01 5.265498037989509328e+01
9.363004172461751295e+01 6.238287613431194245e+01 5.267193545195532067e+01
9.413073713490958028e+01 6.240127166087941646e+01 5.268932972552653382e+01
9.463143254520164760e+01 6.241999405140259682e+01 5.270716921281751866e+01
9.513212795549372913e+01 6.243904162368008315e+01 5.272545952845581496e+01
9.563282336578581067e+01 6.245841237886079966e+01 5.274420587143146122e+01
9.613351877607787799e+01 6.247810403986105143e+01 5.276341298577548855e+01
9.663421418636994531e+01 6.249811400829085528e+01 5.278308520774530166e+01
9.713490959666201263e+01 6.251843938308039128e+01 5.280322635761635297e+01
9.763560500695409416e+01 6.253907695058470040e+01 5.282383978000083857e+01
9.813630041724616149e+01 6.256002319855352312e+01 5.284492829971654260e+01
9.863699582753822881e+01 6.258127430099730759e+01 5.286649420148691547e+01
9.913769123783029613e+01 6.260282612750043540e+01 5.288853924012741459e+01
9.963838664812239188e+01 6.262467423798253208e+01 5.291106460831301206e+01
1.001390820584144592e+02 6.264681388968338638e+01 5.293407091932962771e+01
1.006397774687065265e+02 6.266924004007333338e+01 5.295755818075335242e+01
1.011404728789985938e+02 6.269194734685325443e+01 5.298152582309043623e+01
1.016411682892906754e+02 6.271493016911873042e+01 5.300597261226570822e+01
1.021418636995827427e+02 6.273818257667326748e+01 5.303089676945305087e+01
1.026425591098748242e+02 6.276169834828206717e+01 5.305629578677539371e+01
1.031432545201669058e+02 6.278547098564186513e+01 5.308216660319189373e+01
1.036439499304589731e+02 6.280949371105262458e+01 5.310850544868330303e+01
1.041446453407510404e+02 6.283375946596234485e+01 5.313530793092681392e+01
1.046453407510431077e+02 6.285826093977985352e+01 5.316256900532138729e+01
1.051460361613351751e+02 6.288299055532289117e+01 5.319028293928086271e+01
1.056467315716272708e+02 6.290794048919079273e+01 5.321844340981870403e+01
1.061474269819193381e+02 6.293310266681683629e+01 5.324704335156116031e+01
1.066481223922114054e+02 6.295846878313196271e+01 5.327607513286625363e+01
1.071488178025034728e+02 6.298403030256477564e+01 5.330553043212989905e+01
1.076495132127955401e+02 6.300977847533968657e+01 5.333540030334393123e+01
1.081502086230876074e+02 6.303570433282030194e+01 5.336567517647426939e+01
1.086509040333796889e+02 6.306179871777740686e+01 5.339634484888892985e+01
1.091515994436717563e+02 6.308805227041912644e+01 5.342739852888416863e+01
1.096522948539638236e+02 6.311445545865890949e+01 5.345882481241505957e+01
1.101529902642559051e+02 6.314099856996645599e+01 5.349061173664313174e+01
1.106536856745479724e+02 6.316767174163570076e+01 5.352274675083253896e+01
1.111543810848400540e+02 6.319446495147158771e+01 5.355521678503509975e+01
1.116550764951321213e+02 6.322136804398351728e+01 5.358800823073624997e+01
1.121557719054241886e+02 6.324837072689288675e+01 5.362110696821264355e+01
1.126564673157162559e+02 6.327546259790861427e+01 5.365449840058363407e+01
1.131571627260083233e+02 6.330263313774221956e+01 5.368816746254242389e+01
1.136578581363004190e+02 6.332987173979373097e+01 5.372209864756814568e+01
1.141585535465924863e+02 6.335716769967430650e+01 5.375627603935799925e+01
1.146592489568845536e+02 6.338451024547421753e+01 5.379068332579709022e+01
1.151599443671766352e+02 6.341188854009115516e+01 5.382530382689810722e+01
1.156606397774686883e+02 6.343929168588684320e+01 5.386012052506930559e+01
1.161613351877607698e+02 6.346670874680594920e+01 5.389511609130795478e+01
1.166620305980528229e+02 6.349412874837608456e+01 5.393027290848340272e+01
1.171627260083449187e+02 6.352154070099086880e+01 5.396557309345598696e+01
1.176634214186370002e+02 6.354893358703148465e+01 5.400099854364316343e+01
1.181641168289290533e+02 6.357629639608231287e+01 5.403653094254923417e+01
1.186648122392211349e+02 6.360361812274814497e+01 5.407215179992863341e+01
1.191655076495132022e+02 6.363088776840041305e+01 5.410784246517368956e+01
1.196662030598052695e+02 6.365809436904410745e+01 5.414358419599966510e+01
1.201668984700973368e+02 6.368522698425832118e+01 5.417935810751305326e+01
1.206675938803894041e+02 6.371227471645934770e+01 5.421514529271962601e+01
1.211682892906814999e+02 6.373922672319704930e+01 5.425092675786873997e+01
1.216689847009735672e+02 6.376607221398981551e+01 5.428668352024106980e+01
1.221696801112656345e+02 6.379280045825535694e+01 5.432239658379404545e+01
1.226703755215577019e+02 6.381940081446910540e+01 5.435804701036960296e+01
1.231710709318497834e+02 6.384586269698584715e+01 5.439361588656157664e+01
1.236717663421418507e+02 6.387217561911339203e+01 5.442908439761214368e+01
1.241724617524339322e+02 6.389832918496350089e+01 5.446443379832618348e+01
1.246731571627260138e+02 6.392431310342172424e+01 5.449964546574466340e+01
1.251738525730180669e+02 6.395011716020772496e+01 5.453470098762028329e+01
1.256745479833101484e+02 6.397573127841124574e+01 5.456958198858575315e+01
1.261752433936022157e+02 6.400114548822412530e+01 5.460427036447600813e+01
1.266759388038942831e+02 6.402634991995537916e+01 5.463874818695859403e+01
1.271766342141863788e+02 6.405133483713680675e+01 5.467299768377944247e+01
1.276773296244784177e+02 6.407609064147064259e+01 5.470700136433680427e+01
1.281780250347705135e+02 6.410060783950575569e+01 5.474074196110979074e+01
1.286787204450625950e+02 6.412487708134540298e+01 5.477420245954279210e+01
1.291794158553546481e+02 6.414888916872405389e+01 5.480736609801768111e+01
1.296801112656467296e+02 6.417263500727676728e+01 5.484021637598802101e+01
1.301808066759387827e+02 6.419610566780283989e+01 5.487273711721230995e+01
1.306815020862308643e+02 6.421929236356481852e+01 5.490491242334486799e+01
1.311821974965229458e+02 6.424218642613232078e+01 5.493672668263174330e+01
1.316828929068149989e+02 6.426477935835100652e+01 5.496816461147922439e+01
1.321835883171070805e+02 6.428706279679863655e+01 5.499921119879579123e+01
1.326842837273991336e+02 6.430902853565021360e+01 5.502985184014298170e+01
1.331849791376912435e+02 6.433066850022987637e+01 5.506007214825123697e+01
1.336856745479833251e+02 6.435197476905705116e+01 5.508985817249387651e+01
1.341863699582753782e+02 6.437293957362817309e+01 5.511919621735945896e+01
1.346870653685674597e+02 6.439355529288695834e+01 5.514807292647095949e+01
1.351877607788595128e+02 6.441381444598482631e+01 5.517647531212145395e+01
1.356884561891515943e+02 6.443370971126205404e+01 5.520439071203196590e+01
1.361891515994436759e+02 6.445323389502532052e+01 5.523180679854118580e+01
1.366898470097357290e+02 6.447237995117261278e+01 5.525871155753844732e+01
1.371905424200278105e+02 6.449114100106127978e+01 5.528509335635459365e+01
1.376912378303198636e+02 6.450951027277226046e+01 5.531094080171311589e+01
1.381919332406119452e+02 6.452748117096091107e+01 5.533624293587632792e+01
1.386926286509039983e+02 6.454504719994331197e+01 5.536098910000373508e+01
1.391933240611960798e+02 6.456220204902676585e+01 5.538516885906074094e+01
1.396940194714881613e+02 6.457893950541091499e+01 5.540877227568307717e+01
1.401947148817802145e+02 6.459525350215898243e+01 5.543178957085309833e+01
1.406954102920723244e+02 6.461113810513978706e+01 5.545421137849679383e+01
1.411961057023643775e+02 6.462658751585166783e+01 5.547602852132938267e+01
1.416968011126564591e+02 6.464159604911600354e+01 5.549723227868496167e+01
1.421974965229485406e+02 6.465615817396809462e+01 5.551781410390474036e+01
1.426981919332405937e+02 6.467026842809190157e+01 5.553776575530986293e+01
1.431988873435326752e+02 6.468392153088842633e+01 5.555707932429938012e+01
1.436995827538247283e+02 6.469711226927955749e+01 5.557574716023124495e+01
1.442002781641168099e+02 6.470983558152710202e+01 5.559376184981047686e+01
1.447009735744088914e+02 6.472208650158268028e+01 5.561111627940201174e+01
1.452016689847009729e+02 6.473386017912548596e+01 5.562780356886445077e+01
1.457023643949930261e+02 6.474515185353243396e+01 5.564381707670297317e+01
1.462030598052851076e+02 6.475595689389751897e+01 5.565915050208393211e+01
1.467037552155771891e+02 6.476627075590090499e+01 5.567379762452392811e+01
1.472044506258692422e+02 6.477608900062637076e+01 5.568775259683374657e+01
1.477051460361613238e+02 6.478540728258099080e+01 5.570100971291307701e+01
1.482058414464534053e+02 6.479422133805360318e+01 5.571356348487083210e+01
1.487065368567454584e+02 6.480252702970392420e+01 5.572540869813973075e+01
1.492072322670375399e+02 6.481032027297987952e+01 5.573654026369308667e+01
1.497079276773296215e+02 6.481759706885713967e+01 5.574695327692057845e+01
1.502086230876216746e+02 6.482435351378443045e+01 5.575664309226300475e+01
1.507093184979137845e+02 6.483058579406859678e+01 5.576560525139834112e+01
1.512100139082058092e+02 6.483629016462872130e+01 5.577383540719817745e+01
1.517107093184979192e+02 6.484146293509910208e+01 5.578132938775451066e+01
1.522114047287899723e+02 6.484610051406706077e+01 5.578808316832609648e+01
1.527121001390820538e+02 6.485019937647665245e+01 5.579409297514675359e+01
1.532127955493741354e+02 6.485375603219652874e+01 5.579935510868205029e+01
1.537134909596661885e+02 6.485676710299956937e+01 5.580386596251338460e+01
1.542141863699582700e+02 6.485922924165423353e+01 5.580762219258923551e+01
1.547148817802503231e+02 6.486113917005059193e+01 5.581062043105855253e+01
1.552155771905424047e+02 6.486249365651917742e+01 5.581285758546225395e+01
1.557162726008344862e+02 6.486328954662258184e+01 5.581433058094357591e+01
1.562169680111265393e+02 6.486352371538760053e+01 5.581503651346808681e+01
1.567176634214186208e+02 6.486319311566421675e+01 5.581497249433368779e+01
1.572183588317106739e+02 6.486229471081333031e+01 5.581413587213548055e+01
1.577190542420027555e+02 6.486082554771701325e+01 5.581252390177043310e+01
1.582197496522948654e+02 6.485878269194063250e+01 5.581013414896234792e+01
1.587204450625868901e+02 6.485616325443115215e+01 5.580696412088474290e+01
1.592211404728790001e+02 6.485296440478632007e+01 5.580301143401855768e+01
1.597218358831710532e+02 6.484918333641471122e+01 5.579827382782912082e+01
1.602225312934631347e+02 6.484481726591124584e+01 5.579274902814465520e+01
1.607232267037552162e+02 6.483986349323626541e+01 5.578643486379451133e+01
1.612239221140472694e+02 6.483431929764432766e+01 5.577932933821375627e+01
1.617246175243393509e+02 6.482818201691938498e+01 5.577143029207584846e+01
1.622253129346314324e+02 6.482144901090745748e+01 5.576273583891278918e+01
1.627260083449234855e+02 6.481411768267375351e+01 5.575324398742901622e+01
1.632267037552155955e+02 6.480618545230922223e+01 5.574295292946455049e+01
1.637273991655076486e+02 6.479764975238308011e+01 5.573186081255381907e+01
1.642280945757997301e+02 6.478850806169415932e+01 5.571996580816428946e+01
1.647287899860917832e+02 6.477875789633951342e+01 5.570726619878526265e+01
1.652294853963838648e+02 6.476839676214846975e+01 5.569376028783349852e+01
1.657301808066759463e+02 6.475742220128420001e+01 5.567944642794682863e+01
1.662308762169679994e+02 6.474583177659194178e+01 5.566432294142788351e+01
1.667315716272600810e+02 6.473362307827453321e+01 5.564838827294653356e+01
1.672322670375521341e+02 6.472079372156410670e+01 5.563164083052316755e+01
1.677329624478442156e+02 6.470734130714087939e+01 5.561407903850596313e+01
1.682336578581363256e+02 6.469326348488952760e+01 5.559570138017153340e+01
1.687343532684283502e+02 6.467855792006280069e+01 5.557650639117200342e+01
1.692350486787204602e+02 6.466322229688789491e+01 5.555649262294609514e+01
1.697357440890125133e+02 6.464725430568482523e+01 5.553565862030227152e+01
1.702364394993045948e+02 6.463065167400831967e+01 5.551400296526246336e+01
1.707371349095966480e+02 6.461341212950519264e+01 5.549152424395833805e+01
1.712378303198887295e+02 6.459553339716312337e+01 5.546822112312021602e+01
1.717385257301808110e+02 6.457701327476915765e+01 5.544409219432147040e+01
1.722392211404728641e+02 6.455784953401125392e+01 5.541913626499513157e+01
1.727399165507649457e+02 6.453803996640890261e+01 5.539335185445884235e+01
1.732406119610569988e+02 6.451758242055693415e+01 5.536673785830748784e+01
1.737413073713490803e+02 6.449647471443203983e+01 5.533929291824711072e+01
1.742420027816411618e+02 6.447471470932104864e+01 5.531101586213003429e+01
1.747426981919332150e+02 6.445230028485984519e+01 5.528190549260305886e+01
1.752433936022252965e+02 6.442922935612348567e+01 5.525196064341896829e+01
1.757440890125173496e+02 6.440549982037244092e+01 5.522118013779716250e+01
1.762447844228094596e+02 6.438110963070765536e+01 5.518956292615355608e+01
1.767454798331015411e+02 6.435605675778977286e+01 5.515710793673959245e+01
1.772461752433935942e+02 6.433033918605549673e+01 5.512381405684818958e+01
1.777468706536856757e+02 6.430395492461873630e+01 5.508968039447309195e+01
1.782475660639777288e+02 6.427690203410936931e+01 5.505470597147287037e+01
1.787482614742698104e+02 6.424917858668966630e+01 5.501888983726138349e+01
1.792489568845618919e+02 6.422078267925888895e+01 5.498223121296288696e+01
1.797496522948539450e+02 6.419171244851958136e+01 5.494472920229038948e+01
1.802503477051460266e+02 6.416196605903741101e+01 5.490638307269269092e+01
1.807510431154380797e+02 6.413154171561535577e+01 5.486719214330965144e+01
1.812517385257301612e+02 6.410043766503866891e+01 5.482715574925197188e+01
1.817524339360222427e+02 6.406865219213412388e+01 5.478627340768827025e+01
1.822531293463142958e+02 6.403618361661554559e+01 5.474454441939813876e+01
1.827538247566063774e+02 6.400303030014381989e+01 5.470196856614225567e+01
1.832545201668984305e+02 6.396919066165335721e+01 5.465854532213786854e+01
1.837552155771905404e+02 6.393466316885675838e+01 5.461427451472692951e+01
1.842559109874825651e+02 6.389944633783667882e+01 5.456915588355293778e+01
1.847566063977746751e+02 6.386353874893754323e+01 5.452318940487812426e+01
1.852573018080667566e+02 6.382693901041190543e+01 5.447637504069658121e+01
1.857579972183588097e+02 6.378964583882176953e+01 5.442871286629095096e+01
1.862586926286508913e+02 6.375165797331416684e+01 5.438020315116312986e+01
1.867593880389429444e+02 6.371297424613428007e+01 5.433084622193990754e+01
1.872600834492350259e+02 6.367359354697097729e+01 5.428064243336312700e+01
1.877607788595271074e+02 6.363351484423898796e+01 5.422959242180159833e+01
1.882614742698191606e+02 6.359273719264589886e+01 5.417769689942572597e+01
1.887621696801112421e+02 6.355125973202771661e+01 5.412495666572439745e+01
1.892628650904032952e+02 6.350908166226608387e+01 5.407137269115354172e+01
1.897635605006953767e+02 6.346620230839320698e+01 5.401694614057123545e+01
1.902642559109874583e+02 6.342262106851407566e+01 5.396167829249679926e+01
1.907649513212795114e+02 6.337833743140649290e+01 5.390557051253199461e+01
1.912656467315716213e+02 6.333335102970735875e+01 5.384862459019626613e+01
1.917663421418636460e+02 6.328766157160372074e+01 5.379084218832082342e+01
1.922670375521557560e+02 6.324126888781776756e+01 5.373222538808710169e+01
1.927677329624478375e+02 6.319417292443560541e+01 5.367277629591868049e+01
1.932684283727398906e+02 6.314637376186894357e+01 5.361249731148328124e+01
1.937691237830319722e+02 6.309787159971321557e+01 5.355139100207942704e+01
1.942698191933240253e+02 6.304866678732807372e+01 5.348946025118530656e+01
1.947705146036161068e+02 6.299875977110943381e+01 5.342670794798360134e+01
1.952712100139081883e+02 6.294815122044539635e+01 5.336313751374341052e+01
1.957719054242002414e+02 6.289684186409587596e+01 5.329875229411592841e+01
1.962726008344923230e+02 6.284483267118208261e+01 5.323355609807272515e+01
1.967732962447844045e+02 6.279212472152880764e+01 5.316755290806057133e+01
1.972739916550764576e+02 6.273871927405639326e+01 5.310074699774148144e+01
1.977746870653685392e+02 6.268461780506117975e+01 5.303314286952270606e+01
1.982753824756605923e+02 6.262982189538820421e+01 5.296474531815766795e+01
1.987760778859527022e+02 6.257433339254862403e+01 5.289555949274387103e+01
1.992767732962447838e+02 6.251815428258782958e+01 5.282559073296320662e+01
1.997774687065368369e+02 6.246128680417245960e+01 5.275484470192377273e+01
2.002781641168289184e+02 6.240373336593552267e+01 5.268332744515855381e+01
2.007788595271209999e+02 6.234549661508867757e+01 5.261104525914770136e+01
2.012795549374130530e+02 6.228657939580375569e+01 5.253800484362952261e+01
2.017802503477051346e+02 6.222698481861857545e+01 5.246421310612075217e+01
2.022809457579971877e+02 6.216671621506225165e+01 5.238967734590200109e+01
2.027816411682892692e+02 6.210577716198872622e+01 5.231440531314046893e+01
2.032823365785813508e+02 6.204417146471242717e+01 5.223840497192622934e+01
2.037830319888734039e+02 6.198190325367178843e+01 5.216168468343720122e+01
2.042837273991654854e+02 6.191897685135629104e+01 5.208425331633858946e+01
2.047844228094575953e+02 6.185539691074083635e+01 5.200611990191644907e+01
2.052851182197496485e+02 6.179116835093779514e+01 5.192729398883783176e+01
2.057858136300417300e+02 6.172629636739699777e+01 5.184778546375126496e+01
2.062865090403338115e+02 6.166078647655055534e+01 5.176760467852535896e+01
2.067872044506258646e+02 6.159464447408069532e+01 5.168676234704702210e+01
2.072878998609179462e+02 6.152787649500211842e+01 5.160526957306797158e+01
2.077885952712099993e+02 6.146048898654086656e+01 5.152313787670505008e+01
2.082892906815020808e+02 6.139248873272705964e+01 5.144037923753286634e+01
2.087899860917941623e+02 6.132388283285806097e+01 5.135700603814747467e+01
2.092906815020862155e+02 6.125467875061119116e+01 5.127303108773796225e+01
2.097913769123782970e+02 6.118488430065823991e+01 5.118846763084093254e+01
2.102920723226703501e+02 6.111450763334048020e+01 5.110332937808762210e+01
2.107927677329624316e+02 6.104355729464359115e+01 5.101763046244214195e+01
2.112934631432545416e+02 6.097204219363547395e+01 5.093138540243755585e+01
2.117941585535465663e+02 6.089997162244898732e+01 5.084460931467305045e+01
2.122948539638386762e+02 6.082735525577945168e+01 5.075731761434468581e+01
2.127955493741307293e+02 6.075420315918663050e+01 5.066952623082343621e+01
2.132962447844228109e+02 6.068052582501977099e+01 5.058125159588611552e+01
2.137969401947148924e+02 6.060633412117667262e+01 5.049251054026673557e+01
2.142976356050069455e+02 6.053163935218535130e+01 5.040332036682680439e+01
2.147983310152990271e+02 6.045645323487960354e+01 5.031369881354686413e+01
2.152990264255910802e+02 6.038078790984044986e+01 5.022366415623942260e+01
2.157997218358831617e+02 6.030465596343319135e+01 5.013323502995440606e+01
2.163004172461752148e+02 6.022807039773951487e+01 5.004243056669061218e+01
2.168011126564672963e+02 6.015104468230319412e+01 4.995127042215194990e+01
2.173018080667593779e+02 6.007359272118819149e+01 4.985977456364658167e+01
2.178025034770514310e+02 5.999572886869472654e+01 4.976796355861047516e+01
2.183031988873435125e+02 5.991746794296531675e+01 4.967585831711808453e+01
2.188038942976355656e+02 5.983882521608947513e+01 4.958348025168481854e+01
2.193045897079276472e+02 5.975981643749591399e+01 4.949085119712356118e+01
2.198052851182197571e+02 5.968045780832298419e+01 4.939799342167054874e+01
2.203059805285118102e+02 5.960076600739384389e+01 4.930492965134283168e+01
2.208066759388038918e+02 5.952075818516831873e+01 4.921168300185775024e+01
2.213073713490959449e+02 5.944045196250598906e+01 4.911827706361611945e+01
2.218080667593880264e+02 5.935986545831482886e+01 4.902473580652787177e+01
2.223087621696801079e+02 5.927901723385375021e+01 4.893108363715454345e+01
2.228094575799721611e+02 5.919792635096754907e+01 4.883734533071250183e+01
2.233101529902642426e+02 5.911661235520668356e+01 4.874354609712357700e+01
2.238108484005562957e+02 5.903509525952912895e+01 4.864971154793609998e+01
2.243115438108483772e+02 5.895339554546453087e+01 4.855586761450839361e+01
2.248122392211404588e+02 5.887153420036710827e+01 4.846204068121013364e+01
2.253129346314325119e+02 5.878953265862591593e+01 4.836825747150586352e+01
2.258136300417245934e+02 5.870741284357436029e+01 4.827454505712383792e+01
2.263143254520166465e+02 5.862519713664013921e+01 4.818093086933375702e+01
2.268150208623087565e+02 5.854290839364338694e+01 4.808744269414463446e+01
2.273157162726008380e+02 5.846056994014006136e+01 4.799410865982653007e+01
2.278164116828928911e+02 5.837820554581057308e+01 4.790095720678808533e+01
2.283171070931849727e+02 5.829583944264967954e+01 4.780801709747182571e+01
2.288178025034770258e+02 5.821349630342965042e+01 4.771531741606312238e+01
2.293184979137691073e+02 5.813120125887152767e+01 4.762288753531182550e+01
2.298191933240611604e+02 5.804897985719080111e+01 4.753075713996084772e+01
2.303198887343532704e+02 5.796685808519768557e+01 4.743895618018003546e+01
2.308205841446453235e+02 5.788486234559613308e+01 4.734751489950584613e+01
2.313212795549373766e+02 5.780301945931213936e+01 4.725646380573751770e+01
2.318219749652294297e+02 5.772135663959133467e+01 4.716583366759012819e+01
2.323226703755215397e+02 5.763990150014805636e+01 4.707565550479929328e+01
2.328233657858135928e+02 5.755868203421059093e+01 4.698596058899428130e+01
2.333240611961056459e+02 5.747772660753625473e+01 4.689678041983287216e+01
2.338247566063977843e+02 5.739706394793401500e+01 4.680814673911671520e+01
2.343254520166898374e+02 5.731672312430973193e+01 4.672009150576203496e+01
2.348261474269818621e+02 5.723673354433785221e+01 4.663264688546777137e+01
2.353268428372740004e+02 5.715712493816326401e+01 4.654584526697734503e+01
2.358275382475660535e+02 5.707792733395407936e+01 4.645971922817269473e+01
2.363282336578581067e+02 5.699917105790163419e+01 4.637430156396847991e+01
2.368289290681501882e+02 5.692088671093742391e+01 4.628962521881620518e+01
2.373296244784422697e+02 5.684310514545003912e+01 4.620572334595780006e+01
2.378303198887343228e+02 5.676585746062855264e+01 4.612262926504771343e+01
2.383310152990264044e+02 5.668917497917945525e+01 4.604037646644572845e+01
2.388317107093184859e+02 5.661308922171528479e+01 4.595899857876917594e+01
2.393324061196105390e+02 5.653763189744140050e+01 4.587852942243915066e+01
2.398331015299026205e+02 5.646283487708942062e+01 4.579900292166274056e+01
2.403337969401946737e+02 5.638873017312661773e+01 4.572045314892420720e+01
2.408344923504867552e+02 5.631534991821908420e+01 4.564291433182916080e+01
2.413351877607788083e+02 5.624272634078451460e+01 4.556642078628981096e+01
2.418358831710709183e+02 5.617089174491056269e+01 4.549100693848201615e+01
2.423365785813629998e+02 5.609987848008685773e+01 4.541670733669064930e+01
2.428372739916550529e+02 5.602971891559363371e+01 4.534355658644102505e+01
2.433379694019471344e+02 5.596044542420358425e+01 4.527158939184204201e+01
2.438386648122392160e+02 5.589209034521999797e+01 4.520084052658688734e+01
2.443393602225312691e+02 5.582468594998871936e+01 4.513134479887261818e+01
2.448400556328233506e+02 5.575826443142076982e+01 4.506313705716678442e+01
2.453407510431154037e+02 5.569285785888141049e+01 4.499625216661883087e+01
2.458414464534074853e+02 5.562849815286980970e+01 4.493072498765144474e+01
2.463421418636995668e+02 5.556521705416898271e+01 4.486659041436979578e+01
2.468428372739916199e+02 5.550304608950327179e+01 4.480388319057963997e+01
2.473435326842837014e+02 5.544201652933779201e+01 4.474263813259311462e+01
2.478442280945758114e+02 5.538215937943832046e+01 4.468288989171857395e+01
2.483449235048678645e+02 5.532350531698838836e+01 4.462467302468145647e+01
2.488456189151599460e+02 5.526608467254490620e+01 4.456802193499176212e+01
2.493463143254520276e+02 5.520992738360845919e+01 4.451297089386504524e+01
2.498470097357440807e+02 5.515506297254077595e+01 4.445955394193209997e+01
2.503477051460361338e+02 5.510152048801145952e+01 4.440780490419332693e+01
2.508484005563282153e+02 5.504932847942299645e+01 4.435775731472735117e+01
2.513490959666202968e+02 5.499851495858010253e+01 4.430944441711166348e+01
2.518497913769123500e+02 5.494910737165909609e+01 4.426289910639344782e+01
2.523504867872044315e+02 5.490113252442014868e+01 4.421815385823312283e+01
2.528511821974965130e+02 5.485461657534969504e+01 4.417524073927371830e+01
2.533518776077885661e+02 5.480958499861216637e+01 4.413419131844013066e+01
2.538525730180806477e+02 5.476606251209076959e+01 4.409503661853752021e+01
2.543532684283727576e+02 5.472407307478633243e+01 4.405780711328863219e+01
2.548539638386647823e+02 5.468363981696811038e+01 4.402253258577898976e+01
2.553546592489568354e+02 5.464478502045594155e+01 4.398924216815146337e+01
2.558553546592489738e+02 5.460753008020319044e+01 4.395796420698104612e+01
2.563560500695410269e+02 5.457189545687569421e+01 4.392872625443203560e+01
2.568567454798330800e+02 5.453790063865298521e+01 4.390155499778927606e+01
2.573574408901251900e+02 5.450556410814087371e+01 4.387647616072797518e+01
2.578581363004172431e+02 5.447490332403603475e+01 4.385351448883454850e+01
2.583588317107092962e+02 5.444593465235001872e+01 4.383269364796149148e+01
2.588595271210013493e+02 5.441867334814659785e+01 4.381403622735960823e+01
2.593602225312934593e+02 5.439313355792464222e+01 4.379756355988392613e+01
2.598609179415855124e+02 5.436932822182924951e+01 4.378329575392017148e+01
2.603616133518775655e+02 5.434726909926311578e+01 4.377125157373556874e+01
2.608623087621696754e+02 5.432696673046947922e+01 4.376144843520778238e+01
2.613630041724617286e+02 5.430843038676457013e+01 4.375390225063783589e+01
2.618636995827537817e+02 5.429166808916406239e+01 4.374862744446618024e+01
2.623643949930458916e+02 5.427668655308579559e+01 4.374563686432411203e+01
2.628650904033379447e+02 5.426349117437993641e+01 4.374494171719301505e+01
2.633657858136299978e+02 5.425208603922428097e+01 4.374655148963678641e+01
2.638664812239220510e+02 5.424247389152796472e+01 4.375047396071489914e+01
2.643671766342141609e+02 5.423465609509648289e+01 4.375671503268416984e+01
2.648678720445062140e+02 5.422863269649596418e+01 4.376527884818382574e+01
2.653685674547982671e+02 5.422440235928760899e+01 4.377616754221699580e+01
2.658692628650904339e+02 5.422196236442786699e+01 4.378938139632546722e+01
2.663699582753824870e+02 5.422130865048629289e+01 4.380491865083777725e+01
2.668706536856744833e+02 5.422243576832542544e+01 4.382277554466591596e+01
2.673713490959666501e+02 5.422533694160946993e+01 4.384294629488047690e+01
2.678720445062587032e+02 5.423000402021997957e+01 4.386542301375791908e+01
2.683727399165507563e+02 5.423642752460281713e+01 4.389019574255124212e+01
2.688734353268428094e+02 5.424459665781895978e+01 4.391725243285671354e+01
2.693741307371349194e+02 5.425449931413012905e+01 4.394657890354190499e+01
2.698748261474269725e+02 5.426612210926677449e+01 4.397815889720712335e+01
2.703755215577190256e+02 5.427945038537572486e+01 4.401197401615698368e+01
2.708762169680111356e+02 5.429446826689954264e+01 4.404800381145813049e+01
2.713769123783031887e+02 5.431115866174067719e+01 4.408622573520895571e+01
2.718776077885952418e+02 5.432950329593140282e+01 4.412661519059818716e+01
2.723783031988873518e+02 5.434948276354688801e+01 4.416914557905309380e+01
2.728789986091794049e+02 5.437107653914708294e+01 4.421378830198571563e+01
2.733796940194714580e+02 5.439426303933132090e+01 4.426051283471659303e+01
2.738803894297635111e+02 5.441901962597611941e+01 4.430928675441444398e+01
2.743810848400556210e+02 5.444532268772590555e+01 4.436007580237836123e+01
2.748817802503476742e+02 5.447314765861946739e+01 4.441284395039454580e+01
2.753824756606397273e+02 5.450246905999946989e+01 4.446755344963074208e+01
2.758831710709318372e+02 5.453326055522765614e+01 4.452416491678357602e+01
2.763838664812238903e+02 5.456549499392266966e+01 4.458263740101736516e+01
2.768845618915159434e+02 5.459914445154126383e+01 4.464292846312653751e+01
2.773852573018079966e+02 5.463418028525765635e+01 4.470499425775395252e+01
2.778859527121001065e+02 5.467057317354473867e+01 4.476878962099343084e+01
2.783866481223921596e+02 5.470829317205343045e+01 4.483426816483168409e+01
2.788873435326842127e+02 5.474730975785050191e+01 4.490138236387772963e+01
2.793880389429763227e+02 5.478759188064131536e+01 4.497008363670809672e+01
2.798887343532683758e+02 5.482910800584349431e+01 4.504032244853058842e+01
2.803894297635604289e+02 5.487182616580966510e+01 4.511204844753572729e+01
2.808901251738525957e+02 5.491571401454265811e+01 4.518521048541495588e+01
2.813908205841446488e+02 5.496073886145595111e+01 4.525975677131989983e+01
2.818915159944367019e+02 5.500686772259641089e+01 4.533563492766668901e+01
2.823922114047287550e+02 5.505406737652364768e+01 4.541279216011128028e+01
2.828929068150208650e+02 5.510230439137657754e+01 4.549117527247028647e+01
2.833936022253129181e+02 5.515154517609616391e+01 4.557073076621088603e+01
2.838942976356049712e+02 5.520175603572269551e+01 4.565140499647748129e+01
2.843949930458970812e+02 5.525290318944016121e+01 4.573314419861954150e+01
2.848956884561891343e+02 5.530495281510511063e+01 4.581589457966488510e+01
2.853963838664811874e+02 5.535787112258830689e+01 4.589960244347908258e+01
2.858970792767732974e+02 5.541162432816335581e+01 4.598421424243583999e+01
2.863977746870653505e+02 5.546617874647481017e+01 4.606967667083240769e+01
2.868984700973574036e+02 5.552150078529948019e+01 4.615593667107619069e+01
2.873991655076494567e+02 5.557755701190316699e+01 4.624294161762095712e+01
2.878998609179415666e+02 5.563431415983004058e+01 4.633063925920147597e+01
2.884005563282336198e+02 5.569173917014822450e+01 4.641897790374373756e+01
2.889012517385257297e+02 5.574979919689516805e+01 4.650790640261014630e+01
2.894019471488177828e+02 5.580846167972700300e+01 4.659737420404843533e+01
2.899026425591098359e+02 5.586769430406198467e+01 4.668733138552914852e+01
2.904033379694019459e+02 5.592746509678468669e+01 4.677772882363193219e+01
2.909040333796939990e+02 5.598774239860281909e+01 4.686851802250735943e+01
2.914047287899860521e+02 5.604849486992966945e+01 4.695965136366304193e+01
2.919054242002781621e+02 5.610969156596055996e+01 4.705108203038312809e+01
2.924061196105702152e+02 5.617130192711428549e+01 4.714276400062345829e+01
2.929068150208622683e+02 5.623329575466286201e+01 4.723465217876338329e+01
2.934075104311543782e+02 5.629564330274533290e+01 4.732670236977838840e+01
2.939082058414464314e+02 5.635831522116731662e+01 4.741887125359505717e+01
2.944089012517384845e+02 5.642128261215347607e+01 4.751111646296015323e+01
2.949095966620305944e+02 5.648451702380428685e+01 4.760339663958409773e+01
2.954102920723226475e+02 5.654799042867283276e+01 4.769567123277345644e+01
2.959109874826147006e+02 5.661167533101621530e+01 4.778790074751032080e+01
2.964116828929068106e+02 5.667554462766207735e+01 4.788004666450933655e+01
2.969123783031988637e+02 5.673957174054197594e+01 4.797207144914625587e+01
2.974130737134909168e+02 5.680373057366199419e+01 4.806393837450502815e+01
2.979137691237830268e+02 5.686799547976664826e+01 4.815561193867085876e+01
2.984144645340750799e+02 5.693234136750182017e+01 4.824705730929723302e+01
2.989151599443671330e+02 5.699674355741156262e+01 4.833824087206028253e+01
2.994158553546592429e+02 5.706117794094173234e+01 4.842912968286998421e+01
2.999165507649512961e+02 5.712562084611452917e+01 4.851969202944620463e+01
3.004172461752433492e+02 5.719004911087357357e+01 4.860989687974016249e+01
3.009179415855354023e+02 5.725444008181467836e+01 4.869971417828405436e+01
3.014186369958275691e+02 5.731877162696902417e+01 4.878911484992879366e+01
3.019193324061196222e+02 5.738302203012592884e+01 4.887807060993435471e+01
3.024200278164116185e+02 5.744717013850275578e+01 4.896655402123334966e+01
3.029207232267037853e+02 5.751119524999920429e+01 4.905453859370986436e+01
3.034214186369958384e+02 5.757507715232057421e+01 4.914199857470214283e+01
3.039221140472878915e+02 5.763879614613092883e+01 4.922890907975363461e+01
3.044228094575799446e+02 5.770233298766821406e+01 4.931524607010835837e+01
3.049235048678720545e+02 5.776566889091905921e+01 4.940098611511614024e+01
3.054242002781641077e+02 5.782878559995646128e+01 4.948610676318286039e+01
3.059248956884561608e+02 5.789166526675893465e+01 4.957058621465569104e+01
3.064255910987482707e+02 5.795429055502376059e+01 4.965440331387736705e+01
3.069262865090403238e+02 5.801664453941833699e+01 4.973753772693198982e+01
3.074269819193323769e+02 5.807871080021676846e+01 4.981996975710541165e+01
3.079276773296244869e+02 5.814047333647353355e+01 4.990168049278604201e+01
3.084283727399165400e+02 5.820191661748425815e+01 4.998265150747197083e+01
3.089290681502085931e+02 5.826302549490095828e+01 5.006286519459213480e+01
3.094297635605006462e+02 5.832378533997287207e+01 5.014230434294478300e+01
3.099304589707927562e+02 5.838418190219410064e+01 5.022095265775722339e+01
3.104311543810848093e+02 5.844420137697080975e+01 5.029879408909626193e+01
3.109318497913768624e+02 5.850383033724847337e+01 5.037581342549862029e+01
3.114325452016689724e+02 5.856305583129051229e+01 5.045199589073267532e+01
3.119332406119610255e+02 5.862186525236576529e+01 5.052732740729656769e+01
3.124339360222530786e+02 5.868024646873347194e+01 5.060179415154151172e+01
3.129346314325451885e+02 5.873818768758975750e+01 5.067538304860703136e+01
3.134353268428372417e+02 5.879567753181073897e+01 5.074808153018587120e+01
3.139360222531292948e+02 5.885270502337699838e+01 5.081987733702243304e+01
3.144367176634213479e+02 5.890925953082297895e+01 5.089075884389174576e+01
3.149374130737134578e+02 5.896533087526587735e+01 5.096071483116256218e+01
3.154381084840055109e+02 5.902090914231185081e+01 5.102973456660581064e+01
3.159388038942975641e+02 5.907598487711784685e+01 5.109780776859795992e+01
3.164394993045897309e+02 5.913054895302612124e+01 5.116492444030514264e+01
3.169401947148817840e+02 5.918459257876201463e+01 5.123107529588980924e+01
3.174408901251737802e+02 5.923810734430141167e+01 5.129625120722285203e+01
3.179415855354659470e+02 5.929108517581973103e+01 5.136044345086719431e+01
3.184422809457580001e+02 5.934351833874735860e+01 5.142364395032618063e+01
3.189429763560500533e+02 5.939539946487548150e+01 5.148584471262127238e+01
3.194436717663421064e+02 5.944672150339333427e+01 5.154703836119782068e+01
3.199443671766342163e+02 5.949747770508632527e+01 5.160721775078759777e+01
3.204450625869262694e+02 5.954766165123204757e+01 5.166637610819086035e+01
3.209457579972183225e+02 5.959726729478670393e+01 5.172450703774664760e+01
3.214464534075104325e+02 5.964628884151561294e+01 5.178160446839919473e+01
3.219471488178024856e+02 5.969472081914527450e+01 5.183766277650423149e+01
3.224478442280945387e+02 5.974255811827796947e+01 5.189267659347480333e+01
3.229485396383865918e+02 5.978979587959665309e+01 5.194664087386364315e+01
3.234492350486787018e+02 5.983642949196116945e+01 5.199955090640024480e+01
3.239499304589707549e+02 5.988245479117919956e+01 5.205140235796547188e+01
3.244506258692628649e+02 5.992786774902212699e+01 5.210219110026635292e+01
3.249513212795549180e+02 5.997266472600090736e+01 5.215191348601705101e+01
3.254520166898469711e+02 6.001684229172457208e+01 5.220056605206423228e+01
3.259527121001390810e+02 6.006039737015004221e+01 5.224814562528194983e+01
3.264534075104311910e+02 6.010332708860065054e+01 5.229464946716197460e+01
3.269541029207232441e+02 6.014562888415001396e+01 5.234007501452160227e+01
3.274547983310152972e+02 6.018730046506119180e+01 5.238442011128118736e+01
3.279554937413073503e+02 6.022833981725351293e+01 5.242768279809378384e+01
3.284561891515994603e+02 6.026874514085488954e+01 5.246986156292565795e+01
3.289568845618915134e+02 6.030851492422114291e+01 5.251095499289746726e+01
3.294575799721835665e+02 6.034764792003731770e+01 5.255096215201135124e+01
3.299582753824756765e+02 6.038614314095025293e+01 5.258988223138209150e+01
3.304589707927677296e+02 6.042399979242031804e+01 5.262771488377075002e+01
3.309596662030597827e+02 6.046121740961100954e+01 5.266445995518188283e+01
3.314603616133518926e+02 6.049779572538685102e+01 5.270011758787084943e+01
3.319610570236439457e+02 6.053373469171224031e+01 5.273468822676157686e+01
3.324617524339359989e+02 6.056903449935332162e+01 5.276817267479862039e+01
3.329624478442280520e+02 6.060369566199794633e+01 5.280057192468609628e+01
3.334631432545201619e+02 6.063771885181920140e+01 5.283188736442518518e+01
3.339638386648122150e+02 6.067110493545222027e+01 5.286212058982114570e+01
3.344645340751042681e+02 6.070385509880325969e+01 5.289127360113174348e+01
3.349652294853963781e+02 6.073597068243131503e+01 5.291934856099156548e+01
3.354659248956884312e+02 6.076745329822770714e+01 5.294634807405724075e+01
3.359666203059804843e+02 6.079830471271307601e+01 5.297227494069400677e+01
3.364673157162726511e+02 6.082852699715316191e+01 5.299713235697778657e+01
3.369680111265647042e+02 6.085812238432595223e+01 5.302092371847930963e+01
3.374687065368567005e+02 6.088709327779838532e+01 5.304365283508749940e+01
3.379694019471487536e+02 6.091544244192959923e+01 5.306532384665123914e+01
3.384700973574409204e+02 6.094317263210655256e+01 5.308594104117351264e+01
3.389707927677329735e+02 6.097028701458859246e+01 5.310550923999375073e+01
3.394714881780250266e+02 6.099678883841104948e+01 5.312403351725055245e+01
3.399721835883171366e+02 6.102268158662424469e+01 5.314151912291544022e+01
3.404728789986091897e+02 6.104796894098218729e+01 5.315797182906910479e+01
3.409735744089012428e+02 6.107265481310879807e+01 5.317339773954147120e+01
3.414742698191932959e+02 6.109674321703370481e+01 5.318780313910495749e+01
3.419749652294854059e+02 6.112023847509864538e+01 5.320119473875617189e+01
3.424756606397774590e+02 6.114314498693778432e+01 5.321357966321127719e+01
3.429763560500695121e+02 6.116546746657326139e+01 5.322496528245810055e+01
3.434770514603616220e+02 6.118721069885117458e+01 5.323535941826798989e+01
3.439777468706536752e+02 6.120837970111728055e+01 5.324477019776192321e+01
3.444784422809457283e+02 6.122897966239810330e+01 5.325320604443416528e+01
3.449791376912378382e+02 6.124901599715207112e+01 5.326067584898422069e+01
3.454798331015298913e+02 6.126849418739487874e+01 5.326718884852004976e+01
3.459805285118219444e+02 6.128741996596266972e+01 5.327275462860674793e+01
3.464812239221139976e+02 6.130579924835683414e+01 5.327738316210420066e+01
3.469819193324061075e+02 6.132363806026599207e+01 5.328108483844232524e+01
3.474826147426981606e+02 6.134094265559951253e+01 5.328387034706393877e+01
3.479833101529902137e+02 6.135771939102824035e+01 5.328575089783726071e+01
3.484840055632823237e+02 6.137397478836874143e+01 5.328673793328746910e+01
3.489847009735743768e+02 6.138971558575804011e+01 5.328684345017065027e+01
3.494853963838664299e+02 6.140494860065493299e+01 5.328607978832351932e+01
3.499860917941585399e+02 6.141968081876959218e+01 5.328445958032597218e+01
3.504867872044505930e+02 6.143391940215975922e+01 5.328199610173095380e+01
3.509874826147426461e+02 6.144767159069330376e+01 5.327870272482807934e+01
3.514881780250346992e+02 6.146094485867094193e+01 5.327459345924646072e+01
3.519888734353268660e+02 6.147374671189778894e+01 5.326968272703584262e+01
3.524895688456189191e+02 6.148608484092612514e+01 5.326398521758680715e+01
3.529902642559109154e+02 6.149796703617532501e+01 5.325751617647887315e+01
3.534909596662030822e+02 6.150940127128471602e+01 5.325029108770371522e+01
3.539916550764951353e+02 6.152039552612897921e+01 5.324232607129209782e+01
3.544923504867871884e+02 6.153095798795895632e+01 5.323363745565642091e+01
3.549930458970792415e+02 6.154109690567331370e+01 5.322424218970496668e+01
3.554937413073713515e+02 6.155082064037073053e+01 5.321415730442964787e+01
3.559944367176634046e+02 6.156013761585438715e+01 5.320340056437289888e+01
3.564951321279554577e+02 6.156905644751776663e+01 5.319198999336749978e+01
3.569958275382475676e+02 6.157758569243175373e+01 5.317994388506185999e+01
3.574965229485396208e+02 6.158573411066288372e+01 5.316728123218190660e+01
3.579972183588316739e+02 6.159351047721447969e+01 5.315402106151010742e+01
3.584979137691237838e+02 6.160092361879004841e+01 5.314018302366164903e+01
3.589986091794158369e+02 6.160798245251579885e+01 5.312578696392074562e+01
3.594993045897078900e+02 6.161469596481784095e+01 5.311085324527208229e+01
3.600000000000000000e+02 6.162107315190969814e+01 5.309540245212825482e+01
