# lons lats(polar edge) lats(equatorward edge)
0.000000000000000000e+00 -6.695536356327079375e+01 -4.995804071426391602e+01
5.006954102920723182e-01 -6.688531302793626310e+01 -4.993566003802698106e+01
1.001390820584144636e+00 -6.681489133231465871e+01 -4.991359219362493604e+01
1.502086230876216844e+00 -6.674408783375369580e+01 -4.989177223937565486e+01
2.002781641168289273e+00 -6.667289158499883683e+01 -4.987013539860112132e+01
2.503477051460361480e+00 -6.660129144144306679e+01 -4.984861841636795532e+01
3.004172461752433687e+00 -6.652927592684577007e+01 -4.982715971135421285e+01
3.504867872044505894e+00 -6.645683348466704388e+01 -4.980569755901811391e+01
4.005563282336578546e+00 -6.638395231446779121e+01 -4.978417252665634862e+01
4.506258692628650309e+00 -6.631062026947333266e+01 -4.976252642975187257e+01
5.006954102920722960e+00 -6.623682522997555111e+01 -4.974070176360760343e+01
5.507649513212795611e+00 -6.616255488039755051e+01 -4.971864301608100334e+01
6.008344923504867374e+00 -6.608779659906289794e+01 -4.969629579329597391e+01
6.509040333796940025e+00 -6.601253790435734459e+01 -4.967360811331762704e+01
7.009735744089011789e+00 -6.593676595137807794e+01 -4.965052821664387039e+01
7.510431154381083552e+00 -6.586046790679104390e+01 -4.962700701767970202e+01
8.011126564673157091e+00 -6.578363097893513611e+01 -4.960299653863690139e+01
8.511821974965229742e+00 -6.570624212653255825e+01 -4.957845023472684431e+01
9.012517385257300617e+00 -6.562828834080417550e+01 -4.955332365768050806e+01
9.513212795549373268e+00 -6.554975665784948546e+01 -4.952757371470590897e+01
1.001390820584144592e+01 -6.547063390323059195e+01 -4.950115891998076734e+01
1.051460361613352035e+01 -6.539090717770491779e+01 -4.947403964586204950e+01
1.101529902642559122e+01 -6.531056338582223475e+01 -4.944617785503946550e+01
1.151599443671766032e+01 -6.522958957026723681e+01 -4.941753722717895414e+01
1.201668984700973475e+01 -6.514797279957285525e+01 -4.938808232536449339e+01
1.251738525730180740e+01 -6.506570033232095795e+01 -4.935778066506524908e+01
1.301808066759388005e+01 -6.498275931555862428e+01 -4.932660017153278886e+01
1.351877607788595093e+01 -6.489913718413927768e+01 -4.929451094842650605e+01
1.401947148817802358e+01 -6.481482133721814876e+01 -4.926148464534489335e+01
1.452016689847009623e+01 -6.472979948373367165e+01 -4.922749432037113593e+01
1.502086230876216710e+01 -6.464405944553990935e+01 -4.919251452583466744e+01
1.552155771905424153e+01 -6.455758912510307823e+01 -4.915652161558840305e+01
1.602225312934631418e+01 -6.447037670882755833e+01 -4.911949302156273234e+01
1.652294853963838506e+01 -6.438241063738578873e+01 -4.908140801910113282e+01
1.702364394993045948e+01 -6.429367945650929528e+01 -4.904224746953325109e+01
1.752433936022252681e+01 -6.420417209283684201e+01 -4.900199288654215479e+01
1.802503477051460123e+01 -6.411387765063182087e+01 -4.896062794090990167e+01
1.852573018080667566e+01 -6.402278556702867718e+01 -4.891813738821321067e+01
1.902642559109874654e+01 -6.393088557921828397e+01 -4.887450757296387849e+01
1.952712100139081741e+01 -6.383816777892889149e+01 -4.882972586972751117e+01
2.002781641168289184e+01 -6.374462251368640864e+01 -4.878378115677219284e+01
2.052851182197496627e+01 -6.365024060316054033e+01 -4.873666347119544184e+01
2.102920723226704069e+01 -6.355501316792933153e+01 -4.868836434677182012e+01
2.152990264255910802e+01 -6.345893174130175396e+01 -4.863887628237959859e+01
2.203059805285118244e+01 -6.336198836860127415e+01 -4.858819327330316185e+01
2.253129346314325332e+01 -6.326417544686231054e+01 -4.853631056392666210e+01
2.303198887343532064e+01 -6.316548581995996869e+01 -4.848322387324915894e+01
2.353268428372739507e+01 -6.306591283359558986e+01 -4.842893128767958899e+01
2.403337969401946950e+01 -6.296545046325071837e+01 -4.837343102069216627e+01
2.453407510431154037e+01 -6.286409301495758939e+01 -4.831672283444261495e+01
2.503477051460361480e+01 -6.276183547533527474e+01 -4.825880767739772637e+01
2.553546592489568567e+01 -6.265867331339981661e+01 -4.819968738409852449e+01
2.603616133518776010e+01 -6.255460266087709442e+01 -4.813936496855031066e+01
2.653685674547983453e+01 -6.244962018687317595e+01 -4.807784446744095419e+01
2.703755215577190185e+01 -6.234372324112143815e+01 -4.801513097937781538e+01
2.753824756606397628e+01 -6.223690979988763416e+01 -4.795123066179580462e+01
2.803894297635604715e+01 -6.212917850496754113e+01 -4.788615069712408001e+01
2.853963838664812158e+01 -6.202052875745498284e+01 -4.781989894070783009e+01
2.904033379694019246e+01 -6.191096056323435448e+01 -4.775248484402156635e+01
2.954102920723226333e+01 -6.180047475712554217e+01 -4.768391833618709086e+01
3.004172461752433421e+01 -6.168907290304251489e+01 -4.761421040143321193e+01
3.054242002781640863e+01 -6.157675732838161764e+01 -4.754337313340225535e+01
3.104311543810848306e+01 -6.146353116928854377e+01 -4.747141926304617243e+01
3.154381084840055394e+01 -6.134939837009858365e+01 -4.739836274410788519e+01
3.204450625869262836e+01 -6.123436369673561330e+01 -4.732421814423310025e+01
3.254520166898469569e+01 -6.111843289082150932e+01 -4.724900113610463848e+01
3.304589707927677011e+01 -6.100161236451219793e+01 -4.717272820374790854e+01
3.354659248956884454e+01 -6.088390960673056895e+01 -4.709541665202554839e+01
3.404728789986091897e+01 -6.076533292824538535e+01 -4.701708466021229071e+01
3.454798331015298629e+01 -6.064589159108950867e+01 -4.693775126451511426e+01
3.504867872044505361e+01 -6.052559575543060078e+01 -4.685743627460546179e+01
3.554937413073713515e+01 -6.040445667478539349e+01 -4.677616043456319517e+01
3.605006954102920247e+01 -6.028248638480663146e+01 -4.669394513985460549e+01
3.655076495132127690e+01 -6.015969807383132206e+01 -4.661081275874497010e+01
3.705146036161335132e+01 -6.003610582424786912e+01 -4.652678615323115707e+01
3.755215577190541865e+01 -5.991172477005508767e+01 -4.644188928174575892e+01
3.805285118219749307e+01 -5.978657106366060248e+01 -4.635614675253498262e+01
3.855354659248956750e+01 -5.966066186666494531e+01 -4.626958374884287650e+01
3.905424200278163482e+01 -5.953401539123626662e+01 -4.618222644813194222e+01
3.955493741307371636e+01 -5.940665087548120482e+01 -4.609410150649259208e+01
4.005563282336578368e+01 -5.927858856392128928e+01 -4.600523651408501280e+01
4.055632823365785811e+01 -5.914984981458553648e+01 -4.591565955567355672e+01
4.105702364394993253e+01 -5.902045695034949802e+01 -4.582539947560640314e+01
4.155771905424199986e+01 -5.889043338637030445e+01 -4.573448588322905550e+01
4.205841446453408139e+01 -5.875980354882665324e+01 -4.564294885560927639e+01
4.255910987482614871e+01 -5.862859286929587199e+01 -4.555081921924981714e+01
4.305980528511821603e+01 -5.849682780311547958e+01 -4.545812843096487654e+01
4.356050069541029046e+01 -5.836453588076972210e+01 -4.536490848336744364e+01
4.406119610570236489e+01 -5.823174553204432868e+01 -4.527119196998259554e+01
4.456189151599443221e+01 -5.809848618846069712e+01 -4.517701212465902927e+01
4.506258692628650664e+01 -5.796478829675638167e+01 -4.508240260828809198e+01
4.556328233657857396e+01 -5.783068316153534738e+01 -4.498739767533714939e+01
4.606397774687064128e+01 -5.769620306034798318e+01 -4.489203208305832504e+01
4.656467315716272282e+01 -5.756138115941726596e+01 -4.479634118446108459e+01
4.706536856745479014e+01 -5.742625146924697788e+01 -4.470036057120725559e+01
4.756606397774686457e+01 -5.729084885406750516e+01 -4.460412638904007565e+01
4.806675938803893899e+01 -5.715520896909269766e+01 -4.450767531004193245e+01
4.856745479833100632e+01 -5.701936825044371915e+01 -4.441104417176565278e+01
4.906815020862308074e+01 -5.688336386943818468e+01 -4.431427034975958179e+01
4.956884561891514807e+01 -5.674723367805243868e+01 -4.421739155159276891e+01
5.006954102920722960e+01 -5.661101618448854822e+01 -4.412044562972147332e+01
5.057023643949929692e+01 -5.647475055086077589e+01 -4.402347087734375464e+01
5.107093184979137135e+01 -5.633847642911904074e+01 -4.392650575742902674e+01
5.157162726008345288e+01 -5.620223406229330010e+01 -4.382958896824004569e+01
5.207232267037552020e+01 -5.606606412889946967e+01 -4.373275935279264104e+01
5.257301808066758753e+01 -5.593000773551453619e+01 -4.363605590163599857e+01
5.307371349095966906e+01 -5.579410635844384103e+01 -4.353951774804257013e+01
5.357440890125173638e+01 -5.565840177216146856e+01 -4.344318402266465284e+01
5.407510431154380370e+01 -5.552293605246221375e+01 -4.334709393651094445e+01
5.457579972183587813e+01 -5.538775143521478128e+01 -4.325128662775780697e+01
5.507649513212795256e+01 -5.525289031519194793e+01 -4.315580127213463868e+01
5.557719054242002699e+01 -5.511839518165787410e+01 -4.306067682032148980e+01
5.607788595271209431e+01 -5.498430855414470386e+01 -4.296595216405631845e+01
5.657858136300416163e+01 -5.485067290474533763e+01 -4.287166600844093978e+01
5.707927677329624316e+01 -5.471753063832282749e+01 -4.277785677376405715e+01
5.757997218358831759e+01 -5.458492398955557690e+01 -4.268456261460406154e+01
5.808066759388038491e+01 -5.445289498059126743e+01 -4.259182139504437714e+01
5.858136300417245934e+01 -5.432148536356679358e+01 -4.249967055832703977e+01
5.908205841446452666e+01 -5.419073656472890832e+01 -4.240814714198668867e+01
5.958275382475660109e+01 -5.406068960483979424e+01 -4.231728771095268371e+01
6.008344923504866841e+01 -5.393138504866372784e+01 -4.222712830499850156e+01
6.058414464534074995e+01 -5.380286296177517613e+01 -4.213770441104762199e+01
6.108484005563281727e+01 -5.367516283225130280e+01 -4.204905086784029322e+01
6.158553546592489170e+01 -5.354832351603407403e+01 -4.196120187878014463e+01
6.208623087621696612e+01 -5.342238319502074262e+01 -4.187419091123493331e+01
6.258692628650903345e+01 -5.329737930928830281e+01 -4.178805068838747161e+01
6.308762169680110787e+01 -5.317334851620260849e+01 -4.170281311734916585e+01
6.358831710709318941e+01 -5.305032661554876938e+01 -4.161850925423541980e+01
6.408901251738525673e+01 -5.292834854240071252e+01 -4.153516925876365917e+01
6.458970792767732405e+01 -5.280744828071918562e+01 -4.145282234753940998e+01
6.509040333796939137e+01 -5.268765883657623306e+01 -4.137149676263325659e+01
6.559109874826147291e+01 -5.256901219624568000e+01 -4.129121971546956615e+01
6.609179415855354023e+01 -5.245153928196531012e+01 -4.121201736151525097e+01
6.659248956884562176e+01 -5.233526991235565617e+01 -4.113391475851349810e+01
6.709318497913768908e+01 -5.222023277448032275e+01 -4.105693583226283749e+01
6.759388038942975641e+01 -5.210645538892138973e+01 -4.098110333633130153e+01
6.809457579972183794e+01 -5.199396407601896897e+01 -4.090643885205835772e+01
6.859527121001390526e+01 -5.188278393724475279e+01 -4.083296272564084006e+01
6.909596662030597258e+01 -5.177293882376987710e+01 -4.076069402168840838e+01
6.959666203059803991e+01 -5.166445132249508276e+01 -4.068965059132651163e+01
7.009735744089010723e+01 -5.155734273742426410e+01 -4.061984897035117115e+01
7.059805285118218876e+01 -5.145163306696348116e+01 -4.055130436842418362e+01
7.109874826147427029e+01 -5.134734100639478527e+01 -4.048403071301308387e+01
7.159944367176633762e+01 -5.124448392750353776e+01 -4.041804055712304944e+01
7.210013908205840494e+01 -5.114307788410813771e+01 -4.035334515414319867e+01
7.260083449235048647e+01 -5.104313759750810675e+01 -4.028995436423315368e+01
7.310152990264255379e+01 -5.094467646536075733e+01 -4.022787673206153158e+01
7.360222531293462112e+01 -5.084770656633780561e+01 -4.016711941370999739e+01
7.410292072322670265e+01 -5.075223865896121822e+01 -4.010768827433025763e+01
7.460361613351876997e+01 -5.065828220663250647e+01 -4.004958780398851559e+01
7.510431154381083729e+01 -5.056584536890157722e+01 -3.999282117967263162e+01
7.560500695410290461e+01 -5.047493503624581024e+01 -3.993739020653842431e+01
7.610570236439498615e+01 -5.038555683065213486e+01 -3.988329544122585446e+01
7.660639777468706768e+01 -5.029771514323486770e+01 -3.983053615172671869e+01
7.710709318497913500e+01 -5.021141313735982692e+01 -3.977911030893751843e+01
7.760778859527120233e+01 -5.012665278997859275e+01 -3.972901465197590198e+01
7.810848400556326965e+01 -5.004343492000019467e+01 -3.968024471422775434e+01
7.860917941585533697e+01 -4.996175920146173155e+01 -3.963279481624164191e+01
7.910987482614743271e+01 -4.988162419779813206e+01 -3.958665813897647467e+01
7.961057023643950004e+01 -4.980302740840828335e+01 -3.954182674522422758e+01
8.011126564673156736e+01 -4.972596531172870016e+01 -3.949829153596334663e+01
8.061196105702363468e+01 -4.965043334864434144e+01 -3.945604242671529960e+01
8.111265646731571621e+01 -4.957642602609824678e+01 -3.941506827971738858e+01
8.161335187760779775e+01 -4.950393692465853235e+01 -3.937535699312097393e+01
8.211404728789986507e+01 -4.943295871961866794e+01 -3.933689549827937526e+01
8.261474269819193239e+01 -4.936348325797710856e+01 -3.929966982018191857e+01
8.311543810848399971e+01 -4.929550159016046962e+01 -3.926366518572427822e+01
8.361613351877606704e+01 -4.922900399417970618e+01 -3.922886597313441825e+01
8.411682892906816278e+01 -4.916398003456536969e+01 -3.919525578015762335e+01
8.461752433936023010e+01 -4.910041861053444734e+01 -3.916281749190400774e+01
8.511821974965229742e+01 -4.903830798393003931e+01 -3.913153336893876144e+01
8.561891515994436475e+01 -4.897763583859317293e+01 -3.910138500113382065e+01
8.611961057023643207e+01 -4.891838930416200526e+01 -3.907235341336919987e+01
8.662030598052849939e+01 -4.886055502094608016e+01 -3.904441907726570093e+01
8.712100139082058092e+01 -4.880411917329114146e+01 -3.901756204121986116e+01
8.762169680111264825e+01 -4.874906754746847071e+01 -3.899176190995851243e+01
8.812239221140472978e+01 -4.869538553684763826e+01 -3.896699781798153595e+01
8.862308762169679710e+01 -4.864305822213212593e+01 -3.894324872415158723e+01
8.912378303198886442e+01 -4.859207040402837663e+01 -3.892049315856186809e+01
8.962447844228094596e+01 -4.854240663122185140e+01 -3.889870949617690599e+01
9.012517385257301328e+01 -4.849405126418717771e+01 -3.887787589160072343e+01
9.062586926286508060e+01 -4.844698847044058709e+01 -3.885797031453395789e+01
9.112656467315714792e+01 -4.840120232902266650e+01 -3.883897072384999660e+01
9.162726008344921524e+01 -4.835667681022060549e+01 -3.882085496425563065e+01
9.212795549374128257e+01 -4.831339583485133460e+01 -3.880360086659013064e+01
9.262865090403337831e+01 -4.827134330916224769e+01 -3.878718631086914570e+01
9.312934631432544563e+01 -4.823050316538784443e+01 -3.877158927010415823e+01
9.363004172461751295e+01 -4.819085937108967244e+01 -3.875678779069377811e+01
9.413073713490958028e+01 -4.815239599672268866e+01 -3.874276009395063625e+01
9.463143254520164760e+01 -4.811509720980312466e+01 -3.872948459356362605e+01
9.513212795549372913e+01 -4.807894732373016211e+01 -3.871693997635613016e+01
9.563282336578581067e+01 -4.804393083125533792e+01 -3.870510515071056545e+01
9.613351877607787799e+01 -4.801003241103090602e+01 -3.869395932586188280e+01
9.663421418636994531e+01 -4.797723697621323424e+01 -3.868348206309529758e+01
9.713490959666201263e+01 -4.794552967541777377e+01 -3.867365329349705405e+01
9.763560500695409416e+01 -4.791489592527896946e+01 -3.866445336081152107e+01
9.813630041724616149e+01 -4.788532144630254095e+01 -3.865586303794837875e+01
9.863699582753822881e+01 -4.785679225118757074e+01 -3.864786351719952506e+01
9.913769123783029613e+01 -4.782929469838664716e+01 -3.864043651302435478e+01
9.963838664812239188e+01 -4.780281547522564267e+01 -3.863356427267373761e+01
1.001390820584144592e+02 -4.777734164446984266e+01 -3.862722951889320200e+01
1.006397774687065265e+02 -4.775286064330531133e+01 -3.862141558083331461e+01
1.011404728789985938e+02 -4.772936028770446626e+01 -3.861610635581237716e+01
1.016411682892906754e+02 -4.770682880531340686e+01 -3.861128632366163060e+01
1.021418636995827427e+02 -4.768525484010852722e+01 -3.860694059684593071e+01
1.026425591098748242e+02 -4.766462745137788204e+01 -3.860305491184536208e+01
1.031432545201669058e+02 -4.764493613496698288e+01 -3.859961567271628269e+01
1.036439499304589731e+02 -4.762617081862218527e+01 -3.859660991627040971e+01
1.041446453407510404e+02 -4.760832188245431951e+01 -3.859402539307308189e+01
1.046453407510431077e+02 -4.759138015544623102e+01 -3.859185051502760189e+01
1.051460361613351751e+02 -4.757533692094612832e+01 -3.859007439789314731e+01
1.056467315716272708e+02 -4.756018392081487889e+01 -3.858868686986573948e+01
1.061474269819193381e+02 -4.754591335769974592e+01 -3.858767845229925797e+01
1.066481223922114054e+02 -4.753251789452507126e+01 -3.858704043245955972e+01
1.071488178025034728e+02 -4.751999065609298611e+01 -3.858676476097747354e+01
1.076495132127955401e+02 -4.750832522850133444e+01 -3.858684417776379405e+01
1.081502086230876074e+02 -4.749751565958023036e+01 -3.858727209602213293e+01
1.086509040333796889e+02 -4.748755645685479010e+01 -3.858804270026004701e+01
1.091515994436717563e+02 -4.747844257372081245e+01 -3.858915091192500313e+01
1.096522948539638236e+02 -4.747016942981746013e+01 -3.859059234082849343e+01
1.101529902642559051e+02 -4.746273287726681644e+01 -3.859236336246283372e+01
1.106536856745479724e+02 -4.745612921813618357e+01 -3.859446105731819898e+01
1.111543810848400540e+02 -4.745035518464747781e+01 -3.859688323641364605e+01
1.116550764951321213e+02 -4.744540794558007235e+01 -3.859962842888251089e+01
1.121557719054241886e+02 -4.744128508298773284e+01 -3.860269586085394167e+01
1.126564673157162559e+02 -4.743798459918353672e+01 -3.860608544661715769e+01
1.131571627260083233e+02 -4.743550490393418784e+01 -3.860979783071286420e+01
1.136578581363004190e+02 -4.743384480398263747e+01 -3.861383429712930138e+01
1.141585535465924863e+02 -4.743300349140655214e+01 -3.861819681695976669e+01
1.146592489568845536e+02 -4.743298054361831362e+01 -3.862288802672026122e+01
1.151599443671766352e+02 -4.743377590008195455e+01 -3.862791119884548152e+01
1.156606397774686883e+02 -4.743538986813392455e+01 -3.863327024430816437e+01
1.161613351877607698e+02 -4.743782309504341299e+01 -3.863896968933602238e+01
1.166620305980528229e+02 -4.744107657499726827e+01 -3.864501466551644171e+01
1.171627260083449187e+02 -4.744515161883201415e+01 -3.865141088651341761e+01
1.176634214186370002e+02 -4.745004986101876909e+01 -3.865816464370197991e+01
1.181641168289290533e+02 -4.745577323288772220e+01 -3.866528277648228595e+01
1.186648122392211349e+02 -4.746232395680736715e+01 -3.867277266354847143e+01
1.191655076495132022e+02 -4.746970454385619576e+01 -3.868064219145651350e+01
1.196662030598052695e+02 -4.747791775656979496e+01 -3.868889976000843944e+01
1.201668984700973368e+02 -4.748696662873145158e+01 -3.869755422870127859e+01
1.206675938803894041e+02 -4.749685442186192574e+01 -3.870661491934640708e+01
1.211682892906814999e+02 -4.750758463685643562e+01 -3.871609159205888773e+01
1.216689847009735672e+02 -4.751916098577213177e+01 -3.872599442270200143e+01
1.221696801112656345e+02 -4.753158739005458244e+01 -3.873633397844002957e+01
1.226703755215577019e+02 -4.754486795217972883e+01 -3.874712118426884899e+01
1.231710709318497834e+02 -4.755900696961917618e+01 -3.875836733043740878e+01
1.236717663421418507e+02 -4.757400889758729079e+01 -3.877008401416175332e+01
1.241724617524339322e+02 -4.758987834330228850e+01 -3.878228315302412454e+01
1.246731571627260138e+02 -4.760662005459936097e+01 -3.879497693434704786e+01
1.251738525730180669e+02 -4.762423891688841593e+01 -3.880817780349316592e+01
1.256745479833101484e+02 -4.764273992919798673e+01 -3.882189840585779450e+01
1.261752433936022157e+02 -4.766212818392988027e+01 -3.883615164593648217e+01
1.266759388038942831e+02 -4.768240889248873771e+01 -3.885095059346856772e+01
1.271766342141863788e+02 -4.770358730753387988e+01 -3.886630843800010382e+01
1.276773296244784177e+02 -4.772566879231918335e+01 -3.888223860150067424e+01
1.281780250347705135e+02 -4.774865874087582540e+01 -3.889875450129427747e+01
1.286787204450625950e+02 -4.777256260402383248e+01 -3.891586973919135062e+01
1.291794158553546481e+02 -4.779738586052367566e+01 -3.893359795237019227e+01
1.296801112656467296e+02 -4.782313401642518613e+01 -3.895195280458837317e+01
1.301808066759387827e+02 -4.784981258976536367e+01 -3.897094803842891508e+01
1.306815020862308643e+02 -4.787742711217056524e+01 -3.899059734318912263e+01
1.311821974965229458e+02 -4.790598307786190446e+01 -3.901091438495167552e+01
1.316828929068149989e+02 -4.793548599866831239e+01 -3.903191287546032129e+01
1.321835883171070805e+02 -4.796594132369996544e+01 -3.905360635612704812e+01
1.326842837273991336e+02 -4.799735448140332039e+01 -3.907600839399346171e+01
1.331849791376912435e+02 -4.802973085567664668e+01 -3.909913235622585148e+01
1.336856745479833251e+02 -4.806307575917180941e+01 -3.912299153241808369e+01
1.341863699582753782e+02 -4.809739443521044677e+01 -3.914759911223829647e+01
1.346870653685674597e+02 -4.813269206370256370e+01 -3.917296808771372696e+01
1.351877607788595128e+02 -4.816897372762701934e+01 -3.919911131365199708e+01
1.356884561891515943e+02 -4.820624440679472400e+01 -3.922604137202679908e+01
1.361891515994436759e+02 -4.824450899861865594e+01 -3.925377079388081825e+01
1.366898470097357290e+02 -4.828377225451284005e+01 -3.928231173290032530e+01
1.371905424200278105e+02 -4.832403884982802822e+01 -3.931167620389697959e+01
1.376912378303198636e+02 -4.836531326422466748e+01 -3.934187594098246166e+01
1.381919332406119452e+02 -4.840759991133937490e+01 -3.937292238460129568e+01
1.386926286509039983e+02 -4.845090299601552886e+01 -3.940482682893259891e+01
1.391933240611960798e+02 -4.849522658613396686e+01 -3.943760005094287635e+01
1.396940194714881613e+02 -4.854057461409512086e+01 -3.947125279147354604e+01
1.401947148817802145e+02 -4.858695080890002771e+01 -3.950579527917494715e+01
1.406954102920723244e+02 -4.863435870189947252e+01 -3.954123745664315948e+01
1.411961057023643775e+02 -4.868280167146382098e+01 -3.957758903844575116e+01
1.416968011126564591e+02 -4.873228288731974089e+01 -3.961485925904622718e+01
1.421974965229485406e+02 -4.878280531858530367e+01 -3.965305707725843831e+01
1.426981919332405937e+02 -4.883437171938334131e+01 -3.969219109708282645e+01
1.431988873435326752e+02 -4.888698460603103513e+01 -3.973226944481386624e+01
1.436995827538247283e+02 -4.894064629519328946e+01 -3.977329995979915367e+01
1.442002781641168099e+02 -4.899535886080906266e+01 -3.981529013286230168e+01
1.447009735744088914e+02 -4.905112413769296609e+01 -3.985824689330768678e+01
1.452016689847009729e+02 -4.910794368919363251e+01 -3.990217683414669381e+01
1.457023643949930261e+02 -4.916581884233659139e+01 -3.994708625401594304e+01
1.462030598052851076e+02 -4.922475066677856148e+01 -3.999298083697179607e+01
1.467037552155771891e+02 -4.928473996349333675e+01 -4.003986593732344090e+01
1.472044506258692422e+02 -4.934578724556440932e+01 -4.008774643226097112e+01
1.477051460361613238e+02 -4.940789272879437988e+01 -4.013662686152335368e+01
1.482058414464534053e+02 -4.947105638698299401e+01 -4.018651110302198504e+01
1.487065368567454584e+02 -4.953527787715752595e+01 -4.023740279728554015e+01
1.492072322670375399e+02 -4.960055653614886495e+01 -4.028930493253210443e+01
1.497079276773296215e+02 -4.966689143589660915e+01 -4.034222016344938311e+01
1.502086230876216746e+02 -4.973428132096443477e+01 -4.039615063230667147e+01
1.507093184979137845e+02 -4.980272463732924848e+01 -4.045109793266735210e+01
1.512100139082058092e+02 -4.987221948848153374e+01 -4.050706326153265024e+01
1.517107093184979192e+02 -4.994276368366294605e+01 -4.056404735554315266e+01
1.522114047287899723e+02 -5.001435471074395878e+01 -4.062205026868105051e+01
1.527121001390820538e+02 -5.008698973713492819e+01 -4.068107179237108539e+01
1.532127955493741354e+02 -5.016066556821627387e+01 -4.074111112594607675e+01
1.537134909596661885e+02 -5.023537871490603379e+01 -4.080216693645445503e+01
1.542141863699582700e+02 -5.031112536268678070e+01 -4.086423742897217437e+01
1.547148817802503231e+02 -5.038790137919035317e+01 -4.092732027747310042e+01
1.552155771905424047e+02 -5.046570224226469747e+01 -4.099141268657453452e+01
1.557162726008344862e+02 -5.054452317418862606e+01 -4.105651141547269845e+01
1.562169680111265393e+02 -5.062435903954236949e+01 -4.112261260645296090e+01
1.567176634214186208e+02 -5.070520438587895740e+01 -4.118971202408786780e+01
1.572183588317106739e+02 -5.078705345614514499e+01 -4.125780487862444090e+01
1.577190542420027555e+02 -5.086990011592467908e+01 -4.132688591932516431e+01
1.582197496522948654e+02 -5.095373800604909320e+01 -4.139694938180606698e+01
1.587204450625868901e+02 -5.103856040046855469e+01 -4.146798918466680561e+01
1.592211404728790001e+02 -5.112436026723690929e+01 -4.153999849490952556e+01
1.597218358831710532e+02 -5.121113031094529333e+01 -4.161297038078680544e+01
1.602225312934631347e+02 -5.129886294652925471e+01 -4.168689712357704025e+01
1.607232267037552162e+02 -5.138755024217635992e+01 -4.176177084630312208e+01
1.612239221140472694e+02 -5.147718407369785609e+01 -4.183758311158003096e+01
1.617246175243393509e+02 -5.156775597158804203e+01 -4.191432501803078026e+01
1.622253129346314324e+02 -5.165925728094981650e+01 -4.199198746045708219e+01
1.627260083449234855e+02 -5.175167902805361564e+01 -4.207056083763494314e+01
1.632267037552155955e+02 -5.184501202511120255e+01 -4.215003510009157139e+01
1.637273991655076486e+02 -5.193924683811593468e+01 -4.223040011545681693e+01
1.642280945757997301e+02 -5.203437384186719328e+01 -4.231164515784163882e+01
1.647287899860917832e+02 -5.213038315485056273e+01 -4.239375922590076584e+01
1.652294853963838648e+02 -5.222726474012823417e+01 -4.247673120579531769e+01
1.657301808066759463e+02 -5.232500829230637862e+01 -4.256054948889838840e+01
1.662308762169679994e+02 -5.242360342023538067e+01 -4.264520239890741493e+01
1.667315716272600810e+02 -5.252303945561514809e+01 -4.273067788451534454e+01
1.672322670375521341e+02 -5.262330567717661722e+01 -4.281696373768943431e+01
1.677329624478442156e+02 -5.272439112252094162e+01 -4.290404764675186300e+01
1.682336578581363256e+02 -5.282628473176508521e+01 -4.299191692063671155e+01
1.687343532684283502e+02 -5.292897530909748127e+01 -4.308055888304811276e+01
1.692350486787204602e+02 -5.303245154054955890e+01 -4.316996069049585572e+01
1.697357440890125133e+02 -5.313670200606928518e+01 -4.326010942174715979e+01
1.702364394993045948e+02 -5.324171516475104227e+01 -4.335099195925576510e+01
1.707371349095966480e+02 -5.334747940402081667e+01 -4.344259519955227233e+01
1.712378303198887295e+02 -5.345398303749021807e+01 -4.353490601886147715e+01
1.717385257301808110e+02 -5.356121430102717795e+01 -4.362791119823083363e+01
1.722392211404728641e+02 -5.366916134417039075e+01 -4.372159759400670964e+01
1.727399165507649457e+02 -5.377781229721364298e+01 -4.381595198039673278e+01
1.732406119610569988e+02 -5.388715522995113361e+01 -4.391096123468838641e+01
1.737413073713490803e+02 -5.399717815968102741e+01 -4.400661219817362735e+01
1.742420027816411618e+02 -5.410786908416554297e+01 -4.410289190040271023e+01
1.747426981919332150e+02 -5.421921596227690543e+01 -4.419978736157713683e+01
1.752433936022252965e+02 -5.433120675681635703e+01 -4.429728567789493354e+01
1.757440890125173496e+02 -5.444382940017163719e+01 -4.439537413210703676e+01
1.762447844228094596e+02 -5.455707177117943729e+01 -4.449404009414368488e+01
1.767454798331015411e+02 -5.467092181729213962e+01 -4.459327094981065898e+01
1.772461752433935942e+02 -5.478536741515682706e+01 -4.469305447089867300e+01
1.777468706536856757e+02 -5.490039648661451110e+01 -4.479337839274523958e+01
1.782475660639777288e+02 -5.501599692912833461e+01 -4.489423065403511259e+01
1.787482614742698104e+02 -5.513215663084821472e+01 -4.499559932800306683e+01
1.792489568845618919e+02 -5.524886350437128613e+01 -4.509747277469554660e+01
1.797496522948539450e+02 -5.536610546229468355e+01 -4.519983943076053379e+01
1.802503477051460266e+02 -5.548387042420046100e+01 -4.530268792547698808e+01
1.807510431154380797e+02 -5.560214629744706372e+01 -4.540600708505851912e+01
1.812517385257301612e+02 -5.572092098756542100e+01 -4.550978592094446640e+01
1.817524339360222427e+02 -5.584018243613712684e+01 -4.561401366350540343e+01
1.822531293463142958e+02 -5.595991852830222513e+01 -4.571867968502370161e+01
1.827538247566063774e+02 -5.608011720200549632e+01 -4.582377357023690934e+01
1.832545201668984305e+02 -5.620076633953969747e+01 -4.592928496495859747e+01
1.837552155771905404e+02 -5.632185384595315725e+01 -4.603520393375364961e+01
1.842559109874825651e+02 -5.644336759309764773e+01 -4.614152049431170610e+01
1.847566063977746751e+02 -5.656529544234756202e+01 -4.624822489873309905e+01
1.852573018080667566e+02 -5.668762523063007563e+01 -4.635530760467787559e+01
1.857579972183588097e+02 -5.681034477304449126e+01 -4.646275917082363094e+01
1.862586926286508913e+02 -5.693344184569097877e+01 -4.657057028519693631e+01
1.867593880389429444e+02 -5.705690419207341790e+01 -4.667873185383859891e+01
1.872600834492350259e+02 -5.718071952600978136e+01 -4.678723483602288979e+01
1.877607788595271074e+02 -5.730487549583442330e+01 -4.689607029803801197e+01
1.882614742698191606e+02 -5.742935971379294813e+01 -4.700522951444645514e+01
1.887621696801112421e+02 -5.755415972344592035e+01 -4.711470377926480069e+01
1.892628650904032952e+02 -5.767926301596700966e+01 -4.722448448364876583e+01
1.897635605006953767e+02 -5.780465701850145877e+01 -4.733456312393100518e+01
1.902642559109874583e+02 -5.793032907204717219e+01 -4.744493122050798206e+01
1.907649513212795114e+02 -5.805626645415570408e+01 -4.755558041230179356e+01
1.912656467315716213e+02 -5.818245635157465756e+01 -4.766650233549104598e+01
1.917663421418636460e+02 -5.830888587305337012e+01 -4.777768869841044364e+01
1.922670375521557560e+02 -5.843554203202613451e+01 -4.788913124197667059e+01
1.927677329624478375e+02 -5.856241173613481976e+01 -4.800082165838678350e+01
1.932684283727398906e+02 -5.868948180731051423e+01 -4.811275173069437017e+01
1.937691237830319722e+02 -5.881673895616215475e+01 -4.822491318669487725e+01
1.942698191933240253e+02 -5.894416978328619905e+01 -4.833729776304532777e+01
1.947705146036161068e+02 -5.907176078275908537e+01 -4.844989715826083909e+01
1.952712100139081883e+02 -5.919949833049570032e+01 -4.856270306107187196e+01
1.957719054242002414e+02 -5.932736868250314899e+01 -4.867570711594605370e+01
1.962726008344923230e+02 -5.945535798302982755e+01 -4.878890091848158761e+01
1.967732962447844045e+02 -5.958345224593897171e+01 -4.890227603555256053e+01
1.972739916550764576e+02 -5.971163736635018893e+01 -4.901582390692207980e+01
1.977746870653685392e+02 -5.983989910899792619e+01 -4.912953598494065943e+01
1.982753824756605923e+02 -5.996822311638054259e+01 -4.924340360746934664e+01
1.987760778859527022e+02 -6.009659490468577303e+01 -4.935741805420472872e+01
1.992767732962447838e+02 -6.022499986029826857e+01 -4.947157050431921732e+01
1.997774687065368369e+02 -6.035342324794866897e+01 -4.958585207415960383e+01
2.002781641168289184e+02 -6.048185019557961084e+01 -4.970025377413473677e+01
2.007788595271209999e+02 -6.061026572519578792e+01 -4.981476652035705399e+01
2.012795549374130530e+02 -6.073865472143181421e+01 -4.992938115094072771e+01
2.017802503477051346e+02 -6.086700195105179034e+01 -5.004408839398745101e+01
2.022809457579971877e+02 -6.099529206411345683e+01 -5.015887888388458293e+01
2.027816411682892692e+02 -6.112350959993447930e+01 -5.027374315082776945e+01
2.032823365785813508e+02 -6.125163898301791221e+01 -5.038867162314924997e+01
2.037830319888734039e+02 -6.137966452465290956e+01 -5.050365463604900640e+01
2.042837273991654854e+02 -6.150757045034508508e+01 -5.061868241529661816e+01
2.047844228094575953e+02 -6.163534087144027751e+01 -5.073374508508929637e+01
2.052851182197496485e+02 -6.176295981757532161e+01 -5.084883267387264993e+01
2.057858136300417300e+02 -6.189041122343580525e+01 -5.096393511026614931e+01
2.062865090403338115e+02 -6.201767895502227645e+01 -5.107904221724236038e+01
2.067872044506258646e+02 -6.214474679284278125e+01 -5.119414372231328514e+01
2.072878998609179462e+02 -6.227159846305396229e+01 -5.130922927382879095e+01
2.077885952712099993e+02 -6.239821762931198634e+01 -5.142428838043950634e+01
2.082892906815020808e+02 -6.252458790470511474e+01 -5.153931050772324340e+01
2.087899860917941623e+02 -6.265069286026657380e+01 -5.165428500159303837e+01
2.092906815020862155e+02 -6.277651602555663146e+01 -5.176920112622086378e+01
2.097913769123782970e+02 -6.290204092780724920e+01 -5.188404805543017062e+01
2.102920723226703501e+02 -6.302725107096732415e+01 -5.199881487459991547e+01
2.107927677329624316e+02 -6.315212994734422125e+01 -5.211349059899860947e+01
2.112934631432545416e+02 -6.327666105763084659e+01 -5.222806413730198472e+01
2.117941585535465663e+02 -6.340082792742207118e+01 -5.234252432899141638e+01
2.122948539638386762e+02 -6.352461409932031700e+01 -5.245685995055283968e+01
2.127955493741307293e+02 -6.364800315643689999e+01 -5.257105968391444151e+01
2.132962447844228109e+02 -6.377097874009079703e+01 -5.268511210998441641e+01
2.137969401947148924e+02 -6.389352454165957340e+01 -5.279900577116659122e+01
2.142976356050069455e+02 -6.401562433051905998e+01 -5.291272913768789010e+01
2.147983310152990271e+02 -6.413726195055089363e+01 -5.302627059026558243e+01
2.152990264255910802e+02 -6.425842136438033947e+01 -5.313961845392763905e+01
2.157997218358831617e+02 -6.437908661146677503e+01 -5.325276091700513348e+01
2.163004172461752148e+02 -6.449924186543823623e+01 -5.336568621924240574e+01
2.168011126564672963e+02 -6.461887143292271674e+01 -5.347838241146970972e+01
2.173018080667593779e+02 -6.473795976695411980e+01 -5.359083754514142584e+01
2.178025034770514310e+02 -6.485649145239305824e+01 -5.370303956829741310e+01
2.183031988873435125e+02 -6.497445126095128387e+01 -5.381497636277583752e+01
2.188038942976355656e+02 -6.509182414449325904e+01 -5.392663578525234414e+01
2.193045897079276472e+02 -6.520859523096162036e+01 -5.403800555469051403e+01
2.198052851182197571e+02 -6.532474985231685594e+01 -5.414907338061884445e+01
2.203059805285118102e+02 -6.544027355443260774e+01 -5.425982688019989553e+01
2.208066759388038918e+02 -6.555515209156594381e+01 -5.437025357435463491e+01
2.213073713490959449e+02 -6.566937147774437733e+01 -5.448034098445636175e+01
2.218080667593880264e+02 -6.578291793420162037e+01 -5.459007646961796922e+01
2.223087621696801079e+02 -6.589577797051701680e+01 -5.469944744109486123e+01
2.228094575799721611e+02 -6.600793832164440289e+01 -5.480844108941114712e+01
2.233101529902642426e+02 -6.611938602240938678e+01 -5.491704470929406057e+01
2.238108484005562957e+02 -6.623010836491543785e+01 -5.502524543102779830e+01
2.243115438108483772e+02 -6.634009295093078151e+01 -5.513303027037480319e+01
2.248122392211404588e+02 -6.644932765223441606e+01 -5.524038629353519525e+01
2.253129346314325119e+02 -6.655780066001992168e+01 -5.534730044173549857e+01
2.258136300417245934e+02 -6.666550045972056182e+01 -5.545375957832213487e+01
2.263143254520166465e+02 -6.677241586753464730e+01 -5.555975055603532553e+01
2.268150208623087565e+02 -6.687853601027111949e+01 -5.566526013951708762e+01
2.273157162726008380e+02 -6.698385034419428052e+01 -5.577027500895829348e+01
2.278164116828928911e+02 -6.708834865036718043e+01 -5.587478188157083991e+01
2.283171070931849727e+02 -6.719202105909883471e+01 -5.597876728802907564e+01
2.288178025034770258e+02 -6.729485802375077697e+01 -5.608221785040177565e+01
2.293184979137691073e+02 -6.739685033994558694e+01 -5.618512004366199619e+01
2.298191933240611604e+02 -6.749798914498481395e+01 -5.628746036192457325e+01
2.303198887343532704e+02 -6.759826594753488394e+01 -5.638922519166659697e+01
2.308205841446453235e+02 -6.769767257174774500e+01 -5.649040096089881047e+01
2.313212795549373766e+02 -6.779620119160338731e+01 -5.659097404120107910e+01
2.318219749652294297e+02 -6.789384435652121397e+01 -5.669093077204739473e+01
2.323226703755215397e+02 -6.799059493722691627e+01 -5.679025747020010328e+01
2.328233657858135928e+02 -6.808644615514734255e+01 -5.688894044280264950e+01
2.333240611961056459e+02 -6.818139158706711100e+01 -5.698696600740537122e+01
2.338247566063977843e+02 -6.827542514119070916e+01 -5.708432044555858909e+01
2.343254520166898374e+02 -6.836854108537320940e+01 -5.718099008967594443e+01
2.348261474269818621e+02 -6.846073401030392347e+01 -5.727696119873404257e+01
2.353268428372740004e+02 -6.855199885249842850e+01 -5.737222016389101498e+01
2.358275382475660535e+02 -6.864233086977858989e+01 -5.746675329828842393e+01
2.363282336578581067e+02 -6.873172565757070629e+01 -5.756054697882329663e+01
2.368289290681501882e+02 -6.882017913668190090e+01 -5.765358767450885580e+01
2.373296244784422697e+02 -6.890768752819735710e+01 -5.774586179494855287e+01
2.378303198887343228e+02 -6.899424740034032766e+01 -5.783735589884764750e+01
2.383310152990264044e+02 -6.907985561680857245e+01 -5.792805654757268030e+01
2.388317107093184859e+02 -6.916450931844178740e+01 -5.801795036244442372e+01
2.393324061196105390e+02 -6.924820598564861029e+01 -5.810702409723347728e+01
2.398331015299026205e+02 -6.933094335604278058e+01 -5.819526453630572860e+01
2.403337969401946737e+02 -6.941271948396047264e+01 -5.828265853819942777e+01
2.408344923504867552e+02 -6.949353266118873762e+01 -5.836919312791764014e+01
2.413351877607788083e+02 -6.957338149241718384e+01 -5.845485535411029332e+01
2.418358831710709183e+02 -6.965226482007733466e+01 -5.853963244899973972e+01
2.423365785813629998e+02 -6.973018174398771407e+01 -5.862351167583911149e+01
2.428372739916550529e+02 -6.980713163841596725e+01 -5.870648050623204028e+01
2.433379694019471344e+02 -6.988311408426693561e+01 -5.878852647962703770e+01
2.438386648122392160e+02 -6.995812893252900722e+01 -5.886963731493979424e+01
2.443393602225312691e+02 -7.003217622978650070e+01 -5.894980082759310847e+01
2.448400556328233506e+02 -7.010525626238472796e+01 -5.902900501712601056e+01
2.453407510431154037e+02 -7.017736952627114988e+01 -5.910723802667952498e+01
2.458414464534074853e+02 -7.024851672284808046e+01 -5.918448815194098245e+01
2.463421418636995668e+02 -7.031869873570781238e+01 -5.926074383858151862e+01
2.468428372739916199e+02 -7.038791665862686386e+01 -5.933599369972867521e+01
2.473435326842837014e+02 -7.045617174878157130e+01 -5.941022656233613475e+01
2.478442280945758114e+02 -7.052346544395572892e+01 -5.948343136538383646e+01
2.483449235048678645e+02 -7.058979935766569724e+01 -5.955559727926370783e+01
2.488456189151599460e+02 -7.065517524079791656e+01 -5.962671360921376618e+01
2.493463143254520276e+02 -7.071959502119011631e+01 -5.969676985860132845e+01
2.498470097357440807e+02 -7.078306074076704135e+01 -5.976575572500223643e+01
2.503477051460361338e+02 -7.084557459977827421e+01 -5.983366107585453619e+01
2.508484005563282153e+02 -7.090713892536609819e+01 -5.990047597460062434e+01
2.513490959666202968e+02 -7.096775615875981202e+01 -5.996619067288548877e+01
2.518497913769123500e+02 -7.102742886226064911e+01 -6.003079562618978571e+01
2.523504867872044315e+02 -7.108615971225685826e+01 -6.009428142042480658e+01
2.528511821974965130e+02 -7.114395146779156676e+01 -6.015663888476439070e+01
2.533518776077885661e+02 -7.120080700897983661e+01 -6.021785903874871337e+01
2.538525730180806477e+02 -7.125672927880100360e+01 -6.027793304433572530e+01
2.543532684283727576e+02 -7.131172132500819316e+01 -6.033685228400855749e+01
2.548539638386647823e+02 -7.136578626287541738e+01 -6.039460830003909564e+01
2.553546592489568354e+02 -7.141892726821265569e+01 -6.045119283625345474e+01
2.558553546592489738e+02 -7.147114760064891925e+01 -6.050659779145453854e+01
2.563560500695410269e+02 -7.152245056288688829e+01 -6.056081525900530949e+01
2.568567454798330800e+02 -7.157283952398597648e+01 -6.061383748236998770e+01
2.573574408901251900e+02 -7.162231788676604083e+01 -6.066565690721340331e+01
2.578581363004172431e+02 -7.167088910643383315e+01 -6.071626610281832370e+01
2.583588317107092962e+02 -7.171855667894146791e+01 -6.076565784755580069e+01
2.588595271210013493e+02 -7.176532413167319646e+01 -6.081382502158298564e+01
2.593602225312934593e+02 -7.181119501063972166e+01 -6.086076071792660969e+01
2.598609179415855124e+02 -7.185617289677634290e+01 -6.090645811943716126e+01
2.603616133518775655e+02 -7.190026138964481106e+01 -6.095091059528670030e+01
2.608623087621696754e+02 -7.194346409462764314e+01 -6.099411163465731534e+01
2.613630041724617286e+02 -7.198578464271872690e+01 -6.103605485798937025e+01
2.618636995827537817e+02 -7.202722665792703083e+01 -6.107673402222019376e+01
2.623643949930458916e+02 -7.206779377706720879e+01 -6.111614301671345117e+01
2.628650904033379447e+02 -7.210748963462560823e+01 -6.115427582542672269e+01
2.633657858136299978e+02 -7.214631786043196371e+01 -6.119112655305563919e+01
2.638664812239220510e+02 -7.218428208198770335e+01 -6.122668943269438557e+01
2.643671766342141609e+02 -7.222138590816780379e+01 -6.126095876930541806e+01
2.648678720445062140e+02 -7.225763293853401592e+01 -6.129392898368443809e+01
2.653685674547982671e+02 -7.229302676333486488e+01 -6.132559457608060427e+01
2.658692628650904339e+02 -7.232757094720750501e+01 -6.135595013900221772e+01
2.663699582753824870e+02 -7.236126903412537104e+01 -6.138499034266480692e+01
2.668706536856744833e+02 -7.239412454623402482e+01 -6.141270992043921240e+01
2.673713490959666501e+02 -7.242614097628415948e+01 -6.143910370464929827e+01
2.678720445062587032e+02 -7.245732179578067189e+01 -6.146416655672275908e+01
2.683727399165507563e+02 -7.248767044013970917e+01 -6.148789341259309538e+01
2.688734353268428094e+02 -7.251719031334528154e+01 -6.151027926290900893e+01
2.693741307371349194e+02 -7.254588478562095588e+01 -6.153131914372117706e+01
2.698748261474269725e+02 -7.257375719342985576e+01 -6.155100812716902681e+01
2.703755215577190256e+02 -7.260081083132558888e+01 -6.156934133079396076e+01
2.708762169680111356e+02 -7.262704895893716639e+01 -6.158631391171859093e+01
2.713769123783031887e+02 -7.265247479631239003e+01 -6.160192104103536792e+01
2.718776077885952418e+02 -7.267709151460462635e+01 -6.161615792592549212e+01
2.723783031988873518e+02 -7.270090225615444979e+01 -6.162901979103246219e+01
2.728789986091794049e+02 -7.272391010669548450e+01 -6.164050187613376863e+01
2.733796940194714580e+02 -7.274611810816008983e+01 -6.165059943497674055e+01
2.738803894297635111e+02 -7.276752926537324129e+01 -6.165930773644269891e+01
2.743810848400556210e+02 -7.278814653092763365e+01 -6.166662204126389213e+01
2.748817802503476742e+02 -7.280797280994943321e+01 -6.167253763461978622e+01
2.753824756606397273e+02 -7.282701096539153696e+01 -6.167704978772000857e+01
2.758831710709318372e+02 -7.284526380781085209e+01 -6.168015376478926726e+01
2.763838664812238903e+02 -7.286273409566842929e+01 -6.168184484867872186e+01
2.768845618915159434e+02 -7.287942454842618645e+01 -6.168211829895646758e+01
2.773852573018079966e+02 -7.289533782901185077e+01 -6.168096936354906745e+01
2.778859527121001065e+02 -7.291047656360956353e+01 -6.167839329736800380e+01
2.783866481223921596e+02 -7.292484330862703246e+01 -6.167438535070579064e+01
2.788873435326842127e+02 -7.293844058860327095e+01 -6.166894074114571822e+01
2.793880389429763227e+02 -7.295127087256173581e+01 -6.166205469336892975e+01
2.798887343532683758e+02 -7.296333659190918297e+01 -6.165372241499318307e+01
2.803894297635604289e+02 -7.297464010667067669e+01 -6.164393912047563617e+01
2.808901251738525957e+02 -7.298518375709431893e+01 -6.163270001277743404e+01
2.813908205841446488e+02 -7.299496981298329956e+01 -6.162000026049901180e+01
2.818915159944367019e+02 -7.300400052202644474e+01 -6.160583508861128621e+01
2.823922114047287550e+02 -7.301227805595158316e+01 -6.159019964475993447e+01
2.828929068150208650e+02 -7.301980456262140251e+01 -6.157308915358845525e+01
2.833936022253129181e+02 -7.302658215089945770e+01 -6.155449882045905952e+01
2.838942976356049712e+02 -7.303261285805388070e+01 -6.153442382712347580e+01
2.843949930458970812e+02 -7.303789871000230960e+01 -6.151285940681083275e+01
2.848956884561891343e+02 -7.304244166426838092e+01 -6.148980084008036329e+01
2.853963838664811874e+02 -7.304624367459223322e+01 -6.146524335448594911e+01
2.858970792767732974e+02 -7.304930661293224148e+01 -6.143918229923548324e+01
2.863977746870653505e+02 -7.305163233960524849e+01 -6.141161299348715374e+01
2.868984700973574036e+02 -7.305322266742051340e+01 -6.138253085353318284e+01
2.873991655076494567e+02 -7.305407938640028931e+01 -6.135193135044900714e+01
2.878998609179415666e+02 -7.305420425177372579e+01 -6.131981000264872250e+01
2.884005563282336198e+02 -7.305359896194941882e+01 -6.128616241582435009e+01
2.889012517385257297e+02 -7.305226522453095583e+01 -6.125098428533178208e+01
2.894019471488177828e+02 -7.305020468730445771e+01 -6.121427141559919960e+01
2.899026425591098359e+02 -7.304741898972507386e+01 -6.117601970640620834e+01
2.904033379694019459e+02 -7.304390972901101975e+01 -6.113622523120440633e+01
2.909040333796939990e+02 -7.303967849779665755e+01 -6.109488415113602855e+01
2.914047287899860521e+02 -7.303472686237738287e+01 -6.105199281872202732e+01
2.919054242002781621e+02 -7.302905636263686517e+01 -6.100754775005199804e+01
2.924061196105702152e+02 -7.302266854799027840e+01 -6.096154564481969373e+01
2.929068150208622683e+02 -7.301556491204620158e+01 -6.091398348524114681e+01
2.934075104311543782e+02 -7.300774697125972068e+01 -6.086485836641975311e+01
2.939082058414464314e+02 -7.299921621771146363e+01 -6.081416775474087899e+01
2.944089012517384845e+02 -7.298997414733831590e+01 -6.076190928836990679e+01
2.949095966620305944e+02 -7.298002225142055011e+01 -6.070808098501697714e+01
2.954102920723226475e+02 -7.296936199977436388e+01 -6.065268117051984120e+01
2.959109874826147006e+02 -7.295799489342981303e+01 -6.059570848373921592e+01
2.964116828929068106e+02 -7.294592241966539348e+01 -6.053716197973342616e+01
2.969123783031988637e+02 -7.293314606161230529e+01 -6.047704110518323262e+01
2.974130737134909168e+02 -7.291966734851041565e+01 -6.041534569710718472e+01
2.979137691237830268e+02 -7.290548780525807615e+01 -6.035207609310828047e+01
2.984144645340750799e+02 -7.289060897732508693e+01 -6.028723322684027153e+01
2.989151599443671330e+02 -7.287503240703028951e+01 -6.022081834394566613e+01
2.994158553546592429e+02 -7.285875969382917106e+01 -6.015283345995567288e+01
2.999165507649512961e+02 -7.284179244938289344e+01 -6.008328104195425112e+01
3.004172461752433492e+02 -7.282413231052717606e+01 -6.001216434657305854e+01
3.009179415855354023e+02 -7.280578094378373066e+01 -5.993948719029900474e+01
3.014186369958275691e+02 -7.278674008865198175e+01 -5.986525408896338263e+01
3.019193324061196222e+02 -7.276701148907011429e+01 -5.978947047058679232e+01
3.024200278164116185e+02 -7.274659693490508516e+01 -5.971214235849500085e+01
3.029207232267037853e+02 -7.272549829229507168e+01 -5.963327673353074942e+01
3.034214186369958384e+02 -7.270371745822745879e+01 -5.955288153584331212e+01
3.039221140472878915e+02 -7.268125639838406471e+01 -5.947096547554463086e+01
3.044228094575799446e+02 -7.265811709297101117e+01 -5.938753831502833691e+01
3.049235048678720545e+02 -7.263430168825995281e+01 -5.930261084644232028e+01
3.054242002781641077e+02 -7.260981230155427113e+01 -5.921619496957507067e+01
3.059248956884561608e+02 -7.258465115071136609e+01 -5.912830365773376684e+01
3.064255910987482707e+02 -7.255882054726659192e+01 -5.903895098972358824e+01
3.069262865090403238e+02 -7.253232287402330769e+01 -5.894815240216163943e+01
3.074269819193323769e+02 -7.250516060433416499e+01 -5.885592453956989800e+01
3.079276773296244869e+02 -7.247733629933624400e+01 -5.876228527255942424e+01
3.084283727399165400e+02 -7.244885256644171534e+01 -5.866725394876507949e+01
3.089290681502085931e+02 -7.241971220174771418e+01 -5.857085124480191496e+01
3.094297635605006462e+02 -7.238991802610424031e+01 -5.847309936262242047e+01
3.099304589707927562e+02 -7.235947299804956856e+01 -5.837402199121514457e+01
3.104311543810848093e+02 -7.232838016769073874e+01 -5.827364423025552753e+01
3.109318497913768624e+02 -7.229664271577094325e+01 -5.817199297619852416e+01
3.114325452016689724e+02 -7.226426393022593686e+01 -5.806909660684512176e+01
3.119332406119610255e+02 -7.223124722135148090e+01 -5.796498513653574491e+01
3.124339360222530786e+02 -7.219759611238154662e+01 -5.785969051945500041e+01
3.129346314325451885e+02 -7.216331428440648210e+01 -5.775324606389703774e+01
3.134353268428372417e+02 -7.212840548303498167e+01 -5.764568708736520364e+01
3.139360222531292948e+02 -7.209287367840647676e+01 -5.753705077354867115e+01
3.144367176634213479e+02 -7.205672289673589148e+01 -5.742737568923475067e+01
3.149374130737134578e+02 -7.201995734317665665e+01 -5.731670280286779473e+01
3.154381084840055109e+02 -7.198258137188008732e+01 -5.720507450731420818e+01
3.159388038942975641e+02 -7.194459946458141530e+01 -5.709253506613838169e+01
3.164394993045897309e+02 -7.190601622326018116e+01 -5.697913070222799092e+01
3.169401947148817840e+02 -7.186683644821120254e+01 -5.686490953913394719e+01
3.174408901251737802e+02 -7.182706505209741010e+01 -5.674992134808067590e+01
3.179415855354659470e+02 -7.178670713821193772e+01 -5.663421785486949034e+01
3.184422809457580001e+02 -7.174576792019395555e+01 -5.651785235108364702e+01
3.189429763560500533e+02 -7.170425278714135686e+01 -5.640088021076198288e+01
3.194436717663421064e+02 -7.166216728856996099e+01 -5.628335829552644043e+01
3.199443671766342163e+02 -7.161951704569968058e+01 -5.616534511692780995e+01
3.204450625869262694e+02 -7.157630796086388614e+01 -5.604690103719011063e+01
3.209457579972183225e+02 -7.153254602472834733e+01 -5.592808788220398242e+01
3.214464534075104325e+02 -7.148823736902222947e+01 -5.580896878487857293e+01
3.219471488178024856e+02 -7.144338827315614537e+01 -5.568960845391430325e+01
3.224478442280945387e+02 -7.139800516023618115e+01 -5.557007301982658021e+01
3.229485396383865918e+02 -7.135209466629979147e+01 -5.545042979912922476e+01
3.234492350486787018e+02 -7.130566343384548134e+01 -5.533074723943197171e+01
3.239499304589707549e+02 -7.125871836858554786e+01 -5.521109473812254009e+01
3.244506258692628649e+02 -7.121126642204372104e+01 -5.509154301468655035e+01
3.249513212795549180e+02 -7.116331474123218470e+01 -5.497216286671593366e+01
3.254520166898469711e+02 -7.111487054936381469e+01 -5.485302670979358197e+01
3.259527121001390810e+02 -7.106594118145542893e+01 -5.473420693659649316e+01
3.264534075104311910e+02 -7.101653409104750381e+01 -5.461577633673317678e+01
3.269541029207232441e+02 -7.096665686376348958e+01 -5.449780848313261572e+01
3.274547983310152972e+02 -7.091631711029771168e+01 -5.438037659818060376e+01
3.279554937413073503e+02 -7.086552258547200722e+01 -5.426355410736273654e+01
3.284561891515994603e+02 -7.081428113785406708e+01 -5.414741421495672569e+01
3.289568845618915134e+02 -7.076260061085461928e+01 -5.403202990771309544e+01
3.294575799721835665e+02 -7.071048895984651494e+01 -5.391747357845548549e+01
3.299582753824756765e+02 -7.065795413573388828e+01 -5.380381722525933696e+01
3.304589707927677296e+02 -7.060500418072726347e+01 -5.369113154591767056e+01
3.309596662030597827e+02 -7.055164714681436067e+01 -5.357948670770102240e+01
3.314603616133518926e+02 -7.049789105615764129e+01 -5.346895175661022392e+01
3.319610570236439457e+02 -7.044374398360756118e+01 -5.335959392393026235e+01
3.324617524339359989e+02 -7.038921392970129887e+01 -5.325147949794951785e+01
3.329624478442280520e+02 -7.033430887833580414e+01 -5.314467289182186960e+01
3.334631432545201619e+02 -7.027903685793623367e+01 -5.303923704377231729e+01
3.339638386648122150e+02 -7.022340575913310090e+01 -5.293523214051063519e+01
3.344645340751042681e+02 -7.016742331891904882e+01 -5.283271706291387204e+01
3.349652294853963781e+02 -7.011109734584975683e+01 -5.273174811321317179e+01
3.354659248956884312e+02 -7.005443545652893533e+01 -5.263237912374158611e+01
3.359666203059804843e+02 -6.999744516693395724e+01 -5.253466138466018265e+01
3.364673157162726511e+02 -6.994013389002871861e+01 -5.243864319601925672e+01
3.369680111265647042e+02 -6.988250875278536967e+01 -5.234437039555677984e+01
3.374687065368567005e+02 -6.982457687510240874e+01 -5.225188578984916887e+01
3.379694019471487536e+02 -6.976634515089158128e+01 -5.216122893668190841e+01
3.384700973574409204e+02 -6.970782019773882610e+01 -5.207243588280729796e+01
3.389707927677329735e+02 -6.964900848100346309e+01 -5.198554023624350862e+01
3.394714881780250266e+02 -6.958991621149156970e+01 -5.190057119082379700e+01
3.399721835883171366e+02 -6.953054936945822817e+01 -5.181755513748099418e+01
3.404728789986091897e+02 -6.947091366622926500e+01 -5.173651407358623544e+01
3.409735744089012428e+02 -6.941101452308129183e+01 -5.165746698963927486e+01
3.414742698191932959e+02 -6.935085706268790773e+01 -5.158042949559555268e+01
3.419749652294854059e+02 -6.929044607121770127e+01 -5.150541215169474185e+01
3.424756606397774590e+02 -6.922978607149136110e+01 -5.143242283690020145e+01
3.429763560500695121e+02 -6.916888123958503343e+01 -5.136146467959737549e+01
3.434770514603616220e+02 -6.910773533278276659e+01 -5.129253843946689528e+01
3.439777468706536752e+02 -6.904635181466889549e+01 -5.122563965660563667e+01
3.444784422809457283e+02 -6.898473378090790220e+01 -5.116076029064404906e+01
3.449791376912378382e+02 -6.892288386237927966e+01 -5.109788877177837207e+01
3.454798331015298913e+02 -6.886080438765382894e+01 -5.103700979836223439e+01
3.459805285118219444e+02 -6.879849722171819337e+01 -5.097810401205651942e+01
3.464812239221139976e+02 -6.873596376375040506e+01 -5.092114916628257504e+01
3.469819193324061075e+02 -6.867320513919672464e+01 -5.086611835903825352e+01
3.474826147426981606e+02 -6.861022195348901676e+01 -5.081298196181940341e+01
3.479833101529902137e+02 -6.854701439420148290e+01 -5.076170689468418118e+01
3.484840055632823237e+02 -6.848358208814794068e+01 -5.071225671815899716e+01
3.489847009735743768e+02 -6.841992449050927405e+01 -5.066459202264857709e+01
3.494853963838664299e+02 -6.835604033818013647e+01 -5.061866992219148642e+01
3.499860917941585399e+02 -6.829192802716931965e+01 -5.057444519691655671e+01
3.504867872044505930e+02 -6.822758549734805911e+01 -5.053186939615427775e+01
3.509874826147426461e+02 -6.816301027223323672e+01 -5.049089193311424140e+01
3.514881780250346992e+02 -6.809819937594090788e+01 -5.045145992600603790e+01
3.519888734353268660e+02 -6.803314935937612518e+01 -5.041351758354588242e+01
3.524895688456189191e+02 -6.796785641284748181e+01 -5.037700816366618994e+01
3.529902642559109154e+02 -6.790231611402793988e+01 -5.034187182045339171e+01
3.534909596662030822e+02 -6.783652386837466963e+01 -5.030804809812218537e+01
3.539916550764951353e+02 -6.777047437359776438e+01 -5.027547417111694017e+01
3.544923504867871884e+02 -6.770416203397523702e+01 -5.024408621850203360e+01
3.549930458970792415e+02 -6.763758077728759588e+01 -5.021381936424459980e+01
3.554937413073713515e+02 -6.757072421897974834e+01 -5.018460749190523984e+01
3.559944367176634046e+02 -6.750358543068942652e+01 -5.015638432502422006e+01
3.564951321279554577e+02 -6.743615719680174436e+01 -5.012908179588080770e+01
3.569958275382475676e+02 -6.736843174441767701e+01 -5.010263269807195741e+01
3.574965229485396208e+02 -6.730040112628651627e+01 -5.007696864933200231e+01
3.579972183588316739e+02 -6.723205694920920905e+01 -5.005202153416098554e+01
3.584979137691237838e+02 -6.716339031226539191e+01 -5.002772303016604383e+01
3.589986091794158369e+02 -6.709439227821908958e+01 -5.000400507322827082e+01
3.594993045897078900e+02 -6.702505326855622059e+01 -4.998080010240448701e+01
3.600000000000000000e+02 -6.695536353813290020e+01 -4.995804051579546012e+01
