# lons lats(polar edge) lats(equatorward edge)
0.000000000000000000e+00 6.217808092084570859e+01 5.364373226091016278e+01
5.006954102920723182e-01 6.218842802640696732e+01 5.363560974970210538e+01
1.001390820584144636e+00 6.219838895062397910e+01 5.362699028711702454e+01
1.502086230876216844e+00 6.220797023487224919e+01 5.361789069509157457e+01
2.002781641168289273e+00 6.221717841300065288e+01 5.360832809972316682e+01
2.503477051460361480e+00 6.222602000775492570e+01 5.359831928253150579e+01
3.004172461752433687e+00 6.223450147574195057e+01 5.358788177705400813e+01
3.504867872044505894e+00 6.224262928795324967e+01 5.357703224013349086e+01
4.005563282336578546e+00 6.225040983543547668e+01 5.356578812599201456e+01
4.506258692628650309e+00 6.225784949300744131e+01 5.355416663121451393e+01
5.006954102920722960e+00 6.226495455234710619e+01 5.354218481712791800e+01
5.507649513212795611e+00 6.227173132237096809e+01 5.352985999219869484e+01
6.008344923504867374e+00 6.227818598938922889e+01 5.351720921930507302e+01
6.509040333796940025e+00 6.228432473229061372e+01 5.350424973104557580e+01
7.009735744089011789e+00 6.229015365676771410e+01 5.349099857773968836e+01
7.510431154381083552e+00 6.229567880503834942e+01 5.347747285425771224e+01
8.011126564673157091e+00 6.230090617697312894e+01 5.346368948405726940e+01
8.511821974965229742e+00 6.230584169137533479e+01 5.344966531154094014e+01
9.012517385257300617e+00 6.231049121775684085e+01 5.343541709856575039e+01
9.513212795549373268e+00 6.231486051054886843e+01 5.342096154350144843e+01
1.001390820584144592e+01 6.231895531700317292e+01 5.340631508047925990e+01
1.051460361613352035e+01 6.232278127681453839e+01 5.339149405527952297e+01
1.101529902642559122e+01 6.232634393487202829e+01 5.337651472759991123e+01
1.151599443671766032e+01 6.232964881146047276e+01 5.336139309005210407e+01
1.201668984700973475e+01 6.233270131450156271e+01 5.334614490293756717e+01
1.251738525730180740e+01 6.233550675644737282e+01 5.333078578492865063e+01
1.301808066759388005e+01 6.233807040664332533e+01 5.331533121370745221e+01
1.351877607788595093e+01 6.234039742822419328e+01 5.329979618221440774e+01
1.401947148817802358e+01 6.234249289237554592e+01 5.328419565872874841e+01
1.452016689847009623e+01 6.234436182395215553e+01 5.326854430977518007e+01
1.502086230876216710e+01 6.234600912156524544e+01 5.325285636697925895e+01
1.552155771905424153e+01 6.234743961441340332e+01 5.323714608450259789e+01
1.602225312934631418e+01 6.234865804612995532e+01 5.322142697063114269e+01
1.652294853963838506e+01 6.234966907129050639e+01 5.320571253195745953e+01
1.702364394993045948e+01 6.235047724504298117e+01 5.319001589551874076e+01
1.752433936022252681e+01 6.235108706604492568e+01 5.317434983443774854e+01
1.802503477051460123e+01 6.235150289542630730e+01 5.315872670023887281e+01
1.852573018080667566e+01 6.235172905663559106e+01 5.314315855469054384e+01
1.902642559109874654e+01 6.235176977435479273e+01 5.312765705276787287e+01
1.952712100139081741e+01 6.235162915584417931e+01 5.311223349173202735e+01
2.002781641168289184e+01 6.235131125171525923e+01 5.309689879530651524e+01
2.052851182197496627e+01 6.235082003450364141e+01 5.308166335387105050e+01
2.102920723226704069e+01 6.235015936198172426e+01 5.306653740012106368e+01
2.152990264255910802e+01 6.234933304163043033e+01 5.305153051841769241e+01
2.203059805285118244e+01 6.234834475935804221e+01 5.303665199301902078e+01
2.253129346314325332e+01 6.234719818019675586e+01 5.302191066655169038e+01
2.303198887343532064e+01 6.234589681521447346e+01 5.300731490774906263e+01
2.353268428372739507e+01 6.234444417551549122e+01 5.299287270232454716e+01
2.403337969401946950e+01 6.234284361511397776e+01 5.297859149457094929e+01
2.453407510431154037e+01 6.234109848002715637e+01 5.296447853961167596e+01
2.503477051460361480e+01 6.233921203492953111e+01 5.295054043251266762e+01
2.553546592489568567e+01 6.233718743278514296e+01 5.293678336095989323e+01
2.603616133518776010e+01 6.233502779230062174e+01 5.292321309232146120e+01
2.653685674547983453e+01 6.233273616862302902e+01 5.290983498583125311e+01
2.703755215577190185e+01 6.233031553057497831e+01 5.289665390296806891e+01
2.753824756606397628e+01 6.232776881494299914e+01 5.288367431417657372e+01
2.803894297635604715e+01 6.232509888045467505e+01 5.287090017266970676e+01
2.853963838664812158e+01 6.232230853790395031e+01 5.285833521939352408e+01
2.904033379694019246e+01 6.231940052243669470e+01 5.284598247044284847e+01
2.954102920723226333e+01 6.231637754933115048e+01 5.283384473085176580e+01
3.004172461752433421e+01 6.231324227252980563e+01 5.282192429560926428e+01
3.054242002781640863e+01 6.230999729991663116e+01 5.281022309599093489e+01
3.104311543810848306e+01 6.230664519843185190e+01 5.279874256153715351e+01
3.154381084840055394e+01 6.230318850156390909e+01 5.278748394352759021e+01
3.204450625869262836e+01 6.229962968721321204e+01 5.277644785330919319e+01
3.254520166898469569e+01 6.229597121930947878e+01 5.276563468045613092e+01
3.304589707927677011e+01 6.229221552016480246e+01 5.275504439117948152e+01
3.354659248956884454e+01 6.228836499259142556e+01 5.274467655433961966e+01
3.404728789986091897e+01 6.228442199632792153e+01 5.273453051449958195e+01
3.454798331015298629e+01 6.228038891046691106e+01 5.272460514977917967e+01
3.504867872044505361e+01 6.227626804250559189e+01 5.271489903655232467e+01
3.554937413073713515e+01 6.227206173341056683e+01 5.270541045687028259e+01
3.605006954102920247e+01 6.226777226652285435e+01 5.269613742849929849e+01
3.655076495132127690e+01 6.226340194686582663e+01 5.268707759699924509e+01
3.705146036161335132e+01 6.225895305617979147e+01 5.267822837129375557e+01
3.755215577190541865e+01 6.225442789948812106e+01 5.266958685260493667e+01
3.805285118219749307e+01 6.224982874456128457e+01 5.266115002584871263e+01
3.855354659248956750e+01 6.224515788478112199e+01 5.265291445237227208e+01
3.905424200278163482e+01 6.224041762051439264e+01 5.264487654506135073e+01
3.955493741307371636e+01 6.223561023582971075e+01 5.263703255281549787e+01
4.005563282336578368e+01 6.223073805903351285e+01 5.262937849715352456e+01
4.055632823365785811e+01 6.222580341144731619e+01 5.262191017486155431e+01
4.105702364394993253e+01 6.222080864466062167e+01 5.261462322987210882e+01
4.155771905424199986e+01 6.221575610618839391e+01 5.260751322928410900e+01
4.205841446453408139e+01 6.221064819069380292e+01 5.260057549919804387e+01
4.255910987482614871e+01 6.220548731786931285e+01 5.259380531130031500e+01
4.305980528511821603e+01 6.220027591264607736e+01 5.258719779729457855e+01
4.356050069541029046e+01 6.219501644750363312e+01 5.258074801266327825e+01
4.406119610570236489e+01 6.218971143039181015e+01 5.257445091322377095e+01
4.456189151599443221e+01 6.218436339316195927e+01 5.256830138029552302e+01
4.506258692628650664e+01 6.217897491208515248e+01 5.256229431942126951e+01
4.556328233657857396e+01 6.217354860534197769e+01 5.255642450995648574e+01
4.606397774687064128e+01 6.216808712778384916e+01 5.255068675264621447e+01
4.656467315716272282e+01 6.216259317646273530e+01 5.254507584176164414e+01
4.706536856745479014e+01 6.215706950692930377e+01 5.253958657295581247e+01
4.756606397774686457e+01 6.215151891518854654e+01 5.253421378408231135e+01
4.806675938803893899e+01 6.214594425108754194e+01 5.252895230979331131e+01
4.856745479833100632e+01 6.214034841133053533e+01 5.252379704313509023e+01
4.906815020862308074e+01 6.213473435694123737e+01 5.251874297904006994e+01
4.956884561891514807e+01 6.212910509754675559e+01 5.251378515316329754e+01
5.006954102920722960e+01 6.212346370651158622e+01 5.250891868537448204e+01
5.057023643949929692e+01 6.211781331424373320e+01 5.250413882064360394e+01
5.107093184979137135e+01 6.211215711285132102e+01 5.249944088607928450e+01
5.157162726008345288e+01 6.210649835730674795e+01 5.249482035264274771e+01
5.207232267037552020e+01 6.210084036893914572e+01 5.249027283140360112e+01
5.257301808066758753e+01 6.209518653310607306e+01 5.248579405923275942e+01
5.307371349095966906e+01 6.208954030152182213e+01 5.248137995344488616e+01
5.357440890125173638e+01 6.208390519458572498e+01 5.247702660597762758e+01
5.407510431154380370e+01 6.207828480254630676e+01 5.247273024642974804e+01
5.457579972183587813e+01 6.207268278666543893e+01 5.246848734477949705e+01
5.507649513212795256e+01 6.206710287572587958e+01 5.246429453695142087e+01
5.557719054242002699e+01 6.206154887301619283e+01 5.246014867534810122e+01
5.607788595271209431e+01 6.205602464934582940e+01 5.245604682455719825e+01
5.657858136300416163e+01 6.205053415585081211e+01 5.245198628607155200e+01
5.707927677329624316e+01 6.204508141235220364e+01 5.244796458140896078e+01
5.757997218358831759e+01 6.203967051084856621e+01 5.244397948238016482e+01
5.808066759388038491e+01 6.203430561784426800e+01 5.244002899828316089e+01
5.858136300417245934e+01 6.202899097434948317e+01 5.243611140151457306e+01
5.908205841446452666e+01 6.202373089704434506e+01 5.243222521709227379e+01
5.958275382475660109e+01 6.201852976780156723e+01 5.242836924244598862e+01
6.008344923504866841e+01 6.201339205114874176e+01 5.242454254508898970e+01
6.058414464534074995e+01 6.200832227564188770e+01 5.242074447193132158e+01
6.108484005563281727e+01 6.200332504667113653e+01 5.241697465044395443e+01
6.158553546592489170e+01 6.199840503598335317e+01 5.241323299447955009e+01
6.208623087621696612e+01 6.199356699215951494e+01 5.240951970892907497e+01
6.258692628650903345e+01 6.198881572373448989e+01 5.240583529437841293e+01
6.308762169680110787e+01 6.198415611433102868e+01 5.240218054012344595e+01
6.358831710709318941e+01 6.197959310403331301e+01 5.239855654861727174e+01
6.408901251738525673e+01 6.197513171092379025e+01 5.239496470869467970e+01
6.458970792767732405e+01 6.197077700023311309e+01 5.239140673049674746e+01
6.509040333796939137e+01 6.196653410907839543e+01 5.238788460371210221e+01
6.559109874826147291e+01 6.196240822667260773e+01 5.238440065052486005e+01
6.609179415855354023e+01 6.195840460130949623e+01 5.238095748111731353e+01
6.659248956884562176e+01 6.195452852872205085e+01 5.237755803272079191e+01
6.709318497913768908e+01 6.195078536168676919e+01 5.237420551126773915e+01
6.759388038942975641e+01 6.194718050071043081e+01 5.237090346516992412e+01
6.809457579972183794e+01 6.194371938471687145e+01 5.236765573380466066e+01
6.859527121001390526e+01 6.194040749919605560e+01 5.236446643825615155e+01
6.909596662030597258e+01 6.193725036205233891e+01 5.236134003493929612e+01
6.959666203059803991e+01 6.193425352666037043e+01 5.235828125030251812e+01
7.009735744089010723e+01 6.193142257771779668e+01 5.235529509485217403e+01
7.059805285118218876e+01 6.192876312197751076e+01 5.235238690972777675e+01
7.109874826147427029e+01 6.192628078642866285e+01 5.234956229569092301e+01
7.159944367176633762e+01 6.192398122060677679e+01 5.234682711537629274e+01
7.210013908205840494e+01 6.192187007065496118e+01 5.234418754230886606e+01
7.260083449235048647e+01 6.191995300541731240e+01 5.234164998058189866e+01
7.310152990264255379e+01 6.191823568617093088e+01 5.233922114253004310e+01
7.360222531293462112e+01 6.191672375847684862e+01 5.233690796114017729e+01
7.410292072322670265e+01 6.191542288943293215e+01 5.233471762781476144e+01
7.460361613351876997e+01 6.191433868792938711e+01 5.233265759824205787e+01
7.510431154381083729e+01 6.191347676285641910e+01 5.233073550036777277e+01
7.560500695410290461e+01 6.191284269050794364e+01 5.232895925401378889e+01
7.610570236439498615e+01 6.191244201283535631e+01 5.232733696808707435e+01
7.660639777468706768e+01 6.191228022114938767e+01 5.232587693075772961e+01
7.710709318497913500e+01 6.191236275491957031e+01 5.232458764497694403e+01
7.760778859527120233e+01 6.191269501006883047e+01 5.232347781580445201e+01
7.810848400556326965e+01 6.191328230208438299e+01 5.232255626280364424e+01
7.860917941585533697e+01 6.191412988106077364e+01 5.232183201863934130e+01
7.910987482614743271e+01 6.191524291398292235e+01 5.232131423908556656e+01
7.961057023643950004e+01 6.191662648185211992e+01 5.232101219091263999e+01
8.011126564673156736e+01 6.191828556316960430e+01 5.232093529626426687e+01
8.061196105702363468e+01 6.192022503719255155e+01 5.232109302971211662e+01
8.111265646731571621e+01 6.192244966647177762e+01 5.232149501558966165e+01
8.161335187760779775e+01 6.192496409656070000e+01 5.232215091813928609e+01
8.211404728789986507e+01 6.192777283571541602e+01 5.232307041282552973e+01
8.261474269819193239e+01 6.193088025634989435e+01 5.232426329820469846e+01
8.311543810848399971e+01 6.193429059023384298e+01 5.232573932341352929e+01
8.361613351877606704e+01 6.193800789851576383e+01 5.232750827587921094e+01
8.411682892906816278e+01 6.194203609507877673e+01 5.232957991912741136e+01
8.461752433936023010e+01 6.194637890244831624e+01 5.233196395823512148e+01
8.511821974965229742e+01 6.195103986925442996e+01 5.233467007895711731e+01
8.561891515994436475e+01 6.195602235946336123e+01 5.233770786630172722e+01
8.611961057023643207e+01 6.196132953142279121e+01 5.234108684400978007e+01
8.662030598052849939e+01 6.196696433567905160e+01 5.234481638403023851e+01
8.712100139082058092e+01 6.197292950333559247e+01 5.234890574694956911e+01
8.762169680111264825e+01 6.197922754430675241e+01 5.235336400799129564e+01
8.812239221140472978e+01 6.198586074731775852e+01 5.235820006786838121e+01
8.862308762169679710e+01 6.199283114090559366e+01 5.236342268272295541e+01
8.912378303198886442e+01 6.200014052368698003e+01 5.236904029883902467e+01
8.962447844228094596e+01 6.200779042477716985e+01 5.237506119683843053e+01
9.012517385257301328e+01 6.201578212067016693e+01 5.238149330605978093e+01
9.062586926286508060e+01 6.202411662417927118e+01 5.238834436168160380e+01
9.112656467315714792e+01 6.203279465533324810e+01 5.239562172610446567e+01
9.162726008344921524e+01 6.204181666116693350e+01 5.240333242509647960e+01
9.212795549374128257e+01 6.205118281222877386e+01 5.241148318098991865e+01
9.262865090403337831e+01 6.206089297347699585e+01 5.242008025631972146e+01
9.312934631432544563e+01 6.207094671708529177e+01 5.242912961042075892e+01
9.363004172461751295e+01 6.208134331080128732e+01 5.243863672355711003e+01
9.413073713490958028e+01 6.209208171620031180e+01 5.244860664409553408e+01
9.463143254520164760e+01 6.210316059217785778e+01 5.245904396076421961e+01
9.513212795549372913e+01 6.211457827632312956e+01 5.246995281156116420e+01
9.563282336578581067e+01 6.212633279190396252e+01 5.248133680554890645e+01
9.613351877607787799e+01 6.213842185019512954e+01 5.249319903324210657e+01
9.663421418636994531e+01 6.215084283185188951e+01 5.250554209350885060e+01
9.713490959666201263e+01 6.216359281612295717e+01 5.251836797231153753e+01
9.763560500695409416e+01 6.217666854083273620e+01 5.253167817616277091e+01
9.813630041724616149e+01 6.219006643621452213e+01 5.254547354081087462e+01
9.863699582753822881e+01 6.220378260737544451e+01 5.255975436666422240e+01
9.913769123783029613e+01 6.221781284168156390e+01 5.257452035779988364e+01
9.963838664812239188e+01 6.223215261326896552e+01 5.258977057636873553e+01
1.001390820584144592e+02 6.224679707402157192e+01 5.260550344096107267e+01
1.006397774687065265e+02 6.226174107139723901e+01 5.262171679840965055e+01
1.011404728789985938e+02 6.227697914551737313e+01 5.263840782263930862e+01
1.016411682892906754e+02 6.229250551985370521e+01 5.265557301038559501e+01
1.021418636995827427e+02 6.230831413731704060e+01 5.267320830182787006e+01
1.026425591098748242e+02 6.232439862998927538e+01 5.269130887119163731e+01
1.031432545201669058e+02 6.234075235404799287e+01 5.270986934761290854e+01
1.036439499304589731e+02 6.235736837346831862e+01 5.272888364286168894e+01
1.041446453407510404e+02 6.237423948388806139e+01 5.274834503167974731e+01
1.046453407510431077e+02 6.239135821027940665e+01 5.276824618346164186e+01
1.051460361613351751e+02 6.240871681509798918e+01 5.278857907868096788e+01
1.056467315716272708e+02 6.242630731458103810e+01 5.280933509370296974e+01
1.061474269819193381e+02 6.244412147001622770e+01 5.283050497987059657e+01
1.066481223922114054e+02 6.246215081800966118e+01 5.285207887173382346e+01
1.071488178025034728e+02 6.248038666699341093e+01 5.287404631490571205e+01
1.076495132127955401e+02 6.249882010421043788e+01 5.289639624993068878e+01
1.081502086230876074e+02 6.251744201783350263e+01 5.291911704691810314e+01
1.086509040333796889e+02 6.253624309987554852e+01 5.294219655210835640e+01
1.091515994436717563e+02 6.255521384618970160e+01 5.296562200638217632e+01
1.096522948539638236e+02 6.257434459255802039e+01 5.298938020358545486e+01
1.101529902642559051e+02 6.259362549955750410e+01 5.301345738342715208e+01
1.106536856745479724e+02 6.261304658224599962e+01 5.303783933232406866e+01
1.111543810848400540e+02 6.263259771132635478e+01 5.306251136069985819e+01
1.116550764951321213e+02 6.265226862711625699e+01 5.308745836322995615e+01
1.121557719054241886e+02 6.267204895002561216e+01 5.311266480370758813e+01
1.126564673157162559e+02 6.269192819569053654e+01 5.313811477165072006e+01
1.131571627260083233e+02 6.271189578195827607e+01 5.316379199117872645e+01
1.136578581363004190e+02 6.273194103820043210e+01 5.318967984138507177e+01
1.141585535465924863e+02 6.275205322976017897e+01 5.321576140028409441e+01
1.146592489568845536e+02 6.277222155213149790e+01 5.324201946052707513e+01
1.151599443671766352e+02 6.279243514900355194e+01 5.326843655574120362e+01
1.156606397774686883e+02 6.281268313088713739e+01 5.329499499079756220e+01
1.161613351877607698e+02 6.283295457045807098e+01 5.332167687033287962e+01
1.166620305980528229e+02 6.285323853166102026e+01 5.334846411504767616e+01
1.171627260083449187e+02 6.287352406214250777e+01 5.337533851292900522e+01
1.176634214186370002e+02 6.289380021653397534e+01 5.340228171226553400e+01
1.181641168289290533e+02 6.291405605528763090e+01 5.342927528043728103e+01
1.186648122392211349e+02 6.293428067028781925e+01 5.345630071555714835e+01
1.191655076495132022e+02 6.295446318019440923e+01 5.348333946393321980e+01
1.196662030598052695e+02 6.297459274092017267e+01 5.351037295746718314e+01
1.201668984700973368e+02 6.299465856192892943e+01 5.353738265279898201e+01
1.206675938803894041e+02 6.301464991380254332e+01 5.356435001995632206e+01
1.211682892906814999e+02 6.303455612591261570e+01 5.359125659037599121e+01
1.216689847009735672e+02 6.305436660737524335e+01 5.361808398207867299e+01
1.221696801112656345e+02 6.307407084588686530e+01 5.364481389537613154e+01
1.226703755215577019e+02 6.309365841820164178e+01 5.367142817954109546e+01
1.231710709318497834e+02 6.311311899944467996e+01 5.369790880026803848e+01
1.236717663421418507e+02 6.313244236776864682e+01 5.372423791809515592e+01
1.241724617524339322e+02 6.315161840551792238e+01 5.375039784720675584e+01
1.246731571627260138e+02 6.317063710912390206e+01 5.377637109969319340e+01
1.251738525730180669e+02 6.318948860151050440e+01 5.380214042877233283e+01
1.256745479833101484e+02 6.320816311375875785e+01 5.382768878366495358e+01
1.261752433936022157e+02 6.322665102868978693e+01 5.385299939315454765e+01
1.266759388038942831e+02 6.324494284666781141e+01 5.387805573746599919e+01
1.271766342141863788e+02 6.326302920033396049e+01 5.390284155540693689e+01
1.276773296244784177e+02 6.328090087991401447e+01 5.392734087914250551e+01
1.281780250347705135e+02 6.329854881114985687e+01 5.395153803626926958e+01
1.286787204450625950e+02 6.331596406832065327e+01 5.397541766532158647e+01
1.291794158553546481e+02 6.333313785855895617e+01 5.399896469582672864e+01
1.296801112656467296e+02 6.335006157298809626e+01 5.402216440216507465e+01
1.301808066759387827e+02 6.336672673364407160e+01 5.404500239882254675e+01
1.306815020862308643e+02 6.338312501450306513e+01 5.406746460363962115e+01
1.311821974965229458e+02 6.339924825506929551e+01 5.408953726996429623e+01
1.316828929068149989e+02 6.341508845018867646e+01 5.411120704195724329e+01
1.321835883171070805e+02 6.343063775877996591e+01 5.413246084512735479e+01
1.326842837273991336e+02 6.344588848258896974e+01 5.415328603608776348e+01
1.331849791376912435e+02 6.346083309110869664e+01 5.417367022855449932e+01
1.336856745479833251e+02 6.347546421066542166e+01 5.419360150837582069e+01
1.341863699582753782e+02 6.348977463860680359e+01 5.421306816960817088e+01
1.346870653685674597e+02 6.350375729149706672e+01 5.423205899278595155e+01
1.351877607788595128e+02 6.351740528846309530e+01 5.425056301987450524e+01
1.356884561891515943e+02 6.353071186708436358e+01 5.426856969576191148e+01
1.361891515994436759e+02 6.354367045004070746e+01 5.428606879059087476e+01
1.366898470097357290e+02 6.355627458355772319e+01 5.430305039719540616e+01
1.371905424200278105e+02 6.356851797698342921e+01 5.431950504295177495e+01
1.376912378303198636e+02 6.358039450047814967e+01 5.433542345738128176e+01
1.381919332406119452e+02 6.359189816039449283e+01 5.435079681309029809e+01
1.386926286509039983e+02 6.360302309593495806e+01 5.436561659065387175e+01
1.391933240611960798e+02 6.361376362018891939e+01 5.437987455423251504e+01
1.396940194714881613e+02 6.362411415410495863e+01 5.439356281060516096e+01
1.401947148817802145e+02 6.363406927523645606e+01 5.440667380435986900e+01
1.406954102920723244e+02 6.364362369490298477e+01 5.441920023411587692e+01
1.411961057023643775e+02 6.365277226554643164e+01 5.443113517194743167e+01
1.416968011126564591e+02 6.366150994325469981e+01 5.444247190127359204e+01
1.421974965229485406e+02 6.366983182035799871e+01 5.445320406477468111e+01
1.426981919332405937e+02 6.367773313976248062e+01 5.446332553008606681e+01
1.431988873435326752e+02 6.368520923784647891e+01 5.447283050598433363e+01
1.436995827538247283e+02 6.369225557027651519e+01 5.448171334879678795e+01
1.442002781641168099e+02 6.369886772423318178e+01 5.448996885286850045e+01
1.447009735744088914e+02 6.370504138346949219e+01 5.449759182935029855e+01
1.452016689847009729e+02 6.371077234681455081e+01 5.450457758897736937e+01
1.457023643949930261e+02 6.371605650281001942e+01 5.451092145302902736e+01
1.462030598052851076e+02 6.372088988193557668e+01 5.451661915475563092e+01
1.467037552155771891e+02 6.372526856486932445e+01 5.452166644842657206e+01
1.472044506258692422e+02 6.372918875071466971e+01 5.452605947896729788e+01
1.477051460361613238e+02 6.373264673280776549e+01 5.452979449460174521e+01
1.482058414464534053e+02 6.373563888671672828e+01 5.453286794461341458e+01
1.487065368567454584e+02 6.373816167403428778e+01 5.453527654452095419e+01
1.492072322670375399e+02 6.374021165006278977e+01 5.453701707756458461e+01
1.497079276773296215e+02 6.374178541873997972e+01 5.453808658068788873e+01
1.502086230876216746e+02 6.374287968471189458e+01 5.453848216926468240e+01
1.507093184979137845e+02 6.374349122342418639e+01 5.453820118924392091e+01
1.512100139082058092e+02 6.374361686931688098e+01 5.453724115399433003e+01
1.517107093184979192e+02 6.374325351322777067e+01 5.453559964208659494e+01
1.522114047287899723e+02 6.374239813825748513e+01 5.453327435488149888e+01
1.527121001390820538e+02 6.374104775515776566e+01 5.453026317545409540e+01
1.532127955493741354e+02 6.373919944771957091e+01 5.452656410982982038e+01
1.537134909596661885e+02 6.373685035881977967e+01 5.452217525567421319e+01
1.542141863699582700e+02 6.373399764399552225e+01 5.451709478113600937e+01
1.547148817802503231e+02 6.373063854740509271e+01 5.451132099533012365e+01
1.552155771905424047e+02 6.372677033867263674e+01 5.450485225317306970e+01
1.557162726008344862e+02 6.372239033209667980e+01 5.449768705999034069e+01
1.562169680111265393e+02 6.371749587866491993e+01 5.448982393839800409e+01
1.567176634214186208e+02 6.371208435899592359e+01 5.448126151568261832e+01
1.572183588317106739e+02 6.370615317530013044e+01 5.447199841349858218e+01
1.577190542420027555e+02 6.369969981082380173e+01 5.446203348642377762e+01
1.582197496522948654e+02 6.369272170879543182e+01 5.445136544710416615e+01
1.587204450625868901e+02 6.368521639276852397e+01 5.443999306481723011e+01
1.592211404728790001e+02 6.367718138631066438e+01 5.442791538777203186e+01
1.597218358831710532e+02 6.366861420713580344e+01 5.441513124371101640e+01
1.602225312934631347e+02 6.365951242889443051e+01 5.440163961122071612e+01
1.607232267037552162e+02 6.364987362907433521e+01 5.438743945997916285e+01
1.612239221140472694e+02 6.363969540903858046e+01 5.437252982603742169e+01
1.617246175243393509e+02 6.362897534603766303e+01 5.435690976767401139e+01
1.622253129346314324e+02 6.361771108326101398e+01 5.434057826528116664e+01
1.627260083449234855e+02 6.360590021831202279e+01 5.432353442886635264e+01
1.632267037552155955e+02 6.359354039661329239e+01 5.430577732974454364e+01
1.637273991655076486e+02 6.358062922612506895e+01 5.428730609367305249e+01
1.642280945757997301e+02 6.356716436457563191e+01 5.426811973817932255e+01
1.647287899860917832e+02 6.355314342254050075e+01 5.424821739412094246e+01
1.652294853963838648e+02 6.353856407287739216e+01 5.422759817232126522e+01
1.657301808066759463e+02 6.352342393896751105e+01 5.420626113390808598e+01
1.662308762169679994e+02 6.350772066689305007e+01 5.418420541168512727e+01
1.667315716272600810e+02 6.349145186068557223e+01 5.416143006910976965e+01
1.672322670375521341e+02 6.347461518052409701e+01 5.413793416552451276e+01
1.677329624478442156e+02 6.345720825931562104e+01 5.411371679369472076e+01
1.682336578581363256e+02 6.343922869982702650e+01 5.408877705673418745e+01
1.687343532684283502e+02 6.342067413217660032e+01 5.406311393325765380e+01
1.692350486787204602e+02 6.340154217276062809e+01 5.403672654993884805e+01
1.697357440890125133e+02 6.338183041665683959e+01 5.400961386728327795e+01
1.702364394993045948e+02 6.336153649030234192e+01 5.398177500876776946e+01
1.707371349095966480e+02 6.334065795530545984e+01 5.395320895115324333e+01
1.712378303198887295e+02 6.331919243126390029e+01 5.392391472693012133e+01
1.717385257301808110e+02 6.329713750285388585e+01 5.389389134287696947e+01
1.722392211404728641e+02 6.327449073902623411e+01 5.386313788242658518e+01
1.727399165507649457e+02 6.325124972620339747e+01 5.383165325910339050e+01
1.732406119610569988e+02 6.322741202590502496e+01 5.379943646431453885e+01
1.737413073713490803e+02 6.320297523743657564e+01 5.376648667095422240e+01
1.742420027816411618e+02 6.317793690778056259e+01 5.373280274475810359e+01
1.747426981919332150e+02 6.315229460775593395e+01 5.369838378868435314e+01
1.752433936022252965e+02 6.312604591559941980e+01 5.366322880152982577e+01
1.757440890125173496e+02 6.309918839494274323e+01 5.362733690788995489e+01
1.762447844228094596e+02 6.307171964126654018e+01 5.359070704448673439e+01
1.767454798331015411e+02 6.304363720159061302e+01 5.355333839556838882e+01
1.772461752433935942e+02 6.301493869201333098e+01 5.351523006082776135e+01
1.777468706536856757e+02 6.298562171226005546e+01 5.347638122487131795e+01
1.782475660639777288e+02 6.295568385304288483e+01 5.343679092514138773e+01
1.787482614742698104e+02 6.292512274984839848e+01 5.339645850882715195e+01
1.792489568845618919e+02 6.289393603128542054e+01 5.335538321701659470e+01
1.797496522948539450e+02 6.286212137285315293e+01 5.331356433892706548e+01
1.802503477051460266e+02 6.282967642265998620e+01 5.327100115802223002e+01
1.807510431154380797e+02 6.279659891817414064e+01 5.322769318964969898e+01
1.812517385257301612e+02 6.276288657533865489e+01 5.318363992929630513e+01
1.817524339360222427e+02 6.272853714906074174e+01 5.313884086066909163e+01
1.822531293463142958e+02 6.269354845540061660e+01 5.309329569550126848e+01
1.827538247566063774e+02 6.265791832233941250e+01 5.304700407555506558e+01
1.832545201668984305e+02 6.262164462126844455e+01 5.299996584608767591e+01
1.837552155771905404e+02 6.258472527146392395e+01 5.295218092321010772e+01
1.842559109874825651e+02 6.254715826597117712e+01 5.290364933400996961e+01
1.847566063977746751e+02 6.250894162138689580e+01 5.285437119454451249e+01
1.852573018080667566e+02 6.247007342136026864e+01 5.280434673069687790e+01
1.857579972183588097e+02 6.243055181658388619e+01 5.275357632934873209e+01
1.862586926286508913e+02 6.239037502346587871e+01 5.270206049585465280e+01
1.867593880389429444e+02 6.234954134074183685e+01 5.264979990700010148e+01
1.872600834492350259e+02 6.230804914427250196e+01 5.259679533900273896e+01
1.877607788595271074e+02 6.226589687860359845e+01 5.254304780533719565e+01
1.882614742698191606e+02 6.222308310877087933e+01 5.248855831941772010e+01
1.887621696801112421e+02 6.217960646587604856e+01 5.243332835048774143e+01
1.892628650904032952e+02 6.213546567795842179e+01 5.237735927894232191e+01
1.897635605006953767e+02 6.209065962047301923e+01 5.232065287309899304e+01
1.902642559109874583e+02 6.204518725821966996e+01 5.226321096676009859e+01
1.907649513212795114e+02 6.199904765249752359e+01 5.220503567949243973e+01
1.912656467315716213e+02 6.195224005277790980e+01 5.214612927501782735e+01
1.917663421418636460e+02 6.190476377989338630e+01 5.208649440339590342e+01
1.922670375521557560e+02 6.185661831841511571e+01 5.202613379016445094e+01
1.927677329624478375e+02 6.180780333655328462e+01 5.196505054041669780e+01
1.932684283727398906e+02 6.175831861187994321e+01 5.190324784423728488e+01
1.937691237830319722e+02 6.170816410891070802e+01 5.184072931464334033e+01
1.942698191933240253e+02 6.165733994542911489e+01 5.177749871206249566e+01
1.947705146036161068e+02 6.160584642848056092e+01 5.171356023211917829e+01
1.952712100139081883e+02 6.155368407553118004e+01 5.164891824048898172e+01
1.957719054242002414e+02 6.150085354605897692e+01 5.158357743565856879e+01
1.962726008344923230e+02 6.144735574871509698e+01 5.151754277674854166e+01
1.967732962447844045e+02 6.139319179770032520e+01 5.145081957253069049e+01
1.972739916550764576e+02 6.133836299591497720e+01 5.138341354250316328e+01
1.977746870653685392e+02 6.128287092261747659e+01 5.131533053616750806e+01
1.982753824756605923e+02 6.122671735184998454e+01 5.124657691634034506e+01
1.987760778859527022e+02 6.116990433950708450e+01 5.117715931966209553e+01
1.992767732962447838e+02 6.111243415568755211e+01 5.110708466903153635e+01
1.997774687065368369e+02 6.105430939179645122e+01 5.103636044264270311e+01
2.002781641168289184e+02 6.099553283714489282e+01 5.096499420488987653e+01
2.007788595271209999e+02 6.093610765182678790e+01 5.089299410368120391e+01
2.012795549374130530e+02 6.087603721535845125e+01 5.082036856410441317e+01
2.017802503477051346e+02 6.081532524550377161e+01 5.074712641216528652e+01
2.022809457579971877e+02 6.075397575839534170e+01 5.067327688122921359e+01
2.027816411682892692e+02 6.069199309394181796e+01 5.059882958094469529e+01
2.032823365785813508e+02 6.062938190706492492e+01 5.052379437397114259e+01
2.037830319888734039e+02 6.056614722142622043e+01 5.044818181359738674e+01
2.042837273991654854e+02 6.050229436866290200e+01 5.037200252745202533e+01
2.047844228094575953e+02 6.043782905179683951e+01 5.029526776124086496e+01
2.052851182197496485e+02 6.037275735477011551e+01 5.021798909367291230e+01
2.057858136300417300e+02 6.030708570599814777e+01 5.014017843686971787e+01
2.062865090403338115e+02 6.024082093556786788e+01 5.006184817334811044e+01
2.067872044506258646e+02 6.017397026019467887e+01 4.998301115194450972e+01
2.072878998609179462e+02 6.010654128417259301e+01 4.990368043612767224e+01
2.077885952712099993e+02 6.003854201421377468e+01 4.982386969941224208e+01
2.082892906815020808e+02 5.996998090543088722e+01 4.974359285066391578e+01
2.087899860917941623e+02 5.990086678525672426e+01 4.966286424523794096e+01
2.092906815020862155e+02 5.983120894111466725e+01 4.958169872042481074e+01
2.097913769123782970e+02 5.976101709348982638e+01 4.950011135505850746e+01
2.102920723226703501e+02 5.969030138473955560e+01 4.941811771558936073e+01
2.107927677329624316e+02 5.961907242187017175e+01 4.933573368024885042e+01
2.112934631432545416e+02 5.954734126333796951e+01 4.925297559345712273e+01
2.117941585535465663e+02 5.947511941073180708e+01 4.916986005458159070e+01
2.122948539638386762e+02 5.940241886239682856e+01 4.908640415487400332e+01
2.127955493741307293e+02 5.932925204101202610e+01 4.900262522590867320e+01
2.132962447844228109e+02 5.925563187159761469e+01 4.891854103617832550e+01
2.137969401947148924e+02 5.918157173774326907e+01 4.883416967477943160e+01
2.142976356050069455e+02 5.910708551268564293e+01 4.874952951466399043e+01
2.147983310152990271e+02 5.903218754860810691e+01 4.866463929416426026e+01
2.152990264255910802e+02 5.895689266096107417e+01 4.857951810752700794e+01
2.157997218358831617e+02 5.888121616621739918e+01 4.849418528547238338e+01
2.163004172461752148e+02 5.880517384796641522e+01 4.840866055508803356e+01
2.168011126564672963e+02 5.872878200166107376e+01 4.832296379952765619e+01
2.173018080667593779e+02 5.865205736505978962e+01 4.823711531949754772e+01
2.178025034770514310e+02 5.857501718705700000e+01 4.815113559263352272e+01
2.183031988873435125e+02 5.849767917305891274e+01 4.806504538531271464e+01
2.188038942976355656e+02 5.842006151568804739e+01 4.797886572091670132e+01
2.193045897079276472e+02 5.834218288194117008e+01 4.789261787908912993e+01
2.198052851182197571e+02 5.826406237961074908e+01 4.780632334082042689e+01
2.203059805285118102e+02 5.818571961746621923e+01 4.772000378617049421e+01
2.208066759388038918e+02 5.810717463784223469e+01 4.763368114016748223e+01
2.213073713490959449e+02 5.802844791964000137e+01 4.754737754001189387e+01
2.218080667593880264e+02 5.794956041572569916e+01 4.746111525364845818e+01
2.223087621696801079e+02 5.787053348569153854e+01 4.737491676580553701e+01
2.228094575799721611e+02 5.779138894169429364e+01 4.728880473700279197e+01
2.233101529902642426e+02 5.771214898791933479e+01 4.720280195117389610e+01
2.238108484005562957e+02 5.763283624808374839e+01 4.711693136007502858e+01
2.243115438108483772e+02 5.755347374389950232e+01 4.703121606134635613e+01
2.248122392211404588e+02 5.747408488110360736e+01 4.694567927266297147e+01
2.253129346314325119e+02 5.739469343141374225e+01 4.686034433184948966e+01
2.258136300417245934e+02 5.731532354999055201e+01 4.677523471056309745e+01
2.263143254520166465e+02 5.723599972363282973e+01 4.669037396311586008e+01
2.268150208623087565e+02 5.715674677703484008e+01 4.660578576139931783e+01
2.273157162726008380e+02 5.707758986463724682e+01 4.652149387858634100e+01
2.278164116828928911e+02 5.699855444676197180e+01 4.643752214663953737e+01
2.283171070931849727e+02 5.691966628379142890e+01 4.635389451451891318e+01
2.288178025034770258e+02 5.684095140502742538e+01 4.627063500510820404e+01
2.293184979137691073e+02 5.676243611800438771e+01 4.618776769658842341e+01
2.298191933240611604e+02 5.668414696541569242e+01 4.610531676260114864e+01
2.303198887343532704e+02 5.660611074024765799e+01 4.602330643848807767e+01
2.308205841446453235e+02 5.652835444154172251e+01 4.594176103002217815e+01
2.313212795549373766e+02 5.645090527555859694e+01 4.586070490642276809e+01
2.318219749652294297e+02 5.637379063482350716e+01 4.578016250734043524e+01
2.323226703755215397e+02 5.629703808561154688e+01 4.570015833820042417e+01
2.328233657858135928e+02 5.622067534117215359e+01 4.562071697427717254e+01
2.333240611961056459e+02 5.614473026231118524e+01 4.554186305603769824e+01
2.338247566063977843e+02 5.606923081664555752e+01 4.546362129612651870e+01
2.343254520166898374e+02 5.599420509752073372e+01 4.538601648635057018e+01
2.348261474269818621e+02 5.591968127744459593e+01 4.530907348370936916e+01
2.353268428372740004e+02 5.584568759644591296e+01 4.523281723316875969e+01
2.358275382475660535e+02 5.577225236440264666e+01 4.515727276969818149e+01
2.363282336578581067e+02 5.569940392611735547e+01 4.508246519891662274e+01
2.368289290681501882e+02 5.562717065433227503e+01 4.500841972808819946e+01
2.373296244784422697e+02 5.555558093575947964e+01 4.493516168016475376e+01
2.378303198887343228e+02 5.548466314779781783e+01 4.486271645500499972e+01
2.383310152990264044e+02 5.541444565620460594e+01 4.479110956735502214e+01
2.388317107093184859e+02 5.534495678249933803e+01 4.472036668060871989e+01
2.393324061196105390e+02 5.527622480163537944e+01 4.465051351775008470e+01
2.398331015299026205e+02 5.520827793501504743e+01 4.458157595906931192e+01
2.403337969401946737e+02 5.514114430974424863e+01 4.451358006064373285e+01
2.408344923504867552e+02 5.507485197027401114e+01 4.444655192337057770e+01
2.413351877607788083e+02 5.500942885511742020e+01 4.438051788388810337e+01
2.418358831710709183e+02 5.494490277123824740e+01 4.431550433444149917e+01
2.423365785813629998e+02 5.488130140685663605e+01 4.425153789661287362e+01
2.428372739916550529e+02 5.481865227498767013e+01 4.418864529315776224e+01
2.433379694019471344e+02 5.475698275360466027e+01 4.412685345128572578e+01
2.438386648122392160e+02 5.469632002393902326e+01 4.406618939446182992e+01
2.443393602225312691e+02 5.463669107397274161e+01 4.400668035807591139e+01
2.448400556328233506e+02 5.457812269785628700e+01 4.394835373074435836e+01
2.453407510431154037e+02 5.452064145923779392e+01 4.389123704032719786e+01
2.458414464534074853e+02 5.446427368194983387e+01 4.383535797394181088e+01
2.463421418636995668e+02 5.440904545233772183e+01 4.378074438227095300e+01
2.468428372739916199e+02 5.435498258666322613e+01 4.372742425977385494e+01
2.473435326842837014e+02 5.430211059617997194e+01 4.367542575040351949e+01
2.478442280945758114e+02 5.425045473428164655e+01 4.362477710688472143e+01
2.483449235048678645e+02 5.420003990686220163e+01 4.357550673519189388e+01
2.488456189151599460e+02 5.415089070607629651e+01 4.352764313128763263e+01
2.493463143254520276e+02 5.410303136959393555e+01 4.348121489740950096e+01
2.498470097357440807e+02 5.405648577652593190e+01 4.343625071917702485e+01
2.503477051460361338e+02 5.401127740432977475e+01 4.339277933286321343e+01
2.508484005563282153e+02 5.396742935683116116e+01 4.335082954667062438e+01
2.513490959666202968e+02 5.392496429570721261e+01 4.331043014588406947e+01
2.518497913769123500e+02 5.388390443474756353e+01 4.327160995506322649e+01
2.523504867872044315e+02 5.384427154885608502e+01 4.323439775838754429e+01
2.528511821974965130e+02 5.380608691351491757e+01 4.319882226049206508e+01
2.533518776077885661e+02 5.376937130216512628e+01 4.316491207369442407e+01
2.538525730180806477e+02 5.373414495710287042e+01 4.313269571779134992e+01
2.543532684283727576e+02 5.370042758947940342e+01 4.310220150887805346e+01
2.548539638386647823e+02 5.366823831381745435e+01 4.307345759254137363e+01
2.553546592489568354e+02 5.363759566139898993e+01 4.304649185519853916e+01
2.558553546592489738e+02 5.360851753311700918e+01 4.302133186850885238e+01
2.563560500695410269e+02 5.358102120384111799e+01 4.299800490225298688e+01
2.568567454798330800e+02 5.355512324529237844e+01 4.297653782377584264e+01
2.573574408901251900e+02 5.353083956678867139e+01 4.295695705419039712e+01
2.578581363004172431e+02 5.350818533360845208e+01 4.293928855695104119e+01
2.583588317107092962e+02 5.348717496640867353e+01 4.292355771430867151e+01
2.588595271210013493e+02 5.346782211590445399e+01 4.290978928350942567e+01
2.593602225312934593e+02 5.345013962969071031e+01 4.289800741838608644e+01
2.598609179415855124e+02 5.343413953347018719e+01 4.288823547901903055e+01
2.603616133518775655e+02 5.341983299496470750e+01 4.288049605803881548e+01
2.608623087621696754e+02 5.340723030543423988e+01 4.287481090182755850e+01
2.613630041724617286e+02 5.339634085348345138e+01 4.287120080681835077e+01
2.618636995827537817e+02 5.338717309450268544e+01 4.286968560086880586e+01
2.623643949930458916e+02 5.337973453728019990e+01 4.287028406991940699e+01
2.628650904033379447e+02 5.337403172835885812e+01 4.287301380723053512e+01
2.633657858136299978e+02 5.337007018480628062e+01 4.287789130304278729e+01
2.638664812239220510e+02 5.336785442753873099e+01 4.288493171986462471e+01
2.643671766342141609e+02 5.336738792806110609e+01 4.289414890406166592e+01
2.648678720445062140e+02 5.336867309034980167e+01 4.290555533335552241e+01
2.653685674547982671e+02 5.337171124619609941e+01 4.291916198411033179e+01
2.658692628650904339e+02 5.337650264472878803e+01 4.293497836180310401e+01
2.663699582753824870e+02 5.338304639653480876e+01 4.295301234370842280e+01
2.668706536856744833e+02 5.339134051193988739e+01 4.297327015570178332e+01
2.673713490959666501e+02 5.340138184072722538e+01 4.299575637477928325e+01
2.678720445062587032e+02 5.341316610740770443e+01 4.302047376922373445e+01
2.683727399165507563e+02 5.342668787043814405e+01 4.304742332614650735e+01
2.688734353268428094e+02 5.344194053139810308e+01 4.307660417115939566e+01
2.693741307371349194e+02 5.345891631607238992e+01 4.310801355606044893e+01
2.698748261474269725e+02 5.347760629350952399e+01 4.314164676210011606e+01
2.703755215577190256e+02 5.349800036963708294e+01 4.317749714451010590e+01
2.708762169680111356e+02 5.352008727588392389e+01 4.321555603733386164e+01
2.713769123783031887e+02 5.354385458142198218e+01 4.325581276908805961e+01
2.718776077885952418e+02 5.356928872153795851e+01 4.329825462427279348e+01
2.723783031988873518e+02 5.359637497435025466e+01 4.334286685948782036e+01
2.728789986091794049e+02 5.362509748642034424e+01 4.338963265213705967e+01
2.733796940194714580e+02 5.365543930069244993e+01 4.343853315428886930e+01
2.738803894297635111e+02 5.368738234718031777e+01 4.348954745891560236e+01
2.743810848400556210e+02 5.372090748487673295e+01 4.354265263161678234e+01
2.748817802503476742e+02 5.375599451339505208e+01 4.359782372226063529e+01
2.753824756606397273e+02 5.379262219508811427e+01 4.365503379583415011e+01
2.758831710709318372e+02 5.383076827716715229e+01 4.371425396212898562e+01
2.763838664812238903e+02 5.387040953361130846e+01 4.377545341299437354e+01
2.768845618915159434e+02 5.391152178146577967e+01 4.383859947123155365e+01
2.773852573018079966e+02 5.395407991693056715e+01 4.390365762551837037e+01
2.778859527121001065e+02 5.399805794446430696e+01 4.397059160895323515e+01
2.783866481223921596e+02 5.404342902567870510e+01 4.403936343992781843e+01
2.788873435326842127e+02 5.409016549330837620e+01 4.410993350580056216e+01
2.793880389429763227e+02 5.413823891058265758e+01 4.418226060135011579e+01
2.798887343532683758e+02 5.418762009683698011e+01 4.425630203991558886e+01
2.803894297635604289e+02 5.423827916942238403e+01 4.433201372002613283e+01
2.808901251738525957e+02 5.429018559492826057e+01 4.440935020645510889e+01
2.813908205841446488e+02 5.434330822061448885e+01 4.448826480123343430e+01
2.818915159944367019e+02 5.439761531108226222e+01 4.456870964660438261e+01
2.823922114047287550e+02 5.445307461637705160e+01 4.465063582106851925e+01
2.828929068150208650e+02 5.450965339177921010e+01 4.473399341504448046e+01
2.833936022253129181e+02 5.456731844349698690e+01 4.481873163556558382e+01
2.838942976356049712e+02 5.462603619909779695e+01 4.490479892887053381e+01
2.843949930458970812e+02 5.468577270517991451e+01 4.499214295945802888e+01
2.848956884561891343e+02 5.474649372865380315e+01 4.508071089716776925e+01
2.853963838664811874e+02 5.480816474073500899e+01 4.517044930796721758e+01
2.858970792767732974e+02 5.487075101557886114e+01 4.526130440722802462e+01
2.863977746870653505e+02 5.493421763029752469e+01 4.535322204244614852e+01
2.868984700973574036e+02 5.499852953355863860e+01 4.544614787059067851e+01
2.873991655076494567e+02 5.506365156376838854e+01 4.554002735144175062e+01
2.878998609179415666e+02 5.512954852188110522e+01 4.563480588101563740e+01
2.884005563282336198e+02 5.519618519226193598e+01 4.573042896187624251e+01
2.889012517385257297e+02 5.526352637353690511e+01 4.582684212557875014e+01
2.894019471488177828e+02 5.533153692632319576e+01 4.592399107371431910e+01
2.899026425591098359e+02 5.540018180757166988e+01 4.602182181638472969e+01
2.904033379694019459e+02 5.546942612383406868e+01 4.612028064223476065e+01
2.909040333796939990e+02 5.553923512635935822e+01 4.621931429230872368e+01
2.914047287899860521e+02 5.560957429292318466e+01 4.631886992464107777e+01
2.919054242002781621e+02 5.568040930493441465e+01 4.641889517074365301e+01
2.924061196105702152e+02 5.575170611790088060e+01 4.651933831048884826e+01
2.929068150208622683e+02 5.582343099931892993e+01 4.662014817472302752e+01
2.934075104311543782e+02 5.589555049579064416e+01 4.672127436367010489e+01
2.939082058414464314e+02 5.596803154827500748e+01 4.682266715132574575e+01
2.944089012517384845e+02 5.604084142807766966e+01 4.692427747736941512e+01
2.949095966620305944e+02 5.611394781128399245e+01 4.702605723832233764e+01
2.954102920723226475e+02 5.618731877717056022e+01 4.712795903370142980e+01
2.959109874826147006e+02 5.626092287953869686e+01 4.722993639131048837e+01
2.964116828929068106e+02 5.633472907598988400e+01 4.733194371169405201e+01
2.969123783031988637e+02 5.640870682962631122e+01 4.743393626920389750e+01
2.974130737134909168e+02 5.648282608118424264e+01 4.753587032598767337e+01
2.979137691237830268e+02 5.655705726837753389e+01 4.763770304361507613e+01
2.984144645340750799e+02 5.663137135228150498e+01 4.773939257531758074e+01
2.989151599443671330e+02 5.670573984434138026e+01 4.784089807215229939e+01
2.994158553546592429e+02 5.678013475951426869e+01 4.794217957666901953e+01
2.999165507649512961e+02 5.685452867172823233e+01 4.804319823891333385e+01
3.004172461752433492e+02 5.692889474672408312e+01 4.814391611914814462e+01
3.009179415855354023e+02 5.700320666596483932e+01 4.824429630360066312e+01
3.014186369958275691e+02 5.707743872363310800e+01 4.834430288006828391e+01
3.019193324061196222e+02 5.715156576175253633e+01 4.844390092930565572e+01
3.024200278164116185e+02 5.722556325149675160e+01 4.854305650562322683e+01
3.029207232267037853e+02 5.729940722297365596e+01 4.864173676342075225e+01
3.034214186369958384e+02 5.737307427997771470e+01 4.873990960541773632e+01
3.039221140472878915e+02 5.744654163581040507e+01 4.883754413348283663e+01
3.044228094575799446e+02 5.751978710127482941e+01 4.893461032907904951e+01
3.049235048678720545e+02 5.759278909602622321e+01 4.903107910613313436e+01
3.054242002781641077e+02 5.766552658876234005e+01 4.912692238773921360e+01
3.059248956884561608e+02 5.773797919287089542e+01 4.922211290996150979e+01
3.064255910987482707e+02 5.781012704374943212e+01 4.931662449340896615e+01
3.069262865090403238e+02 5.788195091548031712e+01 4.941043183306682351e+01
3.074269819193323769e+02 5.795343215241719292e+01 4.950351039280727150e+01
3.079276773296244869e+02 5.802455270621427985e+01 4.959583656467764001e+01
3.084283727399165400e+02 5.809529503067457767e+01 4.968738777175637722e+01
3.089290681502085931e+02 5.816564223996465444e+01 4.977814203221109324e+01
3.094297635605006462e+02 5.823557794470559656e+01 4.986807839238224460e+01
3.099304589707927562e+02 5.830508636818137802e+01 4.995717661805953469e+01
3.104311543810848093e+02 5.837415226311293281e+01 5.004541738309468712e+01
3.109318497913768624e+02 5.844276090371293719e+01 5.013278198656941242e+01
3.114325452016689724e+02 5.851089816818492295e+01 5.021925265079262601e+01
3.119332406119610255e+02 5.857855040972047789e+01 5.030481238785007747e+01
3.124339360222530786e+02 5.864570456512744556e+01 5.038944471985024620e+01
3.129346314325451885e+02 5.871234803630939325e+01 5.047313423268612098e+01
3.134353268428372417e+02 5.877846879818532955e+01 5.055586587248930641e+01
3.139360222531292948e+02 5.884405526961059252e+01 5.063762560449814032e+01
3.144367176634213479e+02 5.890909642314352368e+01 5.071839984007367264e+01
3.149374130737134578e+02 5.897358166852080075e+01 5.079817571291974332e+01
3.154381084840055109e+02 5.903750095645250440e+01 5.087694106234540925e+01
3.159388038942975641e+02 5.910084463821137035e+01 5.095468444477138803e+01
3.164394993045897309e+02 5.916360359108128364e+01 5.103139482852525077e+01
3.169401947148817840e+02 5.922576912486424305e+01 5.110706193304530132e+01
3.174408901251737802e+02 5.928733299082982455e+01 5.118167611413321083e+01
3.179415855354659470e+02 5.934828740652665147e+01 5.125522810449774624e+01
3.184422809457580001e+02 5.940862498843490869e+01 5.132770946737461770e+01
3.189429763560500533e+02 5.946833878675781193e+01 5.139911210791599672e+01
3.194436717663421064e+02 5.952742226356596689e+01 5.146942860193351521e+01
3.199443671766342163e+02 5.958586931163401346e+01 5.153865202599601503e+01
3.204450625869262694e+02 5.964367417096829627e+01 5.160677595615236157e+01
3.209457579972183225e+02 5.970083152259121562e+01 5.167379445000770488e+01
3.214464534075104325e+02 5.975733639332759140e+01 5.173970219283583560e+01
3.219471488178024856e+02 5.981318418640688606e+01 5.180449422173566631e+01
3.224478442280945387e+02 5.986837069861640259e+01 5.186816599450332887e+01
3.229485396383865918e+02 5.992289201549976951e+01 5.193071361759805882e+01
3.234492350486787018e+02 5.997674465605780370e+01 5.199213352168455060e+01
3.239499304589707549e+02 6.002992541114292635e+01 5.205242272148602467e+01
3.244506258692628649e+02 6.008243142852063556e+01 5.211157840141731867e+01
3.249513212795549180e+02 6.013426020071574385e+01 5.216959838880256939e+01
3.254520166898469711e+02 6.018540947856433831e+01 5.222648090574921298e+01
3.259527121001390810e+02 6.023587736439017704e+01 5.228222450821020573e+01
3.264534075104311910e+02 6.028566226966509589e+01 5.233682823986832489e+01
3.269541029207232441e+02 6.033476292118727713e+01 5.239029139976869942e+01
3.274547983310152972e+02 6.038317821010211617e+01 5.244261380981575371e+01
3.279554937413073503e+02 6.043090744658059066e+01 5.249379564049596070e+01
3.284561891515994603e+02 6.047795016101247256e+01 5.254383729278050907e+01
3.289568845618915134e+02 6.052430610846442960e+01 5.259273978716227305e+01
3.294575799721835665e+02 6.056997539218230031e+01 5.264050424122832794e+01
3.299582753824756765e+02 6.061495830978942934e+01 5.268713228843220975e+01
3.304589707927677296e+02 6.065925536303268473e+01 5.273262578967073466e+01
3.309596662030597827e+02 6.070286740342282883e+01 5.277698712940360792e+01
3.314603616133518926e+02 6.074579543693118922e+01 5.282021881313524148e+01
3.319610570236439457e+02 6.078804069573337188e+01 5.286232373083784353e+01
3.324617524339359989e+02 6.082960467329556309e+01 5.290330519276268717e+01
3.329624478442280520e+02 6.087048906014913996e+01 5.294316681671762126e+01
3.334631432545201619e+02 6.091069573681174631e+01 5.298191235046570569e+01
3.339638386648122150e+02 6.095022682246218437e+01 5.301954605960955291e+01
3.344645340751042681e+02 6.098908458864622162e+01 5.305607242439340610e+01
3.349652294853963781e+02 6.102727158489011572e+01 5.309149625684418083e+01
3.354659248956884312e+02 6.106479041809103592e+01 5.312582256066070840e+01
3.359666203059804843e+02 6.110164400628167414e+01 5.315905685966839656e+01
3.364673157162726511e+02 6.113783537885001351e+01 5.319120481686848478e+01
3.369680111265647042e+02 6.117336772857061078e+01 5.322227233717492823e+01
3.374687065368567005e+02 6.120824444793032626e+01 5.325226571908210360e+01
3.379694019471487536e+02 6.124246908571437586e+01 5.328119153366850469e+01
3.384700973574409204e+02 6.127604535255629514e+01 5.330905655675067578e+01
3.389707927677329735e+02 6.130897707160971777e+01 5.333586788640589305e+01
3.394714881780250266e+02 6.134126824410658685e+01 5.336163300030366941e+01
3.399721835883171366e+02 6.137292303166240970e+01 5.338635940940494606e+01
3.404728789986091897e+02 6.140394572459108247e+01 5.341005523692605550e+01
3.409735744089012428e+02 6.143434072065637963e+01 5.343272855072824257e+01
3.414742698191932959e+02 6.146411259024610274e+01 5.345438783555833595e+01
3.419749652294854059e+02 6.149326599500348323e+01 5.347504189695048638e+01
3.424756606397774590e+02 6.152180571781032370e+01 5.349469971026489645e+01
3.429763560500695121e+02 6.154973671677349500e+01 5.351337060447076510e+01
3.434770514603616220e+02 6.157706399590448143e+01 5.353106394517449473e+01
3.439777468706536752e+02 6.160379266275535315e+01 5.354778982839459900e+01
3.444784422809457283e+02 6.162992802939820081e+01 5.356355801131964256e+01
3.449791376912378382e+02 6.165547541251848429e+01 5.357837906520346394e+01
3.454798331015298913e+02 6.168044021313427550e+01 5.359226339793296745e+01
3.459805285118219444e+02 6.170482803220670576e+01 5.360522196134883188e+01
3.464812239221139976e+02 6.172864446780863545e+01 5.361726573974596022e+01
3.469819193324061075e+02 6.175189522905043304e+01 5.362840620421360427e+01
3.474826147426981606e+02 6.177458613378462360e+01 5.363865483116185828e+01
3.479833101529902137e+02 6.179672305816902167e+01 5.364802356373347436e+01
3.484840055632823237e+02 6.181831190947386290e+01 5.365652430362892744e+01
3.489847009735743768e+02 6.183935871873236323e+01 5.366416965175226039e+01
3.494853963838664299e+02 6.185986961879953583e+01 5.367097191978750459e+01
3.499860917941585399e+02 6.187985070785308039e+01 5.367694413989106295e+01
3.504867872044505930e+02 6.189930819710517085e+01 5.368209904752168882e+01
3.509874826147426461e+02 6.191824838096188444e+01 5.368645039175765987e+01
3.514881780250346992e+02 6.193667752983863295e+01 5.369001117323311689e+01
3.519888734353268660e+02 6.195460203884984196e+01 5.369279557857636576e+01
3.524895688456189191e+02 6.197202832699565533e+01 5.369481723775113835e+01
3.529902642559109154e+02 6.198896279936468545e+01 5.369609041284518014e+01
3.534909596662030822e+02 6.200541195430139396e+01 5.369662949273227071e+01
3.539916550764951353e+02 6.202138232629334880e+01 5.369644905771230015e+01
3.544923504867871884e+02 6.203688044090182530e+01 5.369556395038874541e+01
3.549930458970792415e+02 6.205191286706491383e+01 5.369398910436670747e+01
3.554937413073713515e+02 6.206648621226906926e+01 5.369173969957384429e+01
3.559944367176634046e+02 6.208060707524839472e+01 5.368883119881870414e+01
3.564951321279554577e+02 6.209428208618477640e+01 5.368527902365171656e+01
3.569958275382475676e+02 6.210751787497714815e+01 5.368109894991363262e+01
3.574965229485396208e+02 6.212032107607514320e+01 5.367630681330780362e+01
3.579972183588316739e+02 6.213269836742883001e+01 5.367091869180404728e+01
3.584979137691237838e+02 6.214465634792709636e+01 5.366495082003699224e+01
3.589986091794158369e+02 6.215620167323187673e+01 5.365841949269379541e+01
3.594993045897078900e+02 6.216734098971620881e+01 5.365134109653736516e+01
3.600000000000000000e+02 6.217808089920090708e+01 5.364373226675905926e+01
