# lons lats(polar edge) lats(equatorward edge)
0.000000000000000000e+00 6.336792870202522465e+01 5.493667795077154636e+01
5.006954102920723182e-01 6.337427165602754542e+01 5.492330095194003547e+01
1.001390820584144636e+00 6.338004869630567839e+01 5.490916401903515975e+01
1.502086230876216844e+00 6.338526639635605875e+01 5.489428260187989395e+01
2.002781641168289273e+00 6.338993134935998341e+01 5.487867235788026221e+01
2.503477051460361480e+00 6.339405019702707733e+01 5.486234930861948556e+01
3.004172461752433687e+00 6.339762970798500419e+01 5.484532959572456434e+01
3.504867872044505894e+00 6.340067658310185550e+01 5.482762954946005607e+01
4.005563282336578546e+00 6.340319768146041213e+01 5.480926561360442406e+01
4.506258692628650309e+00 6.340519982774462449e+01 5.479025488176833392e+01
5.006954102920722960e+00 6.340668992086288824e+01 5.477061402359038311e+01
5.507649513212795611e+00 6.340767493418393030e+01 5.475036040254860836e+01
6.008344923504867374e+00 6.340816180750474018e+01 5.472951118897645983e+01
6.509040333796940025e+00 6.340815762601872052e+01 5.470808407006238383e+01
7.009735744089011789e+00 6.340766942708890497e+01 5.468609664031241380e+01
7.510431154381083552e+00 6.340670432606410145e+01 5.466356671257058508e+01
8.011126564673157091e+00 6.340526946531306862e+01 5.464051241831514716e+01
8.511821974965229742e+00 6.340337206386929836e+01 5.461695180918144388e+01
9.012517385257300617e+00 6.340101930909877126e+01 5.459290316746449889e+01
9.513212795549373268e+00 6.339821847663573351e+01 5.456838492722130241e+01
1.001390820584144592e+01 6.339497686102662044e+01 5.454341557353149028e+01
1.051460361613352035e+01 6.339130178356684553e+01 5.451801367620508643e+01
1.101529902642559122e+01 6.338720062108153286e+01 5.449219793597738715e+01
1.151599443671766032e+01 6.338268072589828250e+01 5.446598716535054052e+01
1.201668984700973475e+01 6.337774955913020847e+01 5.443940018523412050e+01
1.251738525730180740e+01 6.337241454824736309e+01 5.441245589845202346e+01
1.301808066759388005e+01 6.336668315165199772e+01 5.438517313410038412e+01
1.351877607788595093e+01 6.336056291413487429e+01 5.435757100557047750e+01
1.401947148817802358e+01 6.335406130933196778e+01 5.432966827445754632e+01
1.452016689847009623e+01 6.334718594440718675e+01 5.430148405284981550e+01
1.502086230876216710e+01 6.333994435783469612e+01 5.427303724951470087e+01
1.552155771905424153e+01 6.333234413232648308e+01 5.424434685178894711e+01
1.602225312934631418e+01 6.332439293557771975e+01 5.421543154702403911e+01
1.652294853963838506e+01 6.331609833662159303e+01 5.418631031946067367e+01
1.702364394993045948e+01 6.330746804971940378e+01 5.415700188558336947e+01
1.752433936022252681e+01 6.329850970444030622e+01 5.412752486482138181e+01
1.802503477051460123e+01 6.328923098186723450e+01 5.409789787770084502e+01
1.852573018080667566e+01 6.327963961659777681e+01 5.406813935137569160e+01
1.902642559109874654e+01 6.326974330257172596e+01 5.403826760579767097e+01
1.952712100139081741e+01 6.325954977210159313e+01 5.400830090497571234e+01
2.002781641168289184e+01 6.324906674626600278e+01 5.397825716999713563e+01
2.052851182197496627e+01 6.323830198909473665e+01 5.394815437282687753e+01
2.102920723226704069e+01 6.322726325559398219e+01 5.391801016308684780e+01
2.152990264255910802e+01 6.321595830353641077e+01 5.388784200787380030e+01
2.203059805285118244e+01 6.320439488941798345e+01 5.385766728509446466e+01
2.253129346314325332e+01 6.319258082143375077e+01 5.382750306360513548e+01
2.303198887343532064e+01 6.318052385419019856e+01 5.379736616541229921e+01
2.353268428372739507e+01 6.316823176757776537e+01 5.376727316793584066e+01
2.403337969401946950e+01 6.315571236389703813e+01 5.373724046428286272e+01
2.453407510431154037e+01 6.314297341707177225e+01 5.370728414712537813e+01
2.503477051460361480e+01 6.313002269797095067e+01 5.367742001051190925e+01
2.553546592489568567e+01 6.311686799943515780e+01 5.364766362871806393e+01
2.603616133518776010e+01 6.310351711197824898e+01 5.361803019650643876e+01
2.653685674547983453e+01 6.308997779817389073e+01 5.358853472749935065e+01
2.703755215577190185e+01 6.307625781593912961e+01 5.355919173333261085e+01
2.753824756606397628e+01 6.306236492905725299e+01 5.353001567163776997e+01
2.803894297635604715e+01 6.304830689069774508e+01 5.350102041469887126e+01
2.853963838664812158e+01 6.303409144454178659e+01 5.347221965544424904e+01
2.904033379694019246e+01 6.301972632134209107e+01 5.344362665045255767e+01
2.954102920723226333e+01 6.300521923498024535e+01 5.341525443009527407e+01
3.004172461752433421e+01 6.299057788782818079e+01 5.338711553431335233e+01
3.054242002781640863e+01 6.297580996746262372e+01 5.335922216934544338e+01
3.104311543810848306e+01 6.296092313699489296e+01 5.333158632693486823e+01
3.154381084840055394e+01 6.294592504989680037e+01 5.330421941323922397e+01
3.204450625869262836e+01 6.293082333333416045e+01 5.327713258067862512e+01
3.254520166898469569e+01 6.291562560177965224e+01 5.325033657913056118e+01
3.304589707927677011e+01 6.290033942252023280e+01 5.322384178578406022e+01
3.354659248956884454e+01 6.288497236255182088e+01 5.319765817859637025e+01
3.404728789986091897e+01 6.286953195627404511e+01 5.317179531833160411e+01
3.454798331015298629e+01 6.285402568686379254e+01 5.314626241829597575e+01
3.504867872044505361e+01 6.283846103400549055e+01 5.312106831975829380e+01
3.554937413073713515e+01 6.282284542717945897e+01 5.309622138295371485e+01
3.605006954102920247e+01 6.280718626957593642e+01 5.307172964812228599e+01
3.655076495132127690e+01 6.279149091592614695e+01 5.304760071934086341e+01
3.705146036161335132e+01 6.277576669375037000e+01 5.302384185141606565e+01
3.755215577190541865e+01 6.276002088584561989e+01 5.300045982198314221e+01
3.805285118219749307e+01 6.274426072160338208e+01 5.297746107989938480e+01
3.855354659248956750e+01 6.272849339665469870e+01 5.295485165764739577e+01
3.905424200278163482e+01 6.271272605657202348e+01 5.293263715760886612e+01
3.955493741307371636e+01 6.269696578522768959e+01 5.291082283550977650e+01
4.005563282336578368e+01 6.268121963040528044e+01 5.288941351765870991e+01
4.055632823365785811e+01 6.266549457120333955e+01 5.286841364409511357e+01
4.105702364394993253e+01 6.264979754248258814e+01 5.284782730806355744e+01
4.155771905424199986e+01 6.263413540576209471e+01 5.282765813952563860e+01
4.205841446453408139e+01 6.261851497017403290e+01 5.280790944433091738e+01
4.255910987482614871e+01 6.260294297732968971e+01 5.278858412255785026e+01
4.305980528511821603e+01 6.258742610015531227e+01 5.276968468910486365e+01
4.356050069541029046e+01 6.257197094871287391e+01 5.275121330049292112e+01
4.406119610570236489e+01 6.255658405390192911e+01 5.273317174256949613e+01
4.456189151599443221e+01 6.254127188375775859e+01 5.271556142541517431e+01
4.506258692628650664e+01 6.252604081783999845e+01 5.269838340637211616e+01
4.556328233657857396e+01 6.251089716353078529e+01 5.268163838247706110e+01
4.606397774687064128e+01 6.249584715137814328e+01 5.266532670996089394e+01
4.656467315716272282e+01 6.248089692461860523e+01 5.264944839580853397e+01
4.706536856745479014e+01 6.246605254150551900e+01 5.263400311405708010e+01
4.756606397774686457e+01 6.245131997763735399e+01 5.261899020695996398e+01
4.806675938803893899e+01 6.243670511548032209e+01 5.260440869837471212e+01
4.856745479833100632e+01 6.242221374786083743e+01 5.259025730074786509e+01
4.906815020862308074e+01 6.240785157796551630e+01 5.257653441191355626e+01
4.956884561891514807e+01 6.239362421002795145e+01 5.256323813371996323e+01
5.006954102920722960e+01 6.237953716067920595e+01 5.255036629217534028e+01
5.057023643949929692e+01 6.236559583682890207e+01 5.253791641616180641e+01
5.107093184979137135e+01 6.235180555254544288e+01 5.252588579836219651e+01
5.157162726008345288e+01 6.233817152730978250e+01 5.251427141889371342e+01
5.207232267037552020e+01 6.232469887059039593e+01 5.250307004165483704e+01
5.257301808066758753e+01 6.231139258795508340e+01 5.249227820315104509e+01
5.307371349095966906e+01 6.229825758922004297e+01 5.248189219799064631e+01
5.357440890125173638e+01 6.228529867797249153e+01 5.247190809788412480e+01
5.407510431154380370e+01 6.227252054109328583e+01 5.246232177110618977e+01
5.457579972183587813e+01 6.225992777174894854e+01 5.245312892915285374e+01
5.507649513212795256e+01 6.224752485891428933e+01 5.244432504456460720e+01
5.557719054242002699e+01 6.223531616758180007e+01 5.243590547114115452e+01
5.607788595271209431e+01 6.222330597692405263e+01 5.242786536335449910e+01
5.657858136300416163e+01 6.221149843998489359e+01 5.242019979624421921e+01
5.707927677329624316e+01 6.219989761620297486e+01 5.241290367202202560e+01
5.757997218358831759e+01 6.218850744901999406e+01 5.240597176359339215e+01
5.808066759388038491e+01 6.217733178185142151e+01 5.239939875816768478e+01
5.858136300417245934e+01 6.216637434568099252e+01 5.239317927498328942e+01
5.908205841446452666e+01 6.215563877965166739e+01 5.238730781700420636e+01
5.958275382475660109e+01 6.214512859965623193e+01 5.238177887376998854e+01
6.008344923504866841e+01 6.213484722334840171e+01 5.237658683889215183e+01
6.058414464534074995e+01 6.212479797337152831e+01 5.237172612436333452e+01
6.108484005563281727e+01 6.211498406162434094e+01 5.236719102580318008e+01
6.158553546592489170e+01 6.210540859756008558e+01 5.236297592502305065e+01
6.208623087621696612e+01 6.209607461379789584e+01 5.235907519692328549e+01
6.258692628650903345e+01 6.208698499860190623e+01 5.235548315094557381e+01
6.308762169680110787e+01 6.207814260309248766e+01 5.235219424518068365e+01
6.358831710709318941e+01 6.206955013254344067e+01 5.234920289760698608e+01
6.408901251738525673e+01 6.206121021339356503e+01 5.234650360038718020e+01
6.458970792767732405e+01 6.205312540212332806e+01 5.234409095337828433e+01
6.509040333796939137e+01 6.204529813297710916e+01 5.234195955181708371e+01
6.559109874826147291e+01 6.203773077008236214e+01 5.234010419915098566e+01
6.609179415855354023e+01 6.203042558640163406e+01 5.233851971560757477e+01
6.659248956884562176e+01 6.202338477267176131e+01 5.233720107460062820e+01
6.709318497913768908e+01 6.201661043470949153e+01 5.233614334115283384e+01
6.759388038942975641e+01 6.201010458773225764e+01 5.233534176199920296e+01
6.809457579972183794e+01 6.200386917446166990e+01 5.233479172514218192e+01
6.859527121001390526e+01 6.199790606619217215e+01 5.233448874728220801e+01
6.909596662030597258e+01 6.199221704964884339e+01 5.233442851632300119e+01
6.959666203059803991e+01 6.198680383962937412e+01 5.233460692979430462e+01
7.009735744089010723e+01 6.198166806594826994e+01 5.233502002723550106e+01
7.059805285118218876e+01 6.197681131185390768e+01 5.233566403326123861e+01
7.109874826147427029e+01 6.197223506280579386e+01 5.233653545345889313e+01
7.159944367176633762e+01 6.196794074954823373e+01 5.233763088449355649e+01
7.210013908205840494e+01 6.196392972903538521e+01 5.233894719748510482e+01
7.260083449235048647e+01 6.196020330717999514e+01 5.234048147307649401e+01
7.310152990264255379e+01 6.195676269425291594e+01 5.234223102508794057e+01
7.360222531293462112e+01 6.195360906022813197e+01 5.234419339627666545e+01
7.410292072322670265e+01 6.195074349242474909e+01 5.234636629058687163e+01
7.460361613351876997e+01 6.194816704673201002e+01 5.234874770194517168e+01
7.510431154381083729e+01 6.194588066268977400e+01 5.235133588870746735e+01
7.560500695410290461e+01 6.194388525576130178e+01 5.235412930695099476e+01
7.610570236439498615e+01 6.194218167383212403e+01 5.235712661747243146e+01
7.660639777468706768e+01 6.194077068520698504e+01 5.236032680016364793e+01
7.710709318497913500e+01 6.193965300265688256e+01 5.236372898555714528e+01
7.760778859527120233e+01 6.193882928043592528e+01 5.236733261968198860e+01
7.810848400556326965e+01 6.193830009305372641e+01 5.237113733318355457e+01
7.860917941585533697e+01 6.193806595361081690e+01 5.237514300221764074e+01
7.910987482614743271e+01 6.193812732776848407e+01 5.237934974294819312e+01
7.961057023643950004e+01 6.193848456448165507e+01 5.238375791621128030e+01
8.011126564673156736e+01 6.193913800251891644e+01 5.238836800821208328e+01
8.061196105702363468e+01 6.194008786074107320e+01 5.239318087875052754e+01
8.111265646731571621e+01 6.194133430329372914e+01 5.239819744484312025e+01
8.161335187760779775e+01 6.194287741894356714e+01 5.240341892290207682e+01
8.211404728789986507e+01 6.194471722107834921e+01 5.240884670944146251e+01
8.261474269819193239e+01 6.194685361918516264e+01 5.241448232678598629e+01
8.311543810848399971e+01 6.194928647298354463e+01 5.242032756803459392e+01
8.361613351877606704e+01 6.195201554058428428e+01 5.242638434033317196e+01
8.411682892906816278e+01 6.195504048212740145e+01 5.243265472102862645e+01
8.461752433936023010e+01 6.195836087877239606e+01 5.243914090631179192e+01
8.511821974965229742e+01 6.196197621313757509e+01 5.244584530771659558e+01
8.561891515994436475e+01 6.196588586514252484e+01 5.245277038855716967e+01
8.611961057023643207e+01 6.197008912415611803e+01 5.245991874280711897e+01
8.662030598052849939e+01 6.197458515373426735e+01 5.246729308533808478e+01
8.712100139082058092e+01 6.197937303303177714e+01 5.247489617015325791e+01
8.762169680111264825e+01 6.198445171663905739e+01 5.248273085393684312e+01
8.812239221140472978e+01 6.198982004389534950e+01 5.249080005352803369e+01
8.862308762169679710e+01 6.199547673714249640e+01 5.249910671660458661e+01
8.912378303198886442e+01 6.200142038775510400e+01 5.250765378037598907e+01
8.962447844228094596e+01 6.200764945963300079e+01 5.251644425548860795e+01
9.012517385257301328e+01 6.201416230549405384e+01 5.252548108248434744e+01
9.062586926286508060e+01 6.202095712091143298e+01 5.253476719343824186e+01
9.112656467315714792e+01 6.202803197804207969e+01 5.254430547328455248e+01
9.162726008344921524e+01 6.203538479305173325e+01 5.255409877644568439e+01
9.212795549374128257e+01 6.204301334881058949e+01 5.256414984251210853e+01
9.262865090403337831e+01 6.205091527626684922e+01 5.257446128547887554e+01
9.312934631432544563e+01 6.205908805561087149e+01 5.258503566634605875e+01
9.363004172461751295e+01 6.206752900974500164e+01 5.259587537344775399e+01
9.413073713490958028e+01 6.207623529722589240e+01 5.260698265126852391e+01
9.463143254520164760e+01 6.208520393361943945e+01 5.261835958073793051e+01
9.513212795549372913e+01 6.209443175010058269e+01 5.263000802340773987e+01
9.563282336578581067e+01 6.210391542708642021e+01 5.264192966483368252e+01
9.613351877607787799e+01 6.211365147051658653e+01 5.265412594767529697e+01
9.663421418636994531e+01 6.212363621942024849e+01 5.266659809852261276e+01
9.713490959666201263e+01 6.213386583165522836e+01 5.267934703843910427e+01
9.763560500695409416e+01 6.214433630602691494e+01 5.269237347623719359e+01
9.813630041724616149e+01 6.215504345624033533e+01 5.270567777311815405e+01
9.863699582753822881e+01 6.216598292719829999e+01 5.271926002089320207e+01
9.913769123783029613e+01 6.217715018015844919e+01 5.273311995762786353e+01
9.963838664812239188e+01 6.218854050465672856e+01 5.274725701972646164e+01
1.001390820584144592e+02 6.220014901214092617e+01 5.276167027557538347e+01
1.006397774687065265e+02 6.221197064639348184e+01 5.277635843340111421e+01
1.011404728789985938e+02 6.222400016057584082e+01 5.279131984825515644e+01
1.016411682892906754e+02 6.223623213962930834e+01 5.280655245782189411e+01
1.021418636995827427e+02 6.224866100202127939e+01 5.282205384360939604e+01
1.026425591098748242e+02 6.226128098519332354e+01 5.283782116273731333e+01
1.031432545201669058e+02 6.227408615836687034e+01 5.285385117303893310e+01
1.036439499304589731e+02 6.228707042719982212e+01 5.287014020510331136e+01
1.041446453407510404e+02 6.230022753320447748e+01 5.288668418541281824e+01
1.046453407510431077e+02 6.231355104327015226e+01 5.290347859850815837e+01
1.051460361613351751e+02 6.232703438225946968e+01 5.292051850939832036e+01
1.056467315716272708e+02 6.234067081088944917e+01 5.293779854784450833e+01
1.061474269819193381e+02 6.235445343737303858e+01 5.295531291403538887e+01
1.066481223922114054e+02 6.236837522673233991e+01 5.297305537509463136e+01
1.071488178025034728e+02 6.238242899847030287e+01 5.299101927206582729e+01
1.076495132127955401e+02 6.239660743588395064e+01 5.300919751292757098e+01
1.081502086230876074e+02 6.241090308606437986e+01 5.302758258656329815e+01
1.086509040333796889e+02 6.242530837037413960e+01 5.304616656159713273e+01
1.091515994436717563e+02 6.243981558793969100e+01 5.306494109337880616e+01
1.096522948539638236e+02 6.245441692089009678e+01 5.308389743562518959e+01
1.101529902642559051e+02 6.246910443901363408e+01 5.310302644740521316e+01
1.106536856745479724e+02 6.248387010848894363e+01 5.312231859546817248e+01
1.111543810848400540e+02 6.249870579828787243e+01 5.314176397054187362e+01
1.116550764951321213e+02 6.251360328192170357e+01 5.316135231061569755e+01
1.121557719054241886e+02 6.252855425257514810e+01 5.318107297911272724e+01
1.126564673157162559e+02 6.254355031786765551e+01 5.320091502076910217e+01
1.131571627260083233e+02 6.255858301906194185e+01 5.322086716338024814e+01
1.136578581363004190e+02 6.257364382757153010e+01 5.324091778171212752e+01
1.141585535465924863e+02 6.258872416300512498e+01 5.326105502017445303e+01
1.146592489568845536e+02 6.260381539025622999e+01 5.328126668295145407e+01
1.151599443671766352e+02 6.261890883230883276e+01 5.330154036468148604e+01
1.156606397774686883e+02 6.263399576208833253e+01 5.332186337392077746e+01
1.161613351877607698e+02 6.264906744611728584e+01 5.334222283045993152e+01
1.166620305980528229e+02 6.266411510900873338e+01 5.336260561620893839e+01
1.171627260083449187e+02 6.267912996460729858e+01 5.338299846269966054e+01
1.176634214186370002e+02 6.269410322879487296e+01 5.340338789327380198e+01
1.181641168289290533e+02 6.270902608980470916e+01 5.342376029987646291e+01
1.186648122392211349e+02 6.272388976470104183e+01 5.344410192348915700e+01
1.191655076495132022e+02 6.273868547223976577e+01 5.346439893484968309e+01
1.196662030598052695e+02 6.275340445546085277e+01 5.348463736455369144e+01
1.201668984700973368e+02 6.276803796385998169e+01 5.350480320738063256e+01
1.206675938803894041e+02 6.278257730477839971e+01 5.352488236682040679e+01
1.211682892906814999e+02 6.279701379567036668e+01 5.354486073115515410e+01
1.216689847009735672e+02 6.281133880812326709e+01 5.356472416529106795e+01
1.221696801112656345e+02 6.282554377571564430e+01 5.358445851738144938e+01
1.226703755215577019e+02 6.283962016195751232e+01 5.360404970553564397e+01
1.231710709318497834e+02 6.285355950412800041e+01 5.362348363756528613e+01
1.236717663421418507e+02 6.286735340659966198e+01 5.364274625284490128e+01
1.241724617524339322e+02 6.288099353378079570e+01 5.366182362220608582e+01
1.246731571627260138e+02 6.289447162389429025e+01 5.368070184598811068e+01
1.251738525730180669e+02 6.290777950636716298e+01 5.369936715458653964e+01
1.256745479833101484e+02 6.292090909528219811e+01 5.371780586076103248e+01
1.261752433936022157e+02 6.293385237311618141e+01 5.373600446404554987e+01
1.266759388038942831e+02 6.294660143374080974e+01 5.375394954131581926e+01
1.271766342141863788e+02 6.295914845360989887e+01 5.377162783360734011e+01
1.276773296244784177e+02 6.297148572421015444e+01 5.378902630958452846e+01
1.281780250347705135e+02 6.298360561448085093e+01 5.380613204200923860e+01
1.286787204450625950e+02 6.299550061574286985e+01 5.382293233758899476e+01
1.291794158553546481e+02 6.300716332979796164e+01 5.383941466156902322e+01
1.296801112656467296e+02 6.301858645868783526e+01 5.385556674075705530e+01
1.301808066759387827e+02 6.302976282085587911e+01 5.387137648567095027e+01
1.306815020862308643e+02 6.304068535513074778e+01 5.388683202594056354e+01
1.311821974965229458e+02 6.305134709987619601e+01 5.390192176147994019e+01
1.316828929068149989e+02 6.306174122405032278e+01 5.391663427964832067e+01
1.321835883171070805e+02 6.307186102913370007e+01 5.393095844959762530e+01
1.326842837273991336e+02 6.308169990687424900e+01 5.394488337358251329e+01
1.331849791376912435e+02 6.309125139985958697e+01 5.395839842381445806e+01
1.336856745479833251e+02 6.310050914972187286e+01 5.397149324034590734e+01
1.341863699582753782e+02 6.310946694217371089e+01 5.398415771495739079e+01
1.346870653685674597e+02 6.311811866255631287e+01 5.399638194762604826e+01
1.351877607788595128e+02 6.312645833954661612e+01 5.400815644473271959e+01
1.356884561891515943e+02 6.313448011963942008e+01 5.401947179580272973e+01
1.361891515994436759e+02 6.314217826207480755e+01 5.403031898429870239e+01
1.366898470097357290e+02 6.314954717488602398e+01 5.404068931588224700e+01
1.371905424200278105e+02 6.315658135184661148e+01 5.405057423569263619e+01
1.376912378303198636e+02 6.316327544705585240e+01 5.405996553421022099e+01
1.381919332406119452e+02 6.316962420840236092e+01 5.406885522220835583e+01
1.386926286509039983e+02 6.317562251258885908e+01 5.407723565544829114e+01
1.391933240611960798e+02 6.318126534266292538e+01 5.408509934745625003e+01
1.396940194714881613e+02 6.318654781818048605e+01 5.409243920223589441e+01
1.401947148817802145e+02 6.319146517227062532e+01 5.409924830705195120e+01
1.406954102920723244e+02 6.319601275055327960e+01 5.410551998465027168e+01
1.411961057023643775e+02 6.320018598778796104e+01 5.411124788403260766e+01
1.416968011126564591e+02 6.320398047418956367e+01 5.411642585640966274e+01
1.421974965229485406e+02 6.320739186622407146e+01 5.412104802126673064e+01
1.426981919332405937e+02 6.321041595153249659e+01 5.412510870261579043e+01
1.431988873435326752e+02 6.321304862832451477e+01 5.412860257788091189e+01
1.436995827538247283e+02 6.321528586356410528e+01 5.413152437330571587e+01
1.442002781641168099e+02 6.321712377635097369e+01 5.413386919936746722e+01
1.447009735744088914e+02 6.321855853803620562e+01 5.413563237592801158e+01
1.452016689847009729e+02 6.321958644924373516e+01 5.413680932683304547e+01
1.457023643949930261e+02 6.322020386023135075e+01 5.413739578997770252e+01
1.462030598052851076e+02 6.322040728902132400e+01 5.413738768714388527e+01
1.467037552155771891e+02 6.322019324191708733e+01 5.413678115899125487e+01
1.472044506258692422e+02 6.321955840792136883e+01 5.413557248924514909e+01
1.477051460361613238e+02 6.321849949364471399e+01 5.413375816802138729e+01
1.482058414464534053e+02 6.321701332742914303e+01 5.413133494400294410e+01
1.487065368567454584e+02 6.321509677732929333e+01 5.412829961002418599e+01
1.492072322670375399e+02 6.321274682977555415e+01 5.412464927242379531e+01
1.497079276773296215e+02 6.320996050680524547e+01 5.412038113282419260e+01
1.502086230876216746e+02 6.320673492418255535e+01 5.411549245796022944e+01
1.507093184979137845e+02 6.320306725321050578e+01 5.410998081617471200e+01
1.512100139082058092e+02 6.319895473735554958e+01 5.410384389866557342e+01
1.517107093184979192e+02 6.319439467804059518e+01 5.409707942572845241e+01
1.522114047287899723e+02 6.318938443674724681e+01 5.408968541688027187e+01
1.527121001390820538e+02 6.318392143356632573e+01 5.408165986100884481e+01
1.532127955493741354e+02 6.317800314985689170e+01 5.407300100813330346e+01
1.537134909596661885e+02 6.317162707103889829e+01 5.406370707685871935e+01
1.542141863699582700e+02 6.316479081525940842e+01 5.405377650463847772e+01
1.547148817802503231e+02 6.315749198444196111e+01 5.404320781880883828e+01
1.552155771905424047e+02 6.314972822974910116e+01 5.403199957815589016e+01
1.557162726008344862e+02 6.314149724740077829e+01 5.402015054846802400e+01
1.562169680111265393e+02 6.313279680396904325e+01 5.400765942885652748e+01
1.567176634214186208e+02 6.312362464565326547e+01 5.399452515450664691e+01
1.572183588317106739e+02 6.311397860455686271e+01 5.398074665521045290e+01
1.577190542420027555e+02 6.310385650187159001e+01 5.396632292719225177e+01
1.582197496522948654e+02 6.309325622558021962e+01 5.395125309447630002e+01
1.587204450625868901e+02 6.308217564499132379e+01 5.393553621112241103e+01
1.592211404728790001e+02 6.307061269860498953e+01 5.391917154293204817e+01
1.597218358831710532e+02 6.305856531117827046e+01 5.390215829008809578e+01
1.602225312934631347e+02 6.304603144192947184e+01 5.388449579471341622e+01
1.607232267037552162e+02 6.303300907331710334e+01 5.386618338519211591e+01
1.612239221140472694e+02 6.301949619801499125e+01 5.384722044350702674e+01
1.617246175243393509e+02 6.300549080617825126e+01 5.382760638379615159e+01
1.622253129346314324e+02 6.299099091694341723e+01 5.380734062085574010e+01
1.627260083449234855e+02 6.297599458622399027e+01 5.378642262747669633e+01
1.632267037552155955e+02 6.296049979856589118e+01 5.376485187813464961e+01
1.637273991655076486e+02 6.294450463435323684e+01 5.374262799267249591e+01
1.642280945757997301e+02 6.292800711990061302e+01 5.371975046340899951e+01
1.647287899860917832e+02 6.291100532636995979e+01 5.369621881392363605e+01
1.652294853963838648e+02 6.289349726290460296e+01 5.367203258886831918e+01
1.657301808066759463e+02 6.287548103164375846e+01 5.364719148630058498e+01
1.662308762169679994e+02 6.285695466007531707e+01 5.362169505118197321e+01
1.667315716272600810e+02 6.283791620078922335e+01 5.359554279632641283e+01
1.672322670375521341e+02 6.281836371663452212e+01 5.356873444900622872e+01
1.677329624478442156e+02 6.279829523755470433e+01 5.354126951254067990e+01
1.682336578581363256e+02 6.277770882407046571e+01 5.351314771829223105e+01
1.687343532684283502e+02 6.275660251423478542e+01 5.348436865982947097e+01
1.692350486787204602e+02 6.273497434023529706e+01 5.345493191094718100e+01
1.697357440890125133e+02 6.271282231649611560e+01 5.342483715396227240e+01
1.702364394993045948e+02 6.269014450269218486e+01 5.339408391147182442e+01
1.707371349095966480e+02 6.266693889828340502e+01 5.336267194935373936e+01
1.712378303198887295e+02 6.264320352313981743e+01 5.333060093099504684e+01
1.717385257301808110e+02 6.261893638841749521e+01 5.329787030575118933e+01
1.722392211404728641e+02 6.259413550108612867e+01 5.326447984655770540e+01
1.727399165507649457e+02 6.256879887975694032e+01 5.323042920122189514e+01
1.732406119610569988e+02 6.254292448949942695e+01 5.319571806380793078e+01
1.737413073713490803e+02 6.251651033726463425e+01 5.316034595308451571e+01
1.742420027816411618e+02 6.248955444400141346e+01 5.312431263594704944e+01
1.747426981919332150e+02 6.246205477942655193e+01 5.308761775601728772e+01
1.752433936022252965e+02 6.243400934450153272e+01 5.305026102599003934e+01
1.757440890125173496e+02 6.240541612328721044e+01 5.301224222198290192e+01
1.762447844228094596e+02 6.237627312838790772e+01 5.297356092054907606e+01
1.767454798331015411e+02 6.234657833392171256e+01 5.293421698183800572e+01
1.772461752433935942e+02 6.231632977181484989e+01 5.289421015334363574e+01
1.777468706536856757e+02 6.228552543699530020e+01 5.285354020916764739e+01
1.782475660639777288e+02 6.225416337223046526e+01 5.281220699432704180e+01
1.787482614742698104e+02 6.222224160995588704e+01 5.277021040218257752e+01
1.792489568845618919e+02 6.218975818042432024e+01 5.272755020772873991e+01
1.797496522948539450e+02 6.215671117151410385e+01 5.268422644117944742e+01
1.802503477051460266e+02 6.212309865946204468e+01 5.264023910151135510e+01
1.807510431154380797e+02 6.208891875115817527e+01 5.259558811599210060e+01
1.812517385257301612e+02 6.205416957940336431e+01 5.255027368743120064e+01
1.817524339360222427e+02 6.201884930580284561e+01 5.250429585003465149e+01
1.822531293463142958e+02 6.198295611667866467e+01 5.245765481437436506e+01
1.827538247566063774e+02 6.194648824411848409e+01 5.241035091423717063e+01
1.832545201668984305e+02 6.190944395739057882e+01 5.236238447274834584e+01
1.837552155771905404e+02 6.187182155683109386e+01 5.231375587196842503e+01
1.842559109874825651e+02 6.183361939196180401e+01 5.226446561390147849e+01
1.847566063977746751e+02 6.179483585259831102e+01 5.221451429350381090e+01
1.852573018080667566e+02 6.175546942173360776e+01 5.216390265248099922e+01
1.857579972183588097e+02 6.171551858904243204e+01 5.211263138086675895e+01
1.862586926286508913e+02 6.167498194816110413e+01 5.206070142146965907e+01
1.867593880389429444e+02 6.163385812299833333e+01 5.200811372884383843e+01
1.872600834492350259e+02 6.159214585151215715e+01 5.195486947067850281e+01
1.877607788595271074e+02 6.154984392412455918e+01 5.190096988138273559e+01
1.882614742698191606e+02 6.150695121002064525e+01 5.184641631268600293e+01
1.887621696801112421e+02 6.146346667575031120e+01 5.179121022992465839e+01
1.892628650904032952e+02 6.141938937650607500e+01 5.173535335684510983e+01
1.897635605006953767e+02 6.137471848921464357e+01 5.167884742657972197e+01
1.902642559109874583e+02 6.132945324182472291e+01 5.162169445353895014e+01
1.907649513212795114e+02 6.128359301864364284e+01 5.156389650224438981e+01
1.912656467315716213e+02 6.123713732636767304e+01 5.150545586866057590e+01
1.917663421418636460e+02 6.119008576116991094e+01 5.144637499068129216e+01
1.922670375521557560e+02 6.114243806039391416e+01 5.138665650804658469e+01
1.927677329624478375e+02 6.109419411133509925e+01 5.132630326276039057e+01
1.932684283727398906e+02 6.104535392105114511e+01 5.126531828339675201e+01
1.937691237830319722e+02 6.099591767051296642e+01 5.120370478980828466e+01
1.942698191933240253e+02 6.094588567393829237e+01 5.114146616688583435e+01
1.947705146036161068e+02 6.089525840895549891e+01 5.107860608379087353e+01
1.952712100139081883e+02 6.084403653348164198e+01 5.101512844095684329e+01
1.957719054242002414e+02 6.079222090261356470e+01 5.095103719158775846e+01
1.962726008344923230e+02 6.073981249889658329e+01 5.088633679049910086e+01
1.967732962447844045e+02 6.068681254701988337e+01 5.082103170054242014e+01
1.972739916550764576e+02 6.063322246055651021e+01 5.075512678154981927e+01
1.977746870653685392e+02 6.057904383054400910e+01 5.068862707204892359e+01
1.982753824756605923e+02 6.052427848920623887e+01 5.062153778352713118e+01
1.987760778859527022e+02 6.046892848916749585e+01 5.055386453133013447e+01
1.992767732962447838e+02 6.041299609004917670e+01 5.048561320078331960e+01
1.997774687065368369e+02 6.035648382675624646e+01 5.041678979256428761e+01
2.002781641168289184e+02 6.029939445259596908e+01 5.034740071571155795e+01
2.007788595271209999e+02 6.024173095997039695e+01 5.027745260684474715e+01
2.012795549374130530e+02 6.018349661932998629e+01 5.020695242858215579e+01
2.017802503477051346e+02 6.012469497347200331e+01 5.013590730553919173e+01
2.022809457579971877e+02 6.006532982733007486e+01 5.006432487967690292e+01
2.027816411682892692e+02 6.000540528169041465e+01 4.999221284629906847e+01
2.032823365785813508e+02 5.994492570738829329e+01 4.991957940099291591e+01
2.037830319888734039e+02 5.988389578451632644e+01 4.984643284099149696e+01
2.042837273991654854e+02 5.982232051705240394e+01 4.977278197517591707e+01
2.047844228094575953e+02 5.976020518077520194e+01 4.969863579476225368e+01
2.052851182197496485e+02 5.969755540920404258e+01 4.962400358503657571e+01
2.057858136300417300e+02 5.963437714238524734e+01 4.954889506219734585e+01
2.062865090403338115e+02 5.957067665093917697e+01 4.947332013874941481e+01
2.067872044506258646e+02 5.950646057000257372e+01 4.939728907320343865e+01
2.072878998609179462e+02 5.944173585946545302e+01 4.932081249183012517e+01
2.077885952712099993e+02 5.937650984417986422e+01 4.924390131248129876e+01
2.082892906815020808e+02 5.931079019940797536e+01 4.916656674113312420e+01
2.087899860917941623e+02 5.924458499214951246e+01 4.908882031355332742e+01
2.092906815020862155e+02 5.917790262016923464e+01 4.901067393038701425e+01
2.097913769123782970e+02 5.911075190108194022e+01 4.893213977709658025e+01
2.102920723226703501e+02 5.904314200734178542e+01 4.885323038346969327e+01
2.107927677329624316e+02 5.897508252176395160e+01 4.877395855547065651e+01
2.112934631432545416e+02 5.890658340908758817e+01 4.869433742928509901e+01
2.117941585535465663e+02 5.883765502422521365e+01 4.861438049397024486e+01
2.122948539638386762e+02 5.876830814461628449e+01 4.853410159522199763e+01
2.127955493741307293e+02 5.869855393710950864e+01 4.845351477598869394e+01
2.132962447844228109e+02 5.862840399667094005e+01 4.837263450239917972e+01
2.137969401947148924e+02 5.855787031407872689e+01 4.829147546766968446e+01
2.142976356050069455e+02 5.848696529876777106e+01 4.821005276033771736e+01
2.147983310152990271e+02 5.841570179455318623e+01 4.812838175021694553e+01
2.152990264255910802e+02 5.834409304091111892e+01 4.804647808986442215e+01
2.157997218358831617e+02 5.827215272071642005e+01 4.796435779089360096e+01
2.163004172461752148e+02 5.819989494117778861e+01 4.788203709356447746e+01
2.168011126564672963e+02 5.812733421179616755e+01 4.779953264228960563e+01
2.173018080667593779e+02 5.805448549380409418e+01 4.771686130972366868e+01
2.178025034770514310e+02 5.798136416330700627e+01 4.763404026465278207e+01
2.183031988873435125e+02 5.790798601635353293e+01 4.755108701127778659e+01
2.188038942976355656e+02 5.783436728815169658e+01 4.746801935050682175e+01
2.193045897079276472e+02 5.776052462576510038e+01 4.738485535521105874e+01
2.198052851182197571e+02 5.768647509335161772e+01 4.730161335820388047e+01
2.203059805285118102e+02 5.761223619511903848e+01 4.721831204987186936e+01
2.208066759388038918e+02 5.753782583123276595e+01 4.713497034425903109e+01
2.213073713490959449e+02 5.746326233172177922e+01 4.705160749529544262e+01
2.218080667593880264e+02 5.738856443348660719e+01 4.696824300589445045e+01
2.223087621696801079e+02 5.731375128175452005e+01 4.688489664051265038e+01
2.228094575799721611e+02 5.723884242731466543e+01 4.680158848614138378e+01
2.233101529902642426e+02 5.716385782084282141e+01 4.671833889298778786e+01
2.238108484005562957e+02 5.708881780591647725e+01 4.663516845293980850e+01
2.243115438108483772e+02 5.701374312017898660e+01 4.655209810678553595e+01
2.248122392211404588e+02 5.693865488369803529e+01 4.646914897924926890e+01
2.253129346314325119e+02 5.686357460304017764e+01 4.638634254662957801e+01
2.258136300417245934e+02 5.678852415264438491e+01 4.630370051339906468e+01
2.263143254520166465e+02 5.671352577016543250e+01 4.622124487041202201e+01
2.268150208623087565e+02 5.663860206345881920e+01 4.613899788544568992e+01
2.273157162726008380e+02 5.656377599195431571e+01 4.605698208748418665e+01
2.278164116828928911e+02 5.648907086432765823e+01 4.597522027748692608e+01
2.283171070931849727e+02 5.641451032220240336e+01 4.589373555254479697e+01
2.288178025034770258e+02 5.634011834713484745e+01 4.581255125800436190e+01
2.293184979137691073e+02 5.626591924198757511e+01 4.573169102763114324e+01
2.298191933240611604e+02 5.619193763267568897e+01 4.565117877313224426e+01
2.303198887343532704e+02 5.611819844604789864e+01 4.557103867979077449e+01
2.308205841446453235e+02 5.604472691803559314e+01 4.549129522276399484e+01
2.313212795549373766e+02 5.597154857269808303e+01 4.541197314697438969e+01
2.318219749652294297e+02 5.589868922164052378e+01 4.533309749166602387e+01
2.323226703755215397e+02 5.582617495120823037e+01 4.525469358302171941e+01
2.328233657858135928e+02 5.575403211550175797e+01 4.517678703404482121e+01
2.333240611961056459e+02 5.568228732706367623e+01 4.509940374865155377e+01
2.338247566063977843e+02 5.561096744989364993e+01 4.502256994823883929e+01
2.343254520166898374e+02 5.554009958082198750e+01 4.494631212499999151e+01
2.348261474269818621e+02 5.546971106347947966e+01 4.487065707861520991e+01
2.353268428372740004e+02 5.539982944755203675e+01 4.479563194073671184e+01
2.358275382475660535e+02 5.533048250216845076e+01 4.472126412330362655e+01
2.363282336578581067e+02 5.526169819727394383e+01 4.464758135898046021e+01
2.368289290681501882e+02 5.519350470130186181e+01 4.457461169731041650e+01
2.373296244784422697e+02 5.512593035439815026e+01 4.450238352575334488e+01
2.378303198887343228e+02 5.505900368646572929e+01 4.443092549852090656e+01
2.383310152990264044e+02 5.499275337059836488e+01 4.436026667616786767e+01
2.388317107093184859e+02 5.492720823821466070e+01 4.429043637030966352e+01
2.393324061196105390e+02 5.486239727090898555e+01 4.422146425181247764e+01
2.398331015299026205e+02 5.479834955665020857e+01 4.415338031422699316e+01
2.403337969401946737e+02 5.473509432528837237e+01 4.408621491595694408e+01
2.408344923504867552e+02 5.467266088598145757e+01 4.401999869032478330e+01
2.413351877607788083e+02 5.461107865455298338e+01 4.395476262901595987e+01
2.418358831710709183e+02 5.455037712911754966e+01 4.389053806068334040e+01
2.423365785813629998e+02 5.449058585733902760e+01 4.382735662924065423e+01
2.428372739916550529e+02 5.443173444705345787e+01 4.376525031582391989e+01
2.433379694019471344e+02 5.437385253949352659e+01 4.370425141401102564e+01
2.438386648122392160e+02 5.431696978273132004e+01 4.364439252516338286e+01
2.443393602225312691e+02 5.426111585336067833e+01 4.358570656429112944e+01
2.448400556328233506e+02 5.420632040003576435e+01 4.352822676922262701e+01
2.453407510431154037e+02 5.415261301553138651e+01 4.347198665297658238e+01
2.458414464534074853e+02 5.410002329305891067e+01 4.341702003187567982e+01
2.463421418636995668e+02 5.404858069413486987e+01 4.336336092495078276e+01
2.468428372739916199e+02 5.399831464898917943e+01 4.331104369305724333e+01
2.473435326842837014e+02 5.394925441744882733e+01 4.326010289895253891e+01
2.478442280945758114e+02 5.390142916446231425e+01 4.321057333904224151e+01
2.483449235048678645e+02 5.385486787395201702e+01 4.316248999736177439e+01
2.488456189151599460e+02 5.380959935729187293e+01 4.311588808023276442e+01
2.493463143254520276e+02 5.376565219145994945e+01 4.307080289175149801e+01
2.498470097357440807e+02 5.372305475340625947e+01 4.302726993730988170e+01
2.503477051460361338e+02 5.368183512173062866e+01 4.298532477900914728e+01
2.508484005563282153e+02 5.364202107606332959e+01 4.294500307500891267e+01
2.513490959666202968e+02 5.360364010253876188e+01 4.290634050351002315e+01
2.518497913769123500e+02 5.356671929754271844e+01 4.286937280409404138e+01
2.523504867872044315e+02 5.353128538861825803e+01 4.283413559042340779e+01
2.528511821974965130e+02 5.349736465651973560e+01 4.280066450098100717e+01
2.533518776077885661e+02 5.346498295146092516e+01 4.276899498982798775e+01
2.538525730180806477e+02 5.343416559747937811e+01 4.273916236220371445e+01
2.543532684283727576e+02 5.340493742614570749e+01 4.271120169641049813e+01
2.548539638386647823e+02 5.337732264965497109e+01 4.268514787364607344e+01
2.553546592489568354e+02 5.335134491285033675e+01 4.266103535244097600e+01
2.558553546592489738e+02 5.332702722011789831e+01 4.263889829447349200e+01
2.563560500695410269e+02 5.330439183974250739e+01 4.261877040197929034e+01
2.568567454798330800e+02 5.328346035497590094e+01 4.260068484648569154e+01
2.573574408901251900e+02 5.326425358759253470e+01 4.258467425921345750e+01
2.578581363004172431e+02 5.324679151749252526e+01 4.257077064912537878e+01
2.583588317107092962e+02 5.323109330715625731e+01 4.255900530691961592e+01
2.588595271210013493e+02 5.321717720584958045e+01 4.254940872628013437e+01
2.593602225312934593e+02 5.320506053850068895e+01 4.254201062579896586e+01
2.598609179415855124e+02 5.319475966146229950e+01 4.253683972728923379e+01
2.603616133518775655e+02 5.318628993457197396e+01 4.253392375165149986e+01
2.608623087621696754e+02 5.317966562088942339e+01 4.253328941266646268e+01
2.613630041724617286e+02 5.317489994141170939e+01 4.253496221702266666e+01
2.618636995827537817e+02 5.317200495021781137e+01 4.253896637994637331e+01
2.623643949930458916e+02 5.317099155920688247e+01 4.254532488532584011e+01
2.628650904033379447e+02 5.317186945646200513e+01 4.255405925451066196e+01
2.633657858136299978e+02 5.317464712618631495e+01 4.256518957607291043e+01
2.638664812239220510e+02 5.317933173429311466e+01 4.257873431556227217e+01
2.643671766342141609e+02 5.318592919714548373e+01 4.259471030769937272e+01
2.648678720445062140e+02 5.319444406756930732e+01 4.261313270874389048e+01
2.653685674547982671e+02 5.320487955564432525e+01 4.263401481216142486e+01
2.658692628650904339e+02 5.321723749724016272e+01 4.265736808133233637e+01
2.663699582753824870e+02 5.323151830446705901e+01 4.268320198933400889e+01
2.668706536856744833e+02 5.324772099932717140e+01 4.271152404431138905e+01
2.673713490959666501e+02 5.326584313469767551e+01 4.274233959327337118e+01
2.678720445062587032e+02 5.328588083325713853e+01 4.277565191088304175e+01
2.683727399165507563e+02 5.330782874193802456e+01 4.281146201242752625e+01
2.688734353268428094e+02 5.333168004811570029e+01 4.284976866965241982e+01
2.693741307371349194e+02 5.335742646185509841e+01 4.289056837495498087e+01
2.698748261474269725e+02 5.338505820892579834e+01 4.293385521969373997e+01
2.703755215577190256e+02 5.341456406310727800e+01 4.297962093611165812e+01
2.708762169680111356e+02 5.344593131708508338e+01 4.302785482843337661e+01
2.713769123783031887e+02 5.347914579467443730e+01 4.307854376620544201e+01
2.718776077885952418e+02 5.351419189272975530e+01 4.313167213974820413e+01
2.723783031988873518e+02 5.355105257386868800e+01 4.318722189829286151e+01
2.728789986091794049e+02 5.358970938277026619e+01 4.324517249816862829e+01
2.733796940194714580e+02 5.363014247760703768e+01 4.330550093192441352e+01
2.738803894297635111e+02 5.367233066147720422e+01 4.336818174913359769e+01
2.743810848400556210e+02 5.371625139870276655e+01 4.343318704970015176e+01
2.748817802503476742e+02 5.376188084509750809e+01 4.350048653770072349e+01
2.753824756606397273e+02 5.380919390733880903e+01 4.357004755165262111e+01
2.758831710709318372e+02 5.385816424063933994e+01 4.364183511660966985e+01
2.763838664812238903e+02 5.390876432790948058e+01 4.371581196860942953e+01
2.768845618915159434e+02 5.396096550304038431e+01 4.379193864605922215e+01
2.773852573018079966e+02 5.401473799164934064e+01 4.387017353979472034e+01
2.778859527121001065e+02 5.407005097627235557e+01 4.395047297311548107e+01
2.783866481223921596e+02 5.412687262663213517e+01 4.403279127858267827e+01
2.788873435326842127e+02 5.418517016250235940e+01 4.411708088780385140e+01
2.793880389429763227e+02 5.424490990958703662e+01 4.420329242753238930e+01
2.798887343532683758e+02 5.430605733560925330e+01 4.429137480593765019e+01
2.803894297635604289e+02 5.436857712947359289e+01 4.438127532561877331e+01
2.808901251738525957e+02 5.443243323851903881e+01 4.447293978144982418e+01
2.813908205841446488e+02 5.449758892439832891e+01 4.456631258781810345e+01
2.818915159944367019e+02 5.456400684966185111e+01 4.466133687482026460e+01
2.823922114047287550e+02 5.463164909230955857e+01 4.475795460003239157e+01
2.828929068150208650e+02 5.470047723921426552e+01 4.485610666754466536e+01
2.833936022253129181e+02 5.477045241930001396e+01 4.495573310788896038e+01
2.838942976356049712e+02 5.484153537222711350e+01 4.505677308123122771e+01
2.843949930458970812e+02 5.491368651300264503e+01 4.515916509738735840e+01
2.848956884561891343e+02 5.498686596661401893e+01 4.526284707633010385e+01
2.853963838664811874e+02 5.506103365126593019e+01 4.536775651310733792e+01
2.858970792767732974e+02 5.513614930588347818e+01 4.547383053152886134e+01
2.863977746870653505e+02 5.521217255734201501e+01 4.558100605555070217e+01
2.868984700973574036e+02 5.528906296936158071e+01 4.568921991107131930e+01
2.873991655076494567e+02 5.536678008732680212e+01 4.579840889282829153e+01
2.878998609179415666e+02 5.544528352327007781e+01 4.590850994073159086e+01
2.884005563282336198e+02 5.552453291944162572e+01 4.601946014061874735e+01
2.889012517385257297e+02 5.560448810876310688e+01 4.613119691238107123e+01
2.894019471488177828e+02 5.568510904394985062e+01 4.624365805508868732e+01
2.899026425591098359e+02 5.576635595363528353e+01 4.635678189667241611e+01
2.904033379694019459e+02 5.584818926083003987e+01 4.647050726104434659e+01
2.909040333796939990e+02 5.593056971232486774e+01 4.658477361555253538e+01
2.914047287899860521e+02 5.601345841448834051e+01 4.669952119245816391e+01
2.919054242002781621e+02 5.609681677782405984e+01 4.681469098210425273e+01
2.924061196105702152e+02 5.618060666845609319e+01 4.693022478441332623e+01
2.929068150208622683e+02 5.626479035741554924e+01 4.704606537087340712e+01
2.934075104311543782e+02 5.634933056924397476e+01 4.716215634784713018e+01
2.939082058414464314e+02 5.643419050294811257e+01 4.727844245798006284e+01
2.944089012517384845e+02 5.651933390912505217e+01 4.739486941173404944e+01
2.949095966620305944e+02 5.660472503735648786e+01 4.751138399384822719e+01
2.954102920723226475e+02 5.669032869267242347e+01 4.762793416189008155e+01
2.959109874826147006e+02 5.677611024345333135e+01 4.774446888465108430e+01
2.964116828929068106e+02 5.686203566562534206e+01 4.786093840013863598e+01
2.969123783031988637e+02 5.694807155016754052e+01 4.797729414370155610e+01
2.974130737134909168e+02 5.703418507199678800e+01 4.809348870950022103e+01
2.979137691237830268e+02 5.712034405168090245e+01 4.820947581072387322e+01
2.984144645340750799e+02 5.720651696220450333e+01 4.832521055926618203e+01
2.989151599443671330e+02 5.729267291973704346e+01 4.844064923105790399e+01
2.994158553546592429e+02 5.737878169174838661e+01 4.855574918502858850e+01
2.999165507649512961e+02 5.746481375079203247e+01 4.867046920298568580e+01
3.004172461752433492e+02 5.755074015711035429e+01 4.878476909480863810e+01
3.009179415855354023e+02 5.763653273586716352e+01 4.889861012928062678e+01
3.014186369958275691e+02 5.772216394086900948e+01 4.901195451698126249e+01
3.019193324061196222e+02 5.780760689130876528e+01 4.912476586497901110e+01
3.024200278164116185e+02 5.789283542851809727e+01 4.923700882968496728e+01
3.029207232267037853e+02 5.797782404073406326e+01 4.934864926927566842e+01
3.034214186369958384e+02 5.806254790355343687e+01 4.945965425879712996e+01
3.039221140472878915e+02 5.814698289412102383e+01 4.956999194375038087e+01
3.044228094575799446e+02 5.823110548718130985e+01 4.967963161355058332e+01
3.049235048678720545e+02 5.831489290124562785e+01 4.978854359565039545e+01
3.054242002781641077e+02 5.839832298941271915e+01 4.989669937116833864e+01
3.059248956884561608e+02 5.848137424811081075e+01 5.000407148329581730e+01
3.064255910987482707e+02 5.856402586697437584e+01 5.011063338554629354e+01
3.069262865090403238e+02 5.864625766459906231e+01 5.021635971933025644e+01
3.074269819193323769e+02 5.872805003689191494e+01 5.032122595205325410e+01
3.079276773296244869e+02 5.880938409508726750e+01 5.042520867542950214e+01
3.084283727399165400e+02 5.889024156955100864e+01 5.052828529033465088e+01
3.089290681502085931e+02 5.897060474837243760e+01 5.063043422933316151e+01
3.094297635605006462e+02 5.905045657615855248e+01 5.073163475778531506e+01
3.099304589707927562e+02 5.912978057371786633e+01 5.083186697340751437e+01
3.104311543810848093e+02 5.920856085752005527e+01 5.093111198953410224e+01
3.109318497913768624e+02 5.928678212176804152e+01 5.102935158237410462e+01
3.114325452016689724e+02 5.936442964003275335e+01 5.112656845988563248e+01
3.119332406119610255e+02 5.944148922446969152e+01 5.122274599022561858e+01
3.124339360222530786e+02 5.951794727813306451e+01 5.131786848232887621e+01
3.129346314325451885e+02 5.959379072412616551e+01 5.141192084691323316e+01
3.134353268428372417e+02 5.966900696816217931e+01 5.150488871615631581e+01
3.139360222531292948e+02 5.974358402024408576e+01 5.159675851107853362e+01
3.144367176634213479e+02 5.981751035265078542e+01 5.168751729226683267e+01
3.149374130737134578e+02 5.989077494761710341e+01 5.177715280037067203e+01
3.154381084840055109e+02 5.996336728672427796e+01 5.186565340513665490e+01
3.159388038942975641e+02 6.003527727199649178e+01 5.195300802589106581e+01
3.164394993045897309e+02 6.010649538760270616e+01 5.203920637250764969e+01
3.169401947148817840e+02 6.017701248101155898e+01 5.212423862192493118e+01
3.174408901251737802e+02 6.024681985757403879e+01 5.220809547466487288e+01
3.179415855354659470e+02 6.031590933115913344e+01 5.229076827887753609e+01
3.184422809457580001e+02 6.038427306474878264e+01 5.237224883407549214e+01
3.189429763560500533e+02 6.045190367914678120e+01 5.245252962869435009e+01
3.194436717663421064e+02 6.051879420245008134e+01 5.253160341356495167e+01
3.199443671766342163e+02 6.058493800406417051e+01 5.260946374107636814e+01
3.204450625869262694e+02 6.065032896308515831e+01 5.268610426890641918e+01
3.209457579972183225e+02 6.071496121599160745e+01 5.276151940475668312e+01
3.214464534075104325e+02 6.077882933985799241e+01 5.283570395100380779e+01
3.219471488178024856e+02 6.084192824392809484e+01 5.290865294087491577e+01
3.224478442280945387e+02 6.090425316987486326e+01 5.298036214338191030e+01
3.229485396383865918e+02 6.096579980149792277e+01 5.305082759546333193e+01
3.234492350486787018e+02 6.102656401709347733e+01 5.312004557536221228e+01
3.239499304589707549e+02 6.108654209660991796e+01 5.318801312130449332e+01
3.244506258692628649e+02 6.114573062635194844e+01 5.325472725385336048e+01
3.249513212795549180e+02 6.120412651287131212e+01 5.332018559566331817e+01
3.254520166898469711e+02 6.126172691890168664e+01 5.338438613242598763e+01
3.259527121001390810e+02 6.131852932414439294e+01 5.344732692335460911e+01
3.264534075104311910e+02 6.137453149212910830e+01 5.350900679561090101e+01
3.269541029207232441e+02 6.142973149793228060e+01 5.356942463400781662e+01
3.274547983310152972e+02 6.148412759949324879e+01 5.362857946374232654e+01
3.279554937413073503e+02 6.153771837775467191e+01 5.368647118279525898e+01
3.284561891515994603e+02 6.159050268654810623e+01 5.374309942079614189e+01
3.289568845618915134e+02 6.164247949632100188e+01 5.379846438718836055e+01
3.294575799721835665e+02 6.169364822136104465e+01 5.385256672699084390e+01
3.299582753824756765e+02 6.174400831044168569e+01 5.390540692070487694e+01
3.304589707927677296e+02 6.179355955114384358e+01 5.395698605338120046e+01
3.309596662030597827e+02 6.184230192813751614e+01 5.400730540008233049e+01
3.314603616133518926e+02 6.189023562141423440e+01 5.405636662597119368e+01
3.319610570236439457e+02 6.193736104965988432e+01 5.410417148823898970e+01
3.324617524339359989e+02 6.198367879015346205e+01 5.415072194322139865e+01
3.329624478442280520e+02 6.202918962078045695e+01 5.419602034518621281e+01
3.334631432545201619e+02 6.207389453857147998e+01 5.424006943203772835e+01
3.339638386648122150e+02 6.211779473463467127e+01 5.428287178481448905e+01
3.344645340751042681e+02 6.216089152328423495e+01 5.432443052499927205e+01
3.349652294853963781e+02 6.220318643821407534e+01 5.436474904918780737e+01
3.354659248956884312e+02 6.224468114816110642e+01 5.440383065847184696e+01
3.359666203059804843e+02 6.228537754768032642e+01 5.444167918211192614e+01
3.364673157162726511e+02 6.232527758890930158e+01 5.447829865414006179e+01
3.369680111265647042e+02 6.236438347282521022e+01 5.451369318018177523e+01
3.374687065368567005e+02 6.240269751943810661e+01 5.454786718485570418e+01
3.379694019471487536e+02 6.244022217274573450e+01 5.458082533278661685e+01
3.384700973574409204e+02 6.247696008043787685e+01 5.461257246877899263e+01
3.389707927677329735e+02 6.251291391399345798e+01 5.464311366765704747e+01
3.394714881780250266e+02 6.254808662049609325e+01 5.467245415488477533e+01
3.399721835883171366e+02 6.258248117826566670e+01 5.470059956186204886e+01
3.404728789986091897e+02 6.261610074157172789e+01 5.472755548321048025e+01
3.409735744089012428e+02 6.264894854058323403e+01 5.475332788036499210e+01
3.414742698191932959e+02 6.268102799895412147e+01 5.477792291676263403e+01
3.419749652294854059e+02 6.271234261296559964e+01 5.480134705090718228e+01
3.424756606397774590e+02 6.274289597250391637e+01 5.482360670359945232e+01
3.429763560500695121e+02 6.277269183300658995e+01 5.484470870553499822e+01
3.434770514603616220e+02 6.280173401572965020e+01 5.486466015264241491e+01
3.439777468706536752e+02 6.283002649499043457e+01 5.488346819661174436e+01
3.444784422809457283e+02 6.285757327942452832e+01 5.490114031960086294e+01
3.449791376912378382e+02 6.288437857784562368e+01 5.491768412594747417e+01
3.454798331015298913e+02 6.291044657559770314e+01 5.493310758175421427e+01
3.459805285118219444e+02 6.293578165093141763e+01 5.494741872822029904e+01
3.464812239221139976e+02 6.296038827368951729e+01 5.496062588691684425e+01
3.469819193324061075e+02 6.298427092312121545e+01 5.497273769570469426e+01
3.474826147426981606e+02 6.300743427792778562e+01 5.498376277455447791e+01
3.479833101529902137e+02 6.302988302889727379e+01 5.499371023999611907e+01
3.484840055632823237e+02 6.305162199404917089e+01 5.500258934685152212e+01
3.489847009735743768e+02 6.307265603092132267e+01 5.501040948571390743e+01
3.494853963838664299e+02 6.309299012928731543e+01 5.501718028178575537e+01
3.499860917941585399e+02 6.311262936053900319e+01 5.502291179284537748e+01
3.504867872044505930e+02 6.313157883428594630e+01 5.502761407781579805e+01
3.509874826147426461e+02 6.314984374912157250e+01 5.503129757035716807e+01
3.514881780250346992e+02 6.316742942064294652e+01 5.503397280603894615e+01
3.519888734353268660e+02 6.318434119743317012e+01 5.503565083135336522e+01
3.524895688456189191e+02 6.320058452020198558e+01 5.503634263634945967e+01
3.529902642559109154e+02 6.321616490698211521e+01 5.503605968667302761e+01
3.534909596662030822e+02 6.323108790769033760e+01 5.503481339114109971e+01
3.539916550764951353e+02 6.324535923685624539e+01 5.503261569338242509e+01
3.544923504867871884e+02 6.325898454200222432e+01 5.502947873824679448e+01
3.549930458970792415e+02 6.327196965717456578e+01 5.502541468472571751e+01
3.554937413073713515e+02 6.328432042006319591e+01 5.502043623439354292e+01
3.559944367176634046e+02 6.329604274375135731e+01 5.501455623597458100e+01
3.564951321279554577e+02 6.330714263889724691e+01 5.500778766164336275e+01
3.569958275382475676e+02 6.331762611802453478e+01 5.500014392571152655e+01
3.574965229485396208e+02 6.332749929908580100e+01 5.499163845866300449e+01
3.579972183588316739e+02 6.333676834288901603e+01 5.498228518604615545e+01
3.584979137691237838e+02 6.334543951433268205e+01 5.497209804453984816e+01
3.589986091794158369e+02 6.335351903957423758e+01 5.496109137164933145e+01
3.594993045897078900e+02 6.336101329918625424e+01 5.494927976797737301e+01
3.600000000000000000e+02 6.336792869293736885e+01 5.493667796588719909e+01
