# lons lats(polar edge) lats(equatorward edge)
0.000000000000000000e+00 -6.593947514744942850e+01 -4.826820248018574233e+01
5.006954102920723182e-01 -6.587626526218375034e+01 -4.825942033188839275e+01
1.001390820584144636e+00 -6.581293439726157146e+01 -4.825172926905210602e+01
1.502086230876216844e+00 -6.574947222132611557e+01 -4.824505778633644582e+01
2.002781641168289273e+00 -6.568586822411232617e+01 -4.823933454829933964e+01
2.503477051460361480e+00 -6.562211133817397979e+01 -4.823448786403696431e+01
3.004172461752433687e+00 -6.555819049051443415e+01 -4.823044589077905187e+01
3.504867872044505894e+00 -6.549409423994312363e+01 -4.822713731469281129e+01
4.005563282336578546e+00 -6.542981097491919229e+01 -4.822449081869451959e+01
4.506258692628650309e+00 -6.536532883307170039e+01 -4.822243616366175445e+01
5.006954102920722960e+00 -6.530063579006960595e+01 -4.822090283240692088e+01
5.507649513212795611e+00 -6.523571957978408875e+01 -4.821982187874591830e+01
6.008344923504867374e+00 -6.517056797368971388e+01 -4.821912429947234102e+01
6.509040333796940025e+00 -6.510516830573173763e+01 -4.821874299752941795e+01
7.009735744089011789e+00 -6.503950804878108727e+01 -4.821861038996124194e+01
7.510431154381083552e+00 -6.497357443381199005e+01 -4.821866145804467862e+01
8.011126564673157091e+00 -6.490735459081926706e+01 -4.821883140112232979e+01
8.511821974965229742e+00 -6.484083570789631779e+01 -4.821905689787355698e+01
9.012517385257300617e+00 -6.477400479331232930e+01 -4.821927625344386570e+01
9.513212795549373268e+00 -6.470684877799173762e+01 -4.821942779081381047e+01
1.001390820584144592e+01 -6.463935468298785736e+01 -4.821945301226662650e+01
1.051460361613352035e+01 -6.457150942722563514e+01 -4.821929335316562515e+01
1.101529902642559122e+01 -6.450329992197220008e+01 -4.821889221332386910e+01
1.151599443671766032e+01 -6.443471310330204460e+01 -4.821819500447401197e+01
1.201668984700973475e+01 -6.436573598625757597e+01 -4.821714731913469620e+01
1.251738525730180740e+01 -6.429635558402000584e+01 -4.821569741174451451e+01
1.301808066759388005e+01 -6.422655882361172530e+01 -4.821379436515964301e+01
1.351877607788595093e+01 -6.415633294821860488e+01 -4.821138931792486915e+01
1.401947148817802358e+01 -6.408566502828180944e+01 -4.820843426879643800e+01
1.452016689847009623e+01 -6.401454243317276394e+01 -4.820488297283797863e+01
1.502086230876216710e+01 -6.394295238001731718e+01 -4.820069114455347403e+01
1.552155771905424153e+01 -6.387088243019761080e+01 -4.819581554107307397e+01
1.602225312934631418e+01 -6.379832007456121801e+01 -4.819021435422001787e+01
1.652294853963838506e+01 -6.372525302143493775e+01 -4.818384708803959882e+01
1.702364394993045948e+01 -6.365166909442940835e+01 -4.817667562018584704e+01
1.752433936022252681e+01 -6.357755630658665780e+01 -4.816866207983095194e+01
1.802503477051460123e+01 -6.350290266239916548e+01 -4.815977056924315036e+01
1.852573018080667566e+01 -6.342769654841994509e+01 -4.814996665264114029e+01
1.902642559109874654e+01 -6.335192630732798591e+01 -4.813921721813305510e+01
1.952712100139081741e+01 -6.327558062326296806e+01 -4.812749025223813248e+01
2.002781641168289184e+01 -6.319864830669168043e+01 -4.811475534560638323e+01
2.052851182197496627e+01 -6.312111834787293674e+01 -4.810098345134245790e+01
2.102920723226704069e+01 -6.304297997408089316e+01 -4.808614617614883002e+01
2.152990264255910802e+01 -6.296422252222460259e+01 -4.807021715208639989e+01
2.203059805285118244e+01 -6.288483576640051353e+01 -4.805317059283751746e+01
2.253129346314325332e+01 -6.280480942470251193e+01 -4.803498241917418454e+01
2.303198887343532064e+01 -6.272413373298374495e+01 -4.801562954096169733e+01
2.353268428372739507e+01 -6.264279897333204161e+01 -4.799508977392832776e+01
2.403337969401946950e+01 -6.256079577625422417e+01 -4.797334241854258607e+01
2.453407510431154037e+01 -6.247811496471562975e+01 -4.795036774903211096e+01
2.503477051460361480e+01 -6.239474770826568317e+01 -4.792614692643229546e+01
2.553546592489568567e+01 -6.231068543683227290e+01 -4.790066261234565559e+01
2.603616133518776010e+01 -6.222591980666955180e+01 -4.787389802579450304e+01
2.653685674547983453e+01 -6.214044281857530905e+01 -4.784583781737052277e+01
2.703755215577190185e+01 -6.205424677491079422e+01 -4.781646736817823751e+01
2.753824756606397628e+01 -6.196732427835355850e+01 -4.778577313957489991e+01
2.803894297635604715e+01 -6.187966828377808781e+01 -4.775374268632837982e+01
2.853963838664812158e+01 -6.179127201668461566e+01 -4.772036444770469643e+01
2.904033379694019246e+01 -6.170212912741999389e+01 -4.768562790089040959e+01
2.954102920723226333e+01 -6.161223355118136169e+01 -4.764952339721919827e+01
3.004172461752433421e+01 -6.152157958034376861e+01 -4.761204223487239062e+01
3.054242002781640863e+01 -6.143016197257975364e+01 -4.757317659543714683e+01
3.104311543810848306e+01 -6.133797574815116604e+01 -4.753291995625367861e+01
3.154381084840055394e+01 -6.124501636132488613e+01 -4.749126606538702333e+01
3.204450625869262836e+01 -6.115127974257613630e+01 -4.744821025138926984e+01
3.254520166898469569e+01 -6.105676215067038015e+01 -4.740374838615039721e+01
3.304589707927677011e+01 -6.096146030218338296e+01 -4.735787754449843590e+01
3.354659248956884454e+01 -6.086537137602195457e+01 -4.731059548947810356e+01
3.404728789986091897e+01 -6.076849297594949917e+01 -4.726190113630278233e+01
3.454798331015298629e+01 -6.067082319848910288e+01 -4.721179417385135935e+01
3.504867872044505361e+01 -6.057236062803045229e+01 -4.716027532873131634e+01
3.554937413073713515e+01 -6.047310432144146830e+01 -4.710734626613931653e+01
3.605006954102920247e+01 -6.037305386461954981e+01 -4.705300966614009894e+01
3.655076495132127690e+01 -6.027220935508709942e+01 -4.699726912194726935e+01
3.705146036161335132e+01 -6.017057143960030885e+01 -4.694012925060837915e+01
3.755215577190541865e+01 -6.006814134169259489e+01 -4.688159571451774355e+01
3.805285118219749307e+01 -5.996492085413207462e+01 -4.682167520635405822e+01
3.855354659248956750e+01 -5.986091233270363432e+01 -4.676037531043779438e+01
3.905424200278163482e+01 -5.975611875114151417e+01 -4.669770488896836014e+01
3.955493741307371636e+01 -5.965054374468633114e+01 -4.663367374336665705e+01
4.005563282336578368e+01 -5.954419155291952137e+01 -4.656829263884743852e+01
4.055632823365785811e+01 -5.943706709259595300e+01 -4.650157373283335005e+01
4.105702364394993253e+01 -5.932917592866169798e+01 -4.643353000175368095e+01
4.155771905424199986e+01 -5.922052440019317032e+01 -4.636417573210607657e+01
4.205841446453408139e+01 -5.911111950663755010e+01 -4.629352630693729509e+01
4.255910987482614871e+01 -5.900096892983557950e+01 -4.622159838623393568e+01
4.305980528511821603e+01 -5.889008124963285695e+01 -4.614840963771402471e+01
4.356050069541029046e+01 -5.877846569747336503e+01 -4.607397917829290179e+01
4.406119610570236489e+01 -5.866613236253026287e+01 -4.599832700951267839e+01
4.456189151599443221e+01 -5.855309206931262622e+01 -4.592147476514767845e+01
4.506258692628650664e+01 -5.843935656300156722e+01 -4.584344496013726200e+01
4.556328233657857396e+01 -5.832493839029477556e+01 -4.576426175481699943e+01
4.606397774687064128e+01 -5.820985094819472749e+01 -4.568395023585104298e+01
4.656467315716272282e+01 -5.809410856790047717e+01 -4.560253699180826459e+01
4.706536856745479014e+01 -5.797772642909687590e+01 -4.552004993891222284e+01
4.756606397774686457e+01 -5.786072064642932844e+01 -4.543651820160283705e+01
4.806675938803893899e+01 -5.774310827485162179e+01 -4.535197223070844075e+01
4.856745479833100632e+01 -5.762490730496931235e+01 -4.526644388679250142e+01
4.906815020862308074e+01 -5.750613668646830945e+01 -4.517996626440270802e+01
4.956884561891514807e+01 -5.738681635706409168e+01 -4.509257382538470438e+01
5.006954102920722960e+01 -5.726696723087836460e+01 -4.500430235729083961e+01
5.057023643949929692e+01 -5.714661119802069322e+01 -4.491518897094296392e+01
5.107093184979137135e+01 -5.702577116265730695e+01 -4.482527198971136784e+01
5.157162726008345288e+01 -5.690447103064344958e+01 -4.473459111703913038e+01
5.207232267037552020e+01 -5.678273573233583704e+01 -4.464318729183058565e+01
5.257301808066758753e+01 -5.666059122020216421e+01 -4.455110266749169057e+01
5.307371349095966906e+01 -5.653806442932868492e+01 -4.445838071876504216e+01
5.357440890125173638e+01 -5.641518332602167618e+01 -4.436506594070532117e+01
5.407510431154380370e+01 -5.629197688409071532e+01 -4.427120415731631908e+01
5.457579972183587813e+01 -5.616847508222740259e+01 -4.417684217283247960e+01
5.507649513212795256e+01 -5.604470889592953142e+01 -4.408202793173994394e+01
5.557719054242002699e+01 -5.592071027072556433e+01 -4.398681040730333791e+01
5.607788595271209431e+01 -5.579651210907790926e+01 -4.389123948050918500e+01
5.657858136300416163e+01 -5.567214828260652837e+01 -4.379536601940610296e+01
5.707927677329624316e+01 -5.554765355645535863e+01 -4.369924166218235939e+01
5.757997218358831759e+01 -5.542306361301193363e+01 -4.360291890545606464e+01
5.808066759388038491e+01 -5.529841500381330377e+01 -4.350645089936999454e+01
5.858136300417245934e+01 -5.517374510923723108e+01 -4.340989145809355421e+01
5.908205841446452666e+01 -5.504909212165834731e+01 -4.331329492279830617e+01
5.958275382475660109e+01 -5.492449497734519070e+01 -4.321671612919810457e+01
6.008344923504866841e+01 -5.479999335427741869e+01 -4.312021028609517259e+01
6.058414464534074995e+01 -5.467562757843147381e+01 -4.302383287703189296e+01
6.108484005563281727e+01 -5.455143862814615829e+01 -4.292763958578500194e+01
6.158553546592489170e+01 -5.442746802643846138e+01 -4.283168620323333187e+01
6.208623087621696612e+01 -5.430375782601508661e+01 -4.273602850162926359e+01
6.258692628650903345e+01 -5.418035052545342012e+01 -4.264072213797400934e+01
6.308762169680110787e+01 -5.405728900750141008e+01 -4.254582256787027461e+01
6.358831710709318941e+01 -5.393461649367559119e+01 -4.245138491746540410e+01
6.408901251738525673e+01 -5.381237644996467395e+01 -4.235746388711770294e+01
6.458970792767732405e+01 -5.369061252862188383e+01 -4.226411363774597874e+01
6.509040333796939137e+01 -5.356936849016669555e+01 -4.217138769071236482e+01
6.559109874826147291e+01 -5.344868813237148686e+01 -4.207933880110242342e+01
6.609179415855354023e+01 -5.332861520411420031e+01 -4.198801888340123867e+01
6.659248956884562176e+01 -5.320919333320084377e+01 -4.189747887152218198e+01
6.709318497913768908e+01 -5.309046594487476511e+01 -4.180776863945804678e+01
6.759388038942975641e+01 -5.297247617916177376e+01 -4.171893690368317209e+01
6.809457579972183794e+01 -5.285526680705110891e+01 -4.163103107949875437e+01
6.859527121001390526e+01 -5.273888014900471433e+01 -4.154409726356145427e+01
6.909596662030597258e+01 -5.262335799812312587e+01 -4.145818006918754861e+01
6.959666203059803991e+01 -5.250874153516228660e+01 -4.137332261585736148e+01
7.009735744089010723e+01 -5.239507124471451505e+01 -4.128956634119201397e+01
7.059805285118218876e+01 -5.228238684535931213e+01 -4.120695104012990839e+01
7.109874826147427029e+01 -5.217072720351602300e+01 -4.112551471573094375e+01
7.159944367176633762e+01 -5.206013026475879713e+01 -4.104529356938580520e+01
7.210013908205840494e+01 -5.195063298163908883e+01 -4.096632186256026387e+01
7.260083449235048647e+01 -5.184227123452323838e+01 -4.088863195085575342e+01
7.310152990264255379e+01 -5.173507978124284534e+01 -4.081225419989930003e+01
7.360222531293462112e+01 -5.162909218026065616e+01 -4.073721693819531708e+01
7.410292072322670265e+01 -5.152434074177612899e+01 -4.066354641910872658e+01
7.460361613351876997e+01 -5.142085646151421940e+01 -4.059126680183831581e+01
7.510431154381083729e+01 -5.131866898027105606e+01 -4.052040015687376240e+01
7.560500695410290461e+01 -5.121780654054923332e+01 -4.045096642767859407e+01
7.610570236439498615e+01 -5.111829592718599713e+01 -4.038298339263904779e+01
7.660639777468706768e+01 -5.102016245320605492e+01 -4.031646672608233928e+01
7.710709318497913500e+01 -5.092342991862146562e+01 -4.025142994681276321e+01
7.760778859527120233e+01 -5.082812057124151295e+01 -4.018788449818887898e+01
7.810848400556326965e+01 -5.073425511378495401e+01 -4.012583969495383940e+01
7.860917941585533697e+01 -5.064185266397593921e+01 -4.006530279639039804e+01
7.910987482614743271e+01 -5.055093075629024213e+01 -4.000627896349729440e+01
7.961057023643950004e+01 -5.046150532565711444e+01 -3.994877142200098774e+01
8.011126564673156736e+01 -5.037359072724989062e+01 -3.989278136783073592e+01
8.061196105702363468e+01 -5.028719971320292359e+01 -3.983830810576878889e+01
8.111265646731571621e+01 -5.020234346375268331e+01 -3.978534902963988884e+01
8.161335187760779775e+01 -5.011903160237174859e+01 -3.973389971543436161e+01
8.211404728789986507e+01 -5.003727218852665715e+01 -3.968395399928392919e+01
8.261474269819193239e+01 -4.995707178173481111e+01 -3.963550394893449891e+01
8.311543810848399971e+01 -4.987843542845232037e+01 -3.958854003981745961e+01
8.361613351877606704e+01 -4.980136672171076384e+01 -3.954305113232753399e+01
8.411682892906816278e+01 -4.972586782552545515e+01 -3.949902459147362777e+01
8.461752433936023010e+01 -4.965193951405828443e+01 -3.945644631325689033e+01
8.511821974965229742e+01 -4.957958120290433612e+01 -3.941530084785466670e+01
8.561891515994436475e+01 -4.950879103407507387e+01 -3.937557147432738702e+01
8.611961057023643207e+01 -4.943956585970019546e+01 -3.933724016317269445e+01
8.662030598052849939e+01 -4.937190134447311607e+01 -3.930028784223891591e+01
8.712100139082058092e+01 -4.930579200941585327e+01 -3.926469429938647693e+01
8.762169680111264825e+01 -4.924123125239722754e+01 -3.923043838909833880e+01
8.812239221140472978e+01 -4.917821145618083278e+01 -3.919749800117060090e+01
8.862308762169679710e+01 -4.911672398449601928e+01 -3.916585023516162778e+01
8.912378303198886442e+01 -4.905675930001754637e+01 -3.913547136818451122e+01
8.962447844228094596e+01 -4.899830697775334443e+01 -3.910633710907276850e+01
9.012517385257301328e+01 -4.894135578740835513e+01 -3.907842246578510981e+01
9.062586926286508060e+01 -4.888589375275634552e+01 -3.905170196834703233e+01
9.112656467315714792e+01 -4.883190819275560557e+01 -3.902614967055384909e+01
9.162726008344921524e+01 -4.877938580155833392e+01 -3.900173925868941183e+01
9.212795549374128257e+01 -4.872831270486577182e+01 -3.897844413819628073e+01
9.262865090403337831e+01 -4.867867449220730691e+01 -3.895623742879622853e+01
9.312934631432544563e+01 -4.863045631946525305e+01 -3.893509213477416608e+01
9.363004172461751295e+01 -4.858364293332206785e+01 -3.891498114956819165e+01
9.413073713490958028e+01 -4.853821873179632007e+01 -3.889587729812235750e+01
9.463143254520164760e+01 -4.849416783176357626e+01 -3.887775349836384464e+01
9.513212795549372913e+01 -4.845147410126165255e+01 -3.886058273203171609e+01
9.563282336578581067e+01 -4.841012123225019081e+01 -3.884433813802398561e+01
9.613351877607787799e+01 -4.837009278310225113e+01 -3.882899308047863940e+01
9.663421418636994531e+01 -4.833137222460015892e+01 -3.881452117982927064e+01
9.713490959666201263e+01 -4.829394298558133869e+01 -3.880089639975273741e+01
9.763560500695409416e+01 -4.825778850772428541e+01 -3.878809307292619479e+01
9.813630041724616149e+01 -4.822289227926182775e+01 -3.877608594075361026e+01
9.863699582753822881e+01 -4.818923787923074542e+01 -3.876485025915832949e+01
9.913769123783029613e+01 -4.815680902229166804e+01 -3.875436175028432473e+01
9.963838664812239188e+01 -4.812558958899705885e+01 -3.874459675148961679e+01
1.001390820584144592e+02 -4.809556365838750480e+01 -3.873553215800263416e+01
1.006397774687065265e+02 -4.806671555572199850e+01 -3.872714553389875647e+01
1.011404728789985938e+02 -4.803902986994023649e+01 -3.871941510018138644e+01
1.016411682892906754e+02 -4.801249148742306261e+01 -3.871231979688224811e+01
1.021418636995827427e+02 -4.798708562808121769e+01 -3.870583931214702744e+01
1.026425591098748242e+02 -4.796279785292233555e+01 -3.869995407757875938e+01
1.031432545201669058e+02 -4.793961409781138627e+01 -3.869464535044478026e+01
1.036439499304589731e+02 -4.791752069558958738e+01 -3.868989519196708926e+01
1.041446453407510404e+02 -4.789650439586500852e+01 -3.868568650974572876e+01
1.046453407510431077e+02 -4.787655237898241012e+01 -3.868200306871819549e+01
1.051460361613351751e+02 -4.785765226300816266e+01 -3.867882952185261303e+01
1.056467315716272708e+02 -4.783979214098314969e+01 -3.867615141414950841e+01
1.061474269819193381e+02 -4.782296056287839292e+01 -3.867395519602957421e+01
1.066481223922114054e+02 -4.780714657051964878e+01 -3.867222824108700507e+01
1.071488178025034728e+02 -4.779233969176664232e+01 -3.867095884841780418e+01
1.076495132127955401e+02 -4.777852994982629298e+01 -3.867013626117347513e+01
1.081502086230876074e+02 -4.776570786383479117e+01 -3.866975065812091117e+01
1.086509040333796889e+02 -4.775386446282743691e+01 -3.866979315902660375e+01
1.091515994436717563e+02 -4.774299127642541407e+01 -3.867025583076844697e+01
1.096522948539638236e+02 -4.773308033716409682e+01 -3.867113168609882479e+01
1.101529902642559051e+02 -4.772412418514966248e+01 -3.867241467840592151e+01
1.106536856745479724e+02 -4.771611585176094650e+01 -3.867409969356464927e+01
1.111543810848400540e+02 -4.770904887129097460e+01 -3.867618254993664806e+01
1.116550764951321213e+02 -4.770291726232051133e+01 -3.867865998327267363e+01
1.121557719054241886e+02 -4.769771552655390678e+01 -3.868152964171037667e+01
1.126564673157162559e+02 -4.769343863834171771e+01 -3.868479006933063857e+01
1.131571627260083233e+02 -4.769008204002409457e+01 -3.868844070073698305e+01
1.136578581363004190e+02 -4.768764162097602366e+01 -3.869248182681310055e+01
1.141585535465924863e+02 -4.768611372517432301e+01 -3.869691460001497063e+01
1.146592489568845536e+02 -4.768549511263506702e+01 -3.870174099648586008e+01
1.151599443671766352e+02 -4.768578297396550170e+01 -3.870696381870522629e+01
1.156606397774686883e+02 -4.768697488990972033e+01 -3.871258663116470444e+01
1.161613351877607698e+02 -4.768906884531850210e+01 -3.871861378939804155e+01
1.166620305980528229e+02 -4.769206317778105131e+01 -3.872505038325141413e+01
1.171627260083449187e+02 -4.769595660090806177e+01 -3.873190220434150888e+01
1.176634214186370002e+02 -4.770074816009389451e+01 -3.873917574051699830e+01
1.181641168289290533e+02 -4.770643721825570083e+01 -3.874687814187960555e+01
1.186648122392211349e+02 -4.771302345772517128e+01 -3.875501717620532816e+01
1.191655076495132022e+02 -4.772050683484656020e+01 -3.876360119530328063e+01
1.196662030598052695e+02 -4.772888759074510290e+01 -3.877263914305113701e+01
1.201668984700973368e+02 -4.773816619864908262e+01 -3.878214045739478877e+01
1.206675938803894041e+02 -4.774834338207972451e+01 -3.879211509926572887e+01
1.211682892906814999e+02 -4.775942007439687131e+01 -3.880257345695791571e+01
1.216689847009735672e+02 -4.777139739027722953e+01 -3.881352639442181385e+01
1.221696801112656345e+02 -4.778427665016158699e+01 -3.882498508319596908e+01
1.226703755215577019e+02 -4.779805931433463684e+01 -3.883696109988133571e+01
1.231710709318497834e+02 -4.781274698088770947e+01 -3.884946632854932602e+01
1.236717663421418507e+02 -4.782834138018904468e+01 -3.886251287997963288e+01
1.241724617524339322e+02 -4.784484434461580804e+01 -3.887611314766415660e+01
1.246731571627260138e+02 -4.786225779963990590e+01 -3.889027969383474215e+01
1.251738525730180669e+02 -4.788058373662045142e+01 -3.890502523098032839e+01
1.256745479833101484e+02 -4.789982419162390670e+01 -3.892036260969828732e+01
1.261752433936022157e+02 -4.791998126367309396e+01 -3.893630472873977055e+01
1.266759388038942831e+02 -4.794105705628373926e+01 -3.895286454851790836e+01
1.271766342141863788e+02 -4.796305368710511630e+01 -3.897005504495515993e+01
1.276773296244784177e+02 -4.798597326545097985e+01 -3.898788909344054332e+01
1.281780250347705135e+02 -4.800981788938918271e+01 -3.900637957535123235e+01
1.286787204450625950e+02 -4.803458961955732320e+01 -3.902553922371750161e+01
1.291794158553546481e+02 -4.806029046924925296e+01 -3.904538062320104075e+01
1.296801112656467296e+02 -4.808692240323728129e+01 -3.906591621495796574e+01
1.301808066759387827e+02 -4.811448731329767270e+01 -3.908715823287299429e+01
1.306815020862308643e+02 -4.814298703438146276e+01 -3.910911861137935830e+01
1.311821974965229458e+02 -4.817242329904877352e+01 -3.913180912903260378e+01
1.316828929068149989e+02 -4.820279773987897443e+01 -3.915524114447396187e+01
1.321835883171070805e+02 -4.823411191483648963e+01 -3.917942579195585040e+01
1.326842837273991336e+02 -4.826636726133676802e+01 -3.920437381646235053e+01
1.331849791376912435e+02 -4.829956510397698821e+01 -3.923009564328577881e+01
1.336856745479833251e+02 -4.833370664508640857e+01 -3.925660117217883283e+01
1.341863699582753782e+02 -4.836879297045618387e+01 -3.928390011112749391e+01
1.346870653685674597e+02 -4.840482504925070373e+01 -3.931200153465245251e+01
1.351877607788595128e+02 -4.844180369636333694e+01 -3.934091418319495403e+01
1.356884561891515943e+02 -4.847972963823295345e+01 -3.937064637985187687e+01
1.361891515994436759e+02 -4.851860341497712170e+01 -3.940120591773890624e+01
1.366898470097357290e+02 -4.855842547955006694e+01 -3.943260009392403731e+01
1.371905424200278105e+02 -4.859919612311030335e+01 -3.946483583298162046e+01
1.376912378303198636e+02 -4.864091550073324299e+01 -3.949791946336627291e+01
1.381919332406119452e+02 -4.868358365566207624e+01 -3.953185687604262455e+01
1.386926286509039983e+02 -4.872720046323691179e+01 -3.956665349024244449e+01
1.391933240611960798e+02 -4.877176570159106461e+01 -3.960231423522184002e+01
1.396940194714881613e+02 -4.881727898078118244e+01 -3.963884348219875164e+01
1.401947148817802145e+02 -4.886373980078721502e+01 -3.967624521186066033e+01
1.406954102920723244e+02 -4.891114752836662660e+01 -3.971452282774372122e+01
1.411961057023643775e+02 -4.895950140528518091e+01 -3.975367940184780480e+01
1.416968011126564591e+02 -4.900880056064713131e+01 -3.979371738657285107e+01
1.421974965229485406e+02 -4.905904394671458135e+01 -3.983463890508922134e+01
1.426981919332405937e+02 -4.911023045055932812e+01 -3.987644561225265250e+01
1.431988873435326752e+02 -4.916235879953907784e+01 -3.991913861035666855e+01
1.436995827538247283e+02 -4.921542764958665828e+01 -3.996271877617984103e+01
1.442002781641168099e+02 -4.926943547088647790e+01 -4.000718642109134748e+01
1.447009735744088914e+02 -4.932438068088139005e+01 -4.005254150717819073e+01
1.452016689847009729e+02 -4.938026153922217532e+01 -4.009878361566595117e+01
1.457023643949930261e+02 -4.943707620902821986e+01 -4.014591198624083290e+01
1.462030598052851076e+02 -4.949482274797881587e+01 -4.019392545921363080e+01
1.467037552155771891e+02 -4.955349905899745977e+01 -4.024282258477087737e+01
1.472044506258692422e+02 -4.961310297718151219e+01 -4.029260150891985859e+01
1.477051460361613238e+02 -4.967363219913673333e+01 -4.034326017249617280e+01
1.482058414464534053e+02 -4.973508431547011810e+01 -4.039479606200251283e+01
1.487065368567454584e+02 -4.979745680138799457e+01 -4.044720652037715070e+01
1.492072322670375399e+02 -4.986074699197993709e+01 -4.050048859165832482e+01
1.497079276773296215e+02 -4.992495211877988481e+01 -4.055463893943290543e+01
1.502086230876216746e+02 -4.999006930844055319e+01 -4.060965408756077011e+01
1.507093184979137845e+02 -5.005609555246203968e+01 -4.066553030749325615e+01
1.512100139082058092e+02 -5.012302769424289295e+01 -4.072226357301238409e+01
1.517107093184979192e+02 -5.019086246735108148e+01 -4.077984979431326451e+01
1.522114047287899723e+02 -5.025959646671120140e+01 -4.083828443716461720e+01
1.527121001390820538e+02 -5.032922617607917459e+01 -4.089756303056330466e+01
1.532127955493741354e+02 -5.039974790756417633e+01 -4.095768056428480008e+01
1.537134909596661885e+02 -5.047115782965732933e+01 -4.101863220717629588e+01
1.542141863699582700e+02 -5.054345199244011155e+01 -4.108041268283838576e+01
1.547148817802503231e+02 -5.061662628186780921e+01 -4.114301667440048504e+01
1.552155771905424047e+02 -5.069067643011834434e+01 -4.120643863429923215e+01
1.557162726008344862e+02 -5.076559798342819363e+01 -4.127067280191927523e+01
1.562169680111265393e+02 -5.084138638218249184e+01 -4.133571338876758716e+01
1.567176634214186208e+02 -5.091803685230948417e+01 -4.140155431541283804e+01
1.572183588317106739e+02 -5.099554448599624834e+01 -4.146818939322055542e+01
1.577190542420027555e+02 -5.107390418391437947e+01 -4.153561228611887657e+01
1.582197496522948654e+02 -5.115311065897108733e+01 -4.160381654027300158e+01
1.587204450625868901e+02 -5.123315848443886011e+01 -4.167279541767211981e+01
1.592211404728790001e+02 -5.131404200598231569e+01 -4.174254209026837259e+01
1.597218358831710532e+02 -5.139575542599280311e+01 -4.181304967462261857e+01
1.602225312934631347e+02 -5.147829273316395415e+01 -4.188431101292842129e+01
1.607232267037552162e+02 -5.156164774271977080e+01 -4.195631897641193575e+01
1.612239221140472694e+02 -5.164581408108509208e+01 -4.202906603557836718e+01
1.617246175243393509e+02 -5.173078516318176412e+01 -4.210254466725014311e+01
1.622253129346314324e+02 -5.181655426194188863e+01 -4.217674729963499658e+01
1.627260083449234855e+02 -5.190311440300425261e+01 -4.225166612853962533e+01
1.632267037552155955e+02 -5.199045846912773072e+01 -4.232729306252113588e+01
1.637273991655076486e+02 -5.207857913014882456e+01 -4.240362014196253426e+01
1.642280945757997301e+02 -5.216746886834121710e+01 -4.248063914227331850e+01
1.647287899860917832e+02 -5.225711999525051965e+01 -4.255834169435345871e+01
1.652294853963838648e+02 -5.234752463473674311e+01 -4.263671946060382822e+01
1.657301808066759463e+02 -5.243867472363822912e+01 -4.271576379354918629e+01
1.662308762169679994e+02 -5.253056202986377343e+01 -4.279546605100401280e+01
1.667315716272600810e+02 -5.262317812972801789e+01 -4.287581741363803189e+01
1.672322670375521341e+02 -5.271651448955230990e+01 -4.295680902452269834e+01
1.677329624478442156e+02 -5.281056233605772832e+01 -4.303843201841638688e+01
1.682336578581363256e+02 -5.290531278394567494e+01 -4.312067718435635300e+01
1.687343532684283502e+02 -5.300075678892838482e+01 -4.320353553962901572e+01
1.692350486787204602e+02 -5.309688518286705516e+01 -4.328699774208418916e+01
1.697357440890125133e+02 -5.319368860672128108e+01 -4.337105466167284362e+01
1.702364394993045948e+02 -5.329115761198934820e+01 -4.345569686856960345e+01
1.707371349095966480e+02 -5.338928258732792642e+01 -4.354091510651541341e+01
1.712378303198887295e+02 -5.348805385396715906e+01 -4.362669986124713262e+01
1.717385257301808110e+02 -5.358746157454574188e+01 -4.371304182719070752e+01
1.722392211404728641e+02 -5.368749583857847085e+01 -4.379993146618922140e+01
1.727399165507649457e+02 -5.378814661647318474e+01 -4.388735937055290748e+01
1.732406119610569988e+02 -5.388940382404378227e+01 -4.397531608191176389e+01
1.737413073713490803e+02 -5.399125726410041182e+01 -4.406379221015428982e+01
1.742420027816411618e+02 -5.409369668229210504e+01 -4.415277825240696075e+01
1.747426981919332150e+02 -5.419671175976709776e+01 -4.424226479177080762e+01
1.752433936022252965e+02 -5.430029213621276085e+01 -4.433224262245626335e+01
1.757440890125173496e+02 -5.440442736686202352e+01 -4.442270224484441599e+01
1.762447844228094596e+02 -5.450910701842042272e+01 -4.451363453236869816e+01
1.767454798331015411e+02 -5.461432056356153453e+01 -4.460503022728016731e+01
1.772461752433935942e+02 -5.472005751281182029e+01 -4.469688023982098457e+01
1.777468706536856757e+02 -5.482630732475450941e+01 -4.478917546646198389e+01
1.782475660639777288e+02 -5.493305945542311974e+01 -4.488190703812239235e+01
1.787482614742698104e+02 -5.504030334987697870e+01 -4.497506600969887813e+01
1.792489568845618919e+02 -5.514802846081730081e+01 -4.506864362794391354e+01
1.797496522948539450e+02 -5.525622426487680627e+01 -4.516263125928350064e+01
1.802503477051460266e+02 -5.536488022203266723e+01 -4.525702029115760183e+01
1.807510431154380797e+02 -5.547398584210023387e+01 -4.535180231410582508e+01
1.812517385257301612e+02 -5.558353064566327362e+01 -4.544696897199048635e+01
1.817524339360222427e+02 -5.569350418386457591e+01 -4.554251203535261538e+01
1.822531293463142958e+02 -5.580389605121163754e+01 -4.563842348044875052e+01
1.827538247566063774e+02 -5.591469587277097730e+01 -4.573469529314782278e+01
1.832545201668984305e+02 -5.602589329460025169e+01 -4.583131965943380948e+01
1.837552155771905404e+02 -5.613747803598963060e+01 -4.592828880888457377e+01
1.842559109874825651e+02 -5.624943986173926191e+01 -4.602559521709036972e+01
1.847566063977746751e+02 -5.636176856804846125e+01 -4.612323138606694783e+01
1.852573018080667566e+02 -5.647445401048494773e+01 -4.622118999933815076e+01
1.857579972183588097e+02 -5.658748608419878678e+01 -4.631946378139541309e+01
1.862586926286508913e+02 -5.670085474851398999e+01 -4.641804573801958611e+01
1.867593880389429444e+02 -5.681455001397731053e+01 -4.651692884260552319e+01
1.872600834492350259e+02 -5.692856192285867678e+01 -4.661610621141146282e+01
1.877607788595271074e+02 -5.704288059593559979e+01 -4.671557116133642751e+01
1.882614742698191606e+02 -5.715749617413999317e+01 -4.681531703627761942e+01
1.887621696801112421e+02 -5.727239886206839969e+01 -4.691533727977754609e+01
1.892628650904032952e+02 -5.738757891022865465e+01 -4.701562548462631241e+01
1.897635605006953767e+02 -5.750302659372133007e+01 -4.711617533291088478e+01
1.902642559109874583e+02 -5.761873224803744620e+01 -4.721698057794125702e+01
1.907649513212795114e+02 -5.773468622991381949e+01 -4.731803507500441697e+01
1.912656467315716213e+02 -5.785087892315382874e+01 -4.741933270872311823e+01
1.917663421418636460e+02 -5.796730075725386655e+01 -4.752086753978790057e+01
1.922670375521557560e+02 -5.808394217626224076e+01 -4.762263363308565545e+01
1.927677329624478375e+02 -5.820079363412256157e+01 -4.772462512258233858e+01
1.932684283727398906e+02 -5.831784560340489065e+01 -4.782683622400560353e+01
1.937691237830319722e+02 -5.843508856832082188e+01 -4.792926119050633815e+01
1.942698191933240253e+02 -5.855251300726118302e+01 -4.803189433055621294e+01
1.947705146036161068e+02 -5.867010940909418082e+01 -4.813473002163240722e+01
1.952712100139081883e+02 -5.878786823827718422e+01 -4.823776262979967555e+01
1.957719054242002414e+02 -5.890577994402443096e+01 -4.834098660321919283e+01
1.962726008344923230e+02 -5.902383496052530631e+01 -4.844439638888010791e+01
1.967732962447844045e+02 -5.914202368817237243e+01 -4.854798648003756512e+01
1.972739916550764576e+02 -5.926033649126944169e+01 -4.865175139704140861e+01
1.977746870653685392e+02 -5.937876369104665741e+01 -4.875568564232443691e+01
1.982753824756605923e+02 -5.949729556216803417e+01 -4.885978376035117776e+01
1.987760778859527022e+02 -5.961592231759746596e+01 -4.896404030275070340e+01
1.992767732962447838e+02 -5.973463410859872624e+01 -4.906844981255480320e+01
1.997774687065368369e+02 -5.985342101775054857e+01 -4.917300685549625427e+01
2.002781641168289184e+02 -5.997227305079755411e+01 -4.927770596412946702e+01
2.007788595271209999e+02 -6.009118012384456620e+01 -4.938254168265038402e+01
2.012795549374130530e+02 -6.021013206801322326e+01 -4.948750854681483702e+01
2.017802503477051346e+02 -6.032911861314383373e+01 -4.959260109092346624e+01
2.022809457579971877e+02 -6.044812938663122281e+01 -4.969781382453865604e+01
2.027816411682892692e+02 -6.056715390643981323e+01 -4.980314122266199206e+01
2.032823365785813508e+02 -6.068618156946209297e+01 -4.990857776473339413e+01
2.037830319888734039e+02 -6.080520166548845395e+01 -5.001411789781477069e+01
2.042837273991654854e+02 -6.092420333529767618e+01 -5.011975604968674247e+01
2.047844228094575953e+02 -6.104317560325321779e+01 -5.022548660796664421e+01
2.052851182197496485e+02 -6.116210735169184431e+01 -5.033130393524251645e+01
2.057858136300417300e+02 -6.128098732325193509e+01 -5.043720235975987976e+01
2.062865090403338115e+02 -6.139980411621687040e+01 -5.054317616901889210e+01
2.067872044506258646e+02 -6.151854616588857994e+01 -5.064921961210265522e+01
2.072878998609179462e+02 -6.163720178242252246e+01 -5.075532689734890823e+01
2.077885952712099993e+02 -6.175575909029171839e+01 -5.086149217619740170e+01
2.082892906815020808e+02 -6.187420609231517687e+01 -5.096770955541350645e+01
2.087899860917941623e+02 -6.199253059398793653e+01 -5.107397308631979627e+01
2.092906815020862155e+02 -6.211072027391233519e+01 -5.118027676013943505e+01
2.097913769123782970e+02 -6.222876263839603439e+01 -5.128661449184355092e+01
2.102920723226703501e+02 -6.234664502610863224e+01 -5.139298015856829238e+01
2.107927677329624316e+02 -6.246435462961849794e+01 -5.149936752987477462e+01
2.112934631432545416e+02 -6.258187849073615894e+01 -5.160577029583427588e+01
2.117941585535465663e+02 -6.269920347024631724e+01 -5.171218210107971913e+01
2.122948539638386762e+02 -6.281631631077212319e+01 -5.181859645269204862e+01
2.127955493741307293e+02 -6.293320357798543796e+01 -5.192500676701520490e+01
2.132962447844228109e+02 -6.304985170106058945e+01 -5.203140639643432763e+01
2.137969401947148924e+02 -6.316624698548233141e+01 -5.213778852370349881e+01
2.142976356050069455e+02 -6.328237559034144510e+01 -5.224414624624667880e+01
2.147983310152990271e+02 -6.339822353532193233e+01 -5.235047254363788483e+01
2.152990264255910802e+02 -6.351377674670268902e+01 -5.245676023538122479e+01
2.157997218358831617e+02 -6.362902101421107659e+01 -5.256300197101096217e+01
2.163004172461752148e+02 -6.374394202893066108e+01 -5.266919034185717408e+01
2.168011126564672963e+02 -6.385852539967211783e+01 -5.277531769034679598e+01
2.173018080667593779e+02 -6.397275663967641890e+01 -5.288137621147028256e+01
2.178025034770514310e+02 -6.408662116967073530e+01 -5.298735796375011375e+01
2.183031988873435125e+02 -6.420010436730856895e+01 -5.309325475460126142e+01
2.188038942976355656e+02 -6.431319154330519439e+01 -5.319905823180866378e+01
2.193045897079276472e+02 -6.442586796995708198e+01 -5.330475983873498080e+01
2.198052851182197571e+02 -6.453811888289162368e+01 -5.341035080396068224e+01
2.203059805285118102e+02 -6.464992951657147557e+01 -5.351582212569155672e+01
2.208066759388038918e+02 -6.476128507228092701e+01 -5.362116456313742674e+01
2.213073713490959449e+02 -6.487217078317296171e+01 -5.372636866019092849e+01
2.218080667593880264e+02 -6.498257188691165709e+01 -5.383142468772739164e+01
2.223087621696801079e+02 -6.509247367434834075e+01 -5.393632266930971753e+01
2.228094575799721611e+02 -6.520186145779770470e+01 -5.404105235791966777e+01
2.233101529902642426e+02 -6.531072063827049590e+01 -5.414560324947551351e+01
2.238108484005562957e+02 -6.541903668713383979e+01 -5.424996457963452201e+01
2.243115438108483772e+02 -6.552679516073875732e+01 -5.435412524237499099e+01
2.248122392211404588e+02 -6.563398172544874853e+01 -5.445807389797147380e+01
2.253129346314325119e+02 -6.574058217568416751e+01 -5.456179886902128828e+01
2.258136300417245934e+02 -6.584658241937030709e+01 -5.466528823286746785e+01
2.263143254520166465e+02 -6.595196852494008510e+01 -5.476852970350985572e+01
2.268150208623087565e+02 -6.605672673614061807e+01 -5.487151074375373128e+01
2.273157162726008380e+02 -6.616084344976879095e+01 -5.497421849492741330e+01
2.278164116828928911e+02 -6.626430526667571996e+01 -5.507663978317498277e+01
2.283171070931849727e+02 -6.636709897605068420e+01 -5.517876112889186402e+01
2.288178025034770258e+02 -6.646921159525699352e+01 -5.528056874446608049e+01
2.293184979137691073e+02 -6.657063034696501802e+01 -5.538204855966884566e+01
2.298191933240611604e+02 -6.667134272384454619e+01 -5.548318617165720923e+01
2.303198887343532704e+02 -6.677133643052538048e+01 -5.558396688694942611e+01
2.308205841446453235e+02 -6.687059945876707445e+01 -5.568437577662216142e+01
2.313212795549373766e+02 -6.696912005673392798e+01 -5.578439752888606051e+01
2.318219749652294297e+02 -6.706688675518843468e+01 -5.588401662792327329e+01
2.323226703755215397e+02 -6.716388836923751171e+01 -5.598321726940447718e+01
2.328233657858135928e+02 -6.726011399716834660e+01 -5.608198336953172713e+01
2.333240611961056459e+02 -6.735555306408140552e+01 -5.618029858613262206e+01
2.338247566063977843e+02 -6.745019529113132251e+01 -5.627814636559568839e+01
2.343254520166898374e+02 -6.754403071576315654e+01 -5.637550990085989611e+01
2.348261474269818621e+02 -6.763704968714672816e+01 -5.647237218499832068e+01
2.353268428372740004e+02 -6.772924290128766245e+01 -5.656871595934681807e+01
2.358275382475660535e+02 -6.782060137108682341e+01 -5.666452383958834105e+01
2.363282336578581067e+02 -6.791111643050579971e+01 -5.675977824155573614e+01
2.368289290681501882e+02 -6.800077977331137902e+01 -5.685446135948744484e+01
2.373296244784422697e+02 -6.808958340177095181e+01 -5.694855534014799048e+01
2.378303198887343228e+02 -6.817751969417339808e+01 -5.704204215211369444e+01
2.383310152990264044e+02 -6.826458133032328135e+01 -5.713490361831395603e+01
2.388317107093184859e+02 -6.835076135895259597e+01 -5.722712151491327859e+01
2.393324061196105390e+02 -6.843605313762135722e+01 -5.731867755199095882e+01
2.398331015299026205e+02 -6.852045038561381318e+01 -5.740955331811207429e+01
2.403337969401946737e+02 -6.860394716109193780e+01 -5.749973040215805042e+01
2.408344923504867552e+02 -6.868653782722584822e+01 -5.758919039228686643e+01
2.413351877607788083e+02 -6.876821709788681858e+01 -5.767791480659339243e+01
2.418358831710709183e+02 -6.884898001087175601e+01 -5.776588522381912583e+01
2.423365785813629998e+02 -6.892882194129096263e+01 -5.785308323105978445e+01
2.428372739916550529e+02 -6.900773854205080227e+01 -5.793949046386855173e+01
2.433379694019471344e+02 -6.908572582738169388e+01 -5.802508863465403977e+01
2.438386648122392160e+02 -6.916278008276175626e+01 -5.810985953392004433e+01
2.443393602225312691e+02 -6.923889792428862222e+01 -5.819378503615907050e+01
2.448400556328233506e+02 -6.931407624731117778e+01 -5.827684715598378773e+01
2.453407510431154037e+02 -6.938831225145885639e+01 -5.835902802395038691e+01
2.458414464534074853e+02 -6.946160340091491037e+01 -5.844030989548527089e+01
2.463421418636995668e+02 -6.953394745817685418e+01 -5.852067522366168362e+01
2.468428372739916199e+02 -6.960534245487987448e+01 -5.860010662942059412e+01
2.473435326842837014e+02 -6.967578667229726364e+01 -5.867858687487487401e+01
2.478442280945758114e+02 -6.974527865661993076e+01 -5.875609900408480257e+01
2.483449235048678645e+02 -6.981381720382240985e+01 -5.883262618050966353e+01
2.488456189151599460e+02 -6.988140135522452567e+01 -5.890815185753044148e+01
2.493463143254520276e+02 -6.994803036198472057e+01 -5.898265969378289242e+01
2.498470097357440807e+02 -7.001370372351711069e+01 -5.905613360403013701e+01
2.503477051460361338e+02 -7.007842115867869381e+01 -5.912855772723933967e+01
2.508484005563282153e+02 -7.014218258248628501e+01 -5.919991647781363042e+01
2.513490959666202968e+02 -7.020498811659389560e+01 -5.927019454000775056e+01
2.518497913769123500e+02 -7.026683806833797519e+01 -5.933937683978375333e+01
2.523504867872044315e+02 -7.032773294383413543e+01 -5.940744862368929091e+01
2.528511821974965130e+02 -7.038767342352993239e+01 -5.947439536860811415e+01
2.533518776077885661e+02 -7.044666034532464494e+01 -5.954020285194174278e+01
2.538525730180806477e+02 -7.050469471504665364e+01 -5.960485714867145646e+01
2.543532684283727576e+02 -7.056177770616240252e+01 -5.966834461030130399e+01
2.548539638386647823e+02 -7.061791061786688317e+01 -5.973065187664515463e+01
2.553546592489568354e+02 -7.067309489603839268e+01 -5.979176584257557181e+01
2.558553546592489738e+02 -7.072733211461208214e+01 -5.985167374926432160e+01
2.563560500695410269e+02 -7.078062398256487597e+01 -5.991036310185519653e+01
2.568567454798330800e+02 -7.083297230724464555e+01 -5.996782163482932049e+01
2.573574408901251900e+02 -7.088437901889018633e+01 -6.002403742599246073e+01
2.578581363004172431e+02 -7.093484613949011930e+01 -6.007899881422464716e+01
2.583588317107092962e+02 -7.098437579718928703e+01 -6.013269440127308485e+01
2.588595271210013493e+02 -7.103297019980426796e+01 -6.018511304721008059e+01
2.593602225312934593e+02 -7.108063164420936175e+01 -6.023624390569287357e+01
2.598609179415855124e+02 -7.112736249509079300e+01 -6.028607635964411315e+01
2.603616133518775655e+02 -7.117316519076747738e+01 -6.033460005275676963e+01
2.608623087621696754e+02 -7.121804224028063857e+01 -6.038180488359151354e+01
2.613630041724617286e+02 -7.126199619545413100e+01 -6.042768096730517868e+01
2.618636995827537817e+02 -7.130502967214023613e+01 -6.047221867117562510e+01
2.623643949930458916e+02 -7.134714532693659805e+01 -6.051540856121440015e+01
2.628650904033379447e+02 -7.138834586009660654e+01 -6.055724144785065732e+01
2.633657858136299978e+02 -7.142863400621617131e+01 -6.059770833379437249e+01
2.638664812239220510e+02 -7.146801253190541559e+01 -6.063680041143518906e+01
2.643671766342141609e+02 -7.150648423171413981e+01 -6.067450909670290571e+01
2.648678720445062140e+02 -7.154405191707236611e+01 -6.071082594599423032e+01
2.653685674547982671e+02 -7.158071842443941080e+01 -6.074574271853683172e+01
2.658692628650904339e+02 -7.161648659434912645e+01 -6.077925133457077322e+01
2.663699582753824870e+02 -7.165135928363351070e+01 -6.081134386298847971e+01
2.668706536856744833e+02 -7.168533934912456118e+01 -6.084201252491814671e+01
2.673713490959666501e+02 -7.171842965231088840e+01 -6.087124967885804949e+01
2.678720445062587032e+02 -7.175063305468110286e+01 -6.089904782329588784e+01
2.683727399165507563e+02 -7.178195240433605306e+01 -6.092539956294834269e+01
2.688734353268428094e+02 -7.181239054530205124e+01 -6.095029762564129783e+01
2.693741307371349194e+02 -7.184195031403841369e+01 -6.097373484542961819e+01
2.698748261474269725e+02 -7.187063451964685612e+01 -6.099570414542588992e+01
2.703755215577190256e+02 -7.189844596773663454e+01 -6.101619854129288001e+01
2.708762169680111356e+02 -7.192538743888771080e+01 -6.103521112843785090e+01
2.713769123783031887e+02 -7.195146168632244610e+01 -6.105273507677387101e+01
2.718776077885952418e+02 -7.197667144463675015e+01 -6.106876361791412933e+01
2.723783031988873518e+02 -7.200101941815854900e+01 -6.108329004284362895e+01
2.728789986091794049e+02 -7.202450828189365950e+01 -6.109630769493426783e+01
2.733796940194714580e+02 -7.204714068589136389e+01 -6.110780995451980857e+01
2.738803894297635111e+02 -7.206891923589036253e+01 -6.111779025402987031e+01
2.743810848400556210e+02 -7.208984651747495320e+01 -6.112624203433418302e+01
2.748817802503476742e+02 -7.210992507199161139e+01 -6.113315879072663961e+01
2.753824756606397273e+02 -7.212915740877259907e+01 -6.113853401420831801e+01
2.758831710709318372e+02 -7.214754598650951323e+01 -6.114236122146442654e+01
2.763838664812238903e+02 -7.216509325399864849e+01 -6.114463394191309931e+01
2.768845618915159434e+02 -7.218180159542579588e+01 -6.114534570519074919e+01
2.773852573018079966e+02 -7.219767334841061768e+01 -6.114449005039253393e+01
2.778859527121001065e+02 -7.221271083718501416e+01 -6.114206050773694301e+01
2.783866481223921596e+02 -7.222691631904207554e+01 -6.113805060991629148e+01
2.788873435326842127e+02 -7.224029202857390430e+01 -6.113245388773114541e+01
2.793880389429763227e+02 -7.225284014813122724e+01 -6.112526385350113856e+01
2.798887343532683758e+02 -7.226456281713662122e+01 -6.111647401707207905e+01
2.803894297635604289e+02 -7.227546213179347490e+01 -6.110607788674624885e+01
2.808901251738525957e+02 -7.228554015168892022e+01 -6.109406894082295025e+01
2.813908205841446488e+02 -7.229479889244511526e+01 -6.108044066359380508e+01
2.818915159944367019e+02 -7.230324032902980491e+01 -6.106518654977062965e+01
2.823922114047287550e+02 -7.231086639641115710e+01 -6.104830003935003901e+01
2.828929068150208650e+02 -7.231767897621092800e+01 -6.102977460725324477e+01
2.833936022253129181e+02 -7.232367993459401134e+01 -6.100960372489990391e+01
2.838942976356049712e+02 -7.232887107423802320e+01 -6.098778086199072845e+01
2.843949930458970812e+02 -7.233325417542427260e+01 -6.096429949809444793e+01
2.848956884561891343e+02 -7.233683098496466357e+01 -6.093915310842329802e+01
2.853963838664811874e+02 -7.233960318676135159e+01 -6.091233524287157763e+01
2.858970792767732974e+02 -7.234157246310668654e+01 -6.088383940409325135e+01
2.863977746870653505e+02 -7.234274046734380192e+01 -6.085365921634287645e+01
2.868984700973574036e+02 -7.234310876293046988e+01 -6.082178825717176096e+01
2.873991655076494567e+02 -7.234267896338305093e+01 -6.078822023836448807e+01
2.878998609179415666e+02 -7.234145259441869769e+01 -6.075294889878034610e+01
2.884005563282336198e+02 -7.233943118903847846e+01 -6.071596808270453494e+01
2.889012517385257297e+02 -7.233661623689438613e+01 -6.067727170277987625e+01
2.894019471488177828e+02 -7.233300921408552142e+01 -6.063685378855791441e+01
2.899026425591098359e+02 -7.232861158572229954e+01 -6.059470850031414102e+01
2.904033379694019459e+02 -7.232342479389951961e+01 -6.055083013593741725e+01
2.909040333796939990e+02 -7.231745024543268130e+01 -6.050521312269904683e+01
2.914047287899860521e+02 -7.231068937672314689e+01 -6.045785214976844202e+01
2.919054242002781621e+02 -7.230314357072127507e+01 -6.040874199584563087e+01
2.924061196105702152e+02 -7.229481423139584706e+01 -6.035787775243183262e+01
2.929068150208622683e+02 -7.228570277799515509e+01 -6.030525471300441609e+01
2.934075104311543782e+02 -7.227581057723507740e+01 -6.025086845560672089e+01
2.939082058414464314e+02 -7.226513903624034185e+01 -6.019471480014708220e+01
2.944089012517384845e+02 -7.225368956272684784e+01 -6.013679002555527120e+01
2.949095966620305944e+02 -7.224146357909945948e+01 -6.007709061870677658e+01
2.954102920723226475e+02 -7.222846249174041589e+01 -6.001561355920833307e+01
2.959109874826147006e+02 -7.221468779779685576e+01 -5.995235623544644454e+01
2.964116828929068106e+02 -7.220014090938208540e+01 -5.988731639212559799e+01
2.969123783031988637e+02 -7.218482337249157865e+01 -5.982049238578767358e+01
2.974130737134909168e+02 -7.216873668083239579e+01 -5.975188302518191108e+01
2.979137691237830268e+02 -7.215188242444087052e+01 -5.968148780368943562e+01
2.984144645340750799e+02 -7.213426217211194569e+01 -5.960930663937966756e+01
2.989151599443671330e+02 -7.211587760604702169e+01 -5.953534032238449214e+01
2.994158553546592429e+02 -7.209673040321790438e+01 -5.945959014380035512e+01
2.999165507649512961e+02 -7.207682230772684306e+01 -5.938205821932909600e+01
3.004172461752433492e+02 -7.205615511423296482e+01 -5.930274757087430260e+01
3.009179415855354023e+02 -7.203473074620909244e+01 -5.922166195228909658e+01
3.014186369958275691e+02 -7.201255108372627944e+01 -5.913880589878328919e+01
3.019193324061196222e+02 -7.198961816870927066e+01 -5.905418516538713902e+01
3.024200278164116185e+02 -7.196593407677049470e+01 -5.896780634117484254e+01
3.029207232267037853e+02 -7.194150101994658542e+01 -5.887967706924833067e+01
3.034214186369958384e+02 -7.191632126069512765e+01 -5.878980614941106353e+01
3.039221140472878915e+02 -7.189039716748871456e+01 -5.869820358927832160e+01
3.044228094575799446e+02 -7.186373118949424565e+01 -5.860488050847784791e+01
3.049235048678720545e+02 -7.183632592719281718e+01 -5.850984943798862048e+01
3.054242002781641077e+02 -7.180818408776308104e+01 -5.841312414742174042e+01
3.059248956884561608e+02 -7.177930847521115254e+01 -5.831471989172609938e+01
3.064255910987482707e+02 -7.174970204139303576e+01 -5.821465336958976877e+01
3.069262865090403238e+02 -7.171936787841904959e+01 -5.811294273392655185e+01
3.074269819193323769e+02 -7.168830920187819800e+01 -5.800960786906941280e+01
3.079276773296244869e+02 -7.165652935066260909e+01 -5.790467014896236719e+01
3.084283727399165400e+02 -7.162403187067472743e+01 -5.779815262688137523e+01
3.089290681502085931e+02 -7.159082046062678728e+01 -5.769008021861587565e+01
3.094297635605006462e+02 -7.155689894505769644e+01 -5.758047957098675340e+01
3.099304589707927562e+02 -7.152227138103910420e+01 -5.746937904391437257e+01
3.104311543810848093e+02 -7.148694192227026178e+01 -5.735680919088777330e+01
3.109318497913768624e+02 -7.145091494014501166e+01 -5.724280212272174140e+01
3.114325452016689724e+02 -7.141419506729640432e+01 -5.712739215171008311e+01
3.119332406119610255e+02 -7.137678706188665956e+01 -5.701061551160756835e+01
3.124339360222530786e+02 -7.133869585959673998e+01 -5.689251051550080263e+01
3.129346314325451885e+02 -7.129992667032838938e+01 -5.677311741630886388e+01
3.134353268428372417e+02 -7.126048490026933280e+01 -5.665247861858226486e+01
3.139360222531292948e+02 -7.122037613386255828e+01 -5.653063852725713900e+01
3.144367176634213479e+02 -7.117960627743941870e+01 -5.640764376272377945e+01
3.149374130737134578e+02 -7.113818134959915085e+01 -5.628354290624079681e+01
3.154381084840055109e+02 -7.109610768615497989e+01 -5.615838648168765701e+01
3.159388038942975641e+02 -7.105339183354048771e+01 -5.603222738182263640e+01
3.164394993045897309e+02 -7.101004054290109480e+01 -5.590512035167218130e+01
3.169401947148817840e+02 -7.096606088686168334e+01 -5.577712208470801158e+01
3.174408901251737802e+02 -7.092146016427615507e+01 -5.564829128950621850e+01
3.179415855354659470e+02 -7.087624588435029693e+01 -5.551868863647813157e+01
3.184422809457580001e+02 -7.083042581950759597e+01 -5.538837648023162785e+01
3.189429763560500533e+02 -7.078400808805363909e+01 -5.525741909024070253e+01
3.194436717663421064e+02 -7.073700093883510931e+01 -5.512588246691004201e+01
3.199443671766342163e+02 -7.068941294221559701e+01 -5.499383415061012670e+01
3.204450625869262694e+02 -7.064125294803062616e+01 -5.486134332479682030e+01
3.209457579972183225e+02 -7.059252998793937195e+01 -5.472848047466699484e+01
3.214464534075104325e+02 -7.054325349167390868e+01 -5.459531741501041324e+01
3.219471488178024856e+02 -7.049343291193997629e+01 -5.446192752637625745e+01
3.224478442280945387e+02 -7.044307821736059338e+01 -5.432838495888472607e+01
3.229485396383865918e+02 -7.039219942576852418e+01 -5.419476492398143819e+01
3.234492350486787018e+02 -7.034080690871593333e+01 -5.406114347752416904e+01
3.239499304589707549e+02 -7.028891119341966487e+01 -5.392759780327149599e+01
3.244506258692628649e+02 -7.023652314383286921e+01 -5.379420516591055446e+01
3.249513212795549180e+02 -7.018365374941143386e+01 -5.366104349273743424e+01
3.254520166898469711e+02 -7.013031420472773902e+01 -5.352819122243170114e+01
3.259527121001390810e+02 -7.007651607680830352e+01 -5.339572684723118812e+01
3.264534075104311910e+02 -7.002227096993240707e+01 -5.326372886543698826e+01
3.269541029207232441e+02 -6.996759070229248323e+01 -5.313227583889093353e+01
3.274547983310152972e+02 -6.991248736378044271e+01 -5.300144598451311140e+01
3.279554937413073503e+02 -6.985697305901200593e+01 -5.287131745247408787e+01
3.284561891515994603e+02 -6.980106017686497921e+01 -5.274196761155870661e+01
3.289568845618915134e+02 -6.974476119710787714e+01 -5.261347321889681439e+01
3.294575799721835665e+02 -6.968808868274702206e+01 -5.248591048219921618e+01
3.299582753824756765e+02 -6.963105541960156586e+01 -5.235935463846948323e+01
3.304589707927677296e+02 -6.957367410610184777e+01 -5.223387970864959584e+01
3.309596662030597827e+02 -6.951595764331112548e+01 -5.210955953496244319e+01
3.314603616133518926e+02 -6.945791898309850865e+01 -5.198646543686379573e+01
3.319610570236439457e+02 -6.939957106605990589e+01 -5.186466848735386748e+01
3.324617524339359989e+02 -6.934092689082578431e+01 -5.174423764768899048e+01
3.329624478442280520e+02 -6.928199936708867313e+01 -5.162524070007417265e+01
3.334631432545201619e+02 -6.922280149143584538e+01 -5.150774362522501804e+01
3.339638386648122150e+02 -6.916334610042649444e+01 -5.139181096630868240e+01
3.344645340751042681e+02 -6.910364599967333277e+01 -5.127750509655348310e+01
3.349652294853963781e+02 -6.904371398288668615e+01 -5.116488681412070605e+01
3.354659248956884312e+02 -6.898356260868632717e+01 -5.105401448965690747e+01
3.359666203059804843e+02 -6.892320437319023085e+01 -5.094494512095221239e+01
3.364673157162726511e+02 -6.886265156999445480e+01 -5.083773305131482800e+01
3.369680111265647042e+02 -6.880191631717033829e+01 -5.073243047533917149e+01
3.374687065368567005e+02 -6.874101046322729758e+01 -5.062908763523830658e+01
3.379694019471487536e+02 -6.867994576669852336e+01 -5.052775199101418480e+01
3.384700973574409204e+02 -6.861873357838712195e+01 -5.042846889863534443e+01
3.389707927677329735e+02 -6.855738502884381091e+01 -5.033128116443641886e+01
3.394714881780250266e+02 -6.849591098217391050e+01 -5.023622825905520983e+01
3.399721835883171366e+02 -6.843432191146989396e+01 -5.014334884079333676e+01
3.404728789986091897e+02 -6.837262797546998172e+01 -5.005267721207974319e+01
3.409735744089012428e+02 -6.831083893222228198e+01 -4.996424516715099173e+01
3.414742698191932959e+02 -6.824896416997205506e+01 -4.987808244355468901e+01
3.419749652294854059e+02 -6.818701274604052287e+01 -4.979421483288963657e+01
3.424756606397774590e+02 -6.812499310383998363e+01 -4.971266675545797398e+01
3.429763560500695121e+02 -6.806291338680325964e+01 -4.963345779776010147e+01
3.434770514603616220e+02 -6.800078124177248640e+01 -4.955660597464660100e+01
3.439777468706536752e+02 -6.793860380441488189e+01 -4.948212520728479547e+01
3.444784422809457283e+02 -6.787638781758893458e+01 -4.941002642781394627e+01
3.449791376912378382e+02 -6.781413930576697169e+01 -4.934031797712617617e+01
3.454798331015298913e+02 -6.775186395338481304e+01 -4.927300425240377990e+01
3.459805285118219444e+02 -6.768956685966635689e+01 -4.920808699479484005e+01
3.464812239221139976e+02 -6.762725260168039654e+01 -4.914556414387325844e+01
3.469819193324061075e+02 -6.756492516085232580e+01 -4.908543009001512303e+01
3.474826147426981606e+02 -6.750258786659453847e+01 -4.902767698650757211e+01
3.479833101529902137e+02 -6.744024375043348130e+01 -4.897229287387824570e+01
3.484840055632823237e+02 -6.737789505646760801e+01 -4.891926200267263880e+01
3.489847009735743768e+02 -6.731554348478937300e+01 -4.886856656214533245e+01
3.494853963838664299e+02 -6.725319017181499248e+01 -4.882018424513235288e+01
3.499860917941585399e+02 -6.719083575439078970e+01 -4.877408988343532315e+01
3.504867872044505930e+02 -6.712848015034929006e+01 -4.873025560146261626e+01
3.509874826147426461e+02 -6.706612288855417603e+01 -4.868864962635534255e+01
3.514881780250346992e+02 -6.700376275838104334e+01 -4.864923740981028288e+01
3.519888734353268660e+02 -6.694139798927476193e+01 -4.861198129302003679e+01
3.524895688456189191e+02 -6.687902637391923122e+01 -4.857684081591750669e+01
3.529902642559109154e+02 -6.681664510389234124e+01 -4.854377182268592605e+01
3.534909596662030822e+02 -6.675425078479018737e+01 -4.851272882664582653e+01
3.539916550764951353e+02 -6.669183943179812957e+01 -4.848366269396443329e+01
3.544923504867871884e+02 -6.662940669272937555e+01 -4.845652190541480309e+01
3.549930458970792415e+02 -6.656694761756349976e+01 -4.843125241785926960e+01
3.554937413073713515e+02 -6.650445674475756164e+01 -4.840779831311840553e+01
3.559944367176634046e+02 -6.644192809168723102e+01 -4.838610132185664270e+01
3.564951321279554577e+02 -6.637935521496963531e+01 -4.836610111368742082e+01
3.569958275382475676e+02 -6.631673133421153921e+01 -4.834773568834093282e+01
3.574965229485396208e+02 -6.625404896501837015e+01 -4.833094119492422180e+01
3.579972183588316739e+02 -6.619130047830347507e+01 -4.831565211007492167e+01
3.584979137691237838e+02 -6.612847762276012986e+01 -4.830180209310533712e+01
3.589986091794158369e+02 -6.606557182412055340e+01 -4.828932304057565261e+01
3.594993045897078900e+02 -6.600257408678660909e+01 -4.827814648909975404e+01
3.600000000000000000e+02 -6.593947513965781582e+01 -4.826820234760657513e+01
