# lons lats(polar edge) lats(equatorward edge)
0.000000000000000000e+00 -6.904559474591951584e+01 -5.204766402176995399e+01
5.006954102920723182e-01 -6.897347061466280138e+01 -5.201880691376061350e+01
1.001390820584144636e+00 -6.890078232195082819e+01 -5.199027058634329990e+01
1.502086230876216844e+00 -6.882752286598406499e+01 -5.196199423741788337e+01
2.002781641168289273e+00 -6.875368515357695287e+01 -5.193391764700399449e+01
2.503477051460361480e+00 -6.867926190832622524e+01 -5.190598088480518868e+01
3.004172461752433687e+00 -6.860424549542821637e+01 -5.187812447273356042e+01
3.504867872044505894e+00 -6.852862828169472209e+01 -5.185028993133639119e+01
4.005563282336578546e+00 -6.845240234329165219e+01 -5.182241926427748524e+01
4.506258692628650309e+00 -6.837555959985391496e+01 -5.179445527855205000e+01
5.006954102920722960e+00 -6.829809180800137369e+01 -5.176634200669130337e+01
5.507649513212795611e+00 -6.821999050735935555e+01 -5.173802404019286882e+01
6.008344923504867374e+00 -6.814124717113362806e+01 -5.170944690204593996e+01
6.509040333796940025e+00 -6.806185306510658961e+01 -5.168055782231841988e+01
7.009735744089011789e+00 -6.798179927160734337e+01 -5.165130470221751580e+01
7.510431154381083552e+00 -6.790107681647558024e+01 -5.162163641482872833e+01
8.011126564673157091e+00 -6.781967648262829584e+01 -5.159150365860878651e+01
8.511821974965229742e+00 -6.773758898454283894e+01 -5.156085806013122408e+01
9.012517385257300617e+00 -6.765480491530662732e+01 -5.152965212427240260e+01
9.513212795549373268e+00 -6.757131472637946956e+01 -5.149784011952506546e+01
1.001390820584144592e+01 -6.748710881890066560e+01 -5.146537773667169802e+01
1.051460361613352035e+01 -6.740217741550215180e+01 -5.143222157142409401e+01
1.101529902642559122e+01 -6.731651076436311598e+01 -5.139832988848446860e+01
1.151599443671766032e+01 -6.723009889218293722e+01 -5.136366188527553334e+01
1.201668984700973475e+01 -6.714293188288711178e+01 -5.132817864359857651e+01
1.251738525730180740e+01 -6.705499965556218456e+01 -5.129184226364506571e+01
1.301808066759388005e+01 -6.696629215171587646e+01 -5.125461617005404946e+01
1.351877607788595093e+01 -6.687679920718100846e+01 -5.121646535446799930e+01
1.401947148817802358e+01 -6.678651073781172443e+01 -5.117735587619036153e+01
1.452016689847009623e+01 -6.669541653068397125e+01 -5.113725547306030705e+01
1.502086230876216710e+01 -6.660350641058418830e+01 -5.109613291298853710e+01
1.552155771905424153e+01 -6.651077017721671325e+01 -5.105395845682298273e+01
1.602225312934631418e+01 -6.641719766494769317e+01 -5.101070353391524748e+01
1.652294853963838506e+01 -6.632277877123395626e+01 -5.096634093069407356e+01
1.702364394993045948e+01 -6.622750339617321913e+01 -5.092084492241896498e+01
1.752433936022252681e+01 -6.613136148467110331e+01 -5.087419081196125603e+01
1.802503477051460123e+01 -6.603434307945808257e+01 -5.082635491293908103e+01
1.852573018080667566e+01 -6.593643828511066829e+01 -5.077731560123206123e+01
1.902642559109874654e+01 -6.583763729924048391e+01 -5.072705177879068117e+01
1.952712100139081741e+01 -6.573793044085395820e+01 -5.067554379287284405e+01
2.002781641168289184e+01 -6.563730817328986689e+01 -5.062277299000483310e+01
2.052851182197496627e+01 -6.553576104150933190e+01 -5.056872247847327628e+01
2.102920723226704069e+01 -6.543327983275848680e+01 -5.051337586961285808e+01
2.152990264255910802e+01 -6.532985549702436856e+01 -5.045671862921192030e+01
2.203059805285118244e+01 -6.522547906605188928e+01 -5.039873675351526572e+01
2.253129346314325332e+01 -6.512014189542587417e+01 -5.033941760563646994e+01
2.303198887343532064e+01 -6.501383555387636193e+01 -5.027875005699952737e+01
2.353268428372739507e+01 -6.490655186877668825e+01 -5.021672348924239770e+01
2.403337969401946950e+01 -6.479828284005151318e+01 -5.015332887090535507e+01
2.453407510431154037e+01 -6.468902085708512573e+01 -5.008855822569363170e+01
2.503477051460361480e+01 -6.457875859906542360e+01 -5.002240432964666184e+01
2.553546592489568567e+01 -6.446748901607114135e+01 -4.995486160361818406e+01
2.603616133518776010e+01 -6.435520545975285245e+01 -4.988592505666179022e+01
2.653685674547983453e+01 -6.424190164629166588e+01 -4.981559102634651026e+01
2.703755215577190185e+01 -6.412757167736330643e+01 -4.974385713440143775e+01
2.753824756606397628e+01 -6.401221005389729157e+01 -4.967072156565919272e+01
2.803894297635604715e+01 -6.389581175683466086e+01 -4.959618402014356775e+01
2.853963838664812158e+01 -6.377837217066016251e+01 -4.952024529997062530e+01
2.904033379694019246e+01 -6.365988726380791718e+01 -4.944290690556728407e+01
2.954102920723226333e+01 -6.354035339437004382e+01 -4.936417177985052263e+01
3.004172461752433421e+01 -6.341976757760320993e+01 -4.928404353308945929e+01
3.054242002781640863e+01 -6.329812729166030749e+01 -4.920252732682496344e+01
3.104311543810848306e+01 -6.317543072082651179e+01 -4.911962916824489866e+01
3.154381084840055394e+01 -6.305167651482940983e+01 -4.903535611459274435e+01
3.204450625869262836e+01 -6.292686409761323318e+01 -4.894971625195002218e+01
3.254520166898469569e+01 -6.280099354841318871e+01 -4.886271887672923242e+01
3.304589707927677011e+01 -6.267406555914780597e+01 -4.877437437749325966e+01
3.354659248956884454e+01 -6.254608164713167184e+01 -4.868469412394534857e+01
3.404728789986091897e+01 -6.241704402299217236e+01 -4.859369063144986001e+01
3.454798331015298629e+01 -6.228695572161666405e+01 -4.850137746702314701e+01
3.504867872044505361e+01 -6.215582055778793347e+01 -4.840776941548551804e+01
3.554937413073713515e+01 -6.202364321850734541e+01 -4.831288214427753758e+01
3.605006954102920247e+01 -6.189042920299368689e+01 -4.821673266288111392e+01
3.655076495132127690e+01 -6.175618497927996486e+01 -4.811933891964609700e+01
3.705146036161335132e+01 -6.162091790913461864e+01 -4.802072003483951335e+01
3.755215577190541865e+01 -6.148463627339904747e+01 -4.792089632232270446e+01
3.805285118219749307e+01 -6.134734938785211966e+01 -4.781988904259502249e+01
3.855354659248956750e+01 -6.120906753616405638e+01 -4.771772070235907393e+01
3.905424200278163482e+01 -6.106980207759885104e+01 -4.761441487761781843e+01
3.955493741307371636e+01 -6.092956536833195003e+01 -4.750999625271229831e+01
4.005563282336578368e+01 -6.078837088023543345e+01 -4.740449074155223741e+01
4.055632823365785811e+01 -6.064623322432861130e+01 -4.729792508665596529e+01
4.105702364394993253e+01 -6.050316807908937733e+01 -4.719032763008065956e+01
4.155771905424199986e+01 -6.035919231442174748e+01 -4.708172732901252289e+01
4.205841446453408139e+01 -6.021432399395020241e+01 -4.697215460156107270e+01
4.255910987482614871e+01 -6.006858229813555283e+01 -4.686164084737205826e+01
4.305980528511821603e+01 -5.992198767297755069e+01 -4.675021851874438994e+01
4.356050069541029046e+01 -5.977456179953965432e+01 -4.663792116762169115e+01
4.406119610570236489e+01 -5.962632757115802917e+01 -4.652478361488267922e+01
4.456189151599443221e+01 -5.947730913269784025e+01 -4.641084150862828039e+01
4.506258692628650664e+01 -5.932753188512738518e+01 -4.629613164012322102e+01
4.556328233657857396e+01 -5.917702255809827250e+01 -4.618069194576770542e+01
4.606397774687064128e+01 -5.902580907258352738e+01 -4.606456123394096380e+01
4.656467315716272282e+01 -5.887392066873117358e+01 -4.594777944339980991e+01
4.706536856745479014e+01 -5.872138786583646208e+01 -4.583038738763561071e+01
4.756606397774686457e+01 -5.856824249250321657e+01 -4.571242698303093732e+01
4.806675938803893899e+01 -5.841451756731812850e+01 -4.559394094477410420e+01
4.856745479833100632e+01 -5.826024746132289067e+01 -4.547497293483628766e+01
4.906815020862308074e+01 -5.810546773066717208e+01 -4.535556758865116933e+01
4.956884561891514807e+01 -5.795021523826262921e+01 -4.523577024398167623e+01
5.006954102920722960e+01 -5.779452798061511487e+01 -4.511562716050451627e+01
5.057023643949929692e+01 -5.763844524851420204e+01 -4.499518527051301930e+01
5.107093184979137135e+01 -5.748200744266041795e+01 -4.487449231015895634e+01
5.157162726008345288e+01 -5.732525612830768580e+01 -4.475359665677794396e+01
5.207232267037552020e+01 -5.716823400601397509e+01 -4.463254733460794910e+01
5.257301808066758753e+01 -5.701098483658979887e+01 -4.451139393300999814e+01
5.307371349095966906e+01 -5.685355342785597088e+01 -4.439018660624550705e+01
5.357440890125173638e+01 -5.669598559235210189e+01 -4.426897596967445736e+01
5.407510431154380370e+01 -5.653832811248476276e+01 -4.414781303108010491e+01
5.457579972183587813e+01 -5.638062863928253421e+01 -4.402674921052802404e+01
5.507649513212795256e+01 -5.622293571327800521e+01 -4.390583614898186227e+01
5.557719054242002699e+01 -5.606529864596423351e+01 -4.378512579095821877e+01
5.607788595271209431e+01 -5.590776749825791114e+01 -4.366467020495601048e+01
5.657858136300416163e+01 -5.575039299260579639e+01 -4.354452155202433516e+01
5.707927677329624316e+01 -5.559322647806011730e+01 -4.342473201882366141e+01
5.757997218358831759e+01 -5.543631981124390506e+01 -4.330535372216526468e+01
5.808066759388038491e+01 -5.527972534645569169e+01 -4.318643869809729097e+01
5.858136300417245934e+01 -5.512349581692588174e+01 -4.306803872786385057e+01
5.908205841446452666e+01 -5.496768425099772060e+01 -4.295020533703190324e+01
5.958275382475660109e+01 -5.481234394826215350e+01 -4.283298970410523054e+01
6.008344923504866841e+01 -5.465752834451605224e+01 -4.271644255822447178e+01
6.058414464534074995e+01 -5.450329093900263899e+01 -4.260061412939957393e+01
6.108484005563281727e+01 -5.434968522223398679e+01 -4.248555404722846163e+01
6.158553546592489170e+01 -5.419676459479133257e+01 -4.237131128443560613e+01
6.208623087621696612e+01 -5.404458226255128750e+01 -4.225793406490392101e+01
6.258692628650903345e+01 -5.389319116334418425e+01 -4.214546979411660743e+01
6.308762169680110787e+01 -5.374264387964258560e+01 -4.203396499163626743e+01
6.358831710709318941e+01 -5.359299253058607349e+01 -4.192346519913679970e+01
6.408901251738525673e+01 -5.344428872308681377e+01 -4.181401494009459441e+01
6.458970792767732405e+01 -5.329658343657838770e+01 -4.170565762141758626e+01
6.509040333796939137e+01 -5.314992694385337302e+01 -4.159843548280458947e+01
6.559109874826147291e+01 -5.300436872724431225e+01 -4.149238953504517724e+01
6.609179415855354023e+01 -5.285995741110282609e+01 -4.138755949351742913e+01
6.659248956884562176e+01 -5.271674066051828333e+01 -4.128398371066704442e+01
6.709318497913768908e+01 -5.257476511612522074e+01 -4.118169917397007396e+01
6.759388038942975641e+01 -5.243407631726923057e+01 -4.108074135750338485e+01
6.809457579972183794e+01 -5.229471862750115463e+01 -4.098114429755550248e+01
6.859527121001390526e+01 -5.215673517404111692e+01 -4.088294043919485432e+01
6.909596662030597258e+01 -5.202016776861610481e+01 -4.078616068713780862e+01
6.959666203059803991e+01 -5.188505685740138063e+01 -4.069083428971534033e+01
7.009735744089010723e+01 -5.175144145582790145e+01 -4.059698887690696267e+01
7.059805285118218876e+01 -5.161935910667280325e+01 -4.050465040866778565e+01
7.109874826147427029e+01 -5.148884581137436101e+01 -4.041384315377594305e+01
7.159944367176633762e+01 -5.135993600092815825e+01 -4.032458964987394268e+01
7.210013908205840494e+01 -5.123266249892522239e+01 -4.023691074598841055e+01
7.260083449235048647e+01 -5.110705646159813398e+01 -4.015082552980145181e+01
7.310152990264255379e+01 -5.098314737418304787e+01 -4.006635136706931632e+01
7.360222531293462112e+01 -5.086096300959225402e+01 -3.998350390969021362e+01
7.410292072322670265e+01 -5.074052940804149614e+01 -3.990229703260622784e+01
7.460361613351876997e+01 -5.062187087006505237e+01 -3.982274292821087158e+01
7.510431154381083729e+01 -5.050500993366922842e+01 -3.974485203473911099e+01
7.560500695410290461e+01 -5.038996736909366803e+01 -3.966863315421269931e+01
7.610570236439498615e+01 -5.027676218113965945e+01 -3.959409331655243136e+01
7.660639777468706768e+01 -5.016541161499090151e+01 -3.952123798182347514e+01
7.710709318497913500e+01 -5.005593114369885654e+01 -3.945007094582399532e+01
7.760778859527120233e+01 -4.994833450136111708e+01 -3.938059436237529098e+01
7.810848400556326965e+01 -4.984263369650916786e+01 -3.931280886543538600e+01
7.860917941585533697e+01 -4.973883900745177300e+01 -3.924671349719722002e+01
7.910987482614743271e+01 -4.963695904193782837e+01 -3.918230583294791813e+01
7.961057023643950004e+01 -4.953700073482805522e+01 -3.911958195449827258e+01
8.011126564673156736e+01 -4.943896938301959665e+01 -3.905853651644704883e+01
8.061196105702363468e+01 -4.934286870700061911e+01 -3.899916276797350179e+01
8.111265646731571621e+01 -4.924870085143238896e+01 -3.894145264286245833e+01
8.161335187760779775e+01 -4.915646644392991504e+01 -3.888539678169374270e+01
8.211404728789986507e+01 -4.906616463366090386e+01 -3.883098453034173758e+01
8.261474269819193239e+01 -4.897779313887595265e+01 -3.877820407082319321e+01
8.311543810848399971e+01 -4.889134829089171319e+01 -3.872704237278023243e+01
8.361613351877606704e+01 -4.880682508734180658e+01 -3.867748533128698796e+01
8.411682892906816278e+01 -4.872421723830639451e+01 -3.862951781957697506e+01
8.461752433936023010e+01 -4.864351723383306592e+01 -3.858312364720184462e+01
8.511821974965229742e+01 -4.856471636954820781e+01 -3.853828567987655163e+01
8.561891515994436475e+01 -4.848780482840238903e+01 -3.849498590779839446e+01
8.611961057023643207e+01 -4.841277172152486230e+01 -3.845320541659256719e+01
8.662030598052849939e+01 -4.833960516673114682e+01 -3.841292456213923856e+01
8.712100139082058092e+01 -4.826829229427103485e+01 -3.837412292035142514e+01
8.762169680111264825e+01 -4.819881938809130872e+01 -3.833677938499749871e+01
8.812239221140472978e+01 -4.813117186018799032e+01 -3.830087218372500502e+01
8.862308762169679710e+01 -4.806533435305182422e+01 -3.826637900344211118e+01
8.912378303198886442e+01 -4.800129080136839832e+01 -3.823327698188948887e+01
8.962447844228094596e+01 -4.793902446694274033e+01 -3.820154276140600302e+01
9.012517385257301328e+01 -4.787851800039943839e+01 -3.817115257384837435e+01
9.062586926286508060e+01 -4.781975351801675345e+01 -3.814208226900116472e+01
9.112656467315714792e+01 -4.776271262451855648e+01 -3.811430739394889144e+01
9.162726008344921524e+01 -4.770737650104065608e+01 -3.808780318668998177e+01
9.212795549374128257e+01 -4.765372594583978128e+01 -3.806254470139687385e+01
9.262865090403337831e+01 -4.760174141758552935e+01 -3.803850678116727124e+01
9.312934631432544563e+01 -4.755140309249482300e+01 -3.801566421988322020e+01
9.363004172461751295e+01 -4.750269093104334672e+01 -3.799399164333603096e+01
9.413073713490958028e+01 -4.745558470215810587e+01 -3.797346371054312897e+01
9.463143254520164760e+01 -4.741006405155685854e+01 -3.795405510277500127e+01
9.513212795549372913e+01 -4.736610853641805363e+01 -3.793574055935972922e+01
9.563282336578581067e+01 -4.732369767215614331e+01 -3.791849494492647921e+01
9.613351877607787799e+01 -4.728281098452440290e+01 -3.790229323948746298e+01
9.663421418636994531e+01 -4.724342804000058038e+01 -3.788711067687285095e+01
9.713490959666201263e+01 -4.720552849406827534e+01 -3.787292271785004516e+01
9.763560500695409416e+01 -4.716909212815095032e+01 -3.785970509024805608e+01
9.813630041724616149e+01 -4.713409887915928209e+01 -3.784743389436512473e+01
9.863699582753822881e+01 -4.710052888663936699e+01 -3.783608554252892020e+01
9.913769123783029613e+01 -4.706836252995286429e+01 -3.782563689253761652e+01
9.963838664812239188e+01 -4.703758044128504423e+01 -3.781606520720215769e+01
1.001390820584144592e+02 -4.700816354674485353e+01 -3.780734823745133610e+01
1.006397774687065265e+02 -4.698009309784707455e+01 -3.779946425508914842e+01
1.011404728789985938e+02 -4.695335069398593930e+01 -3.779239205220950737e+01
1.016411682892906754e+02 -4.692791831174132255e+01 -3.778611100787533417e+01
1.021418636995827427e+02 -4.690377832234104005e+01 -3.778060106794659134e+01
1.026425591098748242e+02 -4.688091351960052577e+01 -3.777584284705302764e+01
1.031432545201669058e+02 -4.685930713156436411e+01 -3.777181758473820139e+01
1.036439499304589731e+02 -4.683894284844596712e+01 -3.776850722687744621e+01
1.041446453407510404e+02 -4.681980483543325988e+01 -3.776589437345468525e+01
1.046453407510431077e+02 -4.680187773734529344e+01 -3.776396239521354659e+01
1.051460361613351751e+02 -4.678514671821345416e+01 -3.776269536926783843e+01
1.056467315716272708e+02 -4.676959744032670585e+01 -3.776207813810352576e+01
1.061474269819193381e+02 -4.675521609682787982e+01 -3.776209632460059851e+01
1.066481223922114054e+02 -4.674198941287782816e+01 -3.776273633878710001e+01
1.071488178025034728e+02 -4.672990465496864942e+01 -3.776398537390897303e+01
1.076495132127955401e+02 -4.671894963325199512e+01 -3.776583146043386563e+01
1.081502086230876074e+02 -4.670911270619568256e+01 -3.776826342016257598e+01
1.086509040333796889e+02 -4.670038278407615451e+01 -3.777127090879340443e+01
1.091515994436717563e+02 -4.669274932897847918e+01 -3.777484441679526839e+01
1.096522948539638236e+02 -4.668620236178126959e+01 -3.777897525703857440e+01
1.101529902642559051e+02 -4.668073244353023199e+01 -3.778365558371270794e+01
1.106536856745479724e+02 -4.667633069406461743e+01 -3.778887837086195844e+01
1.111543810848400540e+02 -4.667298876873415736e+01 -3.779463742984781760e+01
1.116550764951321213e+02 -4.667069886771228937e+01 -3.780092740090886849e+01
1.121557719054241886e+02 -4.666945371853385893e+01 -3.780774372754941481e+01
1.126564673157162559e+02 -4.666924657609511939e+01 -3.781508267050931948e+01
1.131571627260083233e+02 -4.667007121101219980e+01 -3.782294129379416603e+01
1.136578581363004190e+02 -4.667192189797957269e+01 -3.783131744139219421e+01
1.141585535465924863e+02 -4.667479340878513483e+01 -3.784020973727430004e+01
1.146592489568845536e+02 -4.667868100066867498e+01 -3.784961755978266496e+01
1.151599443671766352e+02 -4.668358039711334584e+01 -3.785954103437298812e+01
1.156606397774686883e+02 -4.668948778318905113e+01 -3.786998100501997300e+01
1.161613351877607698e+02 -4.669639979332883684e+01 -3.788093902093870469e+01
1.166620305980528229e+02 -4.670431348106090752e+01 -3.789241731934063040e+01
1.171627260083449187e+02 -4.671322632075485615e+01 -3.790441878790780805e+01
1.176634214186370002e+02 -4.672313618899521259e+01 -3.791694695839006357e+01
1.181641168289290533e+02 -4.673404133605968980e+01 -3.793000597168039434e+01
1.186648122392211349e+02 -4.674594037662414792e+01 -3.794360055715124957e+01
1.191655076495132022e+02 -4.675883228492408250e+01 -3.795773597211856298e+01
1.196662030598052695e+02 -4.677271635913881198e+01 -3.797241804476990268e+01
1.201668984700973368e+02 -4.678759220916786887e+01 -3.798765307265576752e+01
1.206675938803894041e+02 -4.680345974326142766e+01 -3.800344783087503941e+01
1.211682892906814999e+02 -4.682031914870263734e+01 -3.801980952938330205e+01
1.216689847009735672e+02 -4.683817086903387406e+01 -3.803674576777276428e+01
1.221696801112656345e+02 -4.685701558441165560e+01 -3.805426456302890159e+01
1.226703755215577019e+02 -4.687685421044248812e+01 -3.807237421896794416e+01
1.231710709318497834e+02 -4.689768785918373339e+01 -3.809108338661680904e+01
1.236717663421418507e+02 -4.691951783681530230e+01 -3.811040095865828192e+01
1.241724617524339322e+02 -4.694234562414008849e+01 -3.813033608616969872e+01
1.246731571627260138e+02 -4.696617283729379722e+01 -3.815089813796512175e+01
1.251738525730180669e+02 -4.699100124986385651e+01 -3.817209663232497263e+01
1.256745479833101484e+02 -4.701683274341290542e+01 -3.819394126009265023e+01
1.261752433936022157e+02 -4.704366932494116327e+01 -3.821644180688203818e+01
1.266759388038942831e+02 -4.707151306002485569e+01 -3.823960813927592284e+01
1.271766342141863788e+02 -4.710036612562105063e+01 -3.826345014503353781e+01
1.276773296244784177e+02 -4.713023073660876605e+01 -3.828797780094796366e+01
1.281780250347705135e+02 -4.716110916497852656e+01 -3.831320100846973986e+01
1.286787204450625950e+02 -4.719300371051501486e+01 -3.833912966224638552e+01
1.291794158553546481e+02 -4.722591671782281253e+01 -3.836577356011880369e+01
1.296801112656467296e+02 -4.725985051695458594e+01 -3.839314248359337256e+01
1.301808066759387827e+02 -4.729480746241021905e+01 -3.842124598978574568e+01
1.306815020862308643e+02 -4.733078987842161212e+01 -3.845009360874558979e+01
1.311821974965229458e+02 -4.736780010439103705e+01 -3.847969463507085663e+01
1.316828929068149989e+02 -4.740584041500112278e+01 -3.851005824694782120e+01
1.321835883171070805e+02 -4.744491307573041183e+01 -3.854119337110235222e+01
1.326842837273991336e+02 -4.748502032395406047e+01 -3.857310871888010695e+01
1.331849791376912435e+02 -4.752616431318286061e+01 -3.860581286080359575e+01
1.336856745479833251e+02 -4.756834717312570149e+01 -3.863931402451105157e+01
1.341863699582753782e+02 -4.761157096150539303e+01 -3.867362024207811544e+01
1.346870653685674597e+02 -4.765583769932830194e+01 -3.870873929994398566e+01
1.351877607788595128e+02 -4.770114930628308514e+01 -3.874467863719313243e+01
1.356884561891515943e+02 -4.774750767052621825e+01 -3.878144553414880136e+01
1.361891515994436759e+02 -4.779491457006527355e+01 -3.881904693920563432e+01
1.366898470097357290e+02 -4.784337174171680829e+01 -3.885748944666667626e+01
1.371905424200278105e+02 -4.789288082443452765e+01 -3.889677949205471919e+01
1.376912378303198636e+02 -4.794344340472524379e+01 -3.893692318311980216e+01
1.381919332406119452e+02 -4.799506095244940695e+01 -3.897792631722143142e+01
1.386926286509039983e+02 -4.804773490828300453e+01 -3.901979442341699666e+01
1.391933240611960798e+02 -4.810146658666415931e+01 -3.906253283228298301e+01
1.396940194714881613e+02 -4.815625723785704793e+01 -3.910614650317884866e+01
1.401947148817802145e+02 -4.821210804031214536e+01 -3.915064020139486445e+01
1.406954102920723244e+02 -4.826902006505041243e+01 -3.919601842305557682e+01
1.411961057023643775e+02 -4.832699433222477126e+01 -3.924228544881293601e+01
1.416968011126564591e+02 -4.838603174589114531e+01 -3.928944521869047435e+01
1.421974965229485406e+02 -4.844613314066553755e+01 -3.933750162170176168e+01
1.426981919332405937e+02 -4.850729926066013320e+01 -3.938645818939872356e+01
1.431988873435326752e+02 -4.856953075190720881e+01 -3.943631829029324365e+01
1.436995827538247283e+02 -4.863282819313643301e+01 -3.948708512568654783e+01
1.442002781641168099e+02 -4.869719205459294642e+01 -3.953876165441651835e+01
1.447009735744088914e+02 -4.876262268371981889e+01 -3.959135069291616560e+01
1.452016689847009729e+02 -4.882912036701207370e+01 -3.964485490474883989e+01
1.457023643949930261e+02 -4.889668529125963659e+01 -3.969927675220218077e+01
1.462030598052851076e+02 -4.896531748643945292e+01 -3.975461860316839591e+01
1.467037552155771891e+02 -4.903501691386550476e+01 -3.981088267139681136e+01
1.472044506258692422e+02 -4.910578339450508167e+01 -3.986807098103925995e+01
1.477051460361613238e+02 -4.917761665861503673e+01 -3.992618549103181635e+01
1.482058414464534053e+02 -4.925051624047951293e+01 -3.998522807164901849e+01
1.487065368567454584e+02 -4.932448160185045083e+01 -4.004520030394019159e+01
1.492072322670375399e+02 -4.939951200319951852e+01 -4.010610386243492087e+01
1.497079276773296215e+02 -4.947560662219798644e+01 -4.016794019345901745e+01
1.502086230876216746e+02 -4.955276436454182942e+01 -4.023071068174635911e+01
1.507093184979137845e+02 -4.963098408305860687e+01 -4.029441651665568713e+01
1.512100139082058092e+02 -4.971026435844443370e+01 -4.035905895532071952e+01
1.517107093184979192e+02 -4.979060361745588636e+01 -4.042463888089702095e+01
1.522114047287899723e+02 -4.987200006669674224e+01 -4.049115729193732705e+01
1.527121001390820538e+02 -4.995445171780239946e+01 -4.055861495110735859e+01
1.532127955493741354e+02 -5.003795634316567487e+01 -4.062701249107891499e+01
1.537134909596661885e+02 -5.012251146899735943e+01 -4.069635046607987761e+01
1.542141863699582700e+02 -5.020811438394822801e+01 -4.076662914789454817e+01
1.547148817802503231e+02 -5.029476210561172422e+01 -4.083784885651380137e+01
1.552155771905424047e+02 -5.038245139700650554e+01 -4.091000960933374131e+01
1.557162726008344862e+02 -5.047117870641871207e+01 -4.098311125109819386e+01
1.562169680111265393e+02 -5.056094021457322185e+01 -4.105715348397995967e+01
1.567176634214186208e+02 -5.065173174874000495e+01 -4.113213575461533367e+01
1.572183588317106739e+02 -5.074354888443008349e+01 -4.120805734330188841e+01
1.577190542420027555e+02 -5.083638679680984751e+01 -4.128491725798089362e+01
1.582197496522948654e+02 -5.093024034966350655e+01 -4.136271432076510735e+01
1.587204450625868901e+02 -5.102510405344349920e+01 -4.144144706462439842e+01
1.592211404728790001e+02 -5.112097205001322209e+01 -4.152111362001552664e+01
1.597218358831710532e+02 -5.121783811399058095e+01 -4.160171209632910916e+01
1.602225312934631347e+02 -5.131569563676879397e+01 -4.168324006643550206e+01
1.607232267037552162e+02 -5.141453763928569742e+01 -4.176569481768117953e+01
1.612239221140472694e+02 -5.151435670806706923e+01 -4.184907342499752758e+01
1.617246175243393509e+02 -5.161514506776968858e+01 -4.193337248252259997e+01
1.622253129346314324e+02 -5.171689451773802659e+01 -4.201858828567947057e+01
1.627260083449234855e+02 -5.181959646298004429e+01 -4.210471669935674299e+01
1.632267037552155955e+02 -5.192324187951761871e+01 -4.219175317117066015e+01
1.637273991655076486e+02 -5.202782133939344078e+01 -4.227969293336815326e+01
1.642280945757997301e+02 -5.213332499402476117e+01 -4.236853050843873802e+01
1.647287899860917832e+02 -5.223974257732642457e+01 -4.245826025847286900e+01
1.652294853963838648e+02 -5.234706344111636156e+01 -4.254887599386216124e+01
1.657301808066759463e+02 -5.245527648395672315e+01 -4.264037094869271982e+01
1.662308762169679994e+02 -5.256437022747867616e+01 -4.273273822414734013e+01
1.667315716272600810e+02 -5.267433278305851729e+01 -4.282597014191208018e+01
1.672322670375521341e+02 -5.278515186262247028e+01 -4.292005877937538116e+01
1.677329624478442156e+02 -5.289681480438261474e+01 -4.301499560747527084e+01
1.682336578581363256e+02 -5.300930856899171317e+01 -4.311077172259919621e+01
1.687343532684283502e+02 -5.312261972253722320e+01 -4.320737768986381866e+01
1.692350486787204602e+02 -5.323673451928002009e+01 -4.330480362378058601e+01
1.697357440890125133e+02 -5.335163882610899577e+01 -4.340303925347417646e+01
1.702364394993045948e+02 -5.346731820232193400e+01 -4.350207371127272893e+01
1.707371349095966480e+02 -5.358375787123108580e+01 -4.360189580817224453e+01
1.712378303198887295e+02 -5.370094279146755412e+01 -4.370249373249218650e+01
1.717385257301808110e+02 -5.381885757290760353e+01 -4.380385544610855675e+01
1.722392211404728641e+02 -5.393748661249659904e+01 -4.390596827340725383e+01
1.727399165507649457e+02 -5.405681401586875268e+01 -4.400881932897239324e+01
1.732406119610569988e+02 -5.417682367007031985e+01 -4.411239508412886323e+01
1.737413073713490803e+02 -5.429749924533197714e+01 -4.421668181069303216e+01
1.742420027816411618e+02 -5.441882419829298101e+01 -4.432166528522658666e+01
1.747426981919332150e+02 -5.454078182377193684e+01 -4.442733103975571396e+01
1.752433936022252965e+02 -5.466335523556259091e+01 -4.453366408690727951e+01
1.757440890125173496e+02 -5.478652742315821911e+01 -4.464064921426550825e+01
1.762447844228094596e+02 -5.491028125969157259e+01 -4.474827095185987957e+01
1.767454798331015411e+02 -5.503459948715450878e+01 -4.485651341925490954e+01
1.772461752433935942e+02 -5.515946478908226425e+01 -4.496536056995041974e+01
1.777468706536856757e+02 -5.528485978340249574e+01 -4.507479602023610710e+01
1.782475660639777288e+02 -5.541076704712104117e+01 -4.518480319509821186e+01
1.787482614742698104e+02 -5.553716911321025407e+01 -4.529536534080820331e+01
1.792489568845618919e+02 -5.566404852868508613e+01 -4.540646554377900657e+01
1.797496522948539450e+02 -5.579138784521710193e+01 -4.551808664251710468e+01
1.802503477051460266e+02 -5.591916964241754329e+01 -4.563021138771880203e+01
1.807510431154380797e+02 -5.604737653947886145e+01 -4.574282245896553434e+01
1.812517385257301612e+02 -5.617599122777100717e+01 -4.585590241728438343e+01
1.817524339360222427e+02 -5.630499647200558400e+01 -4.596943371708388781e+01
1.822531293463142958e+02 -5.643437512420568680e+01 -4.608339885141968750e+01
1.827538247566063774e+02 -5.656411014495169809e+01 -4.619778027327913605e+01
1.832545201668984305e+02 -5.669418460629167100e+01 -4.631256045740076388e+01
1.837552155771905404e+02 -5.682458172026308318e+01 -4.642772184302077676e+01
1.842559109874825651e+02 -5.695528483074376425e+01 -4.654324702535734559e+01
1.847566063977746751e+02 -5.708627743702599844e+01 -4.665911863175199414e+01
1.852573018080667566e+02 -5.721754319090614160e+01 -4.677531937598462264e+01
1.857579972183588097e+02 -5.734906591240068963e+01 -4.689183213186981902e+01
1.862586926286508913e+02 -5.748082959673119774e+01 -4.700863987461264060e+01
1.867593880389429444e+02 -5.761281841665258696e+01 -4.712572580521953114e+01
1.872600834492350259e+02 -5.774501672710975697e+01 -4.724307324555485366e+01
1.877607788595271074e+02 -5.787740907396873524e+01 -4.736066575926190581e+01
1.882614742698191606e+02 -5.800998018353929808e+01 -4.747848711802237176e+01
1.887621696801112421e+02 -5.814271498236557534e+01 -4.759652132994108342e+01
1.892628650904032952e+02 -5.827559857859959891e+01 -4.771475269486872151e+01
1.897635605006953767e+02 -5.840861627829944780e+01 -4.783316571960712338e+01
1.902642559109874583e+02 -5.854175356913110306e+01 -4.795174524355560663e+01
1.907649513212795114e+02 -5.867499612968167355e+01 -4.807047639435212716e+01
1.912656467315716213e+02 -5.880832982014617016e+01 -4.818934460563640698e+01
1.917663421418636460e+02 -5.894174067999919941e+01 -4.830833561180214986e+01
1.922670375521557560e+02 -5.907521491402512481e+01 -4.842743552333730861e+01
1.927677329624478375e+02 -5.920873890628790548e+01 -4.854663075806628569e+01
1.932684283727398906e+02 -5.934229919219141891e+01 -4.866590809659273020e+01
1.937691237830319722e+02 -5.947588246313607385e+01 -4.878525466309100977e+01
1.942698191933240253e+02 -5.960947556186219742e+01 -4.890465795179069630e+01
1.947705146036161068e+02 -5.974306546149527719e+01 -4.902410582661731553e+01
1.952712100139081883e+02 -5.987663926321765473e+01 -4.914358651055125904e+01
1.957719054242002414e+02 -6.001018419394021919e+01 -4.926308860326288652e+01
1.962726008344923230e+02 -6.014368758069103649e+01 -4.938260108022122097e+01
1.967732962447844045e+02 -6.027713685643611541e+01 -4.950211327778278303e+01
1.972739916550764576e+02 -6.041051954494541576e+01 -4.962161492345957470e+01
1.977746870653685392e+02 -6.054382324100224366e+01 -4.974109609750202310e+01
1.982753824756605923e+02 -6.067703561273155799e+01 -4.986054725152543199e+01
1.987760778859527022e+02 -6.081014438064521244e+01 -4.997995920385336888e+01
1.992767732962447838e+02 -6.094313732811933448e+01 -5.009932312438367319e+01
1.997774687065368369e+02 -6.107600225133573701e+01 -5.021863053808091593e+01
2.002781641168289184e+02 -6.120872698889506580e+01 -5.033787330518579495e+01
2.007788595271209999e+02 -6.134129939023914346e+01 -5.045704364740858239e+01
2.012795549374130530e+02 -6.147370731113987574e+01 -5.057613407187781718e+01
2.017802503477051346e+02 -6.160593860904263863e+01 -5.069513743087335911e+01
2.022809457579971877e+02 -6.173798112076546829e+01 -5.081404688112124290e+01
2.027816411682892692e+02 -6.186982266482736748e+01 -5.093285586161314882e+01
2.032823365785813508e+02 -6.200145102580499668e+01 -5.105155809528051236e+01
2.037830319888734039e+02 -6.213285396932114679e+01 -5.117014757088364263e+01
2.042837273991654854e+02 -6.226401918692936022e+01 -5.128861855024334204e+01
2.047844228094575953e+02 -6.239493434682735540e+01 -5.140696551105102685e+01
2.052851182197496485e+02 -6.252558704650532206e+01 -5.152518314901994501e+01
2.057858136300417300e+02 -6.265596482622008523e+01 -5.164326637644575868e+01
2.062865090403338115e+02 -6.278605515627809552e+01 -5.176121031643146608e+01
2.067872044506258646e+02 -6.291584544077799990e+01 -5.187901022883620072e+01
2.072878998609179462e+02 -6.304532301806197836e+01 -5.199666153795573820e+01
2.077885952712099993e+02 -6.317447513801702996e+01 -5.211415984012596425e+01
2.082892906815020808e+02 -6.330328898775000823e+01 -5.223150077970835525e+01
2.087899860917941623e+02 -6.343175167928670533e+01 -5.234868016090381104e+01
2.092906815020862155e+02 -6.355985024388751015e+01 -5.246569382954525906e+01
2.097913769123782970e+02 -6.368757164190860465e+01 -5.258253769476134210e+01
2.102920723226703501e+02 -6.381490276280196383e+01 -5.269920774885113701e+01
2.107927677329624316e+02 -6.394183043941261246e+01 -5.281569994557222003e+01
2.112934631432545416e+02 -6.406834142851543845e+01 -5.293201022876465345e+01
2.117941585535465663e+02 -6.419442243511689128e+01 -5.304813455883032702e+01
2.122948539638386762e+02 -6.432006012986271060e+01 -5.316406888103284700e+01
2.127955493741307293e+02 -6.444524109925843902e+01 -5.327980898362642392e+01
2.132962447844228109e+02 -6.456995193128243216e+01 -5.339535065104558953e+01
2.137969401947148924e+02 -6.469417917027605824e+01 -5.351068951579176769e+01
2.142976356050069455e+02 -6.481790933949234557e+01 -5.362582110898469523e+01
2.147983310152990271e+02 -6.494112895236177962e+01 -5.374074082236877814e+01
2.152990264255910802e+02 -6.506382453184635040e+01 -5.385544386107615367e+01
2.157997218358831617e+02 -6.518598260591026872e+01 -5.396992527295044795e+01
2.163004172461752148e+02 -6.530758971523248135e+01 -5.408417987983814612e+01
2.168011126564672963e+02 -6.542863245879054546e+01 -5.419820228838534604e+01
2.173018080667593779e+02 -6.554909746864943543e+01 -5.431198693144844469e+01
2.178025034770514310e+02 -6.566897143613680043e+01 -5.442552787546520676e+01
2.183031988873435125e+02 -6.578824112428485194e+01 -5.453881900711157016e+01
2.188038942976355656e+02 -6.590689339073371400e+01 -5.465185389807619742e+01
2.193045897079276472e+02 -6.602491517937302490e+01 -5.476462582545526914e+01
2.198052851182197571e+02 -6.614229357023283740e+01 -5.487712776449106400e+01
2.203059805285118102e+02 -6.625901574887826939e+01 -5.498935234893642132e+01
2.208066759388038918e+02 -6.637506905256408629e+01 -5.510129188591451310e+01
2.213073713490959449e+02 -6.649044096714455065e+01 -5.521293835536414463e+01
2.218080667593880264e+02 -6.660511913953918395e+01 -5.532428335282010323e+01
2.223087621696801079e+02 -6.671909142290964212e+01 -5.543531816336549412e+01
2.228094575799721611e+02 -6.683234584523155775e+01 -5.554603362099661723e+01
2.233101529902642426e+02 -6.694487062288239088e+01 -5.565642031484678398e+01
2.238108484005562957e+02 -6.705665422143205490e+01 -5.576646831461623322e+01
2.243115438108483772e+02 -6.716768534859433259e+01 -5.587616743163600574e+01
2.248122392211404588e+02 -6.727795290766074743e+01 -5.598550701623246084e+01
2.253129346314325119e+02 -6.738744609034178268e+01 -5.609447607938129465e+01
2.258136300417245934e+02 -6.749615433834698308e+01 -5.620306323781044000e+01
2.263143254520166465e+02 -6.760406737657469023e+01 -5.631125676944286340e+01
2.268150208623087565e+02 -6.771117521091220226e+01 -5.641904455409751051e+01
2.273157162726008380e+02 -6.781746813676001295e+01 -5.652641408846868387e+01
2.278164116828928911e+02 -6.792293673961104616e+01 -5.663335256513379079e+01
2.283171070931849727e+02 -6.802757192517312035e+01 -5.673984677852686787e+01
2.288178025034770258e+02 -6.813136492620834872e+01 -5.684588323203470850e+01
2.293184979137691073e+02 -6.823430727000960871e+01 -5.695144805011196354e+01
2.298191933240611604e+02 -6.833639081296134066e+01 -5.705652707230811416e+01
2.303198887343532704e+02 -6.843760776043929184e+01 -5.716110585231845675e+01
2.308205841446453235e+02 -6.853795064090810740e+01 -5.726516963655640780e+01
2.313212795549373766e+02 -6.863741231245150232e+01 -5.736870341661196449e+01
2.318219749652294297e+02 -6.873598598969330453e+01 -5.747169194469998388e+01
2.323226703755215397e+02 -6.883366521076460742e+01 -5.757411964415527450e+01
2.328233657858135928e+02 -6.893044388306954318e+01 -5.767597087716661974e+01
2.333240611961056459e+02 -6.902631622887930973e+01 -5.777722968050024122e+01
2.338247566063977843e+02 -6.912127682593201428e+01 -5.787787999055093735e+01
2.343254520166898374e+02 -6.921532060197570502e+01 -5.797790552599020941e+01
2.348261474269818621e+02 -6.930844281977989851e+01 -5.807728991954230935e+01
2.353268428372740004e+02 -6.940063906545766770e+01 -5.817601667393401499e+01
2.358275382475660535e+02 -6.949190529785120418e+01 -5.827406918709212391e+01
2.363282336578581067e+02 -6.958223777380773356e+01 -5.837143081785225718e+01
2.368289290681501882e+02 -6.967163310060279002e+01 -5.846808488334400522e+01
2.373296244784422697e+02 -6.976008819410346007e+01 -5.856401458585506248e+01
2.378303198887343228e+02 -6.984760032262421703e+01 -5.865920323965011107e+01
2.383310152990264044e+02 -6.993416702135711205e+01 -5.875363412399617857e+01
2.388317107093184859e+02 -7.001978618926933962e+01 -5.884729057636884875e+01
2.393324061196105390e+02 -7.010445598415664392e+01 -5.894015593831734634e+01
2.398331015299026205e+02 -7.018817490555285588e+01 -5.903221372026644076e+01
2.403337969401946737e+02 -7.027094170690453723e+01 -5.912344747665963496e+01
2.408344923504867552e+02 -7.035275544500669298e+01 -5.921384091115734805e+01
2.413351877607788083e+02 -7.043361545768325982e+01 -5.930337786301217307e+01
2.418358831710709183e+02 -7.051352134085951207e+01 -5.939204234433029228e+01
2.423365785813629998e+02 -7.059247297113520858e+01 -5.947981849989056968e+01
2.428372739916550529e+02 -7.067047046725397763e+01 -5.956669073216809807e+01
2.433379694019471344e+02 -7.074751419708823619e+01 -5.965264360750717287e+01
2.438386648122392160e+02 -7.082360478345995602e+01 -5.973766194659384610e+01
2.443393602225312691e+02 -7.089874305757453499e+01 -5.982173079635184365e+01
2.448400556328233506e+02 -7.097293009976615963e+01 -5.990483544646120606e+01
2.453407510431154037e+02 -7.104616719613309783e+01 -5.998696149810621137e+01
2.458414464534074853e+02 -7.111845583504523916e+01 -6.006809476744729182e+01
2.463421418636995668e+02 -7.118979771005447788e+01 -6.014822141794775234e+01
2.468428372739916199e+02 -7.126019470748920526e+01 -6.022732784567688213e+01
2.473435326842837014e+02 -7.132964889735936254e+01 -6.030540082072684527e+01
2.478442280945758114e+02 -7.139816252731739610e+01 -6.038242737229802515e+01
2.483449235048678645e+02 -7.146573800810634225e+01 -6.045839487902549081e+01
2.488456189151599460e+02 -7.153237791017650693e+01 -6.053329100227658444e+01
2.493463143254520276e+02 -7.159808495764642089e+01 -6.060710378259629749e+01
2.498470097357440807e+02 -7.166286202946699291e+01 -6.067982155283191048e+01
2.503477051460361338e+02 -7.172671212682521968e+01 -6.075143298675955350e+01
2.508484005563282153e+02 -7.178963837087044908e+01 -6.082192709629141802e+01
2.513490959666202968e+02 -7.185164403276408507e+01 -6.089129323099457736e+01
2.518497913769123500e+02 -7.191273247929180457e+01 -6.095952104794976378e+01
2.523504867872044315e+02 -7.197290718690615563e+01 -6.102660056206930506e+01
2.528511821974965130e+02 -7.203217173363205461e+01 -6.109252212106783020e+01
2.533518776077885661e+02 -7.209052979455569243e+01 -6.115727640614504423e+01
2.538525730180806477e+02 -7.214798512378015971e+01 -6.122085438967341986e+01
2.543532684283727576e+02 -7.220454156373867249e+01 -6.128324736107155957e+01
2.548539638386647823e+02 -7.226020302598604417e+01 -6.134444697026178517e+01
2.553546592489568354e+02 -7.231497349541874087e+01 -6.140444515586845853e+01
2.558553546592489738e+02 -7.236885701048427677e+01 -6.146323413398117452e+01
2.563560500695410269e+02 -7.242185767482274628e+01 -6.152080646624570193e+01
2.568567454798330800e+02 -7.247397963398375964e+01 -6.157715496515636744e+01
2.573574408901251900e+02 -7.252522708823212838e+01 -6.163227275055244547e+01
2.578581363004172431e+02 -7.257560427042895412e+01 -6.168615320971578342e+01
2.583588317107092962e+02 -7.262511545068824148e+01 -6.173878999410074186e+01
2.588595271210013493e+02 -7.267376493404859161e+01 -6.179017703031998110e+01
2.593602225312934593e+02 -7.272155704184675074e+01 -6.184030850077245134e+01
2.598609179415855124e+02 -7.276849612103083587e+01 -6.188917880604488175e+01
2.603616133518775655e+02 -7.281458653717541551e+01 -6.193678260041845363e+01
2.608623087621696754e+02 -7.285983266283997750e+01 -6.198311477626187127e+01
2.613630041724617286e+02 -7.290423888455384827e+01 -6.202817042084855359e+01
2.618636995827537817e+02 -7.294780958651804781e+01 -6.207194483798441809e+01
2.623643949930458916e+02 -7.299054916224682188e+01 -6.211443354335126799e+01
2.628650904033379447e+02 -7.303246199244873083e+01 -6.215563222958219569e+01
2.633657858136299978e+02 -7.307355245783233499e+01 -6.219553678954464715e+01
2.638664812239220510e+02 -7.311382492979296899e+01 -6.223414326042468758e+01
2.643671766342141609e+02 -7.315328376342782235e+01 -6.227144788000653364e+01
2.648678720445062140e+02 -7.319193330102839923e+01 -6.230744701791475393e+01
2.653685674547982671e+02 -7.322977786625975227e+01 -6.234213718601888843e+01
2.658692628650904339e+02 -7.326682175717556333e+01 -6.237551505804215424e+01
2.663699582753824870e+02 -7.330306926018798208e+01 -6.240757742557828180e+01
2.668706536856744833e+02 -7.333852462329210198e+01 -6.243832119983774476e+01
2.673713490959666501e+02 -7.337319207003579891e+01 -6.246774341492194083e+01
2.678720445062587032e+02 -7.340707579719142473e+01 -6.249584120395805087e+01
2.683727399165507563e+02 -7.344017996544258153e+01 -6.252261179662521329e+01
2.688734353268428094e+02 -7.347250870986150062e+01 -6.254805252992294129e+01
2.693741307371349194e+02 -7.350406611196936524e+01 -6.257216080662540492e+01
2.698748261474269725e+02 -7.353485623233260071e+01 -6.259493411157957610e+01
2.703755215577190256e+02 -7.356488308727981007e+01 -6.261637000704861578e+01
2.708762169680111356e+02 -7.359415064890177405e+01 -6.263646612441728223e+01
2.713769123783031887e+02 -7.362266285320052361e+01 -6.265522013974471349e+01
2.718776077885952418e+02 -7.365042358844780779e+01 -6.267262978278661478e+01
2.723783031988873518e+02 -7.367743670391624278e+01 -6.268869284303430334e+01
2.728789986091794049e+02 -7.370370600289439267e+01 -6.270340714133847371e+01
2.733796940194714580e+02 -7.372923523104523724e+01 -6.271677054227832571e+01
2.738803894297635111e+02 -7.375402810652863650e+01 -6.272878093873653427e+01
2.743810848400556210e+02 -7.377808828507673411e+01 -6.273943625328168139e+01
2.748817802503476742e+02 -7.380141938211059482e+01 -6.274873443816825613e+01
2.753824756606397273e+02 -7.382402495936153741e+01 -6.275667345438189670e+01
2.758831710709318372e+02 -7.384590852937995464e+01 -6.276325129725076124e+01
2.763838664812238903e+02 -7.386707355200647385e+01 -6.276846595855597855e+01
2.768845618915159434e+02 -7.388752345255502973e+01 -6.277231546873845502e+01
2.773852573018079966e+02 -7.390726158189514194e+01 -6.277479783979397610e+01
2.778859527121001065e+02 -7.392629125648105060e+01 -6.277591111718830064e+01
2.783866481223921596e+02 -7.394461573594176684e+01 -6.277565332841908941e+01
2.788873435326842127e+02 -7.396223824032509242e+01 -6.277402254184556796e+01
2.793880389429763227e+02 -7.397916191517302309e+01 -6.277101680654317306e+01
2.798887343532683758e+02 -7.399538987575962778e+01 -6.276663417945832180e+01
2.803894297635604289e+02 -7.401092517071103316e+01 -6.276087274792820381e+01
2.808901251738525957e+02 -7.402577081580258778e+01 -6.275373055966787206e+01
2.813908205841446488e+02 -7.403992976121682545e+01 -6.274520572678490282e+01
2.818915159944367019e+02 -7.405340491286440852e+01 -6.273529633584736587e+01
2.823922114047287550e+02 -7.406619912566273456e+01 -6.272400047975430937e+01
2.828929068150208650e+02 -7.407831520873077125e+01 -6.271131629469643087e+01
2.833936022253129181e+02 -7.408975590585686177e+01 -6.269724193366279508e+01
2.838942976356049712e+02 -7.410052394157463596e+01 -6.268177554057480450e+01
2.843949930458970812e+02 -7.411062196491474197e+01 -6.266491530712052338e+01
2.848956884561891343e+02 -7.412005257632290522e+01 -6.264665946147694342e+01
2.853963838664811874e+02 -7.412881834937752501e+01 -6.262700623244361964e+01
2.858970792767732974e+02 -7.413692180697391620e+01 -6.260595393602221748e+01
2.863977746870653505e+02 -7.414436540265153042e+01 -6.258350090009577116e+01
2.868984700973574036e+02 -7.415115159169356218e+01 -6.255964553805148398e+01
2.873991655076494567e+02 -7.415728271171953168e+01 -6.253438625126818806e+01
2.878998609179415666e+02 -7.416276114254993956e+01 -6.250772162828923229e+01
2.884005563282336198e+02 -7.416758915403167407e+01 -6.247965022950944558e+01
2.889012517385257297e+02 -7.417176900425235431e+01 -6.245017073145214681e+01
2.894019471488177828e+02 -7.417530290079500332e+01 -6.241928195608858232e+01
2.899026425591098359e+02 -7.417819301709729984e+01 -6.238698274856511716e+01
2.904033379694019459e+02 -7.418044149987596825e+01 -6.235327210945564502e+01
2.909040333796939990e+02 -7.418205042015958384e+01 -6.231814921337667101e+01
2.914047287899860521e+02 -7.418302183617103651e+01 -6.228161330560163833e+01
2.919054242002781621e+02 -7.418335779681999043e+01 -6.224366379661427118e+01
2.924061196105702152e+02 -7.418306025646504054e+01 -6.220430027888980362e+01
2.929068150208622683e+02 -7.418213118172477039e+01 -6.216352258073058579e+01
2.934075104311543782e+02 -7.418057248150259397e+01 -6.212133057538194691e+01
2.939082058414464314e+02 -7.417838606046530003e+01 -6.207772456697894370e+01
2.944089012517384845e+02 -7.417557374568673367e+01 -6.203270486213043000e+01
2.949095966620305944e+02 -7.417213741014961670e+01 -6.198627213604524400e+01
2.954102920723226475e+02 -7.416807880293958988e+01 -6.193842736544795002e+01
2.959109874826147006e+02 -7.416339973277476361e+01 -6.188917174010313715e+01
2.964116828929068106e+02 -7.415810194381226950e+01 -6.183850673375602014e+01
2.969123783031988637e+02 -7.415218715139378958e+01 -6.178643424877847679e+01
2.974130737134909168e+02 -7.414565705824959707e+01 -6.173295640620992231e+01
2.979137691237830268e+02 -7.413851335775423479e+01 -6.167807576480910825e+01
2.984144645340750799e+02 -7.413075768173844438e+01 -6.162179528366914383e+01
2.989151599443671330e+02 -7.412239170883954387e+01 -6.156411830636579907e+01
2.994158553546592429e+02 -7.411341701883097244e+01 -6.150504862955267527e+01
2.999165507649512961e+02 -7.410383527174992935e+01 -6.144459050156137891e+01
3.004172461752433492e+02 -7.409364803411001787e+01 -6.138274867143560698e+01
3.009179415855354023e+02 -7.408285690304758475e+01 -6.131952835288319648e+01
3.014186369958275691e+02 -7.407146343378038011e+01 -6.125493547338481903e+01
3.019193324061196222e+02 -7.405946918497768650e+01 -6.118897622841831208e+01
3.024200278164116185e+02 -7.404687573695944991e+01 -6.112165777543555123e+01
3.029207232267037853e+02 -7.403368461393846189e+01 -6.105298761838579935e+01
3.034214186369958384e+02 -7.401989736038238732e+01 -6.098297401010188423e+01
3.039221140472878915e+02 -7.400551552852128623e+01 -6.091162592409898480e+01
3.044228094575799446e+02 -7.399054061414652494e+01 -6.083895305086140581e+01
3.049235048678720545e+02 -7.397497418886381126e+01 -6.076496583331416446e+01
3.054242002781641077e+02 -7.395881777247744537e+01 -6.068967535664367574e+01
3.059248956884561608e+02 -7.394207292353279115e+01 -6.061309374092130042e+01
3.064255910987482707e+02 -7.392474114080435754e+01 -6.053523388933140836e+01
3.069262865090403238e+02 -7.390682399076943909e+01 -6.045610947077844344e+01
3.074269819193323769e+02 -7.388832301578553086e+01 -6.037573507510779081e+01
3.079276773296244869e+02 -7.386923979714565291e+01 -6.029412638021703685e+01
3.084283727399165400e+02 -7.384957585412421111e+01 -6.021129991484876598e+01
3.089290681502085931e+02 -7.382933281769309986e+01 -6.012727330995794262e+01
3.094297635605006462e+02 -7.380851226407712318e+01 -6.004206499056117252e+01
3.099304589707927562e+02 -7.378711576362574931e+01 -5.995569471079180346e+01
3.104311543810848093e+02 -7.376514495620568823e+01 -5.986818320662457893e+01
3.109318497913768624e+02 -7.374260145975341629e+01 -5.977955227509232827e+01
3.114325452016689724e+02 -7.371948693683435749e+01 -5.968982501911091276e+01
3.119332406119610255e+02 -7.369580304985930752e+01 -5.959902548255490728e+01
3.124339360222530786e+02 -7.367155149554633908e+01 -5.950717908514639021e+01
3.129346314325451885e+02 -7.364673395151072555e+01 -5.941431236004810046e+01
3.134353268428372417e+02 -7.362135214098287861e+01 -5.932045316358247078e+01
3.139360222531292948e+02 -7.359540781589379321e+01 -5.922563045465047082e+01
3.144367176634213479e+02 -7.356890275420659009e+01 -5.912987469438469645e+01
3.149374130737134578e+02 -7.354183873439245644e+01 -5.903321733171742380e+01
3.154381084840055109e+02 -7.351421759059752503e+01 -5.893569141831562774e+01
3.159388038942975641e+02 -7.348604114845960567e+01 -5.883733100448466757e+01
3.164394993045897309e+02 -7.345731123972376508e+01 -5.873817158928423510e+01
3.169401947148817840e+02 -7.342802978611592835e+01 -5.863825006574180065e+01
3.174408901251737802e+02 -7.339819869728393087e+01 -5.853760451475238824e+01
3.179415855354659470e+02 -7.336781990484900007e+01 -5.843627419588129612e+01
3.184422809457580001e+02 -7.333689537705771500e+01 -5.833429999885819939e+01
3.189429763560500533e+02 -7.330542709313425576e+01 -5.823172393033763683e+01
3.194436717663421064e+02 -7.327341709153819238e+01 -5.812858896894630334e+01
3.199443671766342163e+02 -7.324086738152522003e+01 -5.802493976692574051e+01
3.204450625869262694e+02 -7.320778003293999348e+01 -5.792082196365015534e+01
3.209457579972183225e+02 -7.317415717476043824e+01 -5.781628247495363837e+01
3.214464534075104325e+02 -7.314000087058821009e+01 -5.771136930640454921e+01
3.219471488178024856e+02 -7.310531327351645814e+01 -5.760613162227978989e+01
3.224478442280945387e+02 -7.307009652400530797e+01 -5.750061963691817368e+01
3.229485396383865918e+02 -7.303435282926209027e+01 -5.739488449148977622e+01
3.234492350486787018e+02 -7.299808435524816730e+01 -5.728897859674674464e+01
3.239499304589707549e+02 -7.296129333120326521e+01 -5.718295482315356537e+01
3.244506258692628649e+02 -7.292398199645596435e+01 -5.707686735583089899e+01
3.249513212795549180e+02 -7.288615262401073380e+01 -5.697077105087785753e+01
3.254520166898469711e+02 -7.284780739577037423e+01 -5.686472110716252359e+01
3.259527121001390810e+02 -7.280894864962228041e+01 -5.675877375422822979e+01
3.264534075104311910e+02 -7.276957865979547080e+01 -5.665298585512795171e+01
3.269541029207232441e+02 -7.272969968792075690e+01 -5.654741440690708032e+01
3.274547983310152972e+02 -7.268931403931254920e+01 -5.644211687869977823e+01
3.279554937413073503e+02 -7.264842399571115550e+01 -5.633715147889455466e+01
3.284561891515994603e+02 -7.260703186679656085e+01 -5.623257589797725586e+01
3.289568845618915134e+02 -7.256513989916619778e+01 -5.612844839546116305e+01
3.294575799721835665e+02 -7.252275043552322131e+01 -5.602482704299265492e+01
3.299582753824756765e+02 -7.247986571317116500e+01 -5.592177004872584689e+01
3.304589707927677296e+02 -7.243648802046183732e+01 -5.581933499632187079e+01
3.309596662030597827e+02 -7.239261953170669983e+01 -5.571757946713828602e+01
3.314603616133518926e+02 -7.234826251060029279e+01 -5.561656044764855267e+01
3.319610570236439457e+02 -7.230341909105320042e+01 -5.551633410290017423e+01
3.324617524339359989e+02 -7.225809150891299737e+01 -5.541695646153694099e+01
3.329624478442280520e+02 -7.221228185712494962e+01 -5.531848196170807341e+01
3.334631432545201619e+02 -7.216599222402169289e+01 -5.522096492580652694e+01
3.339638386648122150e+02 -7.211922467759438860e+01 -5.512445803965898961e+01
3.344645340751042681e+02 -7.207198115866492572e+01 -5.502901282395693272e+01
3.349652294853963781e+02 -7.202426368764344033e+01 -5.493467945444767508e+01
3.354659248956884312e+02 -7.197607407734602702e+01 -5.484150703835670981e+01
3.359666203059804843e+02 -7.192741424641080528e+01 -5.474954256139258746e+01
3.364673157162726511e+02 -7.187828588648686434e+01 -5.465883153338668876e+01
3.369680111265647042e+02 -7.182869069280501151e+01 -5.456941741835922244e+01
3.374687065368567005e+02 -7.177863030347440088e+01 -5.448134196104379612e+01
3.379694019471487536e+02 -7.172810621409085741e+01 -5.439464443269390870e+01
3.384700973574409204e+02 -7.167711990705741698e+01 -5.430936242516924040e+01
3.389707927677329735e+02 -7.162567272486215586e+01 -5.422553084006797519e+01
3.394714881780250266e+02 -7.157376588957434649e+01 -5.414318241326402870e+01
3.399721835883171366e+02 -7.152140056418305392e+01 -5.406234610798097151e+01
3.404728789986091897e+02 -7.146857773589020724e+01 -5.398305027220115448e+01
3.409735744089012428e+02 -7.141529838025620336e+01 -5.390531896177125759e+01
3.414742698191932959e+02 -7.136156332226572374e+01 -5.382917404729199973e+01
3.419749652294854059e+02 -7.130737315016301636e+01 -5.375463373055058014e+01
3.424756606397774590e+02 -7.125272844575317777e+01 -5.368171429259095362e+01
3.429763560500695121e+02 -7.119762959147016090e+01 -5.361042831766796724e+01
3.434770514603616220e+02 -7.114207692708993136e+01 -5.354078534456463956e+01
3.439777468706536752e+02 -7.108607043423891980e+01 -5.347279149504389295e+01
3.444784422809457283e+02 -7.102961021172622225e+01 -5.340645050281175088e+01
3.449791376912378382e+02 -7.097269595648857887e+01 -5.334176174792796132e+01
3.454798331015298913e+02 -7.091532733212251571e+01 -5.327872238560000540e+01
3.459805285118219444e+02 -7.085750385937889462e+01 -5.321732560921597610e+01
3.464812239221139976e+02 -7.079922478057359569e+01 -5.315756162962586018e+01
3.469819193324061075e+02 -7.074048929988516932e+01 -5.309941761526302173e+01
3.474826147426981606e+02 -7.068129628113861429e+01 -5.304287739419820014e+01
3.479833101529902137e+02 -7.062164448276685391e+01 -5.298792172545077506e+01
3.484840055632823237e+02 -7.056153250918664810e+01 -5.293452833402425028e+01
3.489847009735743768e+02 -7.050095875812868940e+01 -5.288267112776406975e+01
3.494853963838664299e+02 -7.043992136907380086e+01 -5.283232238117375346e+01
3.499860917941585399e+02 -7.037841832357750604e+01 -5.278345053451256774e+01
3.504867872044505930e+02 -7.031644739968393765e+01 -5.273602163786189578e+01
3.509874826147426461e+02 -7.025400621712329041e+01 -5.268999874756781310e+01
3.514881780250346992e+02 -7.019109205920648265e+01 -5.264534322654643006e+01
3.519888734353268660e+02 -7.012770215844568611e+01 -5.260201303456317135e+01
3.524895688456189191e+02 -7.006383342067516651e+01 -5.255996392742707712e+01
3.529902642559109154e+02 -6.999948256513840761e+01 -5.251914977730228884e+01
3.534909596662030822e+02 -6.993464607490970764e+01 -5.247952300902142042e+01
3.539916550764951353e+02 -6.986932031192047532e+01 -5.244103301192845379e+01
3.544923504867871884e+02 -6.980350129652735802e+01 -5.240362776320189653e+01
3.549930458970792415e+02 -6.973718488469687316e+01 -5.236725436400925560e+01
3.554937413073713515e+02 -6.967036669461678855e+01 -5.233185725159879098e+01
3.559944367176634046e+02 -6.960304218416142419e+01 -5.229738104793834452e+01
3.564951321279554577e+02 -6.953520651019729826e+01 -5.226376798961663894e+01
3.569958275382475676e+02 -6.946685469287999126e+01 -5.223095976540405161e+01
3.574965229485396208e+02 -6.939798141408331844e+01 -5.219889748279653929e+01
3.579972183588316739e+02 -6.932858124144317458e+01 -5.216752116262142636e+01
3.584979137691237838e+02 -6.925864847145916769e+01 -5.213677041839302717e+01
3.589986091794158369e+02 -6.918817728530478917e+01 -5.210658472793252827e+01
3.594993045897078900e+02 -6.911716144304585896e+01 -5.207690303685572530e+01
3.600000000000000000e+02 -6.904559474211049519e+01 -5.204766404784163569e+01
