# lons lats(polar edge) lats(equatorward edge)
0.000000000000000000e+00 -8.318607243336737156e+01 -7.585287427343428135e+01
5.006954102920723182e-01 -8.313430016579864912e+01 -7.577123340265825391e+01
1.001390820584144636e+00 -8.308160873571387128e+01 -7.568865238735452294e+01
1.502086230876216844e+00 -8.302798367597544882e+01 -7.560512891435064375e+01
2.002781641168289273e+00 -8.297341035681166943e+01 -7.552066080668009818e+01
2.503477051460361480e+00 -8.291787399419568771e+01 -7.543524613650515676e+01
3.004172461752433687e+00 -8.286135965993327090e+01 -7.534888311110262293e+01
3.504867872044505894e+00 -8.280385227585642838e+01 -7.526157014358614106e+01
4.005563282336578546e+00 -8.274533665440817742e+01 -7.517330582535760186e+01
4.506258692628650309e+00 -8.268579745638005818e+01 -7.508408898304151080e+01
5.006954102920722960e+00 -8.262521925286961277e+01 -7.499391857816772244e+01
5.507649513212795611e+00 -8.256358650114987086e+01 -7.490279381096297584e+01
6.008344923504867374e+00 -8.250088355544571073e+01 -7.481071405976945243e+01
6.509040333796940025e+00 -8.243709470481775270e+01 -7.471767890898445330e+01
7.009735744089011789e+00 -8.237220415024725639e+01 -7.462368814280307561e+01
7.510431154381083552e+00 -8.230619605092854840e+01 -7.452874174841963395e+01
8.011126564673157091e+00 -8.223905450524642902e+01 -7.443283989594601735e+01
8.511821974965229742e+00 -8.217076359023720045e+01 -7.433598296053060039e+01
9.012517385257300617e+00 -8.210130736261743323e+01 -7.423817153996606066e+01
9.513212795549373268e+00 -8.203066987847830660e+01 -7.413940640580403851e+01
1.001390820584144592e+01 -8.195883520631886654e+01 -7.403968852226353192e+01
1.051460361613352035e+01 -8.188578745761890332e+01 -7.393901905025086307e+01
1.101529902642559122e+01 -8.181151078943142352e+01 -7.383739937426253164e+01
1.151599443671766032e+01 -8.173598941792576511e+01 -7.373483102632417285e+01
1.201668984700973475e+01 -8.165920765662747272e+01 -7.363131576197883987e+01
1.251738525730180740e+01 -8.158114992877766269e+01 -7.352685549043781066e+01
1.301808066759388005e+01 -8.150180077482050933e+01 -7.342145233991868736e+01
1.351877607788595093e+01 -8.142114489898627028e+01 -7.331510858779620321e+01
1.401947148817802358e+01 -8.133916716416800341e+01 -7.320782670396692993e+01
1.452016689847009623e+01 -8.125585263987363760e+01 -7.309960934444643499e+01
1.502086230876216710e+01 -8.117118660245148476e+01 -7.299045931588079839e+01
1.552155771905424153e+01 -8.108515457220389067e+01 -7.288037960581459629e+01
1.602225312934631418e+01 -8.099774232521036765e+01 -7.276937334729336726e+01
1.652294853963838506e+01 -8.090893594560340318e+01 -7.265744386809562627e+01
1.702364394993045948e+01 -8.081872181225801910e+01 -7.254459462435367811e+01
1.752433936022252681e+01 -8.072708665187809629e+01 -7.243082924819934476e+01
1.802503477051460123e+01 -8.063401754743219385e+01 -7.231615150421309579e+01
1.852573018080667566e+01 -8.053950197254329169e+01 -7.220056531093466390e+01
1.902642559109874654e+01 -8.044352781932316532e+01 -7.208407475548771970e+01
1.952712100139081741e+01 -8.034608341022631350e+01 -7.196668404555855147e+01
2.002781641168289184e+01 -8.024715753669931928e+01 -7.184839752904115073e+01
2.052851182197496627e+01 -8.014673947672535803e+01 -7.172921970856184259e+01
2.102920723226704069e+01 -8.004481901618137840e+01 -7.160915520877385632e+01
2.152990264255910802e+01 -7.994138649362429305e+01 -7.148820881053613618e+01
2.203059805285118244e+01 -7.983643279108508750e+01 -7.136638541231438637e+01
2.253129346314325332e+01 -7.972994938772461637e+01 -7.124369006129488469e+01
2.303198887343532064e+01 -7.962192835565946325e+01 -7.112012791787780941e+01
2.353268428372739507e+01 -7.951236240845463499e+01 -7.099570432552643240e+01
2.403337969401946950e+01 -7.940124491014574915e+01 -7.087042472665704906e+01
2.453407510431154037e+01 -7.928856988222395330e+01 -7.074429470920510710e+01
2.503477051460361480e+01 -7.917433203681429177e+01 -7.061732001477427900e+01
2.553546592489568567e+01 -7.905852680577953606e+01 -7.048950653048738957e+01
2.603616133518776010e+01 -7.894115034042914658e+01 -7.036086029829964161e+01
2.653685674547983453e+01 -7.882219952578014954e+01 -7.023138748895068773e+01
2.703755215577190185e+01 -7.870167199569112881e+01 -7.010109446160929281e+01
2.753824756606397628e+01 -7.857956618292081430e+01 -6.996998772967633329e+01
2.803894297635604715e+01 -7.845588126441288068e+01 -6.983807397086199842e+01
2.853963838664812158e+01 -7.833061724249563440e+01 -6.970536007820220448e+01
2.904033379694019246e+01 -7.820377488900265917e+01 -6.957185306860657192e+01
2.954102920723226333e+01 -7.807535581570408567e+01 -6.943756023696215607e+01
3.004172461752433421e+01 -7.794536243472538217e+01 -6.930248903327429844e+01
3.054242002781640863e+01 -7.781379799638233408e+01 -6.916664712580660535e+01
3.104311543810848306e+01 -7.768066656953595839e+01 -6.903004242556909276e+01
3.154381084840055394e+01 -7.754597306895010433e+01 -6.889268307464936925e+01
3.204450625869262836e+01 -7.740972322589658461e+01 -6.875457749220350934e+01
3.254520166898469569e+01 -7.727192363603097647e+01 -6.861573435000883592e+01
3.304589707927677011e+01 -7.713258172053900807e+01 -6.847616257712053311e+01
3.354659248956884454e+01 -7.699170574388989507e+01 -6.833587143204914582e+01
3.404728789986091897e+01 -7.684930480983456391e+01 -6.819487044920953167e+01
3.454798331015298629e+01 -7.670538886293360292e+01 -6.805316955184372318e+01
3.504867872044505361e+01 -7.655996868695655166e+01 -6.791077890300931585e+01
3.554937413073713515e+01 -7.641305590473638176e+01 -6.776770910115720881e+01
3.605006954102920247e+01 -7.626466295699646025e+01 -6.762397109743039891e+01
3.655076495132127690e+01 -7.611480312672500759e+01 -6.747957623834315655e+01
3.705146036161335132e+01 -7.596349053335433155e+01 -6.733453624395713177e+01
3.755215577190541865e+01 -7.581074009900038391e+01 -6.718886329080794440e+01
3.805285118219749307e+01 -7.565656760725249796e+01 -6.704256998129073963e+01
3.855354659248956750e+01 -7.550098961586189716e+01 -6.689566939299345449e+01
3.905424200278163482e+01 -7.534402354521733969e+01 -6.674817505754424474e+01
3.955493741307371636e+01 -7.518568761664499789e+01 -6.660010099363523750e+01
4.005563282336578368e+01 -7.502600085939337760e+01 -6.645146175487559503e+01
4.055632823365785811e+01 -7.486498313973714858e+01 -6.630227238383474742e+01
4.105702364394993253e+01 -7.470265514002238660e+01 -6.615254847776475344e+01
4.155771905424199986e+01 -7.453903835284580737e+01 -6.600230619754972849e+01
4.205841446453408139e+01 -7.437415509502460509e+01 -6.585156224093032051e+01
4.255910987482614871e+01 -7.420802851458137184e+01 -6.570033390896958281e+01
4.305980528511821603e+01 -7.404068257677425891e+01 -6.554863910081428457e+01
4.356050069541029046e+01 -7.387214208970834761e+01 -6.539649627527785469e+01
4.406119610570236489e+01 -7.370243269036581069e+01 -6.524392457120291056e+01
4.456189151599443221e+01 -7.353158086090405732e+01 -6.509094369504771294e+01
4.506258692628650664e+01 -7.335961392632742673e+01 -6.493757400685160519e+01
4.556328233657857396e+01 -7.318656007750649906e+01 -6.478383651026695134e+01
4.606397774687064128e+01 -7.301244834662173844e+01 -6.462975283758885325e+01
4.656467315716272282e+01 -7.283730862886403656e+01 -6.447534528216954186e+01
4.706536856745479014e+01 -7.266117172772754884e+01 -6.432063678866859391e+01
4.756606397774686457e+01 -7.248406929391893527e+01 -6.416565091660608289e+01
4.806675938803893899e+01 -7.230603387905392765e+01 -6.401041191499110994e+01
4.856745479833100632e+01 -7.212709891121011196e+01 -6.385494465669047770e+01
4.906815020862308074e+01 -7.194729874120201885e+01 -6.369927467856918213e+01
4.956884561891514807e+01 -7.176666859514187990e+01 -6.354342810306128797e+01
5.006954102920722960e+01 -7.158524463395696102e+01 -6.338743174177956519e+01
5.057023643949929692e+01 -7.140306390333097397e+01 -6.323131296513032851e+01
5.107093184979137135e+01 -7.122016436397206007e+01 -6.307509978962492880e+01
5.157162726008345288e+01 -7.103658489830667122e+01 -6.291882078358334240e+01
5.207232267037552020e+01 -7.085236528370404585e+01 -6.276250512534183201e+01
5.257301808066758753e+01 -7.066754618141675337e+01 -6.260618252903817904e+01
5.307371349095966906e+01 -7.048216919362420185e+01 -6.244988323180599821e+01
5.357440890125173638e+01 -7.029627676069611653e+01 -6.229363800192381007e+01
5.407510431154380370e+01 -7.010991223104173287e+01 -6.213747809341306549e+01
5.457579972183587813e+01 -6.992311978427568420e+01 -6.198143522886688572e+01
5.507649513212795256e+01 -6.973594445450106605e+01 -6.182554155288393360e+01
5.557719054242002699e+01 -6.954843211633959754e+01 -6.166982962450141770e+01
5.607788595271209431e+01 -6.936062939179936393e+01 -6.151433239624033433e+01
5.657858136300416163e+01 -6.917258372012400969e+01 -6.135908313494304878e+01
5.707927677329624316e+01 -6.898434326466048105e+01 -6.120411544971297246e+01
5.757997218358831759e+01 -6.879595686934879950e+01 -6.104946321740875703e+01
5.808066759388038491e+01 -6.860747408491550914e+01 -6.089516055703292352e+01
5.858136300417245934e+01 -6.841894507079376808e+01 -6.074124177385250789e+01
5.908205841446452666e+01 -6.823042056194498173e+01 -6.058774137105878310e+01
5.958275382475660109e+01 -6.804195184251983619e+01 -6.043469396121885495e+01
6.008344923504866841e+01 -6.785359067833741165e+01 -6.028213425565937200e+01
6.058414464534074995e+01 -6.766538926857282377e+01 -6.013009701416322628e+01
6.108484005563281727e+01 -6.747740018347502655e+01 -5.997861699926161805e+01
6.158553546592489170e+01 -6.728967631401718563e+01 -5.982772894230166116e+01
6.208623087621696612e+01 -6.710227081718147701e+01 -5.967746751409450212e+01
6.258692628650903345e+01 -6.691523701118529743e+01 -5.952786725564820358e+01
6.308762169680110787e+01 -6.672862837955580062e+01 -5.937896256652621219e+01
6.358831710709318941e+01 -6.654249843841643042e+01 -5.923078764663969764e+01
6.408901251738525673e+01 -6.635690070854724354e+01 -5.908337647063618192e+01
6.458970792767732405e+01 -6.617188861759603924e+01 -5.893676271630411634e+01
6.509040333796939137e+01 -6.598751544419900483e+01 -5.879097978552763948e+01
6.559109874826147291e+01 -6.580383426210136122e+01 -5.864606069310994485e+01
6.609179415855354023e+01 -6.562089782607034749e+01 -5.850203809558607304e+01
6.659248956884562176e+01 -6.543875854977630979e+01 -5.835894420973218644e+01
6.709318497913768908e+01 -6.525746839170568592e+01 -5.821681079684950078e+01
6.759388038942975641e+01 -6.507707882722132808e+01 -5.807566913540668452e+01
6.809457579972183794e+01 -6.489764073214718110e+01 -5.793554996719777250e+01
6.859527121001390526e+01 -6.471920436064937121e+01 -5.779648348977517003e+01
6.909596662030597258e+01 -6.454181924977564222e+01 -5.765849931686844343e+01
6.959666203059803991e+01 -6.436553417056092030e+01 -5.752162644345972353e+01
7.009735744089010723e+01 -6.419039706050642735e+01 -5.738589323297802025e+01
7.059805285118218876e+01 -6.401645497352109260e+01 -5.725132738877746874e+01
7.109874826147427029e+01 -6.384375400657989985e+01 -5.711795591979480946e+01
7.159944367176633762e+01 -6.367233926829175061e+01 -5.698580514404184783e+01
7.210013908205840494e+01 -6.350225481399792216e+01 -5.685490063971101904e+01
7.260083449235048647e+01 -6.333354360153424523e+01 -5.672526725565276706e+01
7.310152990264255379e+01 -6.316624745921689055e+01 -5.659692907703302467e+01
7.360222531293462112e+01 -6.300040703461962721e+01 -5.646990941485583448e+01
7.410292072322670265e+01 -6.283606175994026444e+01 -5.634423080247088933e+01
7.460361613351876997e+01 -6.267324982638928077e+01 -5.621991498043954039e+01
7.510431154381083729e+01 -6.251200814984730414e+01 -5.609698287558003926e+01
7.560500695410290461e+01 -6.235237234991035393e+01 -5.597545461842983627e+01
7.610570236439498615e+01 -6.219437672777092985e+01 -5.585534951763420963e+01
7.660639777468706768e+01 -6.203805424991986683e+01 -5.573668605994626546e+01
7.710709318497913500e+01 -6.188343652777365378e+01 -5.561948191721185708e+01
7.760778859527120233e+01 -6.173055381767443350e+01 -5.550375393239974642e+01
7.810848400556326965e+01 -6.157943500924847058e+01 -5.538951813124313617e+01
7.860917941585533697e+01 -6.143010761842123202e+01 -5.527678971758305693e+01
7.910987482614743271e+01 -6.128259779673061303e+01 -5.516558307569667363e+01
7.961057023643950004e+01 -6.113693031735709837e+01 -5.505591177495389843e+01
8.011126564673156736e+01 -6.099312860306343964e+01 -5.494778858145892286e+01
8.061196105702363468e+01 -6.085121471455312303e+01 -5.484122545106529856e+01
8.111265646731571621e+01 -6.071120937142512730e+01 -5.473623354916654193e+01
8.161335187760779775e+01 -6.057313196381545595e+01 -5.463282325069613421e+01
8.211404728789986507e+01 -6.043700056636697582e+01 -5.453100414711244071e+01
8.261474269819193239e+01 -6.030283196151248148e+01 -5.443078506502516234e+01
8.311543810848399971e+01 -6.017064165111622742e+01 -5.433217406735948884e+01
8.361613351877606704e+01 -6.004044387742868594e+01 -5.423517846266932452e+01
8.411682892906816278e+01 -5.991225166033945015e+01 -5.413980482609204614e+01
8.461752433936023010e+01 -5.978607679970554045e+01 -5.404605899934850299e+01
8.511821974965229742e+01 -5.966192992191753319e+01 -5.395394610820531511e+01
8.561891515994436475e+01 -5.953982049154109291e+01 -5.386347057120602244e+01
8.611961057023643207e+01 -5.941975684391326240e+01 -5.377463611829753631e+01
8.662030598052849939e+01 -5.930174621773875288e+01 -5.368744579665090555e+01
8.712100139082058092e+01 -5.918579477837300828e+01 -5.360190198463115507e+01
8.762169680111264825e+01 -5.907190765274680189e+01 -5.351800641216996723e+01
8.812239221140472978e+01 -5.896008895264930061e+01 -5.343576015785529876e+01
8.862308762169679710e+01 -5.885034181198096803e+01 -5.335516368385597730e+01
8.912378303198886442e+01 -5.874266841236493519e+01 -5.327621683825000787e+01
8.962447844228094596e+01 -5.863707002272821001e+01 -5.319891885735287929e+01
9.012517385257301328e+01 -5.853354702025643519e+01 -5.312326840937330985e+01
9.062586926286508060e+01 -5.843209892648263803e+01 -5.304926357811510229e+01
9.112656467315714792e+01 -5.833272443755521408e+01 -5.297690190081212336e+01
9.162726008344921524e+01 -5.823542146207290671e+01 -5.290618036812830383e+01
9.212795549374128257e+01 -5.814018713505464575e+01 -5.283709545067850399e+01
9.262865090403337831e+01 -5.804701786916228912e+01 -5.276964310237545419e+01
9.312934631432544563e+01 -5.795590937332707426e+01 -5.270381878887874905e+01
9.363004172461751295e+01 -5.786685668592798493e+01 -5.263961749327009443e+01
9.413073713490958028e+01 -5.777985420040312192e+01 -5.257703374199209634e+01
9.463143254520164760e+01 -5.769489570715921900e+01 -5.251606161299733344e+01
9.513212795549372913e+01 -5.761197441452640078e+01 -5.245669475684863414e+01
9.563282336578581067e+01 -5.753108297320540032e+01 -5.239892641709175791e+01
9.613351877607787799e+01 -5.745221352050538144e+01 -5.234274944451627221e+01
9.663421418636994531e+01 -5.737535769431377730e+01 -5.228815631636408057e+01
9.713490959666201263e+01 -5.730050667034919343e+01 -5.223513915364620175e+01
9.763560500695409416e+01 -5.722765118893693170e+01 -5.218368974675414051e+01
9.813630041724616149e+01 -5.715678158062036118e+01 -5.213379956622830491e+01
9.863699582753822881e+01 -5.708788779177228889e+01 -5.208545978604107063e+01
9.913769123783029613e+01 -5.702095942184786281e+01 -5.203866130396946232e+01
9.963838664812239188e+01 -5.695598573851856372e+01 -5.199339477011690747e+01
1.001390820584144592e+02 -5.689295570794018886e+01 -5.194965059418919395e+01
1.006397774687065265e+02 -5.683185802734914205e+01 -5.190741897110584091e+01
1.011404728789985938e+02 -5.677268114601719162e+01 -5.186668991592469524e+01
1.016411682892906754e+02 -5.671541328504207513e+01 -5.182745325394662927e+01
1.021418636995827427e+02 -5.666004246994378946e+01 -5.178969868707227420e+01
1.026425591098748242e+02 -5.660655655860426805e+01 -5.175341577226518552e+01
1.031432545201669058e+02 -5.655494325523721955e+01 -5.171859397510289114e+01
1.036439499304589731e+02 -5.650519014531272433e+01 -5.168522266628443163e+01
1.041446453407510404e+02 -5.645728470719876668e+01 -5.165329117489037003e+01
1.046453407510431077e+02 -5.641121434824998460e+01 -5.162278877732333626e+01
1.051460361613351751e+02 -5.636696641412089548e+01 -5.159370474212792601e+01
1.056467315716272708e+02 -5.632452822369049272e+01 -5.156602834657988410e+01
1.061474269819193381e+02 -5.628388708070377788e+01 -5.153974888687244515e+01
1.066481223922114054e+02 -5.624503029821897826e+01 -5.151485571013054710e+01
1.071488178025034728e+02 -5.620794522305476448e+01 -5.149133823652974229e+01
1.076495132127955401e+02 -5.617261924510347626e+01 -5.146918597355707448e+01
1.081502086230876074e+02 -5.613903983225571892e+01 -5.144838853958518143e+01
1.086509040333796889e+02 -5.610719452574375055e+01 -5.142893567696901869e+01
1.091515994436717563e+02 -5.607707098554345748e+01 -5.141081727823930692e+01
1.096522948539638236e+02 -5.604865698688189468e+01 -5.139402339716198753e+01
1.101529902642559051e+02 -5.602194044177412025e+01 -5.137854427114817213e+01
1.106536856745479724e+02 -5.599690941764964691e+01 -5.136437033784332584e+01
1.111543810848400540e+02 -5.597355215015812746e+01 -5.135149223978388022e+01
1.116550764951321213e+02 -5.595185705597504011e+01 -5.133990085117275726e+01
1.121557719054241886e+02 -5.593181274968191019e+01 -5.132958728952090155e+01
1.126564673157162559e+02 -5.591340804609461657e+01 -5.132054292496050607e+01
1.131571627260083233e+02 -5.589663198587476245e+01 -5.131275938839408468e+01
1.136578581363004190e+02 -5.588147383611175201e+01 -5.130622858895677041e+01
1.141585535465924863e+02 -5.586792309730770967e+01 -5.130094272332954120e+01
1.146592489568845536e+02 -5.585596952316808483e+01 -5.129689427341091346e+01
1.151599443671766352e+02 -5.584560311885542205e+01 -5.129407603425661932e+01
1.156606397774686883e+02 -5.583681415088466338e+01 -5.129248109778146159e+01
1.161613351877607698e+02 -5.582959315236183784e+01 -5.129210287313199501e+01
1.166620305980528229e+02 -5.582393092996898076e+01 -5.129293508319406669e+01
1.171627260083449187e+02 -5.581981856571036360e+01 -5.129497177390604179e+01
1.176634214186370002e+02 -5.581724742040495357e+01 -5.129820730727388423e+01
1.181641168289290533e+02 -5.581620913543264351e+01 -5.130263637359476547e+01
1.186648122392211349e+02 -5.581669563739086470e+01 -5.130825397981553238e+01
1.191655076495132022e+02 -5.581869913576628051e+01 -5.131505545884593289e+01
1.196662030598052695e+02 -5.582221212293478629e+01 -5.132303645908123713e+01
1.201668984700973368e+02 -5.582722737183320305e+01 -5.133219294673054378e+01
1.206675938803894041e+02 -5.583373793828758380e+01 -5.134252119766770761e+01
1.211682892906814999e+02 -5.584173715635660074e+01 -5.135401779510303300e+01
1.216689847009735672e+02 -5.585121863018247268e+01 -5.136667962609081428e+01
1.221696801112656345e+02 -5.586217623981173119e+01 -5.138050386639534395e+01
1.226703755215577019e+02 -5.587460412606122873e+01 -5.139548798747583191e+01
1.231710709318497834e+02 -5.588849669284644506e+01 -5.141162972971088152e+01
1.236717663421418507e+02 -5.590384859786826155e+01 -5.142892711171171527e+01
1.241724617524339322e+02 -5.592065474679219506e+01 -5.144737840703911047e+01
1.246731571627260138e+02 -5.593891028277101896e+01 -5.146698214536755245e+01
1.251738525730180669e+02 -5.595861058411645672e+01 -5.148773709036632340e+01
1.256745479833101484e+02 -5.597975125731426260e+01 -5.150964223969950240e+01
1.261752433936022157e+02 -5.600232811839777014e+01 -5.153269680639951389e+01
1.266759388038942831e+02 -5.602633719527619860e+01 -5.155690020722559552e+01
1.271766342141863788e+02 -5.605177470910820148e+01 -5.158225205335057240e+01
1.276773296244784177e+02 -5.607863707663017294e+01 -5.160875213755517166e+01
1.281780250347705135e+02 -5.610692088221657059e+01 -5.163640041792987745e+01
1.286787204450625950e+02 -5.613662288719314120e+01 -5.166519700739755194e+01
1.291794158553546481e+02 -5.616774000655385635e+01 -5.169514215974359672e+01
1.296801112656467296e+02 -5.620026929848353348e+01 -5.172623625506403755e+01
1.301808066759387827e+02 -5.623420795970122299e+01 -5.175847978812399219e+01
1.306815020862308643e+02 -5.626955331149036965e+01 -5.179187334856706570e+01
1.311821974965229458e+02 -5.630630278689312718e+01 -5.182641762324365686e+01
1.316828929068149989e+02 -5.634445392023297927e+01 -5.186211335954013180e+01
1.321835883171070805e+02 -5.638400433489113084e+01 -5.189896136537882398e+01
1.326842837273991336e+02 -5.642495173515743545e+01 -5.193696249757650207e+01
1.331849791376912435e+02 -5.646729389226055673e+01 -5.197611763972545873e+01
1.336856745479833251e+02 -5.651102862806982330e+01 -5.201642769288028489e+01
1.341863699582753782e+02 -5.655615381800561181e+01 -5.205789356857295047e+01
1.346870653685674597e+02 -5.660266735960721007e+01 -5.210051615155990135e+01
1.351877607788595128e+02 -5.665056718184604279e+01 -5.214429632194097053e+01
1.356884561891515943e+02 -5.669985121485768786e+01 -5.218923491324986230e+01
1.361891515994436759e+02 -5.675051739343433610e+01 -5.223533271827491831e+01
1.366898470097357290e+02 -5.680256364189079932e+01 -5.228259045646282743e+01
1.371905424200278105e+02 -5.685598785543805889e+01 -5.233100879021677088e+01
1.376912378303198636e+02 -5.691078789901911250e+01 -5.238058827833029341e+01
1.381919332406119452e+02 -5.696696159915990165e+01 -5.243132939810621451e+01
1.386926286509039983e+02 -5.702450672301455370e+01 -5.248323250992271483e+01
1.391933240611960798e+02 -5.708342097370876900e+01 -5.253629785548710629e+01
1.396940194714881613e+02 -5.714370198335490159e+01 -5.259052554430255100e+01
1.401947148817802145e+02 -5.720534730373873344e+01 -5.264591555015741164e+01
1.406954102920723244e+02 -5.726835438652886978e+01 -5.270246769206224258e+01
1.411961057023643775e+02 -5.733272059258996478e+01 -5.276018162220807994e+01
1.416968011126564591e+02 -5.739844316753550402e+01 -5.281905683185996736e+01
1.421974965229485406e+02 -5.746551924289195767e+01 -5.287909262776466335e+01
1.426981919332405937e+02 -5.753394582329309515e+01 -5.294028812982233489e+01
1.431988873435326752e+02 -5.760371978182337216e+01 -5.300264225769879545e+01
1.436995827538247283e+02 -5.767483785536131791e+01 -5.306615373548211778e+01
1.442002781641168099e+02 -5.774729662828138999e+01 -5.313082106490710999e+01
1.447009735744088914e+02 -5.782109253594643405e+01 -5.319664253001192833e+01
1.452016689847009729e+02 -5.789622186237937740e+01 -5.326361620674234132e+01
1.457023643949930261e+02 -5.797268072163677743e+01 -5.333173991463937114e+01
1.462030598052851076e+02 -5.805046505315220884e+01 -5.340101125118181358e+01
1.467037552155771891e+02 -5.812957063803440860e+01 -5.347142757170459504e+01
1.472044506258692422e+02 -5.820999307811251811e+01 -5.354298598430560219e+01
1.477051460361613238e+02 -5.829172778429455093e+01 -5.361568334286076265e+01
1.482058414464534053e+02 -5.837476999286553792e+01 -5.368951625315403930e+01
1.487065368567454584e+02 -5.845911475151768855e+01 -5.376448105621548734e+01
1.492072322670375399e+02 -5.854475692575323365e+01 -5.384057384283678971e+01
1.497079276773296215e+02 -5.863169118724289319e+01 -5.391779044283921962e+01
1.502086230876216746e+02 -5.871991201033341667e+01 -5.399612641068543439e+01
1.507093184979137845e+02 -5.880941368601742170e+01 -5.407557705174568241e+01
1.512100139082058092e+02 -5.890019031669470451e+01 -5.415613740090648776e+01
1.517107093184979192e+02 -5.899223579987409494e+01 -5.423780222762744074e+01
1.522114047287899723e+02 -5.908554385494898042e+01 -5.432056604758273011e+01
1.527121001390820538e+02 -5.918010800573500774e+01 -5.440442309821392541e+01
1.532127955493741354e+02 -5.927592158279838941e+01 -5.448936737656495666e+01
1.537134909596661885e+02 -5.937297773979042859e+01 -5.457539261367074346e+01
1.542141863699582700e+02 -5.947126943816800804e+01 -5.466249227572134828e+01
1.547148817802503231e+02 -5.957078945847132445e+01 -5.475065959840449636e+01
1.552155771905424047e+02 -5.967153040250667573e+01 -5.483988755372720902e+01
1.557162726008344862e+02 -5.977348470618852616e+01 -5.493016887446302121e+01
1.562169680111265393e+02 -5.987664461509228886e+01 -5.502149606113690083e+01
1.567176634214186208e+02 -5.998100221996099890e+01 -5.511386136514502709e+01
1.572183588317106739e+02 -6.008654944506378115e+01 -5.520725682833599990e+01
1.577190542420027555e+02 -6.019327805285246313e+01 -5.530167425623531585e+01
1.582197496522948654e+02 -6.030117964978234113e+01 -5.539710524132843261e+01
1.587204450625868901e+02 -6.041024570028201879e+01 -5.549354117594830882e+01
1.592211404728790001e+02 -6.052046751656706647e+01 -5.559097323332153451e+01
1.597218358831710532e+02 -6.063183627144570664e+01 -5.568939240880482089e+01
1.602225312934631347e+02 -6.074434300704996303e+01 -5.578878948667025384e+01
1.607232267037552162e+02 -6.085797863512669892e+01 -5.588915509373819646e+01
1.612239221140472694e+02 -6.097273393791073204e+01 -5.599047966995058800e+01
1.617246175243393509e+02 -6.108859958616920949e+01 -5.609275349178133752e+01
1.622253129346314324e+02 -6.120556612988838197e+01 -5.619596667582882787e+01
1.627260083449234855e+02 -6.132362402650431932e+01 -5.630010920106215622e+01
1.632267037552155955e+02 -6.144276360888869704e+01 -5.640517087881235625e+01
1.637273991655076486e+02 -6.156297512958661855e+01 -5.651114142145743813e+01
1.642280945757997301e+02 -6.168424873986185730e+01 -5.661801039352795328e+01
1.647287899860917832e+02 -6.180657450599500180e+01 -5.672576724230239620e+01
1.652294853963838648e+02 -6.192994240811930240e+01 -5.683440131314128507e+01
1.657301808066759463e+02 -6.205434234720559061e+01 -5.694390184410295319e+01
1.662308762169679994e+02 -6.217976414564435572e+01 -5.705425799057266545e+01
1.667315716272600810e+02 -6.230619756237973661e+01 -5.716545880994672757e+01
1.672322670375521341e+02 -6.243363228359629602e+01 -5.727749328424252440e+01
1.677329624478442156e+02 -6.256205792271902055e+01 -5.739035032402753700e+01
1.682336578581363256e+02 -6.269146403642042742e+01 -5.750401877744153012e+01
1.687343532684283502e+02 -6.282184012112810478e+01 -5.761848743786359250e+01
1.692350486787204602e+02 -6.295317560778602228e+01 -5.773374504544008801e+01
1.697357440890125133e+02 -6.308545987000360356e+01 -5.784978028945843676e+01
1.702364394993045948e+02 -6.321868223016753063e+01 -5.796658183490436045e+01
1.707371349095966480e+02 -6.335283194081529246e+01 -5.808413829696874586e+01
1.712378303198887295e+02 -6.348789820093332992e+01 -5.820243828273888198e+01
1.717385257301808110e+02 -6.362387015130042300e+01 -5.832147035906601218e+01
1.722392211404728641e+02 -6.376073686517446504e+01 -5.844122309280137983e+01
1.727399165507649457e+02 -6.389848736342645452e+01 -5.856168502516666763e+01
1.732406119610569988e+02 -6.403711057728759215e+01 -5.868284469729260877e+01
1.737413073713490803e+02 -6.417659539025879667e+01 -5.880469064487115816e+01
1.742420027816411618e+02 -6.431693059387288258e+01 -5.892721138920606450e+01
1.747426981919332150e+02 -6.445810490457478181e+01 -5.905039547735796646e+01
1.752433936022252965e+02 -6.460010694975170509e+01 -5.917423144070781404e+01
1.757440890125173496e+02 -6.474292526191237584e+01 -5.929870782507933313e+01
1.762447844228094596e+02 -6.488654827403041736e+01 -5.942381319212145740e+01
1.767454798331015411e+02 -6.503096431081320361e+01 -5.954953610053635771e+01
1.772461752433935942e+02 -6.517616156774710134e+01 -5.967586512998096282e+01
1.777468706536856757e+02 -6.532212812273900227e+01 -5.980278886273154626e+01
1.782475660639777288e+02 -6.546885190701249257e+01 -5.993029590813094387e+01
1.787482614742698104e+02 -6.561632070045124010e+01 -6.005837488687248538e+01
1.792489568845618919e+02 -6.576452212228576855e+01 -6.018701441237354288e+01
1.797496522948539450e+02 -6.591344360781039313e+01 -6.031620312890154878e+01
1.802503477051460266e+02 -6.606307240489076094e+01 -6.044592968421639512e+01
1.807510431154380797e+02 -6.621339555650155262e+01 -6.057618274004781256e+01
1.812517385257301612e+02 -6.636439987977172450e+01 -6.070695095870760838e+01
1.817524339360222427e+02 -6.651607195434297637e+01 -6.083822300600004951e+01
1.822531293463142958e+02 -6.666839810607160643e+01 -6.096998755005770931e+01
1.827538247566063774e+02 -6.682136438141714052e+01 -6.110223326483392725e+01
1.832545201668984305e+02 -6.697495654045741276e+01 -6.123494880973012755e+01
1.837552155771905404e+02 -6.712916002778473512e+01 -6.136812283890904496e+01
1.842559109874825651e+02 -6.728395995620775238e+01 -6.150174399023526917e+01
1.847566063977746751e+02 -6.743934108696083740e+01 -6.163580088760355125e+01
1.852573018080667566e+02 -6.759528780874933318e+01 -6.177028212231235216e+01
1.857579972183588097e+02 -6.775178411330233530e+01 -6.190517626586952815e+01
1.862586926286508913e+02 -6.790881357907454685e+01 -6.204047185253003249e+01
1.867593880389429444e+02 -6.806635934156037138e+01 -6.217615737463930259e+01
1.872600834492350259e+02 -6.822440407932407425e+01 -6.231222126749926815e+01
1.877607788595271074e+02 -6.838292998955256508e+01 -6.244865192217403660e+01
1.882614742698191606e+02 -6.854191875313080118e+01 -6.258543766337098191e+01
1.887621696801112421e+02 -6.870135152940309808e+01 -6.272256674478413174e+01
1.892628650904032952e+02 -6.886120893521837161e+01 -6.286002734443755458e+01
1.897635605006953767e+02 -6.902147100302062199e+01 -6.299780754605890820e+01
1.902642559109874583e+02 -6.918211718143101052e+01 -6.313589534955681870e+01
1.907649513212795114e+02 -6.934312629566665009e+01 -6.327427863842459033e+01
1.912656467315716213e+02 -6.950447655103306488e+01 -6.341294519487419734e+01
1.917663421418636460e+02 -6.966614548635806159e+01 -6.355188267073245356e+01
1.922670375521557560e+02 -6.982810998155872539e+01 -6.369107858976931880e+01
1.927677329624478375e+02 -6.999034622504512981e+01 -6.383052033372806022e+01
1.932684283727398906e+02 -7.015282970673541740e+01 -6.397019513184787343e+01
1.937691237830319722e+02 -7.031553520175765470e+01 -6.411009005853557596e+01
1.942698191933240253e+02 -7.047843675647999362e+01 -6.425019201008254299e+01
1.947705146036161068e+02 -7.064150768618236498e+01 -6.439048771164962659e+01
1.952712100139081883e+02 -7.080472056574325279e+01 -6.453096368699917207e+01
1.957719054242002414e+02 -7.096804721799816207e+01 -6.467160627828562269e+01
1.962726008344923230e+02 -7.113145872305284456e+01 -6.481240160414600382e+01
1.967732962447844045e+02 -7.129492540664176659e+01 -6.495333557134145508e+01
1.972739916550764576e+02 -7.145841685642625407e+01 -6.509439386311569820e+01
1.977746870653685392e+02 -7.162190191966618613e+01 -6.523556192755350480e+01
1.982753824756605923e+02 -7.178534871486152724e+01 -6.537682496826747069e+01
1.987760778859527022e+02 -7.194872465037877873e+01 -6.551816793974140296e+01
1.992767732962447838e+02 -7.211199643609251098e+01 -6.565957554267370710e+01
1.997774687065368369e+02 -7.227513010434012131e+01 -6.580103221233585487e+01
2.002781641168289184e+02 -7.243809103786151127e+01 -6.594252211391577134e+01
2.007788595271209999e+02 -7.260084399541045741e+01 -6.608402913786122213e+01
2.012795549374130530e+02 -7.276335314435090140e+01 -6.622553690220811973e+01
2.017802503477051346e+02 -7.292558209558154658e+01 -6.636702873861068497e+01
2.022809457579971877e+02 -7.308749394544537381e+01 -6.650848769699805985e+01
2.027816411682892692e+02 -7.324905131996746377e+01 -6.664989654091769467e+01
2.032823365785813508e+02 -7.341021641210789994e+01 -6.679123774753534803e+01
2.037830319888734039e+02 -7.357095105393926815e+01 -6.693249350996339331e+01
2.042837273991654854e+02 -7.373121675389955954e+01 -6.707364573726081858e+01
2.047844228094575953e+02 -7.389097474801491217e+01 -6.721467606374645243e+01
2.052851182197496485e+02 -7.405018609303186850e+01 -6.735556583735743175e+01
2.057858136300417300e+02 -7.420881168737213329e+01 -6.749629614293226609e+01
2.062865090403338115e+02 -7.436681237707051650e+01 -6.763684780221083770e+01
2.067872044506258646e+02 -7.452414899535614268e+01 -6.777720138081932078e+01
2.072878998609179462e+02 -7.468078245345640198e+01 -6.791733719525510082e+01
2.077885952712099993e+02 -7.483667380229707078e+01 -6.805723532685661326e+01
2.082892906815020808e+02 -7.499178430584396438e+01 -6.819687563635525862e+01
2.087899860917941623e+02 -7.514607552957858161e+01 -6.833623777784524123e+01
2.092906815020862155e+02 -7.529950939637745932e+01 -6.847530120576848844e+01
2.097913769123782970e+02 -7.545204827615197019e+01 -6.861404519819771508e+01
2.102920723226703501e+02 -7.560365506035412864e+01 -6.875244887488079826e+01
2.107927677329624316e+02 -7.575429323648239688e+01 -6.889049121121061603e+01
2.112934631432545416e+02 -7.590392694396103934e+01 -6.902815106267226497e+01
2.117941585535465663e+02 -7.605252108357052521e+01 -6.916540718346951166e+01
2.122948539638386762e+02 -7.620004135004381851e+01 -6.930223824864370386e+01
2.127955493741307293e+02 -7.634645431355710343e+01 -6.943862287735683481e+01
2.132962447844228109e+02 -7.649172750820542888e+01 -6.957453966315952698e+01
2.137969401947148924e+02 -7.663582944364424065e+01 -6.970996718563256422e+01
2.142976356050069455e+02 -7.677872972150470332e+01 -6.984488405462471405e+01
2.147983310152990271e+02 -7.692039904703523234e+01 -6.997926891490934054e+01
2.152990264255910802e+02 -7.706080929429407433e+01 -7.011310049740714589e+01
2.157997218358831617e+02 -7.719993356435696796e+01 -7.024635762384278337e+01
2.163004172461752148e+02 -7.733774619928698257e+01 -7.037901924399776021e+01
2.168011126564672963e+02 -7.747422286187901364e+01 -7.051106447761995355e+01
2.173018080667593779e+02 -7.760934052518240378e+01 -7.064247261209530393e+01
2.178025034770514310e+02 -7.774307753187275694e+01 -7.077322316531208912e+01
2.183031988873435125e+02 -7.787541360822177694e+01 -7.090329588100431124e+01
2.188038942976355656e+02 -7.800632986467934415e+01 -7.103267077531782547e+01
2.193045897079276472e+02 -7.813580884011133776e+01 -7.116132816475001732e+01
2.198052851182197571e+02 -7.826383449248641000e+01 -7.128924868710456053e+01
2.203059805285118102e+02 -7.839039220353259907e+01 -7.141641332477448145e+01
2.208066759388038918e+02 -7.851546878339394198e+01 -7.154280343501014272e+01
2.213073713490959449e+02 -7.863905245433232949e+01 -7.166840077262023101e+01
2.218080667593880264e+02 -7.876113285771242545e+01 -7.179318752023974071e+01
2.223087621696801079e+02 -7.888170102489783631e+01 -7.191714629298658679e+01
2.228094575799721611e+02 -7.900074937259449825e+01 -7.204026018153527389e+01
2.233101529902642426e+02 -7.911827166909023390e+01 -7.216251275502727935e+01
2.238108484005562957e+02 -7.923426301562830076e+01 -7.228388809250319014e+01
2.243115438108483772e+02 -7.934871981497525439e+01 -7.240437079250696684e+01
2.248122392211404588e+02 -7.946163975512280331e+01 -7.252394598705578233e+01
2.253129346314325119e+02 -7.957302174409522877e+01 -7.264259937249008203e+01
2.258136300417245934e+02 -7.968286590994938479e+01 -7.276031719185212410e+01
2.263143254520166465e+02 -7.979117353441796467e+01 -7.287708628354394591e+01
2.268150208623087565e+02 -7.989794702962643669e+01 -7.299289407105916894e+01
2.273157162726008380e+02 -8.000318988454199598e+01 -7.310772855663472569e+01
2.278164116828928911e+02 -8.010690663301122072e+01 -7.322157836998613334e+01
2.283171070931849727e+02 -8.020910280153867689e+01 -7.333443273803951001e+01
2.288178025034770258e+02 -8.030978486927128301e+01 -7.344628149191649413e+01
2.293184979137691073e+02 -8.040896021786528536e+01 -7.355711509603807485e+01
2.298191933240611604e+02 -8.050663709166599347e+01 -7.366692462105802974e+01
2.303198887343532704e+02 -8.060282454586560164e+01 -7.377570175390374629e+01
2.308205841446453235e+02 -8.069753239765270791e+01 -7.388343879777622192e+01
2.313212795549373766e+02 -8.079077119505097926e+01 -7.399012867185902564e+01
2.318219749652294297e+02 -8.088255215479716753e+01 -7.409576489472911476e+01
2.323226703755215397e+02 -8.097288712969651669e+01 -7.420034159323350309e+01
2.328233657858135928e+02 -8.106178855540576933e+01 -7.430385348269865631e+01
2.333240611961056459e+02 -8.114926941345693479e+01 -7.440629588206448375e+01
2.338247566063977843e+02 -8.123534318985684877e+01 -7.450766466790028630e+01
2.343254520166898374e+02 -8.132002382203398838e+01 -7.460795630467274009e+01
2.348261474269818621e+02 -8.140332567904488315e+01 -7.470716780050807415e+01
2.353268428372740004e+02 -8.148526350150694952e+01 -7.480529671999775587e+01
2.358275382475660535e+02 -8.156585237673527899e+01 -7.490234115742296694e+01
2.363282336578581067e+02 -8.164510770075324331e+01 -7.499829973879187150e+01
2.368289290681501882e+02 -8.172304514204520842e+01 -7.509317159098955585e+01
2.373296244784422697e+02 -8.179968060093985116e+01 -7.518695633304687931e+01
2.378303198887343228e+02 -8.187503018956770973e+01 -7.527965407264801456e+01
2.383310152990264044e+02 -8.194911019435606647e+01 -7.537126537673557891e+01
2.388317107093184859e+02 -8.202193704252960060e+01 -7.546179126743609800e+01
2.393324061196105390e+02 -8.209352728617108141e+01 -7.555123319943632509e+01
2.398331015299026205e+02 -8.216389756757681084e+01 -7.563959304337586786e+01
2.403337969401946737e+02 -8.223306458380504580e+01 -7.572687307816195812e+01
2.408344923504867552e+02 -8.230104509133109048e+01 -7.581307596621300604e+01
2.413351877607788083e+02 -8.236785584786377967e+01 -7.589820474480475809e+01
2.418358831710709183e+02 -8.243351362316856523e+01 -7.598226280511553909e+01
2.423365785813629998e+02 -8.249803515974357992e+01 -7.606525387010734107e+01
2.428372739916550529e+02 -8.256143715603852229e+01 -7.614718199801828291e+01
2.433379694019471344e+02 -8.262373625989744141e+01 -7.622805154976632025e+01
2.438386648122392160e+02 -8.268494904040474580e+01 -7.630786717017727483e+01
2.443393602225312691e+02 -8.274509197568838204e+01 -7.638663378973106433e+01
2.448400556328233506e+02 -8.280418144589563667e+01 -7.646435659924136985e+01
2.453407510431154037e+02 -8.286223370865900506e+01 -7.654104102482634175e+01
2.458414464534074853e+02 -8.291926489595309135e+01 -7.661669273824045945e+01
2.463421418636995668e+02 -8.297529100413886738e+01 -7.669131761729332197e+01
2.468428372739916199e+02 -8.303032786968827850e+01 -7.676492174002888191e+01
2.473435326842837014e+02 -8.308439118318267447e+01 -7.683751138472544540e+01
2.478442280945758114e+02 -8.313749645970030144e+01 -7.690909298682200301e+01
2.483449235048678645e+02 -8.318965904131158595e+01 -7.697967315987298775e+01
2.488456189151599460e+02 -8.324089408720448091e+01 -7.704925866062367845e+01
2.493463143254520276e+02 -8.329121657279591773e+01 -7.711785637038374830e+01
2.498470097357440807e+02 -8.334064127700894176e+01 -7.718547331481786955e+01
2.503477051460361338e+02 -8.338918278650854177e+01 -7.725211661621543158e+01
2.508484005563282153e+02 -8.343685547381124934e+01 -7.731779350746037949e+01
2.513490959666202968e+02 -8.348367351761812927e+01 -7.738251129943492401e+01
2.518497913769123500e+02 -8.352965088371588820e+01 -7.744627739615353335e+01
2.523504867872044315e+02 -8.357480132532617745e+01 -7.750909926449494947e+01
2.528511821974965130e+02 -8.361913838537979871e+01 -7.757098442954557527e+01
2.533518776077885661e+02 -8.366267538810166116e+01 -7.763194046994286168e+01
2.538525730180806477e+02 -8.370542544376036176e+01 -7.769197500390546907e+01
2.543532684283727576e+02 -8.374740144517613771e+01 -7.775109568690496076e+01
2.548539638386647823e+02 -8.378861606492874614e+01 -7.780931018605443228e+01
2.553546592489568354e+02 -8.382908176234411712e+01 -7.786662619640665639e+01
2.558553546592489738e+02 -8.386881077151768693e+01 -7.792305142232763160e+01
2.563560500695410269e+02 -8.390781511614616761e+01 -7.797859356119843710e+01
2.568567454798330800e+02 -8.394610659867771574e+01 -7.803326031389261175e+01
2.573574408901251900e+02 -8.398369680798467130e+01 -7.808705936382139612e+01
2.578581363004172431e+02 -8.402059711522971952e+01 -7.813999837926203895e+01
2.583588317107092962e+02 -8.405681868025179426e+01 -7.819208500171626497e+01
2.588595271210013493e+02 -8.409237244691820479e+01 -7.824332684940273452e+01
2.593602225312934593e+02 -8.412726915480536150e+01 -7.829373149746643890e+01
2.598609179415855124e+02 -8.416151932716553574e+01 -7.834330648729192603e+01
2.603616133518775655e+02 -8.419513328349486869e+01 -7.839205931719007481e+01
2.608623087621696754e+02 -8.422812114070202938e+01 -7.843999742959240962e+01
2.613630041724617286e+02 -8.426049281005312253e+01 -7.848712821803601969e+01
2.618636995827537817e+02 -8.429225800175714767e+01 -7.853345901901448656e+01
2.623643949930458916e+02 -8.432342622858185166e+01 -7.857899710732127119e+01
2.628650904033379447e+02 -8.435400680538491258e+01 -7.862374969255725432e+01
2.633657858136299978e+02 -8.438400885807251939e+01 -7.866772392145904291e+01
2.638664812239220510e+02 -8.441344131579961640e+01 -7.871092686276497830e+01
2.643671766342141609e+02 -8.444231292444290204e+01 -7.875336551885666836e+01
2.648678720445062140e+02 -8.447063223849360725e+01 -7.879504681178914893e+01
2.653685674547982671e+02 -8.449840763605453731e+01 -7.883597758212673057e+01
2.658692628650904339e+02 -8.452564730572903784e+01 -7.887616459825622428e+01
2.663699582753824870e+02 -8.455235926510917466e+01 -7.891561453543218363e+01
2.668706536856744833e+02 -8.457855135059580221e+01 -7.895433399207504976e+01
2.673713490959666501e+02 -8.460423123490535602e+01 -7.899232947580131281e+01
2.678720445062587032e+02 -8.462940640924045965e+01 -7.902960740342351187e+01
2.683727399165507563e+02 -8.465408420873228579e+01 -7.906617410851723093e+01
2.688734353268428094e+02 -8.467827179190896913e+01 -7.910203582512295384e+01
2.693741307371349194e+02 -8.470197616500163917e+01 -7.913719870171590287e+01
2.698748261474269725e+02 -8.472520416806969479e+01 -7.917166878956450660e+01
2.703755215577190256e+02 -8.474796249070027443e+01 -7.920545204098417003e+01
2.708762169680111356e+02 -8.477025766041653299e+01 -7.923855432097880680e+01
2.713769123783031887e+02 -8.479209605900982183e+01 -7.927098139443515379e+01
2.718776077885952418e+02 -8.481348391637408213e+01 -7.930273892379446465e+01
2.723783031988873518e+02 -8.483442731434081452e+01 -7.933383247836573560e+01
2.728789986091794049e+02 -8.485493219738168591e+01 -7.936426752966909248e+01
2.733796940194714580e+02 -8.487500435728961179e+01 -7.939404944910748441e+01
2.738803894297635111e+02 -8.489464945491644698e+01 -7.942318350563837726e+01
2.743810848400556210e+02 -8.491387301200890647e+01 -7.945167487275867302e+01
2.748817802503476742e+02 -8.493268041053960360e+01 -7.947952861686317760e+01
2.753824756606397273e+02 -8.495107690856707450e+01 -7.950674971587105233e+01
2.758831710709318372e+02 -8.496906762642986166e+01 -7.953334303361444313e+01
2.763838664812238903e+02 -8.498665755982078451e+01 -7.955931334544985134e+01
2.768845618915159434e+02 -8.500385157898520561e+01 -7.958466531497506935e+01
2.773852573018079966e+02 -8.502065442674509654e+01 -7.960940351498393852e+01
2.778859527121001065e+02 -8.503707073180740394e+01 -7.963353241116820413e+01
2.783866481223921596e+02 -8.505310499390941459e+01 -7.965705637375904757e+01
2.788873435326842127e+02 -8.506876160233872497e+01 -7.967997966588555414e+01
2.793880389429763227e+02 -8.508404482533850910e+01 -7.970230645521624524e+01
2.798887343532683758e+02 -8.509895882206662066e+01 -7.972404080930246550e+01
2.803894297635604289e+02 -8.511350763931250185e+01 -7.974518669557838280e+01
2.808901251738525957e+02 -8.512769520752300423e+01 -7.976574797903268177e+01
2.813908205841446488e+02 -8.514152535737380845e+01 -7.978572842919348318e+01
2.818915159944367019e+02 -8.515500180573108935e+01 -7.980513171314342458e+01
2.823922114047287550e+02 -8.516812816968696609e+01 -7.982396140017627317e+01
2.828929068150208650e+02 -8.518090796373331841e+01 -7.984222096296107907e+01
2.833936022253129181e+02 -8.519334459315146546e+01 -7.985991377288556237e+01
2.838942976356049712e+02 -8.520544137204079504e+01 -7.987704310704103250e+01
2.843949930458970812e+02 -8.521720151303298962e+01 -7.989361214123746890e+01
2.848956884561891343e+02 -8.522862812679028366e+01 -7.990962395582428712e+01
2.853963838664811874e+02 -8.523972423496321937e+01 -7.992508153569033880e+01
2.858970792767732974e+02 -8.525049276161499279e+01 -7.993998776793560523e+01
2.863977746870653505e+02 -8.526093654004120026e+01 -7.995434544303535063e+01
2.868984700973574036e+02 -8.527105830903980177e+01 -7.996815725716842849e+01
2.873991655076494567e+02 -8.528086071949716995e+01 -7.998142580988897521e+01
2.878998609179415666e+02 -8.529034633394333298e+01 -7.999415360645471651e+01
2.884005563282336198e+02 -8.529951762211493360e+01 -8.000634305666281421e+01
2.889012517385257297e+02 -8.530837697405920039e+01 -8.001799648047489200e+01
2.894019471488177828e+02 -8.531692668968344151e+01 -8.002911609777632407e+01
2.899026425591098359e+02 -8.532516898302338859e+01 -8.003970404061203681e+01
2.904033379694019459e+02 -8.533310599116290973e+01 -8.004976234490975173e+01
2.909040333796939990e+02 -8.534073976066665068e+01 -8.005929295375861443e+01
2.914047287899860521e+02 -8.534807226272442904e+01 -8.006829771829956144e+01
2.919054242002781621e+02 -8.535510538493019794e+01 -8.007677840088672383e+01
2.924061196105702152e+02 -8.536184093610526702e+01 -8.008473666775645938e+01
2.929068150208622683e+02 -8.536828064499349011e+01 -8.009217409966137780e+01
2.934075104311543782e+02 -8.537442616380788252e+01 -8.009909217778920265e+01
2.939082058414464314e+02 -8.538027906646658494e+01 -8.010549230142643751e+01
2.944089012517384845e+02 -8.538584085193897977e+01 -8.011137577618063688e+01
2.949095966620305944e+02 -8.539111294236781191e+01 -8.011674381652193233e+01
2.954102920723226475e+02 -8.539609668462645686e+01 -8.012159754962593183e+01
2.959109874826147006e+02 -8.540079334953209411e+01 -8.012593801405350291e+01
2.964116828929068106e+02 -8.540520413539780975e+01 -8.012976615469351316e+01
2.969123783031988637e+02 -8.540933016952217827e+01 -8.013308283549922351e+01
2.974130737134909168e+02 -8.541317250051099563e+01 -8.013588882517719014e+01
2.979137691237830268e+02 -8.541673211148230394e+01 -8.013818480528891541e+01
2.984144645340750799e+02 -8.542000991092916706e+01 -8.013997137442109420e+01
2.989151599443671330e+02 -8.542300673352880835e+01 -8.014124903882432704e+01
2.994158553546592429e+02 -8.542572334405323886e+01 -8.014201822059689562e+01
2.999165507649512961e+02 -8.542816044052852931e+01 -8.014227924912461276e+01
3.004172461752433492e+02 -8.543031864525892161e+01 -8.014203237308987582e+01
3.009179415855354023e+02 -8.543219851408244381e+01 -8.014127775377426133e+01
3.014186369958275691e+02 -8.543380053096274196e+01 -8.014001546177247803e+01
3.019193324061196222e+02 -8.543512511322838066e+01 -8.013824548347159293e+01
3.024200278164116185e+02 -8.543617260486450959e+01 -8.013596772426993198e+01
3.029207232267037853e+02 -8.543694328469368315e+01 -8.013318199281889065e+01
3.034214186369958384e+02 -8.543743735885243495e+01 -8.012988802322000481e+01
3.039221140472878915e+02 -8.543765496697818662e+01 -8.012608545593738540e+01
3.044228094575799446e+02 -8.543759618080161999e+01 -8.012177385021436749e+01
3.049235048678720545e+02 -8.543726100203548413e+01 -8.011695268090500122e+01
3.054242002781641077e+02 -8.543664936171705904e+01 -8.011162132985032258e+01
3.059248956884561608e+02 -8.543576112507113862e+01 -8.010577910692346393e+01
3.064255910987482707e+02 -8.543459608621503776e+01 -8.009942522332339365e+01
3.069262865090403238e+02 -8.543315397491815588e+01 -8.009255881748771344e+01
3.074269819193323769e+02 -8.543143444677389198e+01 -8.008517893539544730e+01
3.079276773296244869e+02 -8.542943709019110088e+01 -8.007728453909723498e+01
3.084283727399165400e+02 -8.542716142337837937e+01 -8.006887450843942133e+01
3.089290681502085931e+02 -8.542460689834447862e+01 -8.005994764170392841e+01
3.094297635605006462e+02 -8.542177289351050717e+01 -8.005050264930936521e+01
3.099304589707927562e+02 -8.541865871968749957e+01 -8.004053815330547650e+01
3.104311543810848093e+02 -8.541526361665813738e+01 -8.003005270077792943e+01
3.109318497913768624e+02 -8.541158675357237939e+01 -8.001904475052086241e+01
3.114325452016689724e+02 -8.540762722712415211e+01 -8.000751267361783903e+01
3.119332406119610255e+02 -8.540338406579994057e+01 -7.999545476445739212e+01
3.124339360222530786e+02 -8.539885622413072497e+01 -7.998286923207153620e+01
3.129346314325451885e+02 -8.539404258566115402e+01 -7.996975419972834231e+01
3.134353268428372417e+02 -8.538894195844764567e+01 -7.995610770699379088e+01
3.139360222531292948e+02 -8.538355308007361089e+01 -7.994192771310729029e+01
3.144367176634213479e+02 -8.537787461374824716e+01 -7.992721209232506396e+01
3.149374130737134578e+02 -8.537190515006821556e+01 -7.991195863508430364e+01
3.154381084840055109e+02 -8.536564319863093431e+01 -7.989616505498808863e+01
3.159388038942975641e+02 -8.535908719853580351e+01 -7.987982897250724079e+01
3.164394993045897309e+02 -8.535223551271832321e+01 -7.986294793477092924e+01
3.169401947148817840e+02 -8.534508642223667607e+01 -7.984551940159683170e+01
3.174408901251737802e+02 -8.533763813585127878e+01 -7.982754075480436029e+01
3.179415855354659470e+02 -8.532988878228351837e+01 -7.980900929239389541e+01
3.184422809457580001e+02 -8.532183640887033960e+01 -7.978992222738263251e+01
3.189429763560500533e+02 -8.531347898222333015e+01 -7.977027669944611432e+01
3.194436717663421064e+02 -8.530481439121368226e+01 -7.975006975862008574e+01
3.199443671766342163e+02 -8.529584043871403765e+01 -7.972929837344956638e+01
3.204450625869262694e+02 -8.528655484509191353e+01 -7.970795944495868923e+01
3.209457579972183225e+02 -8.527695525031363388e+01 -7.968604977871102335e+01
3.214464534075104325e+02 -8.526703920530466974e+01 -7.966356611042094471e+01
3.219471488178024856e+02 -8.525680417523243193e+01 -7.964050509664041044e+01
3.224478442280945387e+02 -8.524624753802476107e+01 -7.961686330544573309e+01
3.229485396383865918e+02 -8.523536658647537934e+01 -7.959263723277210545e+01
3.234492350486787018e+02 -8.522415851773970985e+01 -7.956782329822992494e+01
3.239499304589707549e+02 -8.521262044275718495e+01 -7.954241784284924677e+01
3.244506258692628649e+02 -8.520074937803727266e+01 -7.951641713264500311e+01
3.249513212795549180e+02 -8.518854224716852741e+01 -7.948981734686633160e+01
3.254520166898469711e+02 -8.517599587942393669e+01 -7.946261460655470898e+01
3.259527121001390810e+02 -8.516310700738659989e+01 -7.943480494660427382e+01
3.264534075104311910e+02 -8.514987226507571449e+01 -7.940638432507505229e+01
3.269541029207232441e+02 -8.513628819137917958e+01 -7.937734863599864354e+01
3.274547983310152972e+02 -8.512235121877507993e+01 -7.934769370006499400e+01
3.279554937413073503e+02 -8.510805768311138308e+01 -7.931741525530917158e+01
3.284561891515994603e+02 -8.509340381171993783e+01 -7.928650898505104294e+01
3.289568845618915134e+02 -8.507838573206491617e+01 -7.925497049606740063e+01
3.294575799721835665e+02 -8.506299945938681617e+01 -7.922279531975611633e+01
3.299582753824756765e+02 -8.504724090685618876e+01 -7.918997893483712858e+01
3.304589707927677296e+02 -8.503110587187848068e+01 -7.915651674057691878e+01
3.309596662030597827e+02 -8.501459003875743292e+01 -7.912240408618337995e+01
3.314603616133518926e+02 -8.499768898502716752e+01 -7.908763624053783303e+01
3.319610570236439457e+02 -8.498039816806959834e+01 -7.905220842246301061e+01
3.324617524339359989e+02 -8.496271292424698629e+01 -7.901611579606644398e+01
3.329624478442280520e+02 -8.494462848092132390e+01 -7.897935345327816492e+01
3.334631432545201619e+02 -8.492613993606059353e+01 -7.894191643480546361e+01
3.339638386648122150e+02 -8.490724226710553069e+01 -7.890379973013288861e+01
3.344645340751042681e+02 -8.488793032337005684e+01 -7.886499827053732758e+01
3.349652294853963781e+02 -8.486819883213345861e+01 -7.882550694771445876e+01
3.354659248956884312e+02 -8.484804238648590058e+01 -7.878532058351076728e+01
3.359666203059804843e+02 -8.482745545329052561e+01 -7.874443397648967391e+01
3.364673157162726511e+02 -8.480643236153247244e+01 -7.870284186118617242e+01
3.369680111265647042e+02 -8.478496730682135762e+01 -7.866053895059842205e+01
3.374687065368567005e+02 -8.476305434371053593e+01 -7.861751989427823162e+01
3.379694019471487536e+02 -8.474068739500867764e+01 -7.857377933333729914e+01
3.384700973574409204e+02 -8.471786023146837863e+01 -7.852931184922447017e+01
3.389707927677329735e+02 -8.469456648370135099e+01 -7.848411200796356013e+01
3.394714881780250266e+02 -8.467079964216145527e+01 -7.843817433745236656e+01
3.399721835883171366e+02 -8.464655303690075527e+01 -7.839149335802169105e+01
3.404728789986091897e+02 -8.462181985470091661e+01 -7.834406353936167022e+01
3.409735744089012428e+02 -8.459659312464367531e+01 -7.829587935872943660e+01
3.414742698191932959e+02 -8.457086572471473573e+01 -7.824693527300944140e+01
3.419749652294854059e+02 -8.454463037247832347e+01 -7.819722571609410977e+01
3.424756606397774590e+02 -8.451787962438866941e+01 -7.814674512915182447e+01
3.429763560500695121e+02 -8.449060587630120267e+01 -7.809548793094101882e+01
3.434770514603616220e+02 -8.446280135535344868e+01 -7.804344856495838201e+01
3.439777468706536752e+02 -8.443445812672428019e+01 -7.799062145258169210e+01
3.444784422809457283e+02 -8.440556808400899058e+01 -7.793700103963594472e+01
3.449791376912378382e+02 -8.437612295036447563e+01 -7.788258178242351448e+01
3.454798331015298913e+02 -8.434611427349679502e+01 -7.782735814830623156e+01
3.459805285118219444e+02 -8.431553342698560982e+01 -7.777132463142145014e+01
3.464812239221139976e+02 -8.428437160635468217e+01 -7.771447575028098242e+01
3.469819193324061075e+02 -8.425261982589626086e+01 -7.765680605039044337e+01
3.474826147426981606e+02 -8.422026892050497793e+01 -7.759831011487214880e+01
3.479833101529902137e+02 -8.418730954337360117e+01 -7.753898257406937944e+01
3.484840055632823237e+02 -8.415373214945755365e+01 -7.747881808568301665e+01
3.489847009735743768e+02 -8.411952702461069009e+01 -7.741781137202444540e+01
3.494853963838664299e+02 -8.408468425322359963e+01 -7.735595721535894143e+01
3.499860917941585399e+02 -8.404919373664779414e+01 -7.729325044684621560e+01
3.504867872044505930e+02 -8.401304517415442774e+01 -7.722968595352533328e+01
3.509874826147426461e+02 -8.397622807982446602e+01 -7.716525871949663440e+01
3.514881780250346992e+02 -8.393873177493793492e+01 -7.709996378634052405e+01
3.519888734353268660e+02 -8.390054538035803944e+01 -7.703379629298972020e+01
3.524895688456189191e+02 -8.386165782236054156e+01 -7.696675144720749984e+01
3.529902642559109154e+02 -8.382205783145010969e+01 -7.689882455978469977e+01
3.534909596662030822e+02 -8.378173393707464811e+01 -7.683001104039242080e+01
3.539916550764951353e+02 -8.374067447578329393e+01 -7.676030639787306598e+01
3.544923504867871884e+02 -8.369886758435707463e+01 -7.668970626366892418e+01
3.549930458970792415e+02 -8.365630119936639630e+01 -7.661820635718861183e+01
3.554937413073713515e+02 -8.361296306635853171e+01 -7.654580254202748790e+01
3.559944367176634046e+02 -8.356884072914257899e+01 -7.647249079280747708e+01
3.564951321279554577e+02 -8.352392153790091811e+01 -7.639826722414447602e+01
3.569958275382475676e+02 -8.347819264857056965e+01 -7.632312809088482197e+01
3.574965229485396208e+02 -8.343164102458186449e+01 -7.624706975978362777e+01
3.579972183588316739e+02 -8.338425344057162647e+01 -7.617008876849460819e+01
3.584979137691237838e+02 -8.333601647540069735e+01 -7.609218180740747073e+01
3.589986091794158369e+02 -8.328691654154863500e+01 -7.601334571002546170e+01
3.594993045897078900e+02 -8.323693984806050139e+01 -7.593357748107329996e+01
3.600000000000000000e+02 -8.318607243260350970e+01 -7.585287427052200826e+01
