# lons lats(polar edge) lats(equatorward edge)
0.000000000000000000e+00 7.161612045019865036e+01 6.693376917438581586e+01
5.006954102920723182e-01 7.165135940653271973e+01 6.696585423359647393e+01
1.001390820584144636e+00 7.168617093586362898e+01 6.699745379725936800e+01
1.502086230876216844e+00 7.172055795672349632e+01 6.702857179788406938e+01
2.002781641168289273e+00 7.175452338531613350e+01 6.705921217321883887e+01
2.503477051460361480e+00 7.178807015763595700e+01 6.708937885693740100e+01
3.004172461752433687e+00 7.182120120851323009e+01 6.711907580017577857e+01
3.504867872044505894e+00 7.185391949082259089e+01 6.714830694475676864e+01
4.005563282336578546e+00 7.188622794637922198e+01 6.717707624647300690e+01
4.506258692628650309e+00 7.191812954435590655e+01 6.720538765144010540e+01
5.006954102920722960e+00 7.194962723704520613e+01 6.723324511899772915e+01
5.507649513212795611e+00 7.198072400002274662e+01 6.726065259748065728e+01
6.008344923504867374e+00 7.201142280420754105e+01 6.728761404651959310e+01
6.509040333796940025e+00 7.204172663099598140e+01 6.731413341550432961e+01
7.009735744089011789e+00 7.207163845712784678e+01 6.734021466299236636e+01
7.510431154381083552e+00 7.210116126923821867e+01 6.736586174128387938e+01
8.011126564673157091e+00 7.213029805687256157e+01 6.739107860617150436e+01
8.511821974965229742e+00 7.215905181132256985e+01 6.741586920006011496e+01
9.012517385257300617e+00 7.218742552679032087e+01 6.744023748572726618e+01
9.513212795549373268e+00 7.221542220097035170e+01 6.746418740266744862e+01
1.001390820584144592e+01 7.224304483737796545e+01 6.748772289823318715e+01
1.051460361613352035e+01 7.227029643487185240e+01 6.751084791715766187e+01
1.101529902642559122e+01 7.229718000162392855e+01 6.753356639515186544e+01
1.151599443671766032e+01 7.232369854114949703e+01 6.755588226967302035e+01
1.201668984700973475e+01 7.234985506394878030e+01 6.757779949011091958e+01
1.251738525730180740e+01 7.237565258750692010e+01 6.759932197995294700e+01
1.301808066759388005e+01 7.240109411766752601e+01 6.762045367403698037e+01
1.351877607788595093e+01 7.242618267657235265e+01 6.764119850021597813e+01
1.401947148817802358e+01 7.245092128054238856e+01 6.766156038308236020e+01
1.452016689847009623e+01 7.247531294939108193e+01 6.768154325002524274e+01
1.502086230876216710e+01 7.249936071355477907e+01 6.770115103145781177e+01
1.552155771905424153e+01 7.252306759022758342e+01 6.772038763013097196e+01
1.602225312934631418e+01 7.254643661333830096e+01 6.773925697931917966e+01
1.652294853963838506e+01 7.256947081143152900e+01 6.775776298868368031e+01
1.702364394993045948e+01 7.259217321945470758e+01 6.777590957156280638e+01
1.752433936022252681e+01 7.261454687526565976e+01 6.779370064897011616e+01
1.802503477051460123e+01 7.263659481845024857e+01 6.781114013267870178e+01
1.852573018080667566e+01 7.265832009214136633e+01 6.782823193096919567e+01
1.902642559109874654e+01 7.267972574523810181e+01 6.784497996070786030e+01
1.952712100139081741e+01 7.270081482549358043e+01 6.786138813221259625e+01
2.002781641168289184e+01 7.272159038997415337e+01 6.787746035732925520e+01
2.052851182197496627e+01 7.274205550040278467e+01 6.789320054704876384e+01
2.102920723226704069e+01 7.276221320918921265e+01 6.790861261318059405e+01
2.152990264255910802e+01 7.278206659668285283e+01 6.792370047893928131e+01
2.203059805285118244e+01 7.280161873159158858e+01 6.793846805355133256e+01
2.253129346314325332e+01 7.282087268727991614e+01 6.795291925613855710e+01
2.303198887343532064e+01 7.283983155050009373e+01 6.796705800873314729e+01
2.353268428372739507e+01 7.285849840742230299e+01 6.798088823424041038e+01
2.403337969401946950e+01 7.287687635876864078e+01 6.799441386080434313e+01
2.453407510431154037e+01 7.289496849653005484e+01 6.800763881482271245e+01
2.503477051460361480e+01 7.291277793248809758e+01 6.802056703169273533e+01
2.553546592489568567e+01 7.293030777726016822e+01 6.803320245270060695e+01
2.603616133518776010e+01 7.294756115426935139e+01 6.804554901935534872e+01
2.653685674547983453e+01 7.296454119043119135e+01 6.805761067813637055e+01
2.703755215577190185e+01 7.298125101964615169e+01 6.806939138716461457e+01
2.753824756606397628e+01 7.299769378279961529e+01 6.808089510688932933e+01
2.803894297635604715e+01 7.301387263241849723e+01 6.809212580016082939e+01
2.853963838664812158e+01 7.302979072568632546e+01 6.810308744343547005e+01
2.904033379694019246e+01 7.304545123142816010e+01 6.811378402255559195e+01
2.954102920723226333e+01 7.306085732312567416e+01 6.812421951994383562e+01
3.004172461752433421e+01 7.307601218823037925e+01 6.813439793970519531e+01
3.054242002781640863e+01 7.309091901885039988e+01 6.814432328594466526e+01
3.104311543810848306e+01 7.310558101640708628e+01 6.815399957673707831e+01
3.154381084840055394e+01 7.312000139629162732e+01 6.816343083248557377e+01
3.204450625869262836e+01 7.313418338088013115e+01 6.817262109105558920e+01
3.254520166898469569e+01 7.314813019953362527e+01 6.818157440253617096e+01
3.304589707927677011e+01 7.316184509907543543e+01 6.819029481701636541e+01
3.354659248956884454e+01 7.317533132982134703e+01 6.819878640553997684e+01
3.404728789986091897e+01 7.318859215722113731e+01 6.820705325079234171e+01
3.454798331015298629e+01 7.320163085487365606e+01 6.821509943545879651e+01
3.504867872044505361e+01 7.321445070569097879e+01 6.822292906900020171e+01
3.554937413073713515e+01 7.322705501004747930e+01 6.823054626553403068e+01
3.605006954102920247e+01 7.323944707180999103e+01 6.823795515664005507e+01
3.655076495132127690e+01 7.325163020997933927e+01 6.824515988030088920e+01
3.705146036161335132e+01 7.326360775636203471e+01 6.825216458905106265e+01
3.755215577190541865e+01 7.327538304974950734e+01 6.825897345812609274e+01
3.805285118219749307e+01 7.328695944290302577e+01 6.826559066567187983e+01
3.855354659248956750e+01 7.329834030255369726e+01 6.827202040962492902e+01
3.905424200278163482e+01 7.330952899776093545e+01 6.827826690014535416e+01
3.955493741307371636e+01 7.332052892144929501e+01 6.828433436194518436e+01
4.005563282336578368e+01 7.333134346479710075e+01 6.829022703545251716e+01
4.055632823365785811e+01 7.334197604401197168e+01 6.829594917215490568e+01
4.105702364394993253e+01 7.335243007471945020e+01 6.830150504391258437e+01
4.155771905424199986e+01 7.336270898884322378e+01 6.830689893480939645e+01
4.205841446453408139e+01 7.337281622994851205e+01 6.831213513940656412e+01
4.255910987482614871e+01 7.338275524858545396e+01 6.831721797496629733e+01
4.305980528511821603e+01 7.339252951276648673e+01 6.832215176573572535e+01
4.356050069541029046e+01 7.340214249283235404e+01 6.832694085691673536e+01
4.406119610570236489e+01 7.341159767542194459e+01 6.833158960477067012e+01
4.456189151599443221e+01 7.342089855241283658e+01 6.833610238069286424e+01
4.506258692628650664e+01 7.343004862907037023e+01 6.834048356888433773e+01
4.556328233657857396e+01 7.343905141589857521e+01 6.834473757217256207e+01
4.606397774687064128e+01 7.344791043562509003e+01 6.834886880269823450e+01
4.656467315716272282e+01 7.345662922029077890e+01 6.835288169006435055e+01
4.706536856745479014e+01 7.346521130542896572e+01 6.835678066969467181e+01
4.756606397774686457e+01 7.347366023821450653e+01 6.836057020029602427e+01
4.806675938803893899e+01 7.348197957047887030e+01 6.836425474523184675e+01
4.856745479833100632e+01 7.349017286103844526e+01 6.836783878649202961e+01
4.906815020862308074e+01 7.349824367685869220e+01 6.837132681072307605e+01
4.956884561891514807e+01 7.350619558606922510e+01 6.837472331970548112e+01
5.006954102920722960e+01 7.351403216727703693e+01 6.837803282569711882e+01
5.057023643949929692e+01 7.352175699908912065e+01 6.838125985143324215e+01
5.107093184979137135e+01 7.352937366244077566e+01 6.838440892779817659e+01
5.157162726008345288e+01 7.353688574292391422e+01 6.838748459498947341e+01
5.207232267037552020e+01 7.354429682845875504e+01 6.839049140251790959e+01
5.257301808066758753e+01 7.355161050696551683e+01 6.839343390455087501e+01
5.307371349095966906e+01 7.355883036869272473e+01 6.839631666456898529e+01
5.357440890125173638e+01 7.356595999690398457e+01 6.839914425070946891e+01
5.407510431154380370e+01 7.357300297951951507e+01 6.840192123343786079e+01
5.457579972183587813e+01 7.357996289863876882e+01 6.840465219020461518e+01
5.507649513212795256e+01 7.358684333519704523e+01 6.840734170078849274e+01
5.557719054242002699e+01 7.359364785965226474e+01 6.840999434729656059e+01
5.607788595271209431e+01 7.360038004595480743e+01 6.841261471183588583e+01
5.657858136300416163e+01 7.360704345175690833e+01 6.841520737418522913e+01
5.707927677329624316e+01 7.361364163005418959e+01 6.841777691412335116e+01
5.757997218358831759e+01 7.362017812452904764e+01 6.842032791142901260e+01
5.808066759388038491e+01 7.362665646722234669e+01 6.842286493889605481e+01
5.858136300417245934e+01 7.363308018086172524e+01 6.842539256233339984e+01
5.908205841446452666e+01 7.363945277187667671e+01 6.842791534289335686e+01
5.958275382475660109e+01 7.364577773272685590e+01 6.843043783707162220e+01
6.008344923504866841e+01 7.365205853957377258e+01 6.843296458622990031e+01
6.058414464534074995e+01 7.365829865228079143e+01 6.843550012154355500e+01
6.108484005563281727e+01 7.366450150509990635e+01 6.843804896516576264e+01
6.158553546592489170e+01 7.367067052296988550e+01 6.844061561800390336e+01
6.208623087621696612e+01 7.367680909823320690e+01 6.844320457136109326e+01
6.258692628650903345e+01 7.368292060693420353e+01 6.844582029674984369e+01
6.308762169680110787e+01 7.368900839252091828e+01 6.844846724705621455e+01
6.358831710709318941e+01 7.369507577632248285e+01 6.845114985188320134e+01
6.408901251738525673e+01 7.370112604940004530e+01 6.845387251929696504e+01
6.458970792767732405e+01 7.370716247021846357e+01 6.845663963233437244e+01
6.509040333796939137e+01 7.371318827163122478e+01 6.845945554434638325e+01
6.559109874826147291e+01 7.371920664108984056e+01 6.846232458074427996e+01
6.609179415855354023e+01 7.372522073927029851e+01 6.846525103841759119e+01
6.659248956884562176e+01 7.373123368610322359e+01 6.846823918340578530e+01
6.709318497913768908e+01 7.373724856077387813e+01 6.847129323460012529e+01
6.759388038942975641e+01 7.374326840172216180e+01 6.847441738877296302e+01
6.809457579972183794e+01 7.374929620547845843e+01 6.847761578798144910e+01
6.859527121001390526e+01 7.375533491967871669e+01 6.848089254401475046e+01
6.909596662030597258e+01 7.376138744539275649e+01 6.848425171802136902e+01
6.959666203059803991e+01 7.376745664061672869e+01 6.848769732516575459e+01
7.009735744089010723e+01 7.377354530164666357e+01 6.849123333812076453e+01
7.059805285118218876e+01 7.377965617704830947e+01 6.849486366378459934e+01
7.109874826147427029e+01 7.378579196067221346e+01 6.849859216714594368e+01
7.159944367176633762e+01 7.379195528816126171e+01 6.850242265032920841e+01
7.210013908205840494e+01 7.379814873578652623e+01 6.850635886540021602e+01
7.260083449235048647e+01 7.380437481579065206e+01 6.851040448875482980e+01
7.310152990264255379e+01 7.381063598337277654e+01 6.851456314440201822e+01
7.360222531293462112e+01 7.381693462271869066e+01 6.851883837835248414e+01
7.410292072322670265e+01 7.382327305282160523e+01 6.852323367724511627e+01
7.460361613351876997e+01 7.382965352282553795e+01 6.852775245204884413e+01
7.510431154381083729e+01 7.383607821435361984e+01 6.853239803806263808e+01
7.560500695410290461e+01 7.384254922753825667e+01 6.853717368793058995e+01
7.610570236439498615e+01 7.384906859499096754e+01 6.854208257862683240e+01
7.660639777468706768e+01 7.385563827016085270e+01 6.854712780505269620e+01
7.710709318497913500e+01 7.386226012733459356e+01 6.855231237072348449e+01
7.760778859527120233e+01 7.386893595930814627e+01 6.855763919591754529e+01
7.810848400556326965e+01 7.387566747971504810e+01 6.856311110254227970e+01
7.860917941585533697e+01 7.388245631371319178e+01 6.856873082635775063e+01
7.910987482614743271e+01 7.388930399623859557e+01 6.857450099485777173e+01
7.961057023643950004e+01 7.389621198597524199e+01 6.858042414240389917e+01
8.011126564673156736e+01 7.390318164440031978e+01 6.858650269858389947e+01
8.061196105702363468e+01 7.391021424276914331e+01 6.859273898821174953e+01
8.111265646731571621e+01 7.391731096269722912e+01 6.859913522317856405e+01
8.161335187760779775e+01 7.392447288917537662e+01 6.860569351060166809e+01
8.211404728789986507e+01 7.393170100940551492e+01 6.861241583652645204e+01
8.261474269819193239e+01 7.393899621396485600e+01 6.861930407058298442e+01
8.311543810848399971e+01 7.394635930262666079e+01 6.862635996947847161e+01
8.361613351877606704e+01 7.395379096340548131e+01 6.863358515604249988e+01
8.411682892906816278e+01 7.396129179816853139e+01 6.864098114018179331e+01
8.461752433936023010e+01 7.396886228829316678e+01 6.864854929443299625e+01
8.511821974965229742e+01 7.397650282609902206e+01 6.865629086793251190e+01
8.561891515994436475e+01 7.398421369738571229e+01 6.866420697244666371e+01
8.611961057023643207e+01 7.399199507910452667e+01 6.867229859168492112e+01
8.662030598052849939e+01 7.399984704692542437e+01 6.868056655918098841e+01
8.712100139082058092e+01 7.400776956592380884e+01 6.868901158215794567e+01
8.762169680111264825e+01 7.401576249290883425e+01 6.869763421591687802e+01
8.812239221140472978e+01 7.402382558108001831e+01 6.870643488071709726e+01
8.862308762169679710e+01 7.403195847187816980e+01 6.871541384431384358e+01
8.912378303198886442e+01 7.404016070517172921e+01 6.872457122603282187e+01
8.962447844228094596e+01 7.404843169946616399e+01 6.873390699775245594e+01
9.012517385257301328e+01 7.405677077693326282e+01 6.874342098404940771e+01
9.062586926286508060e+01 7.406517714129222441e+01 6.875311283898827242e+01
9.112656467315714792e+01 7.407364988566769171e+01 6.876298208859498118e+01
9.162726008344921524e+01 7.408218800190297770e+01 6.877302807894284342e+01
9.212795549374128257e+01 7.409079037008268642e+01 6.878325001475150202e+01
9.262865090403337831e+01 7.409945575620440650e+01 6.879364692278886650e+01
9.312934631432544563e+01 7.410818282382024336e+01 6.880421769478107308e+01
9.363004172461751295e+01 7.411697012355944025e+01 6.881496104084635590e+01
9.413073713490958028e+01 7.412581610244160402e+01 6.882587551743472432e+01
9.463143254520164760e+01 7.413471909689178574e+01 6.883695952456309897e+01
9.513212795549372913e+01 7.414367734205370652e+01 6.884821129002648377e+01
9.563282336578581067e+01 7.415268896131237852e+01 6.885962888394988113e+01
9.613351877607787799e+01 7.416175198142809677e+01 6.887121021078473859e+01
9.663421418636994531e+01 7.417086431623829412e+01 6.888295301032758289e+01
9.713490959666201263e+01 7.418002378528399277e+01 6.889485487045294576e+01
9.763560500695409416e+01 7.418922810915319133e+01 6.890691319742745691e+01
9.813630041724616149e+01 7.419847489667517948e+01 6.891912525316274696e+01
9.863699582753822881e+01 7.420776166820360231e+01 6.893148812552954041e+01
9.913769123783029613e+01 7.421708584630323458e+01 6.894399874931241357e+01
9.963838664812239188e+01 7.422644475342167425e+01 6.895665389253099420e+01
1.001390820584144592e+02 7.423583562818748760e+01 6.896945017390225985e+01
1.006397774687065265e+02 7.424525560445545125e+01 6.898238404363200971e+01
1.011404728789985938e+02 7.425470173458961654e+01 6.899545180436962255e+01
1.016411682892906754e+02 7.426417098015008378e+01 6.900864959985756286e+01
1.021418636995827427e+02 7.427366022120622802e+01 6.902197342657291301e+01
1.026425591098748242e+02 7.428316624236686039e+01 6.903541912150376447e+01
1.031432545201669058e+02 7.429268576071990537e+01 6.904898238193982252e+01
1.036439499304589731e+02 7.430221539556441712e+01 6.906265875615918048e+01
1.041446453407510404e+02 7.431175170333517599e+01 6.907644364226416656e+01
1.046453407510431077e+02 7.432129116363284993e+01 6.909033231030025490e+01
1.051460361613351751e+02 7.433083016991076875e+01 6.910431988362961420e+01
1.056467315716272708e+02 7.434036505974290776e+01 6.911840134824433335e+01
1.061474269819193381e+02 7.434989209386912989e+01 6.913257156557210692e+01
1.066481223922114054e+02 7.435940747045606258e+01 6.914682525967054971e+01
1.071488178025034728e+02 7.436890731694802525e+01 6.916115703352534183e+01
1.076495132127955401e+02 7.437838770578309777e+01 6.917556136643088394e+01
1.081502086230876074e+02 7.438784465322896722e+01 6.919003261981106334e+01
1.086509040333796889e+02 7.439727410803243401e+01 6.920456504245794349e+01
1.091515994436717563e+02 7.440667197470247629e+01 6.921915276121853822e+01
1.096522948539638236e+02 7.441603410419702413e+01 6.923378980864345067e+01
1.101529902642559051e+02 7.442535629625126603e+01 6.924847010668872826e+01
1.106536856745479724e+02 7.443463430636256817e+01 6.926318747835739487e+01
1.111543810848400540e+02 7.444386384811878088e+01 6.927793565119191044e+01
1.116550764951321213e+02 7.445304058854162577e+01 6.929270826658739679e+01
1.121557719054241886e+02 7.446216015972822788e+01 6.930749886931425863e+01
1.126564673157162559e+02 7.447121815652280929e+01 6.932230093312955432e+01
1.131571627260083233e+02 7.448021014117330196e+01 6.933710784447885089e+01
1.136578581363004190e+02 7.448913164449550095e+01 6.935191291879436903e+01
1.141585535465924863e+02 7.449797816587306443e+01 6.936670940631574922e+01
1.146592489568845536e+02 7.450674518257073942e+01 6.938149048743343883e+01
1.151599443671766352e+02 7.451542814507774892e+01 6.939624928316607111e+01
1.156606397774686883e+02 7.452402248409271124e+01 6.941097886214538448e+01
1.161613351877607698e+02 7.453252360819533351e+01 6.942567223363130324e+01
1.166620305980528229e+02 7.454092691315963748e+01 6.944032237079500192e+01
1.171627260083449187e+02 7.454922777496904018e+01 6.945492219558491342e+01
1.176634214186370002e+02 7.455742156495034578e+01 6.946946459502487414e+01
1.181641168289290533e+02 7.456550363580390695e+01 6.948394242354243033e+01
1.186648122392211349e+02 7.457346933557346347e+01 6.949834850296883815e+01
1.191655076495132022e+02 7.458131400764614227e+01 6.951267563418059581e+01
1.196662030598052695e+02 7.458903298958830419e+01 6.952691659709944361e+01
1.201668984700973368e+02 7.459662161663800362e+01 6.954106414836405747e+01
1.206675938803894041e+02 7.460407522403329494e+01 6.955511103995650046e+01
1.211682892906814999e+02 7.461138915166884544e+01 6.956905001105315023e+01
1.216689847009735672e+02 7.461855873594686273e+01 6.958287379966623121e+01
1.221696801112656345e+02 7.462557932258278015e+01 6.959657513682304852e+01
1.226703755215577019e+02 7.463244626660525682e+01 6.961014676402828627e+01
1.231710709318497834e+02 7.463915492886371794e+01 6.962358142511493497e+01
1.236717663421418507e+02 7.464570067602835479e+01 6.963687187788582378e+01
1.241724617524339322e+02 7.465207889455996337e+01 6.965001088596454792e+01
1.246731571627260138e+02 7.465828497441179934e+01 6.966299124091437989e+01
1.251738525730180669e+02 7.466431432882018271e+01 6.967580575059673720e+01
1.256745479833101484e+02 7.467016237800635281e+01 6.968844724149948888e+01
1.261752433936022157e+02 7.467582456314630690e+01 6.970090857503510051e+01
1.266759388038942831e+02 7.468129634520664695e+01 6.971318263822740846e+01
1.271766342141863788e+02 7.468657319795966032e+01 6.972526234603992634e+01
1.276773296244784177e+02 7.469165062195315841e+01 6.973714065767399006e+01
1.281780250347705135e+02 7.469652413054063800e+01 6.974881056259891920e+01
1.286787204450625950e+02 7.470118926734357956e+01 6.976026509568600886e+01
1.291794158553546481e+02 7.470564158995330217e+01 6.977149733138776355e+01
1.296801112656467296e+02 7.470987668622910860e+01 6.978250038839451008e+01
1.301808066759387827e+02 7.471389016498505953e+01 6.979326743429101043e+01
1.306815020862308643e+02 7.471767765831828001e+01 6.980379168206400209e+01
1.311821974965229458e+02 7.472123482393726590e+01 6.981406639825127058e+01
1.316828929068149989e+02 7.472455734981849673e+01 6.982408489944918983e+01
1.321835883171070805e+02 7.472764094372905674e+01 6.983384055813348823e+01
1.326842837273991336e+02 7.473048134253986063e+01 6.984332680033094221e+01
1.331849791376912435e+02 7.473307431222565356e+01 6.985253710911183589e+01
1.336856745479833251e+02 7.473541563971593860e+01 6.986146502575411432e+01
1.341863699582753782e+02 7.473750114570066216e+01 6.987010414625092380e+01
1.346870653685674597e+02 7.473932667764529469e+01 6.987844813528045051e+01
1.351877607788595128e+02 7.474088810746252420e+01 6.988649070874362224e+01
1.356884561891515943e+02 7.474218133733302238e+01 6.989422565006225341e+01
1.361891515994436759e+02 7.474320229737713817e+01 6.990164680552243226e+01
1.366898470097357290e+02 7.474394694332659128e+01 6.990874807728960150e+01
1.371905424200278105e+02 7.474441126118108514e+01 6.991552343737839692e+01
1.376912378303198636e+02 7.474459126488000038e+01 6.992196691950357490e+01
1.381919332406119452e+02 7.474448299397408846e+01 6.992807261908001237e+01
1.386926286509039983e+02 7.474408251828208449e+01 6.993383470020762616e+01
1.391933240611960798e+02 7.474338593090578797e+01 6.993924738635814720e+01
1.396940194714881613e+02 7.474238935754328850e+01 6.994430496852419310e+01
1.401947148817802145e+02 7.474108894484743359e+01 6.994900179707019561e+01
1.406954102920723244e+02 7.473948086973905447e+01 6.995333229570223921e+01
1.411961057023643775e+02 7.473756133475035313e+01 6.995729094284160965e+01
1.416968011126564591e+02 7.473532656569659594e+01 6.996087228093801968e+01
1.421974965229485406e+02 7.473277281866103294e+01 6.996407092229037517e+01
1.426981919332405937e+02 7.472989636835336569e+01 6.996688153507693642e+01
1.431988873435326752e+02 7.472669352207958582e+01 6.996929885499685042e+01
1.436995827538247283e+02 7.472316060344383004e+01 6.997131767479277187e+01
1.442002781641168099e+02 7.471929396631821874e+01 6.997293284948955261e+01
1.447009735744088914e+02 7.471508998087301734e+01 6.997413929755839490e+01
1.452016689847009729e+02 7.471054504521816853e+01 6.997493199480504700e+01
1.457023643949930261e+02 7.470565557667214307e+01 6.997530597436980315e+01
1.462030598052851076e+02 7.470041801874685916e+01 6.997525633254826971e+01
1.467037552155771891e+02 7.469482882484953734e+01 6.997477821947813936e+01
1.472044506258692422e+02 7.468888448389407131e+01 6.997386683943022945e+01
1.477051460361613238e+02 7.468258149294342729e+01 6.997251745779340126e+01
1.482058414464534053e+02 7.467591637350778910e+01 6.997072539525379398e+01
1.487065368567454584e+02 7.466888566572379204e+01 6.996848602080990531e+01
1.492072322670375399e+02 7.466148592369791004e+01 6.996579475701128104e+01
1.497079276773296215e+02 7.465371372249137494e+01 6.996264708636135765e+01
1.502086230876216746e+02 7.464556565346356365e+01 6.995903853269101091e+01
1.507093184979137845e+02 7.463703832543615135e+01 6.995496467396424123e+01
1.512100139082058092e+02 7.462812835770819220e+01 6.995042113878571399e+01
1.517107093184979192e+02 7.461883238704103860e+01 6.994540359883376368e+01
1.522114047287899723e+02 7.460914706998664769e+01 6.993990778050192603e+01
1.527121001390820538e+02 7.459906906775358948e+01 6.993392944627248653e+01
1.532127955493741354e+02 7.458859506134103867e+01 6.992746440752216586e+01
1.537134909596661885e+02 7.457772173989724251e+01 6.992050852568627306e+01
1.542141863699582700e+02 7.456644580537613365e+01 6.991305769537848391e+01
1.547148817802503231e+02 7.455476397253733012e+01 6.990510785603237309e+01
1.552155771905424047e+02 7.454267296545367572e+01 6.989665499539387383e+01
1.557162726008344862e+02 7.453016951518293354e+01 6.988769512318231136e+01
1.562169680111265393e+02 7.451725037140931818e+01 6.987822430543292285e+01
1.567176634214186208e+02 7.450391228265289101e+01 6.986823863684821845e+01
1.572183588317106739e+02 7.449015201140355202e+01 6.985773425531351677e+01
1.577190542420027555e+02 7.447596632480781409e+01 6.984670732385256997e+01
1.582197496522948654e+02 7.446135199932541582e+01 6.983515405311027280e+01
1.587204450625868901e+02 7.444630581840101513e+01 6.982307067355850450e+01
1.592211404728790001e+02 7.443082457013588282e+01 6.981045345990696660e+01
1.597218358831710532e+02 7.441490504961620900e+01 6.979729871364088467e+01
1.602225312934631347e+02 7.439854405425649020e+01 6.978360276767762116e+01
1.607232267037552162e+02 7.438173839194860193e+01 6.976936198840394354e+01
1.612239221140472694e+02 7.436448487058441970e+01 6.975457276752695179e+01
1.617246175243393509e+02 7.434678030271243188e+01 6.973923153080522752e+01
1.622253129346314324e+02 7.432862150786604616e+01 6.972333472815353161e+01
1.627260083449234855e+02 7.431000530441451701e+01 6.970687883568007237e+01
1.632267037552155955e+02 7.429092851654786500e+01 6.968986035510442889e+01
1.637273991655076486e+02 7.427138796962026390e+01 6.967227582539908326e+01
1.642280945757997301e+02 7.425138049131419393e+01 6.965412179193936026e+01
1.647287899860917832e+02 7.423090291280459496e+01 6.963539484608463681e+01
1.652294853963838648e+02 7.420995206759471330e+01 6.961609159083582199e+01
1.657301808066759463e+02 7.418852478918779525e+01 6.959620864971202536e+01
1.662308762169679994e+02 7.416661791283331695e+01 6.957574268130247219e+01
1.667315716272600810e+02 7.414422827552698436e+01 6.955469035802070721e+01
1.672322670375521341e+02 7.412135272066734615e+01 6.953304837832820340e+01
1.677329624478442156e+02 7.409798808175764862e+01 6.951081347095441743e+01
1.682336578581363256e+02 7.407413120394267025e+01 6.948798236695711239e+01
1.687343532684283502e+02 7.404977892771057668e+01 6.946455183930356725e+01
1.692350486787204602e+02 7.402492809820614639e+01 6.944051867376674636e+01
1.697357440890125133e+02 7.399957556057415786e+01 6.941587967823852523e+01
1.702364394993045948e+02 7.397371816228769603e+01 6.939063168156553729e+01
1.707371349095966480e+02 7.394735274965569261e+01 6.936477154053409322e+01
1.712378303198887295e+02 7.392047617480784538e+01 6.933829612473618909e+01
1.717385257301808110e+02 7.389308528870969894e+01 6.931120233403180464e+01
1.722392211404728641e+02 7.386517694989379379e+01 6.928348708006797096e+01
1.727399165507649457e+02 7.383674801107190433e+01 6.925514730665145180e+01
1.732406119610569988e+02 7.380779533659733715e+01 6.922617997825273051e+01
1.737413073713490803e+02 7.377831578965924564e+01 6.919658208117016329e+01
1.742420027816411618e+02 7.374830623868547264e+01 6.916635061930992379e+01
1.747426981919332150e+02 7.371776355443216744e+01 6.913548263106622471e+01
1.752433936022252965e+02 7.368668461929701152e+01 6.910397517278556734e+01
1.757440890125173496e+02 7.365506631189418840e+01 6.907182532844831258e+01
1.762447844228094596e+02 7.362290552684498834e+01 6.903903020445955008e+01
1.767454798331015411e+02 7.359019915906173992e+01 6.900558694085862044e+01
1.772461752433935942e+02 7.355694411422518897e+01 6.897149269754822853e+01
1.777468706536856757e+02 7.352313730732930708e+01 6.893674466113384369e+01
1.782475660639777288e+02 7.348877566268129158e+01 6.890134006238599795e+01
1.787482614742698104e+02 7.345385611390156555e+01 6.886527614400779385e+01
1.792489568845618919e+02 7.341837560858039069e+01 6.882855019614157754e+01
1.797496522948539450e+02 7.338233110594956088e+01 6.879115953541418094e+01
1.802503477051460266e+02 7.334571958153901505e+01 6.875310150377276841e+01
1.807510431154380797e+02 7.330853802252022433e+01 6.871437349733400879e+01
1.812517385257301612e+02 7.327078343469111132e+01 6.867497293189603624e+01
1.817524339360222427e+02 7.323245284189397353e+01 6.863489727633509574e+01
1.822531293463142958e+02 7.319354329300040263e+01 6.859414402539346156e+01
1.827538247566063774e+02 7.315405184328483301e+01 6.855271073667768178e+01
1.832545201668984305e+02 7.311397558993121493e+01 6.851059498642075596e+01
1.837552155771905404e+02 7.307331163885464775e+01 6.846779441739431604e+01
1.842559109874825651e+02 7.303205713089482742e+01 6.842430671489796623e+01
1.847566063977746751e+02 7.299020923599528032e+01 6.838012960319406375e+01
1.852573018080667566e+02 7.294776514563636738e+01 6.833526088377925589e+01
1.857579972183588097e+02 7.290472209146173554e+01 6.828969838594434805e+01
1.862586926286508913e+02 7.286107733916651341e+01 6.824344001741496868e+01
1.867593880389429444e+02 7.281682818791523459e+01 6.819648373364702820e+01
1.872600834492350259e+02 7.277197197674468043e+01 6.814882756052770674e+01
1.877607788595271074e+02 7.272650608925687266e+01 6.810046958113321125e+01
1.882614742698191606e+02 7.268042794794382644e+01 6.805140795896181771e+01
1.887621696801112421e+02 7.263373502430113149e+01 6.800164091761575946e+01
1.892628650904032952e+02 7.258642484159281594e+01 6.795116675912754545e+01
1.897635605006953767e+02 7.253849497488772613e+01 6.789998386881666192e+01
1.902642559109874583e+02 7.248994305280575645e+01 6.784809070607184367e+01
1.907649513212795114e+02 7.244076675955511746e+01 6.779548581657468276e+01
1.912656467315716213e+02 7.239096384948425111e+01 6.774216784248596923e+01
1.917663421418636460e+02 7.234053213507650071e+01 6.768813550556546943e+01
1.922670375521557560e+02 7.228946950179306441e+01 6.763338763816750543e+01
1.927677329624478375e+02 7.223777389745009714e+01 6.757792315064466493e+01
1.932684283727398906e+02 7.218544335928527289e+01 6.752174108839130895e+01
1.937691237830319722e+02 7.213247599671376520e+01 6.746484057610973650e+01
1.942698191933240253e+02 7.207887000238770270e+01 6.740722086852360917e+01
1.947705146036161068e+02 7.202462366034524166e+01 6.734888133349772943e+01
1.952712100139081883e+02 7.196973534018979990e+01 6.728982145596705777e+01
1.957719054242002414e+02 7.191420351015949564e+01 6.723004085641764505e+01
1.962726008344923230e+02 7.185802674480328278e+01 6.716953928513862593e+01
1.967732962447844045e+02 7.180120371725024597e+01 6.710831662105806572e+01
1.972739916550764576e+02 7.174373321212442534e+01 6.704637288396656913e+01
1.977746870653685392e+02 7.168561412697272317e+01 6.698370825721826805e+01
1.982753824756605923e+02 7.162684548739889578e+01 6.692032305984130858e+01
1.987760778859527022e+02 7.156742643411234894e+01 6.685621777449514980e+01
1.992767732962447838e+02 7.150735624446497241e+01 6.679139304806258792e+01
1.997774687065368369e+02 7.144663432866764197e+01 6.672584968984838838e+01
2.002781641168289184e+02 7.138526023941267340e+01 6.665958869840497414e+01
2.007788595271209999e+02 7.132323367587559915e+01 6.659261123846764008e+01
2.012795549374130530e+02 7.126055449313753343e+01 6.652491866794835573e+01
2.017802503477051346e+02 7.119722269891099131e+01 6.645651253822680360e+01
2.022809457579971877e+02 7.113323847247556841e+01 6.638739459167655355e+01
2.027816411682892692e+02 7.106860216191307700e+01 6.631756679047785497e+01
2.032823365785813508e+02 7.100331429807738459e+01 6.624703129646323418e+01
2.037830319888734039e+02 7.093737558411703503e+01 6.617579049324379525e+01
2.042837273991654854e+02 7.087078692894465348e+01 6.610384699549288712e+01
2.047844228094575953e+02 7.080354943093880138e+01 6.603120363676683269e+01
2.052851182197496485e+02 7.073566439715250453e+01 6.595786350905657969e+01
2.057858136300417300e+02 7.066713333982079348e+01 6.588382993019880018e+01
2.062865090403338115e+02 7.059795800517349562e+01 6.580910647181556783e+01
2.067872044506258646e+02 7.052814035131632409e+01 6.573369698143326900e+01
2.072878998609179462e+02 7.045768258111820614e+01 6.565760555687123201e+01
2.077885952712099993e+02 7.038658713406221068e+01 6.558083657185309789e+01
2.082892906815020808e+02 7.031485669497669733e+01 6.550339467833512686e+01
2.087899860917941623e+02 7.024249421848253405e+01 6.542528482396849654e+01
2.092906815020862155e+02 7.016950291706052667e+01 6.534651224045776985e+01
2.097913769123782970e+02 7.009588627502125746e+01 6.526708245753073356e+01
2.102920723226703501e+02 7.002164806072869396e+01 6.518700133553468845e+01
2.107927677329624316e+02 6.994679233125680184e+01 6.510627501887032054e+01
2.112934631432545416e+02 6.987132344344900048e+01 6.502490999769182167e+01
2.117941585535465663e+02 6.979524605624646938e+01 6.494291307058122698e+01
2.122948539638386762e+02 6.971856514640421665e+01 6.486029138907727543e+01
2.127955493741307293e+02 6.964128601314769185e+01 6.477705243806670410e+01
2.132962447844228109e+02 6.956341428166524565e+01 6.469320405106375915e+01
2.137969401947148924e+02 6.948495592406288779e+01 6.460875441559440446e+01
2.142976356050069455e+02 6.940591725470767415e+01 6.452371208236402822e+01
2.147983310152990271e+02 6.932630494885415828e+01 6.443808597518912507e+01
2.152990264255910802e+02 6.924612604031608498e+01 6.435188537935576392e+01
2.157997218358831617e+02 6.916538794358530140e+01 6.426511997325181369e+01
2.163004172461752148e+02 6.908409844219022489e+01 6.417779980894013647e+01
2.168011126564672963e+02 6.900226572332940123e+01 6.408993533606010828e+01
2.173018080667593779e+02 6.891989836040920636e+01 6.400153740604767449e+01
2.178025034770514310e+02 6.883700533574483416e+01 6.391261725982079156e+01
2.183031988873435125e+02 6.875359604870936892e+01 6.382318655324527867e+01
2.188038942976355656e+02 6.866968031544274709e+01 6.373325734694847711e+01
2.193045897079276472e+02 6.858526838049328944e+01 6.364284212996611245e+01
2.198052851182197571e+02 6.850037092642196512e+01 6.355195380577245601e+01
2.203059805285118102e+02 6.841499907729485130e+01 6.346060569751901426e+01
2.208066759388038918e+02 6.832916441207089520e+01 6.336881155705671631e+01
2.213073713490959449e+02 6.824287896110945439e+01 6.327658557657744609e+01
2.218080667593880264e+02 6.815615522275948024e+01 6.318394237522628032e+01
2.223087621696801079e+02 6.806900616452367103e+01 6.309089701350788459e+01
2.228094575799721611e+02 6.798144523004339135e+01 6.299746499357755170e+01
2.233101529902642426e+02 6.789348634375528491e+01 6.290366225720393345e+01
2.238108484005562957e+02 6.780514391787619388e+01 6.280950519333603665e+01
2.243115438108483772e+02 6.771643286288053787e+01 6.271501063446524427e+01
2.248122392211404588e+02 6.762736857818708813e+01 6.262019586244608149e+01
2.253129346314325119e+02 6.753796697311372554e+01 6.252507861664528832e+01
2.258136300417245934e+02 6.744824445814629144e+01 6.242967707065875516e+01
2.263143254520166465e+02 6.735821795425181335e+01 6.233400986025120005e+01
2.268150208623087565e+02 6.726790489811719453e+01 6.223809606822217688e+01
2.273157162726008380e+02 6.717732324214921391e+01 6.214195522440607533e+01
2.278164116828928911e+02 6.708649145039998984e+01 6.204560731498534665e+01
2.283171070931849727e+02 6.699542851486512518e+01 6.194907277084897146e+01
2.288178025034770258e+02 6.690415394791671133e+01 6.185237246410000012e+01
2.293184979137691073e+02 6.681268778346748149e+01 6.175552772784615740e+01
2.298191933240611604e+02 6.672105057813496387e+01 6.165856032593185887e+01
2.303198887343532704e+02 6.662926341124148166e+01 6.156149248087788806e+01
2.308205841446453235e+02 6.653734788714245951e+01 6.146434683430018708e+01
2.313212795549373766e+02 6.644532613056981063e+01 6.136714648532691285e+01
2.318219749652294297e+02 6.635322078313947713e+01 6.126991496207668320e+01
2.323226703755215397e+02 6.626105501266465581e+01 6.117267621700196401e+01
2.328233657858135928e+02 6.616885249336519337e+01 6.107545464435136751e+01
2.333240611961056459e+02 6.607663741634496546e+01 6.097827505455828145e+01
2.338247566063977843e+02 6.598443447678619123e+01 6.088116268530032471e+01
2.343254520166898374e+02 6.589226888093435264e+01 6.078414318752950862e+01
2.348261474269818621e+02 6.580016632863589621e+01 6.068724263129300311e+01
2.353268428372740004e+02 6.570815301100992656e+01 6.059048749350952789e+01
2.358275382475660535e+02 6.561625561277651286e+01 6.049390465622312263e+01
2.363282336578581067e+02 6.552450129595854378e+01 6.039752140311068729e+01
2.368289290681501882e+02 6.543291769522511458e+01 6.030136540900460318e+01
2.373296244784422697e+02 6.534153291323491430e+01 6.020546474745972887e+01
2.378303198887343228e+02 6.525037551015884674e+01 6.010984786921656564e+01
2.383310152990264044e+02 6.515947449087434507e+01 6.001454360685787037e+01
2.388317107093184859e+02 6.506885930496537185e+01 5.991958117480865553e+01
2.393324061196105390e+02 6.497855982227520144e+01 5.982499014256066516e+01
2.398331015299026205e+02 6.488860633872718608e+01 5.973080045446297959e+01
2.403337969401946737e+02 6.479902955420584476e+01 5.963704240178233817e+01
2.408344923504867552e+02 6.470986056091533101e+01 5.954374663201636508e+01
2.413351877607788083e+02 6.462113083523036039e+01 5.945094413492373064e+01
2.418358831710709183e+02 6.453287222489052510e+01 5.935866623088261917e+01
2.423365785813629998e+02 6.444511692804553604e+01 5.926694457554734186e+01
2.428372739916550529e+02 6.435789748627030349e+01 5.917581114238603845e+01
2.433379694019471344e+02 6.427124676593848562e+01 5.908529822035237089e+01
2.438386648122392160e+02 6.418519794774510956e+01 5.899543840224399105e+01
2.443393602225312691e+02 6.409978449876689410e+01 5.890626457771762148e+01
2.448400556328233506e+02 6.401504016780563688e+01 5.881780992281167642e+01
2.453407510431154037e+02 6.393099896443345642e+01 5.873010789296134249e+01
2.458414464534074853e+02 6.384769513803803420e+01 5.864319220902874008e+01
2.463421418636995668e+02 6.376516315453955031e+01 5.855709685148215726e+01
2.468428372739916199e+02 6.368343768474915123e+01 5.847185604293375150e+01
2.473435326842837014e+02 6.360255358574249840e+01 5.838750424115463034e+01
2.478442280945758114e+02 6.352254586709932482e+01 5.830407612394085959e+01
2.483449235048678645e+02 6.344344968159020937e+01 5.822160657630777791e+01
2.488456189151599460e+02 6.336530029025198019e+01 5.814013067069939211e+01
2.493463143254520276e+02 6.328813305540279543e+01 5.805968366466007069e+01
2.498470097357440807e+02 6.321198339291186130e+01 5.798030096940240696e+01
2.503477051460361338e+02 6.313688676754281914e+01 5.790201814049399331e+01
2.508484005563282153e+02 6.306287865337253606e+01 5.782487085690266326e+01
2.513490959666202968e+02 6.298999451516465342e+01 5.774889490469834641e+01
2.518497913769123500e+02 6.291826977111668384e+01 5.767412614445677832e+01
2.523504867872044315e+02 6.284773976724864042e+01 5.760060050660288766e+01
2.528511821974965130e+02 6.277843975179166591e+01 5.752835395299373999e+01
2.533518776077885661e+02 6.271040483095021045e+01 5.745742245829208628e+01
2.538525730180806477e+02 6.264366995493219292e+01 5.738784197504176632e+01
2.543532684283727576e+02 6.257826986439795292e+01 5.731964842319032982e+01
2.548539638386647823e+02 6.251423906950549281e+01 5.725287763537383512e+01
2.553546592489568354e+02 6.245161180800096190e+01 5.718756534993192986e+01
2.558553546592489738e+02 6.239042201029405987e+01 5.712374715270019010e+01
2.563560500695410269e+02 6.233070325987682736e+01 5.706145846886104778e+01
2.568567454798330800e+02 6.227248876072735584e+01 5.700073450240782336e+01
2.573574408901251900e+02 6.221581128375873959e+01 5.694161020587674216e+01
2.578581363004172431e+02 6.216070314353601134e+01 5.688412025007895068e+01
2.583588317107092962e+02 6.210719614006848133e+01 5.682829896472870246e+01
2.588595271210013493e+02 6.205532152621344721e+01 5.677418030468291477e+01
2.593602225312934593e+02 6.200510996343837178e+01 5.672179780337503985e+01
2.598609179415855124e+02 6.195659147292644775e+01 5.667118452159232334e+01
2.603616133518775655e+02 6.190979538901046908e+01 5.662237300673044160e+01
2.608623087621696754e+02 6.186475032424823439e+01 5.657539523109338120e+01
2.613630041724617286e+02 6.182148411354319251e+01 5.653028254532731012e+01
2.618636995827537817e+02 6.178002376990662015e+01 5.648706562836198941e+01
2.623643949930458916e+02 6.174039544021979964e+01 5.644577443153141871e+01
2.628650904033379447e+02 6.170262435401127732e+01 5.640643810639633671e+01
2.633657858136299978e+02 6.166673477689073479e+01 5.636908498611776963e+01
2.638664812239220510e+02 6.163274997096777952e+01 5.633374248301154807e+01
2.643671766342141609e+02 6.160069214013674355e+01 5.630043706177278295e+01
2.648678720445062140e+02 6.157058238351055479e+01 5.626919416497005955e+01
2.653685674547982671e+02 6.154244065700368083e+01 5.624003816182269588e+01
2.658692628650904339e+02 6.151628572327354050e+01 5.621299229355830107e+01
2.663699582753824870e+02 6.149213510631852841e+01 5.618807858766561480e+01
2.668706536856744833e+02 6.147000505655341840e+01 5.616531783824942181e+01
2.673713490959666501e+02 6.144991050075077510e+01 5.614472951617247531e+01
2.678720445062587032e+02 6.143186500362389779e+01 5.612633173231191108e+01
2.683727399165507563e+02 6.141588074454375601e+01 5.611014117480411301e+01
2.688734353268428094e+02 6.140196845234640932e+01 5.609617304981841812e+01
2.693741307371349194e+02 6.139013740184054768e+01 5.608444102800606856e+01
2.698748261474269725e+02 6.138039536374890304e+01 5.607495721190392146e+01
2.703755215577190256e+02 6.137274858142518497e+01 5.606773206492110262e+01
2.708762169680111356e+02 6.136720174524270988e+01 5.606277438630971233e+01
2.713769123783031887e+02 6.136375796581887698e+01 5.606009125062885801e+01
2.718776077885952418e+02 6.136241875888117647e+01 5.605968797165590445e+01
2.723783031988873518e+02 6.136318402431243157e+01 5.606156808667040536e+01
2.728789986091794049e+02 6.136605203218095994e+01 5.606573329242567638e+01
2.733796940194714580e+02 6.137101941808396077e+01 5.607218343932802895e+01
2.738803894297635111e+02 6.137808116684936977e+01 5.608091650815370599e+01
2.743810848400556210e+02 6.138723061952077842e+01 5.609192856406482974e+01
2.748817802503476742e+02 6.139845946637251473e+01 5.610521377477201099e+01
2.753824756606397273e+02 6.141175776087948179e+01 5.612076438357692609e+01
2.758831710709318372e+02 6.142711391506054497e+01 5.613857070542510996e+01
2.763838664812238903e+02 6.144451472508990264e+01 5.615862111537356327e+01
2.768845618915159434e+02 6.146394537944615877e+01 5.618090208654396633e+01
2.773852573018079966e+02 6.148538948219538725e+01 5.620539815432496766e+01
2.778859527121001065e+02 6.150882907860250270e+01 5.623209197166946183e+01
2.783866481223921596e+02 6.153424467841432488e+01 5.626096430327382336e+01
2.788873435326842127e+02 6.156161529194832838e+01 5.629199406108457993e+01
2.793880389429763227e+02 6.159091846472620091e+01 5.632515833573054920e+01
2.798887343532683758e+02 6.162213031123428664e+01 5.636043242970120559e+01
2.803894297635604289e+02 6.165522556672840437e+01 5.639778989459958325e+01
2.808901251738525957e+02 6.169017761866598448e+01 5.643720258120086442e+01
2.813908205841446488e+02 6.172695856695099792e+01 5.647864068951096783e+01
2.818915159944367019e+02 6.176553927282839140e+01 5.652207281533267746e+01
2.823922114047287550e+02 6.180588940428606293e+01 5.656746601895068238e+01
2.828929068150208650e+02 6.184797749891913554e+01 5.661478587751847158e+01
2.833936022253129181e+02 6.189177102213761827e+01 5.666399656189244638e+01
2.838942976356049712e+02 6.193723642420991382e+01 5.671506088552635561e+01
2.843949930458970812e+02 6.198433920196293911e+01 5.676794040808093200e+01
2.848956884561891343e+02 6.203304396397470555e+01 5.682259547616925488e+01
2.853963838664811874e+02 6.208331448645367345e+01 5.687898532114562045e+01
2.858970792767732974e+02 6.213511379589363059e+01 5.693706813710380743e+01
2.863977746870653505e+02 6.218840421331151447e+01 5.699680114839796374e+01
2.868984700973574036e+02 6.224314743573813757e+01 5.705814070743147681e+01
2.873991655076494567e+02 6.229930459209754190e+01 5.712104236217786024e+01
2.878998609179415666e+02 6.235683631538449845e+01 5.718546095513377736e+01
2.884005563282336198e+02 6.241570280552878103e+01 5.725135069083992789e+01
2.889012517385257297e+02 6.247586389924435935e+01 5.731866523483407150e+01
2.894019471488177828e+02 6.253727912358044705e+01 5.738735778117191444e+01
2.899026425591098359e+02 6.259990776809900126e+01 5.745738114323106061e+01
2.904033379694019459e+02 6.266370894541068992e+01 5.752868783636589001e+01
2.909040333796939990e+02 6.272864165171085915e+01 5.760123015124921153e+01
2.914047287899860521e+02 6.279466482265888772e+01 5.767496023303468178e+01
2.919054242002781621e+02 6.286173739391415438e+01 5.774983016517583678e+01
2.924061196105702152e+02 6.292981835468708596e+01 5.782579203287244241e+01
2.929068150208622683e+02 6.299886680827512464e+01 5.790279799524799387e+01
2.934075104311543782e+02 6.306884201164393744e+01 5.798080036334798137e+01
2.939082058414464314e+02 6.313970343596338353e+01 5.805975166067585747e+01
2.944089012517384845e+02 6.321141081084533653e+01 5.813960468081862132e+01
2.949095966620305944e+02 6.328392416392489395e+01 5.822031256195262472e+01
2.954102920723226475e+02 6.335720387208311877e+01 5.830182883457385401e+01
2.959109874826147006e+02 6.343121069637163600e+01 5.838410747272067169e+01
2.964116828929068106e+02 6.350590582042968890e+01 5.846710295683809022e+01
2.969123783031988637e+02 6.358125089006534836e+01 5.855077031335898141e+01
2.974130737134909168e+02 6.365720804352349660e+01 5.863506515777774553e+01
2.979137691237830268e+02 6.373373993942550442e+01 5.871994374587305288e+01
2.984144645340750799e+02 6.381080979285798094e+01 5.880536299830058056e+01
2.989151599443671330e+02 6.388838139341714850e+01 5.889128055123367744e+01
2.994158553546592429e+02 6.396641913547682634e+01 5.897765477819123703e+01
2.999165507649512961e+02 6.404488803448657563e+01 5.906444481506699162e+01
3.004172461752433492e+02 6.412375375491137675e+01 5.915161060218454736e+01
3.009179415855354023e+02 6.420298261430616549e+01 5.923911288429738420e+01
3.014186369958275691e+02 6.428254160892720392e+01 5.932691325773706126e+01
3.019193324061196222e+02 6.436239843119437865e+01 5.941497416109999108e+01
3.024200278164116185e+02 6.444252145921382180e+01 5.950325890318711686e+01
3.029207232267037853e+02 6.452287979868742696e+01 5.959173168337659376e+01
3.034214186369958384e+02 6.460344325730147830e+01 5.968035758231056320e+01
3.039221140472878915e+02 6.468418237499463430e+01 5.976910258168575751e+01
3.044228094575799446e+02 6.476506842046546808e+01 5.985793356425349998e+01
3.049235048678720545e+02 6.484607338884416095e+01 5.994681832022254753e+01
3.054242002781641077e+02 6.492717001347955375e+01 6.003572555133362698e+01
3.059248956884561608e+02 6.500833175167826994e+01 6.012462485339713680e+01
3.064255910987482707e+02 6.508953279838351591e+01 6.021348673375544536e+01
3.069262865090403238e+02 6.517074807919016166e+01 6.030228260313381838e+01
3.074269819193323769e+02 6.525195324234118743e+01 6.039098475934227395e+01
3.079276773296244869e+02 6.533312465086964949e+01 6.047956639076804208e+01
3.084283727399165400e+02 6.541423939365813567e+01 6.056800155600288349e+01
3.089290681502085931e+02 6.549527526710335223e+01 6.065626519548462170e+01
3.094297635605006462e+02 6.557621076114628522e+01 6.074433310413954246e+01
3.099304589707927562e+02 6.565702506916750281e+01 6.083218191159178900e+01
3.104311543810848093e+02 6.573769806353993772e+01 6.091978910253604340e+01
3.109318497913768624e+02 6.581821029359161912e+01 6.100713296667893815e+01
3.114325452016689724e+02 6.589854297745660006e+01 6.109419261445512461e+01
3.119332406119610255e+02 6.597867798577681242e+01 6.118094794559513616e+01
3.124339360222530786e+02 6.605859783646337746e+01 6.126737962817063021e+01
3.129346314325451885e+02 6.613828567956261395e+01 6.135346911256422686e+01
3.134353268428372417e+02 6.621772528794281243e+01 6.143919858723168659e+01
3.139360222531292948e+02 6.629690104798100947e+01 6.152455096880660790e+01
3.144367176634213479e+02 6.637579793889926805e+01 6.160950989611588113e+01
3.149374130737134578e+02 6.645440152927221789e+01 6.169405970988005095e+01
3.154381084840055109e+02 6.653269796480344667e+01 6.177818542670134150e+01
3.159388038942975641e+02 6.661067394620658888e+01 6.186187272865932130e+01
3.164394993045897309e+02 6.668831672600390448e+01 6.194510796285608478e+01
3.169401947148817840e+02 6.676561409688474669e+01 6.202787808553689786e+01
3.174408901251737802e+02 6.684255436842249765e+01 6.211017069585064121e+01
3.179415855354659470e+02 6.691912635776134266e+01 6.219197396731028959e+01
3.184422809457580001e+02 6.699531939776534273e+01 6.227327667471395500e+01
3.189429763560500533e+02 6.707112328172115667e+01 6.235406815467281660e+01
3.194436717663421064e+02 6.714652829826263769e+01 6.243433829212331432e+01
3.199443671766342163e+02 6.722152517665563209e+01 6.251407751148686032e+01
3.204450625869262694e+02 6.729610511357350333e+01 6.259327675365962307e+01
3.209457579972183225e+02 6.737025972769515647e+01 6.267192747361146132e+01
3.214464534075104325e+02 6.744398105970503821e+01 6.275002159502942334e+01
3.219471488178024856e+02 6.751726157345729007e+01 6.282755152996283243e+01
3.224478442280945387e+02 6.759009411639453901e+01 6.290451015030153314e+01
3.229485396383865918e+02 6.766247194217612559e+01 6.298089076449282686e+01
3.234492350486787018e+02 6.773438867138793285e+01 6.305668712394431452e+01
3.239499304589707549e+02 6.780583828062844987e+01 6.313189337165563586e+01
3.244506258692628649e+02 6.787681511444134230e+01 6.320650408412798527e+01
3.249513212795549180e+02 6.794731386195962841e+01 6.328051420879087630e+01
3.254520166898469711e+02 6.801732952896600182e+01 6.335391906807667795e+01
3.259527121001390810e+02 6.808685746117589588e+01 6.342671436043924871e+01
3.264534075104311910e+02 6.815589329505201022e+01 6.349889612710281028e+01
3.269541029207232441e+02 6.822443299331098387e+01 6.357046075059311363e+01
3.274547983310152972e+02 6.829247278962611745e+01 6.364140494620637867e+01
3.279554937413073503e+02 6.836000920841797779e+01 6.371172572714836235e+01
3.284561891515994603e+02 6.842703904593690822e+01 6.378142043711245890e+01
3.289568845618915134e+02 6.849355936153187940e+01 6.385048670009832961e+01
3.294575799721835665e+02 6.855956747066557000e+01 6.391892242084846032e+01
3.299582753824756765e+02 6.862506093327283452e+01 6.398672578142846135e+01
3.304589707927677296e+02 6.869003753746255825e+01 6.405389523351455239e+01
3.309596662030597827e+02 6.875449531959930027e+01 6.412042947587447372e+01
3.314603616133518926e+02 6.881843251520194826e+01 6.418632744316251149e+01
3.319610570236439457e+02 6.888184758480065284e+01 6.425158832654683749e+01
3.324617524339359989e+02 6.894473919756137548e+01 6.431621151884878884e+01
3.329624478442280520e+02 6.900710620554718844e+01 6.438019664721191759e+01
3.334631432545201619e+02 6.906894766595769397e+01 6.444354354865477319e+01
3.339638386648122150e+02 6.913026280571330062e+01 6.450625224267692204e+01
3.344645340751042681e+02 6.919105104040909282e+01 6.456832296909392710e+01
3.349652294853963781e+02 6.925131194396499268e+01 6.462975612138957615e+01
3.354659248956884312e+02 6.931104526492390505e+01 6.469055230958001346e+01
3.359666203059804843e+02 6.937025090433280639e+01 6.475071228337110085e+01
3.364673157162726511e+02 6.942892890177290610e+01 6.481023697235723091e+01
3.369680111265647042e+02 6.948707945951582587e+01 6.486912745771614652e+01
3.374687065368567005e+02 6.954470290643484987e+01 6.492738497524651109e+01
3.379694019471487536e+02 6.960179971484876660e+01 6.498501089482697068e+01
3.384700973574409204e+02 6.965837047854847697e+01 6.504200674441771923e+01
3.389707927677329735e+02 6.971441591112352398e+01 6.509837416773034136e+01
3.394714881780250266e+02 6.976993684730814493e+01 6.515411495261314201e+01
3.399721835883171366e+02 6.982493423756068296e+01 6.520923099287055891e+01
3.404728789986091897e+02 6.987940913896864004e+01 6.526372430419750970e+01
3.409735744089012428e+02 6.993336270695408530e+01 6.531759700762658838e+01
3.414742698191932959e+02 6.998679620578741378e+01 6.537085135026454452e+01
3.419749652294854059e+02 7.003971098443116716e+01 6.542348966147092426e+01
3.424756606397774590e+02 7.009210848614429779e+01 6.547551437891361559e+01
3.429763560500695121e+02 7.014399023742271311e+01 6.552692802898509683e+01
3.434770514603616220e+02 7.019535785769448921e+01 6.557773321211261930e+01
3.439777468706536752e+02 7.024621303538197026e+01 6.562793265154842004e+01
3.444784422809457283e+02 7.029655753746965274e+01 6.567752909904602632e+01
3.449791376912378382e+02 7.034639319982716188e+01 6.572652543738304587e+01
3.454798331015298913e+02 7.039572193166577563e+01 6.577492456711998159e+01
3.459805285118219444e+02 7.044454570564312235e+01 6.582272950388660604e+01
3.464812239221139976e+02 7.049286655320656791e+01 6.586994330926036412e+01
3.469819193324061075e+02 7.054068657041398183e+01 6.591656909851526791e+01
3.474826147426981606e+02 7.058800790163559213e+01 6.596261006384641234e+01
3.479833101529902137e+02 7.063483275643420711e+01 6.600806943858817988e+01
3.484840055632823237e+02 7.068116338395384446e+01 6.605295052538470202e+01
3.489847009735743768e+02 7.072700208688956991e+01 6.609725665080379997e+01
3.494853963838664299e+02 7.077235120751765862e+01 6.614099122261298191e+01
3.499860917941585399e+02 7.081721314667220213e+01 6.618415766771552455e+01
3.504867872044505930e+02 7.086159032756540910e+01 6.622675946445572492e+01
3.509874826147426461e+02 7.090548521826121942e+01 6.626880011984515306e+01
3.514881780250346992e+02 7.094890033289402709e+01 6.631028321103561041e+01
3.519888734353268660e+02 7.099183820698954150e+01 6.635121230499255773e+01
3.524895688456189191e+02 7.103430141507260487e+01 6.639159103138656803e+01
3.529902642559109154e+02 7.107629256368227288e+01 6.643142304597706982e+01
3.534909596662030822e+02 7.111781428613312528e+01 6.647071203227672243e+01
3.539916550764951353e+02 7.115886924135111258e+01 6.650946168356161081e+01
3.544923504867871884e+02 7.119946011911224559e+01 6.654767574753198289e+01
3.549930458970792415e+02 7.123958963072936967e+01 6.658535798091027402e+01
3.554937413073713515e+02 7.127926050323139862e+01 6.662251214830422441e+01
3.559944367176634046e+02 7.131847550264637903e+01 6.665914206633561889e+01
3.564951321279554577e+02 7.135723739733066395e+01 6.669525153570094744e+01
3.569958275382475676e+02 7.139554898008782402e+01 6.673084438986580835e+01
3.574965229485396208e+02 7.143341306409411118e+01 6.676592449079936387e+01
3.579972183588316739e+02 7.147083247474938617e+01 6.680049568741043231e+01
3.584979137691237838e+02 7.150781005491580800e+01 6.683456186531503818e+01
3.589986091794158369e+02 7.154434866375368074e+01 6.686812690785546920e+01
3.594993045897078900e+02 7.158045116682615117e+01 6.690119470330347440e+01
3.600000000000000000e+02 7.161612045123320058e+01 6.693376917776578239e+01
