# lons lats(polar edge) lats(equatorward edge)
0.000000000000000000e+00 -6.807567809778174706e+01 -5.002242771185930081e+01
5.006954102920723182e-01 -6.797126513473540399e+01 -4.989981946744020291e+01
1.001390820584144636e+00 -6.786627997669630474e+01 -4.977891875439260616e+01
1.502086230876216844e+00 -6.776073420933788327e+01 -4.965973966131628003e+01
2.002781641168289273e+00 -6.765463946784255711e+01 -4.954229431481044799e+01
2.503477051460361480e+00 -6.754800731684805726e+01 -4.942659141750019103e+01
3.004172461752433687e+00 -6.744084932278634881e+01 -4.931263742312719955e+01
3.504867872044505894e+00 -6.733317704301053652e+01 -4.920043586393414614e+01
4.005563282336578546e+00 -6.722500186308944592e+01 -4.908998715098712751e+01
4.506258692628650309e+00 -6.711633510317379603e+01 -4.898128955030617249e+01
5.006954102920722960e+00 -6.700718798913997887e+01 -4.887433871961758314e+01
5.507649513212795611e+00 -6.689757164218804064e+01 -4.876912736668811021e+01
6.008344923504867374e+00 -6.678749699797208450e+01 -4.866564584694965845e+01
6.509040333796940025e+00 -6.667697479074604416e+01 -4.856388193543205034e+01
7.009735744089011789e+00 -6.656601564693387729e+01 -4.846382127365828296e+01
7.510431154381083552e+00 -6.645462995695322661e+01 -4.836544678636313677e+01
8.011126564673157091e+00 -6.634282792639378101e+01 -4.826873977791227333e+01
8.511821974965229742e+00 -6.623061949748471022e+01 -4.817367857793759356e+01
9.012517385257300617e+00 -6.611801432806923629e+01 -4.808024046887882719e+01
9.513212795549373268e+00 -6.600502197060659171e+01 -4.798839990988061288e+01
1.001390820584144592e+01 -6.589165153343155623e+01 -4.789812975353160596e+01
1.051460361613352035e+01 -6.577791201312028591e+01 -4.780940139020263757e+01
1.101529902642559122e+01 -6.566381192314905491e+01 -4.772218418434312071e+01
1.151599443671766032e+01 -6.554935962439115826e+01 -4.763644600875358037e+01
1.201668984700973475e+01 -6.543456323922335116e+01 -4.755215356132485738e+01
1.251738525730180740e+01 -6.531943029010113833e+01 -4.746927196275156291e+01
1.301808066759388005e+01 -6.520396834464042968e+01 -4.738776525547370966e+01
1.351877607788595093e+01 -6.508818432913392371e+01 -4.730759592702980854e+01
1.401947148817802358e+01 -6.497208502599410451e+01 -4.722872632029913120e+01
1.452016689847009623e+01 -6.485567686138115562e+01 -4.715111691445680719e+01
1.502086230876216710e+01 -6.473896594554430806e+01 -4.707472784488719242e+01
1.552155771905424153e+01 -6.462195797056079982e+01 -4.699951872232011851e+01
1.602225312934631418e+01 -6.450465838588894485e+01 -4.692544826084677823e+01
1.652294853963838506e+01 -6.438707225188733219e+01 -4.685247447762881734e+01
1.702364394993045948e+01 -6.426920442074657558e+01 -4.678055587755373779e+01
1.752433936022252681e+01 -6.415105938609809755e+01 -4.670964967140795920e+01
1.802503477051460123e+01 -6.403264123208762726e+01 -4.663971329515558750e+01
1.852573018080667566e+01 -6.391395383831712707e+01 -4.657070416102632748e+01
1.902642559109874654e+01 -6.379500078354629977e+01 -4.650257932326081800e+01
1.952712100139081741e+01 -6.367578537476894951e+01 -4.643529625840609754e+01
2.002781641168289184e+01 -6.355631066964490117e+01 -4.636881226431293612e+01
2.052851182197496627e+01 -6.343657939344637953e+01 -4.630308515931960756e+01
2.102920723226704069e+01 -6.331659410748187611e+01 -4.623807259335049480e+01
2.152990264255910802e+01 -6.319635709823131720e+01 -4.617373265698884666e+01
2.203059805285118244e+01 -6.307587049045622507e+01 -4.611002423180158871e+01
2.253129346314325332e+01 -6.295513615094904480e+01 -4.604690638215967624e+01
2.303198887343532064e+01 -6.283415580514792964e+01 -4.598433864147628469e+01
2.353268428372739507e+01 -6.271293105263703183e+01 -4.592228138482133204e+01
2.403337969401946950e+01 -6.259146330657040380e+01 -4.586069510446796471e+01
2.453407510431154037e+01 -6.246975381870379351e+01 -4.579954168887744004e+01
2.503477051460361480e+01 -6.234780386982401978e+01 -4.573878302112639460e+01
2.553546592489568567e+01 -6.222561454538737280e+01 -4.567838250555064405e+01
2.603616133518776010e+01 -6.210318692166845267e+01 -4.561830323754158201e+01
2.653685674547983453e+01 -6.198052198109387234e+01 -4.555851038636524208e+01
2.703755215577190185e+01 -6.185762077809947357e+01 -4.549896928805627283e+01
2.753824756606397628e+01 -6.173448436859780486e+01 -4.543964644395809671e+01
2.803894297635604715e+01 -6.161111372854566071e+01 -4.538050907436380044e+01
2.853963838664812158e+01 -6.148750996315848738e+01 -4.532152534722379755e+01
2.904033379694019246e+01 -6.136367435065190534e+01 -4.526266452725970169e+01
2.954102920723226333e+01 -6.123960806951950531e+01 -4.520389691439569901e+01
3.004172461752433421e+01 -6.111531256894673447e+01 -4.514519367811382722e+01
3.054242002781640863e+01 -6.099078931571462192e+01 -4.508652711713189376e+01
3.104311543810848306e+01 -6.086604012891662308e+01 -4.502787056568904234e+01
3.154381084840055394e+01 -6.074106681745199410e+01 -4.496919821196783573e+01
3.204450625869262836e+01 -6.061587153797283634e+01 -4.491048555004175569e+01
3.254520166898469569e+01 -6.049045662577320570e+01 -4.485170924701002093e+01
3.304589707927677011e+01 -6.036482465726038527e+01 -4.479284665001527799e+01
3.354659248956884454e+01 -6.023897854103125837e+01 -4.473387637293765806e+01
3.404728789986091897e+01 -6.011292141217637663e+01 -4.467477837001459307e+01
3.454798331015298629e+01 -5.998665674504336209e+01 -4.461553337596967594e+01
3.504867872044505361e+01 -5.986018843176934467e+01 -4.455612317672319023e+01
3.554937413073713515e+01 -5.973352055081853962e+01 -4.449653097441482430e+01
3.605006954102920247e+01 -5.960665771519109057e+01 -4.443674118580446475e+01
3.655076495132127690e+01 -5.947960484652560353e+01 -4.437673844799489586e+01
3.705146036161335132e+01 -5.935236727117433020e+01 -4.431650962455698561e+01
3.755215577190541865e+01 -5.922495075993344926e+01 -4.425604189904555597e+01
3.805285118219749307e+01 -5.909736153463006758e+01 -4.419532399666709921e+01
3.855354659248956750e+01 -5.896960619594585751e+01 -4.413434523123268605e+01
3.905424200278163482e+01 -5.884169187154304836e+01 -4.407309679200021435e+01
3.955493741307371636e+01 -5.871362621887817568e+01 -4.401157014738247142e+01
4.005563282336578368e+01 -5.858541720072884118e+01 -4.394975829138830647e+01
4.055632823365785811e+01 -5.845707350962533155e+01 -4.388765535556206032e+01
4.105702364394993253e+01 -5.832860412845381859e+01 -4.382525614819901705e+01
4.155771905424199986e+01 -5.820001870856859227e+01 -4.376255672278061581e+01
4.205841446453408139e+01 -5.807132735856785644e+01 -4.369955454893357683e+01
4.255910987482614871e+01 -5.794254066278145388e+01 -4.363624741248612793e+01
4.305980528511821603e+01 -5.781366987024117066e+01 -4.357263485796718783e+01
4.356050069541029046e+01 -5.768472662065792633e+01 -4.350871700175683543e+01
4.406119610570236489e+01 -5.755572316572684599e+01 -4.344449502994352486e+01
4.456189151599443221e+01 -5.742667231113561854e+01 -4.337997130696707870e+01
4.506258692628650664e+01 -5.729758731425651774e+01 -4.331514877845351918e+01
4.556328233657857396e+01 -5.716848208363617800e+01 -4.325003202656506573e+01
4.606397774687064128e+01 -5.703937099809709821e+01 -4.318462585624064332e+01
4.656467315716272282e+01 -5.691026892163509388e+01 -4.311893654039396040e+01
4.706536856745479014e+01 -5.678119131605571113e+01 -4.305297096176985860e+01
4.756606397774686457e+01 -5.665215413611521456e+01 -4.298673699992690445e+01
4.806675938803893899e+01 -5.652317385656432691e+01 -4.292024349863118005e+01
4.856745479833100632e+01 -5.639426743221493155e+01 -4.285350001872065206e+01
4.906815020862308074e+01 -5.626545231864811569e+01 -4.278651702018795788e+01
4.956884561891514807e+01 -5.613674644223438293e+01 -4.271930577965794384e+01
5.006954102920722960e+01 -5.600816825247393638e+01 -4.265187844784340143e+01
5.057023643949929692e+01 -5.587973659467907339e+01 -4.258424776089159991e+01
5.107093184979137135e+01 -5.575147076442904392e+01 -4.251642732611291819e+01
5.157162726008345288e+01 -5.562339049696988980e+01 -4.244843135201736573e+01
5.207232267037552020e+01 -5.549551595501129952e+01 -4.238027493985501337e+01
5.257301808066758753e+01 -5.536786769405439657e+01 -4.231197367589832936e+01
5.307371349095966906e+01 -5.524046657586043807e+01 -4.224354373851586786e+01
5.357440890125173638e+01 -5.511333389429469776e+01 -4.217500206643511262e+01
5.407510431154380370e+01 -5.498649124417002554e+01 -4.210636608878341747e+01
5.457579972183587813e+01 -5.485996052983696813e+01 -4.203765365634241391e+01
5.507649513212795256e+01 -5.473376399341027110e+01 -4.196888337772374200e+01
5.557719054242002699e+01 -5.460792406082140360e+01 -4.190007407826034580e+01
5.607788595271209431e+01 -5.448246349200593386e+01 -4.183124516283091054e+01
5.657858136300416163e+01 -5.435740518236519847e+01 -4.176241643981587970e+01
5.707927677329624316e+01 -5.423277228923501525e+01 -4.169360798123412337e+01
5.757997218358831759e+01 -5.410858809335144315e+01 -4.162484025388144460e+01
5.808066759388038491e+01 -5.398487608362295020e+01 -4.155613410114361272e+01
5.858136300417245934e+01 -5.386165979390163727e+01 -4.148751050178088917e+01
5.908205841446452666e+01 -5.373896289805237814e+01 -4.141899073382501228e+01
5.958275382475660109e+01 -5.361680908549864455e+01 -4.135059627644940861e+01
6.008344923504866841e+01 -5.349522215091772637e+01 -4.128234877323640717e+01
6.058414464534074995e+01 -5.337422583029754719e+01 -4.121426995254090286e+01
6.108484005563281727e+01 -5.325384389794115236e+01 -4.114638166367186045e+01
6.158553546592489170e+01 -5.313410005244284662e+01 -4.107870588418025193e+01
6.208623087621696612e+01 -5.301501792505794697e+01 -4.101126452839396563e+01
6.258692628650903345e+01 -5.289662104623337768e+01 -4.094407955350706629e+01
6.308762169680110787e+01 -5.277893283071242081e+01 -4.087717289110204888e+01
6.358831710709318941e+01 -5.266197652222834336e+01 -4.081056645850966902e+01
6.408901251738525673e+01 -5.254577522647812771e+01 -4.074428199570010634e+01
6.458970792767732405e+01 -5.243035179113283561e+01 -4.067834126317083587e+01
6.509040333796939137e+01 -5.231572888341978000e+01 -4.061276574871644129e+01
6.559109874826147291e+01 -5.220192890164688038e+01 -4.054757690306050222e+01
6.609179415855354023e+01 -5.208897395774036454e+01 -4.048279594427785355e+01
6.659248956884562176e+01 -5.197688589165116468e+01 -4.041844386405190903e+01
6.709318497913768908e+01 -5.186568619510288158e+01 -4.035454150489985636e+01
6.759388038942975641e+01 -5.175539604215080658e+01 -4.029110941305279425e+01
6.809457579972183794e+01 -5.164603624145163963e+01 -4.022816791167005590e+01
6.859527121001390526e+01 -5.153762720992452273e+01 -4.016573703815683416e+01
6.909596662030597258e+01 -5.143018899079541484e+01 -4.010383656449138812e+01
6.959666203059803991e+01 -5.132374118607620517e+01 -4.004248594600230149e+01
7.009735744089010723e+01 -5.121830300022045890e+01 -3.998170433883078090e+01
7.059805285118218876e+01 -5.111389315601334715e+01 -3.992151058072212777e+01
7.109874826147427029e+01 -5.101052995219723130e+01 -3.986192317676486141e+01
7.159944367176633762e+01 -5.090823120351777220e+01 -3.980296029822656578e+01
7.210013908205840494e+01 -5.080701424014185363e+01 -3.974463975868874854e+01
7.260083449235048647e+01 -5.070689590387408430e+01 -3.968697903090887280e+01
7.310152990264255379e+01 -5.060789252836619312e+01 -3.962999523030393334e+01
7.360222531293462112e+01 -5.051001995075856144e+01 -3.957370508166295053e+01
7.410292072322670265e+01 -5.041329347617354983e+01 -3.951812496349393200e+01
7.460361613351876997e+01 -5.031772789168533677e+01 -3.946327086536857109e+01
7.510431154381083729e+01 -5.022333745235007996e+01 -3.940915838464806598e+01
7.560500695410290461e+01 -5.013013588353422278e+01 -3.935580273268816143e+01
7.610570236439498615e+01 -5.003813636461634928e+01 -3.930321873256600895e+01
7.660639777468706768e+01 -4.994735153597210342e+01 -3.925142080225738539e+01
7.710709318497913500e+01 -4.985779349431757623e+01 -3.920042294619021561e+01
7.760778859527120233e+01 -4.976947378805269295e+01 -3.915023874101576951e+01
7.810848400556326965e+01 -4.968240341376875335e+01 -3.910088139809445806e+01
7.860917941585533697e+01 -4.959659282439750427e+01 -3.905236358773905181e+01
7.910987482614743271e+01 -4.951205191625993507e+01 -3.900469766061648613e+01
7.961057023643950004e+01 -4.942879004012573319e+01 -3.895789540332559397e+01
8.011126564673156736e+01 -4.934681599335524993e+01 -3.891196826490856608e+01
8.061196105702363468e+01 -4.926613802863064961e+01 -3.886692709045534855e+01
8.111265646731571621e+01 -4.918676383867639856e+01 -3.882278233406412937e+01
8.161335187760779775e+01 -4.910870057837817626e+01 -3.877954389437962845e+01
8.211404728789986507e+01 -4.903195485314134316e+01 -3.873722122753098063e+01
8.261474269819193239e+01 -4.895653271539848106e+01 -3.869582319403126291e+01
8.311543810848399971e+01 -4.888243968090753810e+01 -3.865535810047877874e+01
8.361613351877606704e+01 -4.880968071478199022e+01 -3.861583376692725267e+01
8.411682892906816278e+01 -4.873826024255029665e+01 -3.857725742658604418e+01
8.461752433936023010e+01 -4.866818216339814285e+01 -3.853963567841555005e+01
8.511821974965229742e+01 -4.859944981102378847e+01 -3.850297450970964519e+01
8.561891515994436475e+01 -4.853206600107731106e+01 -3.846727932522179572e+01
8.611961057023643207e+01 -4.846603301398934605e+01 -3.843255482565259484e+01
8.662030598052849939e+01 -4.840135260297464015e+01 -3.839880517294751883e+01
8.712100139082058092e+01 -4.833802596829335130e+01 -3.836603372026823422e+01
8.762169680111264825e+01 -4.827605380141611136e+01 -3.833424314138802913e+01
8.812239221140472978e+01 -4.821543626883502043e+01 -3.830343552629555859e+01
8.862308762169679710e+01 -4.815617301664750016e+01 -3.827361210743622166e+01
8.912378303198886442e+01 -4.809826317524246519e+01 -3.824477347227588098e+01
8.962447844228094596e+01 -4.804170535343408233e+01 -3.821691937892541091e+01
9.012517385257301328e+01 -4.798649765642883835e+01 -3.819004896710470121e+01
9.062586926286508060e+01 -4.793263770033198057e+01 -3.816416046497484160e+01
9.112656467315714792e+01 -4.788012258727511039e+01 -3.813925138357167555e+01
9.162726008344921524e+01 -4.782894893499295108e+01 -3.811531856294909915e+01
9.212795549374128257e+01 -4.777911288530609113e+01 -3.809235793842977102e+01
9.262865090403337831e+01 -4.773061009456446868e+01 -3.807036472406940675e+01
9.312934631432544563e+01 -4.768343577268402100e+01 -3.804933339818495597e+01
9.363004172461751295e+01 -4.763758464823345662e+01 -3.802925759862608857e+01
9.413073713490958028e+01 -4.759305104720274926e+01 -3.801013035214117508e+01
9.463143254520164760e+01 -4.754982880423645497e+01 -3.799194380490069989e+01
9.513212795549372913e+01 -4.750791139076332570e+01 -3.797468945232201065e+01
9.563282336578581067e+01 -4.746729184110895972e+01 -3.795835812773536588e+01
9.613351877607787799e+01 -4.742796281521455626e+01 -3.794293991603932170e+01
9.663421418636994531e+01 -4.738991658725004186e+01 -3.792842424627264108e+01
9.713490959666201263e+01 -4.735314507871967749e+01 -3.791479996091520377e+01
9.763560500695409416e+01 -4.731763987181004438e+01 -3.790205532334520910e+01
9.813630041724616149e+01 -4.728339223967161331e+01 -3.789017800356968735e+01
9.863699582753822881e+01 -4.725039313159179244e+01 -3.787915514956902996e+01
9.913769123783029613e+01 -4.721863324132975492e+01 -3.786897337206237069e+01
9.963838664812239188e+01 -4.718810299699946142e+01 -3.785961898660605129e+01
1.001390820584144592e+02 -4.715879258406168617e+01 -3.785107773880088189e+01
1.006397774687065265e+02 -4.713069199290877975e+01 -3.784333509386600269e+01
1.011404728789985938e+02 -4.710379101509977318e+01 -3.783637627370232792e+01
1.016411682892906754e+02 -4.707807929130856905e+01 -3.783018614574409355e+01
1.021418636995827427e+02 -4.705354631434082080e+01 -3.782474941517300238e+01
1.026425591098748242e+02 -4.703018148032631984e+01 -3.782005058514953078e+01
1.031432545201669058e+02 -4.700797408887800088e+01 -3.781607417201341548e+01
1.036439499304589731e+02 -4.698691340231951585e+01 -3.781280452095272437e+01
1.041446453407510404e+02 -4.696698863302506766e+01 -3.781022607990024653e+01
1.046453407510431077e+02 -4.694818899278678259e+01 -3.780832322115101363e+01
1.051460361613351751e+02 -4.693050373588837942e+01 -3.780708060880937182e+01
1.056467315716272708e+02 -4.691392215212025008e+01 -3.780648291156960283e+01
1.061474269819193381e+02 -4.689843359574012993e+01 -3.780651517258358751e+01
1.066481223922114054e+02 -4.688402755647700815e+01 -3.780716259136663382e+01
1.071488178025034728e+02 -4.687069361835426662e+01 -3.780841068459760379e+01
1.076495132127955401e+02 -4.685842156208934739e+01 -3.781024546981409173e+01
1.081502086230876074e+02 -4.684720131047193092e+01 -3.781265321166340243e+01
1.086509040333796889e+02 -4.683702299781266731e+01 -3.781562076758898172e+01
1.091515994436717563e+02 -4.682787700050148771e+01 -3.781913544908502445e+01
1.096522948539638236e+02 -4.681975392118665980e+01 -3.782318517316934958e+01
1.101529902642559051e+02 -4.681264464755166443e+01 -3.782775836122065982e+01
1.106536856745479724e+02 -4.680654034961570176e+01 -3.783284414479832947e+01
1.111543810848400540e+02 -4.680143249989576759e+01 -3.783843227067488613e+01
1.116550764951321213e+02 -4.679731290624566498e+01 -3.784451319175738604e+01
1.121557719054241886e+02 -4.679417371674297499e+01 -3.785107809157076986e+01
1.126564673157162559e+02 -4.679200743016643571e+01 -3.785811892750652419e+01
1.131571627260083233e+02 -4.679080691345824050e+01 -3.786562833207776180e+01
1.136578581363004190e+02 -4.679056542151464271e+01 -3.787359983547398201e+01
1.141585535465924863e+02 -4.679127660387983667e+01 -3.788202774132409445e+01
1.146592489568845536e+02 -4.679293451260399195e+01 -3.789090710782497240e+01
1.151599443671766352e+02 -4.679553359642248722e+01 -3.790023396342235174e+01
1.156606397774686883e+02 -4.679906874086292135e+01 -3.791000506518116708e+01
1.161613351877607698e+02 -4.680353523587392317e+01 -3.792021802024123645e+01
1.166620305980528229e+02 -4.680892880517340870e+01 -3.793087132138339257e+01
1.171627260083449187e+02 -4.681524559133968921e+01 -3.794196425694849495e+01
1.176634214186370002e+02 -4.682248216914295824e+01 -3.795349700329083475e+01
1.181641168289290533e+02 -4.683063553746897867e+01 -3.796547054282206091e+01
1.186648122392211349e+02 -4.683970311495350813e+01 -3.797788663823672550e+01
1.191655076495132022e+02 -4.684968274391131615e+01 -3.799074790631043186e+01
1.196662030598052695e+02 -4.686057268458817759e+01 -3.800405774950837667e+01
1.201668984700973368e+02 -4.687237159631614247e+01 -3.801782029900584803e+01
1.206675938803894041e+02 -4.688507853998736152e+01 -3.803204045763357044e+01
1.211682892906814999e+02 -4.689869297776304791e+01 -3.804672387091648034e+01
1.216689847009735672e+02 -4.691321474200513819e+01 -3.806187688036095551e+01
1.221696801112656345e+02 -4.692864403993290523e+01 -3.807750646619446400e+01
1.226703755215577019e+02 -4.694498144285454089e+01 -3.809362027224473479e+01
1.231710709318497834e+02 -4.696222786288409168e+01 -3.811022659502363297e+01
1.236717663421418507e+02 -4.698038454595653945e+01 -3.812733424711190366e+01
1.241724617524339322e+02 -4.699945306135042244e+01 -3.814495264436949640e+01
1.246731571627260138e+02 -4.701943527636750275e+01 -3.816309167451358064e+01
1.251738525730180669e+02 -4.704033334818369383e+01 -3.818176173868275214e+01
1.256745479833101484e+02 -4.706214970755091542e+01 -3.820097366494744051e+01
1.261752433936022157e+02 -4.708488703784233564e+01 -3.822073869554012049e+01
1.266759388038942831e+02 -4.710854826108253235e+01 -3.824106842282569119e+01
1.271766342141863788e+02 -4.713313652281350130e+01 -3.826197479614572217e+01
1.276773296244784177e+02 -4.715865516881159181e+01 -3.828347004887697835e+01
1.281780250347705135e+02 -4.718510772587897861e+01 -3.830556666910931085e+01
1.286787204450625950e+02 -4.721249789718704903e+01 -3.832827736357509707e+01
1.291794158553546481e+02 -4.724082952502349997e+01 -3.835161502090565477e+01
1.296801112656467296e+02 -4.727010659079233790e+01 -3.837559267961702858e+01
1.301808066759387827e+02 -4.730033317717889929e+01 -3.840022348416320597e+01
1.306815020862308643e+02 -4.733151347047815705e+01 -3.842552065001152073e+01
1.311821974965229458e+02 -4.736365172916258359e+01 -3.845149743221051608e+01
1.316828929068149989e+02 -4.739675226758400584e+01 -3.847816709861442064e+01
1.321835883171070805e+02 -4.743081944083961332e+01 -3.850554286934718107e+01
1.326842837273991336e+02 -4.746585763320318563e+01 -3.853363792371206387e+01
1.331849791376912435e+02 -4.750187121592453821e+01 -3.856246533995695813e+01
1.336856745479833251e+02 -4.753886457560575707e+01 -3.859203807881536363e+01
1.341863699582753782e+02 -4.757684204056850774e+01 -3.862236893914264613e+01
1.346870653685674597e+02 -4.761580791861625528e+01 -3.865347056013156646e+01
1.351877607788595128e+02 -4.765576643940867996e+01 -3.868535535239239209e+01
1.356884561891515943e+02 -4.769672176872255420e+01 -3.871803553160312106e+01
1.361891515994436759e+02 -4.773867796479599690e+01 -3.875152302989768316e+01
1.366898470097357290e+02 -4.778163899273486948e+01 -3.878582952657048111e+01
1.371905424200278105e+02 -4.782560870122971153e+01 -3.882096638550315504e+01
1.376912378303198636e+02 -4.787059077657168871e+01 -3.885694464205408849e+01
1.381919332406119452e+02 -4.791658877903238078e+01 -3.889377502945245624e+01
1.386926286509039983e+02 -4.796360610561579563e+01 -3.893146791592408817e+01
1.391933240611960798e+02 -4.801164596617356040e+01 -3.897003328677436684e+01
1.396940194714881613e+02 -4.806071139449387886e+01 -3.900948075245304381e+01
1.401947148817802145e+02 -4.811080522459009501e+01 -3.904981947841059764e+01
1.406954102920723244e+02 -4.816193006207244309e+01 -3.909105829896924433e+01
1.411961057023643775e+02 -4.821408832297281322e+01 -3.913320555128501610e+01
1.416968011126564591e+02 -4.826728215641894337e+01 -3.917626911937347245e+01
1.421974965229485406e+02 -4.832151350300379988e+01 -3.922025650708562239e+01
1.426981919332405937e+02 -4.837678402164571878e+01 -3.926517467954374752e+01
1.431988873435326752e+02 -4.843309513028331992e+01 -3.931103019017803035e+01
1.436995827538247283e+02 -4.849044797211506364e+01 -3.935782906328687147e+01
1.442002781641168099e+02 -4.854884340977848467e+01 -3.940557687543252996e+01
1.447009735744088914e+02 -4.860828203815587756e+01 -3.945427863816723857e+01
1.452016689847009729e+02 -4.866876413664401468e+01 -3.950393893386449662e+01
1.457023643949930261e+02 -4.873028969418344047e+01 -3.955456179175044440e+01
1.462030598052851076e+02 -4.879285841827156389e+01 -3.960615074321351869e+01
1.467037552155771891e+02 -4.885646966862353224e+01 -3.965870876390211208e+01
1.472044506258692422e+02 -4.892112252820609797e+01 -3.971223834262885077e+01
1.477051460361613238e+02 -4.898681574087916601e+01 -3.976674143750400958e+01
1.482058414464534053e+02 -4.905354773227102783e+01 -3.982221938863381183e+01
1.487065368567454584e+02 -4.912131659520767357e+01 -3.987867314054011558e+01
1.492072322670375399e+02 -4.919012012587900529e+01 -3.993610299007065123e+01
1.497079276773296215e+02 -4.925995575877296062e+01 -3.999450872466914575e+01
1.502086230876216746e+02 -4.933082061014120256e+01 -4.005388964799172413e+01
1.507093184979137845e+02 -4.940271147303265309e+01 -4.011424445285229012e+01
1.512100139082058092e+02 -4.947562480354663705e+01 -4.017557134183212497e+01
1.517107093184979192e+02 -4.954955672742220685e+01 -4.023786796286790945e+01
1.522114047287899723e+02 -4.962450303033369181e+01 -4.030113141085953998e+01
1.527121001390820538e+02 -4.970045920993759836e+01 -4.036535827115291397e+01
1.532127955493741354e+02 -4.977742040130868162e+01 -4.043054473316875885e+01
1.537134909596661885e+02 -4.985538143261981503e+01 -4.049668625949995260e+01
1.542141863699582700e+02 -4.993433683479769769e+01 -4.056377795570617195e+01
1.547148817802503231e+02 -5.001428078186426518e+01 -4.063181438034253290e+01
1.552155771905424047e+02 -5.009520719085548279e+01 -4.070078966530223852e+01
1.557162726008344862e+02 -5.017710964838760646e+01 -4.077069734475092844e+01
1.562169680111265393e+02 -5.025998145985203536e+01 -4.084153062077439245e+01
1.567176634214186208e+02 -5.034381561815825279e+01 -4.091328216227456949e+01
1.572183588317106739e+02 -5.042860487193505747e+01 -4.098594427230987947e+01
1.577190542420027555e+02 -5.051434168536983549e+01 -4.105950873031081017e+01
1.582197496522948654e+02 -5.060101825269634901e+01 -4.113396701779879550e+01
1.587204450625868901e+02 -5.068862651466156422e+01 -4.120931019127296935e+01
1.592211404728790001e+02 -5.077715815036322056e+01 -4.128552896488385926e+01
1.597218358831710532e+02 -5.086660463354884598e+01 -4.136261356988384108e+01
1.602225312934631347e+02 -5.095695717601439867e+01 -4.144055408972462118e+01
1.607232267037552162e+02 -5.104820681521370318e+01 -4.151934025424679220e+01
1.612239221140472694e+02 -5.114034434740598556e+01 -4.159896135648894244e+01
1.617246175243393509e+02 -5.123336037581022140e+01 -4.167940663494535158e+01
1.622253129346314324e+02 -5.132724532628908776e+01 -4.176066492557957588e+01
1.627260083449234855e+02 -5.142198945923719577e+01 -4.184272489353995184e+01
1.632267037552155955e+02 -5.151758286291278921e+01 -4.192557510778082985e+01
1.637273991655076486e+02 -5.161401546273391716e+01 -4.200920371403400111e+01
1.642280945757997301e+02 -5.171127705140516184e+01 -4.209359889563167201e+01
1.647287899860917832e+02 -5.180935729037851445e+01 -4.217874872910157080e+01
1.652294853963838648e+02 -5.190824572598326370e+01 -4.226464100128337975e+01
1.657301808066759463e+02 -5.200793179906436592e+01 -4.235126357006207343e+01
1.662308762169679994e+02 -5.210840480943484465e+01 -4.243860412290982254e+01
1.667315716272600810e+02 -5.220965403203302913e+01 -4.252665039983344286e+01
1.672322670375521341e+02 -5.231166862488174729e+01 -4.261539006971520394e+01
1.677329624478442156e+02 -5.241443768499487987e+01 -4.270481074594658821e+01
1.682336578581363256e+02 -5.251795024034642267e+01 -4.279490006781320233e+01
1.687343532684283502e+02 -5.262219529851881816e+01 -4.288564577383424137e+01
1.692350486787204602e+02 -5.272716179264341463e+01 -4.297703564937518195e+01
1.697357440890125133e+02 -5.283283865319197048e+01 -4.306905750463114657e+01
1.702364394993045948e+02 -5.293921475796003051e+01 -4.316169920878903099e+01
1.707371349095966480e+02 -5.304627898688784171e+01 -4.325494880557086219e+01
1.712378303198887295e+02 -5.315402022132616366e+01 -4.334879437427004234e+01
1.717385257301808110e+02 -5.326242732290552340e+01 -4.344322418744621928e+01
1.722392211404728641e+02 -5.337148917081208310e+01 -4.353822661528209892e+01
1.727399165507649457e+02 -5.348119465233502012e+01 -4.363379012282226199e+01
1.732406119610569988e+02 -5.359153267875989002e+01 -4.372990346476778711e+01
1.737413073713490803e+02 -5.370249217673880082e+01 -4.382655541379276087e+01
1.742420027816411618e+02 -5.381406211475585621e+01 -4.392373501127507041e+01
1.747426981919332150e+02 -5.392623149588972353e+01 -4.402143144272507413e+01
1.752433936022252965e+02 -5.403898934632807993e+01 -4.411963405001829130e+01
1.757440890125173496e+02 -5.415232477537857392e+01 -4.421833245061738893e+01
1.762447844228094596e+02 -5.426622687783593335e+01 -4.431751628973747614e+01
1.767454798331015411e+02 -5.438068485180141920e+01 -4.441717558087866280e+01
1.772461752433935942e+02 -5.449568794401588434e+01 -4.451730040294768287e+01
1.777468706536856757e+02 -5.461122544785925470e+01 -4.461788104044555325e+01
1.782475660639777288e+02 -5.472728670412698904e+01 -4.471890802187428449e+01
1.787482614742698104e+02 -5.484386113313894384e+01 -4.482037206928437456e+01
1.792489568845618919e+02 -5.496093822888797575e+01 -4.492226395747350409e+01
1.797496522948539450e+02 -5.507850753341639916e+01 -4.502457480905589193e+01
1.802503477051460266e+02 -5.519655867081323208e+01 -4.512729577196948583e+01
1.807510431154380797e+02 -5.531508133362817148e+01 -4.523041829020739613e+01
1.812517385257301612e+02 -5.543406526174234727e+01 -4.533393390147493562e+01
1.817524339360222427e+02 -5.555350028051722688e+01 -4.543783433109389591e+01
1.822531293463142958e+02 -5.567337630855578823e+01 -4.554211142520871647e+01
1.827538247566063774e+02 -5.579368331773794409e+01 -4.564675728302945856e+01
1.832545201668984305e+02 -5.591441134832807336e+01 -4.575176401973027396e+01
1.837552155771905404e+02 -5.603555051113021079e+01 -4.585712398147467184e+01
1.842559109874825651e+02 -5.615709100237116758e+01 -4.596282948353933762e+01
1.847566063977746751e+02 -5.627902306513905017e+01 -4.606887321982145522e+01
1.852573018080667566e+02 -5.640133704654917324e+01 -4.617524783892559981e+01
1.857579972183588097e+02 -5.652402335516998733e+01 -4.628194606050880111e+01
1.862586926286508913e+02 -5.664707244168911870e+01 -4.638896085370588196e+01
1.867593880389429444e+02 -5.677047484109297670e+01 -4.649628512550837911e+01
1.872600834492350259e+02 -5.689422118221645519e+01 -4.660391207060928309e+01
1.877607788595271074e+02 -5.701830210839634105e+01 -4.671183473192198221e+01
1.882614742698191606e+02 -5.714270837567400463e+01 -4.682004645470354376e+01
1.887621696801112421e+02 -5.726743074358327590e+01 -4.692854051176166763e+01
1.892628650904032952e+02 -5.739246008443532787e+01 -4.703731035628064205e+01
1.897635605006953767e+02 -5.751778729994074979e+01 -4.714634937434144035e+01
1.902642559109874583e+02 -5.764340334956759193e+01 -4.725565120486240289e+01
1.907649513212795114e+02 -5.776929923699898950e+01 -4.736520942724689576e+01
1.912656467315716213e+02 -5.789546602306617729e+01 -4.747501762771285883e+01
1.917663421418636460e+02 -5.802189481462082199e+01 -4.758506961819954029e+01
1.922670375521557560e+02 -5.814857673965124718e+01 -4.769535909557683340e+01
1.927677329624478375e+02 -5.827550297176603067e+01 -4.780587997557066160e+01
1.932684283727398906e+02 -5.840266473292476235e+01 -4.791662604700847794e+01
1.937691237830319722e+02 -5.853005323391161596e+01 -4.802759134718537837e+01
1.942698191933240253e+02 -5.865765975154690182e+01 -4.813876980134745054e+01
1.947705146036161068e+02 -5.878547553983852936e+01 -4.825015549232414003e+01
1.952712100139081883e+02 -5.891349188982903229e+01 -4.836174252127004536e+01
1.957719054242002414e+02 -5.904170008364334876e+01 -4.847352511166302236e+01
1.962726008344923230e+02 -5.917009141167827124e+01 -4.858549742915785430e+01
1.967732962447844045e+02 -5.929865715314835484e+01 -4.869765375697171805e+01
1.972739916550764576e+02 -5.942738856520836066e+01 -4.880998852662308707e+01
1.977746870653685392e+02 -5.955627689469937991e+01 -4.892249609226402640e+01
1.982753824756605923e+02 -5.968531336501573037e+01 -4.903517101541203260e+01
1.987760778859527022e+02 -5.981448914661913818e+01 -4.914800783820302854e+01
1.992767732962447838e+02 -5.994379537684753245e+01 -4.926100122477711807e+01
1.997774687065368369e+02 -6.007322313768699473e+01 -4.937414587977420410e+01
2.002781641168289184e+02 -6.020276345817282504e+01 -4.948743665906661704e+01
2.007788595271209999e+02 -6.033240729283451742e+01 -4.960086841888099229e+01
2.012795549374130530e+02 -6.046214551005422777e+01 -4.971443622590825839e+01
2.017802503477051346e+02 -6.059196891534983820e+01 -4.982813509864578805e+01
2.022809457579971877e+02 -6.072186819767838983e+01 -4.994196027735094390e+01
2.027816411682892692e+02 -6.085183395097291736e+01 -5.005590705535220764e+01
2.032823365785813508e+02 -6.098185666046364872e+01 -5.016997077021659379e+01
2.037830319888734039e+02 -6.111192667764871089e+01 -5.028414690851550972e+01
2.042837273991654854e+02 -6.124203423644675581e+01 -5.039843113262026009e+01
2.047844228094575953e+02 -6.137216942409312992e+01 -5.051281909552653815e+01
2.052851182197496485e+02 -6.150232217764741449e+01 -5.062730661538307686e+01
2.057858136300417300e+02 -6.163248227351604669e+01 -5.074188962120881286e+01
2.062865090403338115e+02 -6.176263933094477920e+01 -5.085656410558337370e+01
2.067872044506258646e+02 -6.189278278989976911e+01 -5.097132620644012491e+01
2.072878998609179462e+02 -6.202290190641096501e+01 -5.108617213563272230e+01
2.077885952712099993e+02 -6.215298574907964735e+01 -5.120109825403639547e+01
2.082892906815020808e+02 -6.228302318860104947e+01 -5.131610099006267944e+01
2.087899860917941623e+02 -6.241300288612282543e+01 -5.143117682060861284e+01
2.092906815020862155e+02 -6.254291330488658218e+01 -5.154632237520006299e+01
2.097913769123782970e+02 -6.267274267763158946e+01 -5.166153432581511140e+01
2.102920723226703501e+02 -6.280247902056461839e+01 -5.177680945555950132e+01
2.107927677329624316e+02 -6.293211013335994153e+01 -5.189214458056996193e+01
2.112934631432545416e+02 -6.306162357121965556e+01 -5.200753659153635056e+01
2.117941585535465663e+02 -6.319100667048505215e+01 -5.212298244381601364e+01
2.122948539638386762e+02 -6.332024651836863427e+01 -5.223847911720442028e+01
2.127955493741307293e+02 -6.344932998089379339e+01 -5.235402360818626732e+01
2.132962447844228109e+02 -6.357824367611928551e+01 -5.246961298280440644e+01
2.137969401947148924e+02 -6.370697399509398906e+01 -5.258524426431905852e+01
2.142976356050069455e+02 -6.383550708555875985e+01 -5.270091448617678509e+01
2.147983310152990271e+02 -6.396382886940872936e+01 -5.281662067221988366e+01
2.152990264255910802e+02 -6.409192503570838539e+01 -5.293235979099337385e+01
2.157997218358831617e+02 -6.421978105175102769e+01 -5.304812878991471337e+01
2.163004172461752148e+02 -6.434738216480499773e+01 -5.316392453135451035e+01
2.168011126564672963e+02 -6.447471341608351736e+01 -5.327974379624721735e+01
2.173018080667593779e+02 -6.460175962328239052e+01 -5.339558327666965454e+01
2.178025034770514310e+02 -6.472850542772820859e+01 -5.351143953821521393e+01
2.183031988873435125e+02 -6.485493528433752886e+01 -5.362730901777469228e+01
2.188038942976355656e+02 -6.498103345055741897e+01 -5.374318799558751891e+01
2.193045897079276472e+02 -6.510678404370000294e+01 -5.385907259160377691e+01
2.198052851182197571e+02 -6.523217101474901369e+01 -5.397495872197397659e+01
2.203059805285118102e+02 -6.535717819012378982e+01 -5.409084209504727880e+01
2.208066759388038918e+02 -6.548178925305282405e+01 -5.420671819936616487e+01
2.213073713490959449e+02 -6.560598779928940871e+01 -5.432258227136118478e+01
2.218080667593880264e+02 -6.572975731914002040e+01 -5.443842927687002486e+01
2.223087621696801079e+02 -6.585308123641968336e+01 -5.455425389243829670e+01
2.228094575799721611e+02 -6.597594290768117276e+01 -5.467005050990339043e+01
2.233101529902642426e+02 -6.609832566755446237e+01 -5.478581316727287742e+01
2.238108484005562957e+02 -6.622021280441546764e+01 -5.490153560005639122e+01
2.243115438108483772e+02 -6.634158762991862091e+01 -5.501721115257170425e+01
2.248122392211404588e+02 -6.646243345754189136e+01 -5.513283280911765871e+01
2.253129346314325119e+02 -6.658273366081263589e+01 -5.524839316334252715e+01
2.258136300417245934e+02 -6.670247164370809401e+01 -5.536388439256840854e+01
2.263143254520166465e+02 -6.682163091192339266e+01 -5.547929826323085933e+01
2.268150208623087565e+02 -6.694019505690081928e+01 -5.559462611789628284e+01
2.273157162726008380e+02 -6.705814779788485680e+01 -5.570985882633296171e+01
2.278164116828928911e+02 -6.717547299283612006e+01 -5.582498683218774715e+01
2.283171070931849727e+02 -6.729215465758531423e+01 -5.594000010155058078e+01
2.288178025034770258e+02 -6.740817699853866429e+01 -5.605488809160804919e+01
2.293184979137691073e+02 -6.752352440509342557e+01 -5.616963986642575435e+01
2.298191933240611604e+02 -6.763818149932988888e+01 -5.628424392475197635e+01
2.303198887343532704e+02 -6.775213313767083889e+01 -5.639868827930102668e+01
2.308205841446453235e+02 -6.786536442564896277e+01 -5.651296047887215934e+01
2.313212795549373766e+02 -6.797786076307305336e+01 -5.662704757691808766e+01
2.318219749652294297e+02 -6.808960781186827660e+01 -5.674093612750421300e+01
2.323226703755215397e+02 -6.820059156581622517e+01 -5.685461218865948751e+01
2.328233657858135928e+02 -6.831079831931377555e+01 -5.696806134952271350e+01
2.333240611961056459e+02 -6.842021471907928287e+01 -5.708126871487979770e+01
2.338247566063977843e+02 -6.852882775565221607e+01 -5.719421891602610231e+01
2.343254520166898374e+02 -6.863662476767630949e+01 -5.730689613255594850e+01
2.348261474269818621e+02 -6.874359348769603173e+01 -5.741928408103989057e+01
2.353268428372740004e+02 -6.884972202572343747e+01 -5.753136605642497159e+01
2.358275382475660535e+02 -6.895499889137526850e+01 -5.764312495655564561e+01
2.363282336578581067e+02 -6.905941298561474184e+01 -5.775454322519897232e+01
2.368289290681501882e+02 -6.916295361096517524e+01 -5.786560294663303239e+01
2.373296244784422697e+02 -6.926561051371054134e+01 -5.797628586872832557e+01
2.378303198887343228e+02 -6.936737384504185400e+01 -5.808657332084493419e+01
2.383310152990264044e+02 -6.946823418397643479e+01 -5.819644640092036525e+01
2.388317107093184859e+02 -6.956818253520232531e+01 -5.830588582897293293e+01
2.393324061196105390e+02 -6.966721035327118727e+01 -5.841487211259222079e+01
2.398331015299026205e+02 -6.976530949121134029e+01 -5.852338547902321864e+01
2.403337969401946737e+02 -6.986247228110933349e+01 -5.863140593832498837e+01
2.408344923504867552e+02 -6.995869145381057308e+01 -5.873891334242502182e+01
2.413351877607788083e+02 -7.005396019669042573e+01 -5.884588730678218838e+01
2.418358831710709183e+02 -7.014827211124448070e+01 -5.895230737322266634e+01
2.423365785813629998e+02 -7.024162123415244707e+01 -5.905815296613867815e+01
2.428372739916550529e+02 -7.033400202489083597e+01 -5.916340336938448274e+01
2.433379694019471344e+02 -7.042540935187226125e+01 -5.926803793096043194e+01
2.438386648122392160e+02 -7.051583852581480016e+01 -5.937203589164712980e+01
2.443393602225312691e+02 -7.060528523251214494e+01 -5.947537649226435974e+01
2.448400556328233506e+02 -7.069374557669966919e+01 -5.957803911799717866e+01
2.453407510431154037e+02 -7.078121605414658291e+01 -5.968000308415074073e+01
2.458414464534074853e+02 -7.086769356070313108e+01 -5.978124791686505546e+01
2.463421418636995668e+02 -7.095317533849033964e+01 -5.988175318965014071e+01
2.468428372739916199e+02 -7.103765904614142812e+01 -5.998149867329900076e+01
2.473435326842837014e+02 -7.112114265737496055e+01 -6.008046428051144972e+01
2.478442280945758114e+02 -7.120362452407739795e+01 -6.017863014091105356e+01
2.483449235048678645e+02 -7.128510334181505925e+01 -6.027597663302273645e+01
2.488456189151599460e+02 -7.136557813196935740e+01 -6.037248433527835800e+01
2.493463143254520276e+02 -7.144504824596600656e+01 -6.046813411620220791e+01
2.498470097357440807e+02 -7.152351333237396602e+01 -6.056290717777571331e+01
2.503477051460361338e+02 -7.160097334942923908e+01 -6.065678494615255545e+01
2.508484005563282153e+02 -7.167742854029432920e+01 -6.074974927342097430e+01
2.513490959666202968e+02 -7.175287945939720657e+01 -6.084178228459037996e+01
2.518497913769123500e+02 -7.182732689334619636e+01 -6.093286649467445670e+01
2.523504867872044315e+02 -7.190077190893310899e+01 -6.102298479612473159e+01
2.528511821974965130e+02 -7.197321580630335802e+01 -6.111212045970860629e+01
2.533518776077885661e+02 -7.204466012883307258e+01 -6.120025715606716687e+01
2.538525730180806477e+02 -7.211510665825875321e+01 -6.128737899561856750e+01
2.543532684283727576e+02 -7.218455737684229234e+01 -6.137347043113295797e+01
2.548539638386647823e+02 -7.225301446882616574e+01 -6.145851639983699499e+01
2.553546592489568354e+02 -7.232048033047880153e+01 -6.154250228730485617e+01
2.558553546592489738e+02 -7.238695753268365252e+01 -6.162541382798532652e+01
2.563560500695410269e+02 -7.245244881576871876e+01 -6.170723727989549445e+01
2.568567454798330800e+02 -7.251695708810365204e+01 -6.178795930309003381e+01
2.573574408901251900e+02 -7.258048543213880066e+01 -6.186756700209822668e+01
2.578581363004172431e+02 -7.264303701669922475e+01 -6.194604791342295869e+01
2.583588317107092962e+02 -7.270461522248587016e+01 -6.202339002482192143e+01
2.588595271210013493e+02 -7.276522348607903723e+01 -6.209958175631599886e+01
2.593602225312934593e+02 -7.282486541402539615e+01 -6.217461193312895773e+01
2.598609179415855124e+02 -7.288354468854157631e+01 -6.224846984723238563e+01
2.603616133518775655e+02 -7.294126508148400490e+01 -6.232114517603864101e+01
2.608623087621696754e+02 -7.299803050622648470e+01 -6.239262803757151232e+01
2.613630041724617286e+02 -7.305384489629722111e+01 -6.246290892487429858e+01
2.618636995827537817e+02 -7.310871229931143489e+01 -6.253197878724002123e+01
2.623643949930458916e+02 -7.316263680537593928e+01 -6.259982889688597396e+01
2.628650904033379447e+02 -7.321562258717966643e+01 -6.266645096063638221e+01
2.633657858136299978e+02 -7.326767385197234717e+01 -6.273183699285635839e+01
2.638664812239220510e+02 -7.331879485437963240e+01 -6.279597948375962346e+01
2.643671766342141609e+02 -7.336898988617900841e+01 -6.285887113842986196e+01
2.648678720445062140e+02 -7.341826326571532491e+01 -6.292050506990275949e+01
2.653685674547982671e+02 -7.346661934404761496e+01 -6.298087474103964212e+01
2.658692628650904339e+02 -7.351406249226198497e+01 -6.303997389186120870e+01
2.663699582753824870e+02 -7.356059709048491868e+01 -6.309779655158932599e+01
2.668706536856744833e+02 -7.360622751643444417e+01 -6.315433710017656210e+01
2.673713490959666501e+02 -7.365095815866919793e+01 -6.320959013541991567e+01
2.678720445062587032e+02 -7.369479340281071700e+01 -6.326355056958104228e+01
2.683727399165507563e+02 -7.373773761106389202e+01 -6.331621356545778667e+01
2.688734353268428094e+02 -7.377979514994916599e+01 -6.336757445988379800e+01
2.693741307371349194e+02 -7.382097036648741550e+01 -6.341762891500704313e+01
2.698748261474269725e+02 -7.386126757204732485e+01 -6.346637275648046739e+01
2.703755215577190256e+02 -7.390069105267724581e+01 -6.351380199539218552e+01
2.708762169680111356e+02 -7.393924507383457012e+01 -6.355991288084280200e+01
2.713769123783031887e+02 -7.397693386838039942e+01 -6.360470183193453408e+01
2.718776077885952418e+02 -7.401376159692557621e+01 -6.364816538989313699e+01
2.723783031988873518e+02 -7.404973242000818345e+01 -6.369030031521037927e+01
2.728789986091794049e+02 -7.408485043421063665e+01 -6.373110345810448507e+01
2.733796940194714580e+02 -7.411911967299641901e+01 -6.377057182382588962e+01
2.738803894297635111e+02 -7.415254414752820367e+01 -6.380870253837304062e+01
2.743810848400556210e+02 -7.418512779260748857e+01 -6.384549281690954103e+01
2.748817802503476742e+02 -7.421687448864798853e+01 -6.388093998747774549e+01
2.753824756606397273e+02 -7.424778805581848928e+01 -6.391504147182115503e+01
2.758831710709318372e+02 -7.427787226626645634e+01 -6.394779472820357569e+01
2.763838664812238903e+02 -7.430713079696982959e+01 -6.397919729938405453e+01
2.768845618915159434e+02 -7.433556728357910970e+01 -6.400924681151775530e+01
2.773852573018079966e+02 -7.436318528200030187e+01 -6.403794088332472256e+01
2.778859527121001065e+02 -7.438998827770814160e+01 -6.406527721254644803e+01
2.783866481223921596e+02 -7.441597967981618922e+01 -6.409125347960764429e+01
2.788873435326842127e+02 -7.444116282966245990e+01 -6.411586741324538252e+01
2.793880389429763227e+02 -7.446554098502059560e+01 -6.413911672322467439e+01
2.798887343532683758e+02 -7.448911732286472898e+01 -6.416099913198888771e+01
2.803894297635604289e+02 -7.451189495497641246e+01 -6.418151236732387588e+01
2.808901251738525957e+02 -7.453387689185586851e+01 -6.420065409165704295e+01
2.813908205841446488e+02 -7.455506607531827967e+01 -6.421842199004618124e+01
2.818915159944367019e+02 -7.457546535986733716e+01 -6.423481367714134649e+01
2.823922114047287550e+02 -7.459507750920278113e+01 -6.424982673208592132e+01
2.828929068150208650e+02 -7.461390521091783512e+01 -6.426345872412798599e+01
2.833936022253129181e+02 -7.463195105961898435e+01 -6.427570710828308620e+01
2.838942976356049712e+02 -7.464921756012739706e+01 -6.428656932137687363e+01
2.843949930458970812e+02 -7.466570713853838015e+01 -6.429604272063630788e+01
2.848956884561891343e+02 -7.468142211733760405e+01 -6.430412457932749248e+01
2.853963838664811874e+02 -7.469636474334078002e+01 -6.431081211046790713e+01
2.858970792767732974e+02 -7.471053715858982969e+01 -6.431610242665288979e+01
2.863977746870653505e+02 -7.472394142363594938e+01 -6.431999255988290543e+01
2.868984700973574036e+02 -7.473657950356977153e+01 -6.432247946007652217e+01
2.873991655076494567e+02 -7.474845327034967113e+01 -6.432355995986387143e+01
2.878998609179415666e+02 -7.475956450862253178e+01 -6.432323079321309933e+01
2.884005563282336198e+02 -7.476991490408221352e+01 -6.432148860383409783e+01
2.889012517385257297e+02 -7.477950604579785931e+01 -6.431832990908975489e+01
2.894019471488177828e+02 -7.478833944134788680e+01 -6.431375112218762524e+01
2.899026425591098359e+02 -7.479641649237277079e+01 -6.430774854257566631e+01
2.904033379694019459e+02 -7.480373851320149470e+01 -6.430031835095820725e+01
2.909040333796939990e+02 -7.481030671688171196e+01 -6.429145660201999135e+01
2.914047287899860521e+02 -7.481612223497035075e+01 -6.428115924305262752e+01
2.919054242002781621e+02 -7.482118608959393669e+01 -6.426942208586939387e+01
2.924061196105702152e+02 -7.482549921905996371e+01 -6.425624082601376585e+01
2.929068150208622683e+02 -7.482906246388705540e+01 -6.424161101962187104e+01
2.934075104311543782e+02 -7.483187656913327146e+01 -6.422552811718293242e+01
2.939082058414464314e+02 -7.483394218672441411e+01 -6.420798742483117394e+01
2.944089012517384845e+02 -7.483525987545402813e+01 -6.418898413228549771e+01
2.949095966620305944e+02 -7.483583010098340083e+01 -6.416851330353625826e+01
2.954102920723226475e+02 -7.483565323118494916e+01 -6.414656987160657309e+01
2.959109874826147006e+02 -7.483472954661959875e+01 -6.412314865019385479e+01
2.964116828929068106e+02 -7.483305923005940485e+01 -6.409824432784904502e+01
2.969123783031988637e+02 -7.483064237347247172e+01 -6.407185147961814664e+01
2.974130737134909168e+02 -7.482747897569464612e+01 -6.404396455365446172e+01
2.979137691237830268e+02 -7.482356894592197705e+01 -6.401457788984504305e+01
2.984144645340750799e+02 -7.481891210254656244e+01 -6.398368571049746834e+01
2.989151599443671330e+02 -7.481350816733578313e+01 -6.395128213416415974e+01
2.994158553546592429e+02 -7.480735677823798824e+01 -6.391736118670183942e+01
2.999165507649512961e+02 -7.480045748006926942e+01 -6.388191676694719945e+01
3.004172461752433492e+02 -7.479280973149838019e+01 -6.384494270659803306e+01
3.009179415855354023e+02 -7.478441289864389319e+01 -6.380643274165510093e+01
3.014186369958275691e+02 -7.477526626322327274e+01 -6.376638051584183131e+01
3.019193324061196222e+02 -7.476536901673210878e+01 -6.372477962165891086e+01
3.024200278164116185e+02 -7.475472026917526591e+01 -6.368162356284034331e+01
3.029207232267037853e+02 -7.474331904499234724e+01 -6.363690580030112187e+01
3.034214186369958384e+02 -7.473116427956523466e+01 -6.359061974005913953e+01
3.039221140472878915e+02 -7.471825483085962105e+01 -6.354275872777822087e+01
3.044228094575799446e+02 -7.470458946952970791e+01 -6.349331613011332820e+01
3.049235048678720545e+02 -7.469016688211962673e+01 -6.344228523048246871e+01
3.054242002781641077e+02 -7.467498569201819691e+01 -6.338965936760092745e+01
3.059248956884561608e+02 -7.465904442045979295e+01 -6.333543182515920478e+01
3.064255910987482707e+02 -7.464234152959801349e+01 -6.327959596220924254e+01
3.069262865090403238e+02 -7.462487539631223399e+01 -6.322214515193653028e+01
3.074269819193323769e+02 -7.460664432370361965e+01 -6.316307278959018845e+01
3.079276773296244869e+02 -7.458764654458758514e+01 -6.310237235150569290e+01
3.084283727399165400e+02 -7.456788021472715400e+01 -6.304003742750072092e+01
3.089290681502085931e+02 -7.454734342680279724e+01 -6.297606164234028370e+01
3.094297635605006462e+02 -7.452603419231348880e+01 -6.291043879952783868e+01
3.099304589707927562e+02 -7.450395047584646591e+01 -6.284316281345243738e+01
3.104311543810848093e+02 -7.448109015261910315e+01 -6.277422773092555985e+01
3.109318497913768624e+02 -7.445745105847639422e+01 -6.270362784526813016e+01
3.114325452016689724e+02 -7.443303095409395098e+01 -6.263135759079158049e+01
3.119332406119610255e+02 -7.440782753517599701e+01 -6.255741165637299162e+01
3.124339360222530786e+02 -7.438183846592185944e+01 -6.248178500283545134e+01
3.129346314325451885e+02 -7.435506133071361035e+01 -6.240447281781386835e+01
3.134353268428372417e+02 -7.432749366628716814e+01 -6.232547066357953724e+01
3.139360222531292948e+02 -7.429913297623873802e+01 -6.224477436808498965e+01
3.144367176634213479e+02 -7.426997669954266712e+01 -6.216238018540295229e+01
3.149374130737134578e+02 -7.424002223410730039e+01 -6.207828475577386484e+01
3.154381084840055109e+02 -7.420926694520835554e+01 -6.199248509962492903e+01
3.159388038942975641e+02 -7.417770814942718971e+01 -6.190497872790436418e+01
3.164394993045897309e+02 -7.414534314454590458e+01 -6.181576370602832071e+01
3.169401947148817840e+02 -7.411216916435455460e+01 -6.172483857757659109e+01
3.174408901251737802e+02 -7.407818343860503774e+01 -6.163220244496376665e+01
3.179415855354659470e+02 -7.404338318293389420e+01 -6.153785503273145707e+01
3.184422809457580001e+02 -7.400776555200513940e+01 -6.144179674134836944e+01
3.189429763560500533e+02 -7.397132772420241054e+01 -6.134402867406795679e+01
3.194436717663421064e+02 -7.393406682581348832e+01 -6.124455255223627148e+01
3.199443671766342163e+02 -7.389598000750061146e+01 -6.114337099017764388e+01
3.204450625869262694e+02 -7.385706438696593068e+01 -6.104048739536854384e+01
3.209457579972183225e+02 -7.381731709719110768e+01 -6.093590593969754821e+01
3.214464534075104325e+02 -7.377673524634644764e+01 -6.082963180713893792e+01
3.219471488178024856e+02 -7.373531600663170593e+01 -6.072167114467471549e+01
3.224478442280945387e+02 -7.369305648578063028e+01 -6.061203093144081322e+01
3.229485396383865918e+02 -7.364995387905707958e+01 -6.050071942973598027e+01
3.234492350486787018e+02 -7.360600535444007164e+01 -6.038774572724673817e+01
3.239499304589707549e+02 -7.356120812334609127e+01 -6.027312017975260972e+01
3.244506258692628649e+02 -7.351555943810978988e+01 -6.015685433519890069e+01
3.249513212795549180e+02 -7.346905658576304177e+01 -6.003896090127297214e+01
3.254520166898469711e+02 -7.342169687541570511e+01 -5.991945391504329166e+01
3.259527121001390810e+02 -7.337347768636789169e+01 -5.979834856216099581e+01
3.264534075104311910e+02 -7.332439646591127769e+01 -5.967566163014862468e+01
3.269541029207232441e+02 -7.327445066429108067e+01 -5.955141112740830067e+01
3.274547983310152972e+02 -7.322363787691473647e+01 -5.942561652970749719e+01
3.279554937413073503e+02 -7.317195573052040913e+01 -5.929829875386536742e+01
3.284561891515994603e+02 -7.311940190307532816e+01 -5.916948033884189329e+01
3.289568845618915134e+02 -7.306597424596284895e+01 -5.903918515668037514e+01
3.294575799721835665e+02 -7.301167059847821861e+01 -5.890743886829140763e+01
3.299582753824756765e+02 -7.295648898896425294e+01 -5.877426860631230454e+01
3.304589707927677296e+02 -7.290042751497631457e+01 -5.863970322609451102e+01
3.309596662030597827e+02 -7.284348436660175707e+01 -5.850377317118262965e+01
3.314603616133518926e+02 -7.278565791522660788e+01 -5.836651052360862479e+01
3.319610570236439457e+02 -7.272694658575156268e+01 -5.822794914744243044e+01
3.324617524339359989e+02 -7.266734903883994434e+01 -5.808812449477001394e+01
3.329624478442280520e+02 -7.260686397408940707e+01 -5.794707384216918911e+01
3.334631432545201619e+02 -7.254549031295633199e+01 -5.780483607459201778e+01
3.339638386648122150e+02 -7.248322711005280894e+01 -5.766145188618422424e+01
3.344645340751042681e+02 -7.242007359830731161e+01 -5.751696343076928031e+01
3.349652294853963781e+02 -7.235602917054401928e+01 -5.737141491706677243e+01
3.354659248956884312e+02 -7.229109342813225680e+01 -5.722485203161041056e+01
3.359666203059804843e+02 -7.222526613875069756e+01 -5.707732193044357416e+01
3.364673157162726511e+02 -7.215854726983943124e+01 -5.692887369883420945e+01
3.369680111265647042e+02 -7.209093701346554894e+01 -5.677955780475340930e+01
3.374687065368567005e+02 -7.202243576054991081e+01 -5.662942636938564078e+01
3.379694019471487536e+02 -7.195304411466632644e+01 -5.647853304589884260e+01
3.384700973574409204e+02 -7.188276291338370072e+01 -5.632693270205149361e+01
3.389707927677329735e+02 -7.181159325301523211e+01 -5.617468187576091054e+01
3.394714881780250266e+02 -7.173953643967401206e+01 -5.602183825041774412e+01
3.399721835883171366e+02 -7.166659404491078078e+01 -5.586846089627269407e+01
3.404728789986091897e+02 -7.159276788160745753e+01 -5.571461002055917788e+01
3.409735744089012428e+02 -7.151806005319308213e+01 -5.556034688293497936e+01
3.414742698191932959e+02 -7.144247288392584494e+01 -5.540573398740461641e+01
3.419749652294854059e+02 -7.136600903540832519e+01 -5.525083444239071184e+01
3.424756606397774590e+02 -7.128867135688645362e+01 -5.509571237647405439e+01
3.429763560500695121e+02 -7.121046311411058127e+01 -5.494043281379644839e+01
3.434770514603616220e+02 -7.113138773201947629e+01 -5.478506123860910293e+01
3.439777468706536752e+02 -7.105144899993186414e+01 -5.462966388312716504e+01
3.444784422809457283e+02 -7.097065096941130946e+01 -5.447430677632193863e+01
3.449791376912378382e+02 -7.088899799697153981e+01 -5.431905716340961021e+01
3.454798331015298913e+02 -7.080649479366891796e+01 -5.416398188713904460e+01
3.459805285118219444e+02 -7.072314630200688157e+01 -5.400914824251050561e+01
3.464812239221139976e+02 -7.063895781762107617e+01 -5.385462331035161299e+01
3.469819193324061075e+02 -7.055393490450364880e+01 -5.370047388476822903e+01
3.474826147426981606e+02 -7.046808347838373265e+01 -5.354676669026207492e+01
3.479833101529902137e+02 -7.038140975708097358e+01 -5.339356797865961823e+01
3.484840055632823237e+02 -7.029392021546101432e+01 -5.324094342867471141e+01
3.489847009735743768e+02 -7.020562165778557073e+01 -5.308895813635177774e+01
3.494853963838664299e+02 -7.011652122584365543e+01 -5.293767636974715174e+01
3.499860917941585399e+02 -7.002662635975896421e+01 -5.278716152401082695e+01
3.504867872044505930e+02 -6.993594471350691322e+01 -5.263747592628966743e+01
3.509874826147426461e+02 -6.984448432442179922e+01 -5.248868080892007981e+01
3.514881780250346992e+02 -6.975225344406328531e+01 -5.234083605103533898e+01
3.519888734353268660e+02 -6.965926062421760889e+01 -5.219399985947401888e+01
3.524895688456189191e+02 -6.956551477744699241e+01 -5.204822965987713701e+01
3.529902642559109154e+02 -6.947102494635703351e+01 -5.190358063074550898e+01
3.534909596662030822e+02 -6.937580046661980759e+01 -5.176010625436343560e+01
3.539916550764951353e+02 -6.927985094630227536e+01 -5.161785827343845767e+01
3.544923504867871884e+02 -6.918318623819456548e+01 -5.147688649745686007e+01
3.549930458970792415e+02 -6.908581630410705543e+01 -5.133723874725016856e+01
3.554937413073713515e+02 -6.898775156322014368e+01 -5.119896029270780957e+01
3.559944367176634046e+02 -6.888900230923465529e+01 -5.106209486780581130e+01
3.564951321279554577e+02 -6.878957930802704368e+01 -5.092668320803288395e+01
3.569958275382475676e+02 -6.868949332124890361e+01 -5.079276391225781140e+01
3.574965229485396208e+02 -6.858875528759659801e+01 -5.066037305788125877e+01
3.579972183588316739e+02 -6.848737640156747375e+01 -5.052954417828969724e+01
3.584979137691237838e+02 -6.838536788559855495e+01 -5.040030820500440711e+01
3.589986091794158369e+02 -6.828274099949749143e+01 -5.027269331823278264e+01
3.594993045897078900e+02 -6.817950724953695385e+01 -5.014672556042002327e+01
3.600000000000000000e+02 -6.807567809097312761e+01 -5.002242767127533796e+01
