# lons lats(polar edge) lats(equatorward edge)
0.000000000000000000e+00 6.240261510430911329e+01 5.380782825778799605e+01
5.006954102920723182e-01 6.243047991005198583e+01 5.382410206483828574e+01
1.001390820584144636e+00 6.245779343562448105e+01 5.383964622537321532e+01
1.502086230876216844e+00 6.248456122299138826e+01 5.385447098570684688e+01
2.002781641168289273e+00 6.251078884120978785e+01 5.386858662502280026e+01
2.503477051460361480e+00 6.253648182206269723e+01 5.388200344353325022e+01
3.004172461752433687e+00 6.256164577152993900e+01 5.389473183035485704e+01
3.504867872044505894e+00 6.258628623236326405e+01 5.390678201291345317e+01
4.005563282336578546e+00 6.261040876651044584e+01 5.391816438947395795e+01
4.506258692628650309e+00 6.263401894923654822e+01 5.392888925800640720e+01
5.006954102920722960e+00 6.265712234168570660e+01 5.393896708707232790e+01
5.507649513212795611e+00 6.267972453219664430e+01 5.394840816485543655e+01
6.008344923504867374e+00 6.270183108724432941e+01 5.395722278171913899e+01
6.509040333796940025e+00 6.272344754324700489e+01 5.396542150407312022e+01
7.009735744089011789e+00 6.274457947448043171e+01 5.397301454195361714e+01
7.510431154381083552e+00 6.276523246650574350e+01 5.398001238865393248e+01
8.011126564673157091e+00 6.278541201014992623e+01 5.398642538035483085e+01
8.511821974965229742e+00 6.280512371520234183e+01 5.399226391358101296e+01
9.012517385257300617e+00 6.282437308412698940e+01 5.399753839868967020e+01
9.513212795549373268e+00 6.284316568593982311e+01 5.400225923848243781e+01
1.001390820584144592e+01 6.286150702252221123e+01 5.400643669956967585e+01
1.051460361613352035e+01 6.287940261577281831e+01 5.401008132831104547e+01
1.101529902642559122e+01 6.289685799548428236e+01 5.401320341089285648e+01
1.151599443671766032e+01 6.291387866990666566e+01 5.401581332728720497e+01
1.201668984700973475e+01 6.293047011754501341e+01 5.401792159945226501e+01
1.251738525730180740e+01 6.294663785182896731e+01 5.401953844063437771e+01
1.301808066759388005e+01 6.296238735941264508e+01 5.402067438584833781e+01
1.351877607788595093e+01 6.297772408154803259e+01 5.402133972269442097e+01
1.401947148817802358e+01 6.299265353172653192e+01 5.402154497582590409e+01
1.452016689847009623e+01 6.300718111326933979e+01 5.402130040934319766e+01
1.502086230876216710e+01 6.302131230810847740e+01 5.402061651600136827e+01
1.552155771905424153e+01 6.303505254078847031e+01 5.401950369859849843e+01
1.602225312934631418e+01 6.304840722222071747e+01 5.401797231616190231e+01
1.652294853963838506e+01 6.306138178419860196e+01 5.401603277645947543e+01
1.702364394993045948e+01 6.307398166128041339e+01 5.401369551860787510e+01
1.752433936022252681e+01 6.308621221773864818e+01 5.401097095894894551e+01
1.802503477051460123e+01 6.309807884369423903e+01 5.400786955815635793e+01
1.852573018080667566e+01 6.310958690687452588e+01 5.400440162888743600e+01
1.902642559109874654e+01 6.312074183232520852e+01 5.400057772753542906e+01
1.952712100139081741e+01 6.313154890630870852e+01 5.399640826808588656e+01
2.002781641168289184e+01 6.314201352553540403e+01 5.399190367965327653e+01
2.052851182197496627e+01 6.315214102057838375e+01 5.398707451135881286e+01
2.102920723226704069e+01 6.316193672904377365e+01 5.398193100260711219e+01
2.152990264255910802e+01 6.317140595010245363e+01 5.397648383889487889e+01
2.203059805285118244e+01 6.318055403380712676e+01 5.397074331555656102e+01
2.253129346314325332e+01 6.318938625007449161e+01 5.396471997891907790e+01
2.303198887343532064e+01 6.319790789300058975e+01 5.395842428836013482e+01
2.353268428372739507e+01 6.320612427068299155e+01 5.395186668166630284e+01
2.403337969401946950e+01 6.321404065895961821e+01 5.394505774540249377e+01
2.453407510431154037e+01 6.322166231030763583e+01 5.393800778755208114e+01
2.503477051460361480e+01 6.322899450117887454e+01 5.393072730211402188e+01
2.553546592489568567e+01 6.323604247102679210e+01 5.392322685261753179e+01
2.603616133518776010e+01 6.324281148182393508e+01 5.391551669378975475e+01
2.653685674547983453e+01 6.324930677924470501e+01 5.390760745079467142e+01
2.703755215577190185e+01 6.325553355308414893e+01 5.389950940601272578e+01
2.753824756606397628e+01 6.326149705204471729e+01 5.389123293280509586e+01
2.803894297635604715e+01 6.326720247383519791e+01 5.388278845140287387e+01
2.853963838664812158e+01 6.327265505366925424e+01 5.387418630906888950e+01
2.904033379694019246e+01 6.327785996433462401e+01 5.386543668248707206e+01
2.954102920723226333e+01 6.328282241422797938e+01 5.385655002519885670e+01
3.004172461752433421e+01 6.328754757388267649e+01 5.384753643619293939e+01
3.054242002781640863e+01 6.329204063024079119e+01 5.383840608960414897e+01
3.104311543810848306e+01 6.329630674885449082e+01 5.382916909231924762e+01
3.154381084840055394e+01 6.330035111085364008e+01 5.381983560421001300e+01
3.204450625869262836e+01 6.330417884721738631e+01 5.381041546263229236e+01
3.254520166898469569e+01 6.330779512620848948e+01 5.380091872863128799e+01
3.304589707927677011e+01 6.331120508843652317e+01 5.379135516337706235e+01
3.354659248956884454e+01 6.331441386635289348e+01 5.378173458895767567e+01
3.404728789986091897e+01 6.331742660446103343e+01 5.377206659225410590e+01
3.454798331015298629e+01 6.332024840941663513e+01 5.376236076806901565e+01
3.504867872044505361e+01 6.332288439689214954e+01 5.375262655774361065e+01
3.554937413073713515e+01 6.332533969381834993e+01 5.374287328015486764e+01
3.605006954102920247e+01 6.332761939918633232e+01 5.373311018588861998e+01
3.655076495132127690e+01 6.332972860269215687e+01 5.372334640731128275e+01
3.705146036161335132e+01 6.333167238466408833e+01 5.371359086173666242e+01
3.755215577190541865e+01 6.333345584367471304e+01 5.370385232687154087e+01
3.805285118219749307e+01 6.333508405396919727e+01 5.369413952978096916e+01
3.855354659248956750e+01 6.333656208152156353e+01 5.368446090133927839e+01
3.905424200278163482e+01 6.333789497914899869e+01 5.367482486274055020e+01
3.955493741307371636e+01 6.333908780757333545e+01 5.366523951076665355e+01
4.005563282336578368e+01 6.334014561190265624e+01 5.365571286037852161e+01
4.055632823365785811e+01 6.334107342513739525e+01 5.364625272595398542e+01
4.105702364394993253e+01 6.334187628107606827e+01 5.363686670097766296e+01
4.155771905424199986e+01 6.334255920595019518e+01 5.362756224947301575e+01
4.205841446453408139e+01 6.334312720179873679e+01 5.361834652010392688e+01
4.255910987482614871e+01 6.334358528212028716e+01 5.360922654381650432e+01
4.305980528511821603e+01 6.334393844429719422e+01 5.360020912576909780e+01
4.356050069541029046e+01 6.334419167323353861e+01 5.359130084722745835e+01
4.406119610570236489e+01 6.334434993986356233e+01 5.358250806360015872e+01
4.456189151599443221e+01 6.334441822530784805e+01 5.357383688232371810e+01
4.506258692628650664e+01 6.334440148362041612e+01 5.356529323483837857e+01
4.556328233657857396e+01 6.334430467031047840e+01 5.355688282531016853e+01
4.606397774687064128e+01 6.334413271807711965e+01 5.354861105489501938e+01
4.656467315716272282e+01 6.334389056081995761e+01 5.354048316465791402e+01
4.706536856745479014e+01 6.334358311610408521e+01 5.353250413242362526e+01
4.756606397774686457e+01 6.334321529490985370e+01 5.352467873291658407e+01
4.806675938803893899e+01 6.334279200065061843e+01 5.351701142051506821e+01
4.856745479833100632e+01 6.334231811578497684e+01 5.350950652166667965e+01
4.906815020862308074e+01 6.334179851229414737e+01 5.350216807219860016e+01
4.956884561891514807e+01 6.334123805866688883e+01 5.349499991743829241e+01
5.006954102920722960e+01 6.334064161175042784e+01 5.348800563833680144e+01
5.057023643949929692e+01 6.334001400976553953e+01 5.348118858522826713e+01
5.107093184979137135e+01 6.333936007463485396e+01 5.347455193865204137e+01
5.157162726008345288e+01 6.333868463177346086e+01 5.346809863607592206e+01
5.207232267037552020e+01 6.333799247982092595e+01 5.346183137991766898e+01
5.257301808066758753e+01 6.333728840868566579e+01 5.345575270499404041e+01
5.307371349095966906e+01 6.333657719488833493e+01 5.344986491874971080e+01
5.357440890125173638e+01 6.333586360389013237e+01 5.344417013790172177e+01
5.407510431154380370e+01 6.333515238310788220e+01 5.343867029392805534e+01
5.457579972183587813e+01 6.333444826598856991e+01 5.343336715459537345e+01
5.507649513212795256e+01 6.333375597433764881e+01 5.342826226589914995e+01
5.557719054242002699e+01 6.333308021599073356e+01 5.342335706091199654e+01
5.607788595271209431e+01 6.333242568015698737e+01 5.341865275966648596e+01
5.657858136300416163e+01 6.333179704207573479e+01 5.341415046694402236e+01
5.707927677329624316e+01 6.333119896068815535e+01 5.340985112687286573e+01
5.757997218358831759e+01 6.333063608329389638e+01 5.340575555668857533e+01
5.808066759388038491e+01 6.333011303216331100e+01 5.340186443858493703e+01
5.858136300417245934e+01 6.332963442083560324e+01 5.339817833834041494e+01
5.908205841446452666e+01 6.332920484131314254e+01 5.339469771172099399e+01
5.958275382475660109e+01 6.332882886871807671e+01 5.339142291262925255e+01
6.008344923504866841e+01 6.332851106420271492e+01 5.338835420474589455e+01
6.058414464534074995e+01 6.332825595865138268e+01 5.338549175920144307e+01
6.108484005563281727e+01 6.332806808294840550e+01 5.338283568833668369e+01
6.158553546592489170e+01 6.332795193378110810e+01 5.338038602445544711e+01
6.208623087621696612e+01 6.332791198935588284e+01 5.337814276203084773e+01
6.258692628650903345e+01 6.332795271143545790e+01 5.337610581520516462e+01
6.308762169680110787e+01 6.332807854475682063e+01 5.337427508928180941e+01
6.358831710709318941e+01 6.332829390378897472e+01 5.337265043926062447e+01
6.408901251738525673e+01 6.332860317418813167e+01 5.337123170816279583e+01
6.458970792767732405e+01 6.332901073957323490e+01 5.337001871638871364e+01
6.509040333796939137e+01 6.332952094834759293e+01 5.336901130243144564e+01
6.559109874826147291e+01 6.333013812184795199e+01 5.336820926607482818e+01
6.609179415855354023e+01 6.333086655812799393e+01 5.336761243280501787e+01
6.659248956884562176e+01 6.333171052322718708e+01 5.336722064863992898e+01
6.709318497913768908e+01 6.333267427328969745e+01 5.336703379702798600e+01
6.759388038942975641e+01 6.333376202024062707e+01 5.336705178091246182e+01
6.809457579972183794e+01 6.333497795499404504e+01 5.336727449739295537e+01
6.859527121001390526e+01 6.333632622333659867e+01 5.336770194171155879e+01
6.909596662030597258e+01 6.333781096315540537e+01 5.336833414935595954e+01
6.959666203059803991e+01 6.333943626365687862e+01 5.336917119298161083e+01
7.009735744089010723e+01 6.334120618167396799e+01 5.337021323263921602e+01
7.059805285118218876e+01 6.334312475003061138e+01 5.337146042644359056e+01
7.109874826147427029e+01 6.334519594857228242e+01 5.337291308460190464e+01
7.159944367176633762e+01 6.334742372870495331e+01 5.337457157918616701e+01
7.210013908205840494e+01 6.334981199718130540e+01 5.337643629449199523e+01
7.260083449235048647e+01 6.335236462197316598e+01 5.337850775910108325e+01
7.310152990264255379e+01 6.335508543023424011e+01 5.338078657971261975e+01
7.360222531293462112e+01 6.335797820197002750e+01 5.338327346047942967e+01
7.410292072322670265e+01 6.336104667745929930e+01 5.338596915126170472e+01
7.460361613351876997e+01 6.336429452523988459e+01 5.338887454509270469e+01
7.510431154381083729e+01 6.336772539827906314e+01 5.339199062004220764e+01
7.560500695410290461e+01 6.337134286878098521e+01 5.339531846837185469e+01
7.610570236439498615e+01 6.337515047024170656e+01 5.339885924379581184e+01
7.660639777468706768e+01 6.337915165612174917e+01 5.340261423395631368e+01
7.710709318497913500e+01 6.338334984532539806e+01 5.340658487320329328e+01
7.760778859527120233e+01 6.338774838871304951e+01 5.341077258611480971e+01
7.810848400556326965e+01 6.339235056519956402e+01 5.341517898986494117e+01
7.860917941585533697e+01 6.339715958959405384e+01 5.341980585123858560e+01
7.910987482614743271e+01 6.340217860518296789e+01 5.342465492948870320e+01
7.961057023643950004e+01 6.340741069511362582e+01 5.342972815088652538e+01
8.011126564673156736e+01 6.341285884486363500e+01 5.343502757487423338e+01
8.061196105702363468e+01 6.341852596484908133e+01 5.344055532037934597e+01
8.111265646731571621e+01 6.342441491803195674e+01 5.344631360403916176e+01
8.161335187760779775e+01 6.343052843176859312e+01 5.345230480216166313e+01
8.211404728789986507e+01 6.343686916922318630e+01 5.345853131686760662e+01
8.261474269819193239e+01 6.344343971226929568e+01 5.346499570130248458e+01
8.311543810848399971e+01 6.345024253007589721e+01 5.347170060219099241e+01
8.361613351877606704e+01 6.345727999894346283e+01 5.347864869466845050e+01
8.411682892906816278e+01 6.346455439214238226e+01 5.348584284502987884e+01
8.461752433936023010e+01 6.347206788357922846e+01 5.349328594247384672e+01
8.511821974965229742e+01 6.347982253168353850e+01 5.350098093005402689e+01
8.561891515994436475e+01 6.348782028657657861e+01 5.350893085706314878e+01
8.611961057023643207e+01 6.349606296160706620e+01 5.351713891148659741e+01
8.662030598052849939e+01 6.350455228326060819e+01 5.352560819680920190e+01
8.712100139082058092e+01 6.351328983058371591e+01 5.353434201622573596e+01
8.762169680111264825e+01 6.352227705617585229e+01 5.354334363060583257e+01
8.812239221140472978e+01 6.353151527785846042e+01 5.355261641832579755e+01
8.862308762169679710e+01 6.354100568263126547e+01 5.356216381116350078e+01
8.912378303198886442e+01 6.355074932870954285e+01 5.357198907805883437e+01
8.962447844228094596e+01 6.356074709386481913e+01 5.358209581859912873e+01
9.012517385257301328e+01 6.357099975415073345e+01 5.359248740413707424e+01
9.062586926286508060e+01 6.358150789935641001e+01 5.360316727076325094e+01
9.112656467315714792e+01 6.359227196010115790e+01 5.361413895904080107e+01
9.162726008344921524e+01 6.360329224424722838e+01 5.362540585401589510e+01
9.212795549374128257e+01 6.361456883767905879e+01 5.363697141094846188e+01
9.262865090403337831e+01 6.362610173108342337e+01 5.364883900397137495e+01
9.312934631432544563e+01 6.363789067300322699e+01 5.366101198606804701e+01
9.363004172461751295e+01 6.364993526806293289e+01 5.367349363993959344e+01
9.413073713490958028e+01 6.366223495659588139e+01 5.368628716952960644e+01
9.463143254520164760e+01 6.367478897084302503e+01 5.369939576886800126e+01
9.513212795549372913e+01 6.368759635590768653e+01 5.371282242403425755e+01
9.563282336578581067e+01 6.370065600133321482e+01 5.372657012068260940e+01
9.613351877607787799e+01 6.371396657241794514e+01 5.374064171045698401e+01
9.663421418636994531e+01 6.372752653502621456e+01 5.375503982065187358e+01
9.713490959666201263e+01 6.374133418924763816e+01 5.376976706433983111e+01
9.763560500695409416e+01 6.375538760708757025e+01 5.378482581926617456e+01
9.813630041724616149e+01 6.376968465658016783e+01 5.380021826068478674e+01
9.863699582753822881e+01 6.378422302572168689e+01 5.381594652278175772e+01
9.913769123783029613e+01 6.379900018278810592e+01 5.383201234044821604e+01
9.963838664812239188e+01 6.381401336699013882e+01 5.384841740133745702e+01
1.001390820584144592e+02 6.382925963034608685e+01 5.386516306086016925e+01
1.006397774687065265e+02 6.384473580275766835e+01 5.388225051112139852e+01
1.011404728789985938e+02 6.386043850759620000e+01 5.389968061823064716e+01
1.016411682892906754e+02 6.387636415476322327e+01 5.391745395939986452e+01
1.021418636995827427e+02 6.389250892030418072e+01 5.393557096813063367e+01
1.026425591098748242e+02 6.390886880273342285e+01 5.395403167098105257e+01
1.031432545201669058e+02 6.392543953226436315e+01 5.397283576356243628e+01
1.036439499304589731e+02 6.394221668016712101e+01 5.399198267652649719e+01
1.041446453407510404e+02 6.395919555683235558e+01 5.401147146540094468e+01
1.046453407510431077e+02 6.397637130228417846e+01 5.403130090048078671e+01
1.051460361613351751e+02 6.399373880123334857e+01 5.405146931540228650e+01
1.056467315716272708e+02 6.401129276027518245e+01 5.407197473426592182e+01
1.061474269819193381e+02 6.402902764677151026e+01 5.409281476256678900e+01
1.066481223922114054e+02 6.404693775874079620e+01 5.411398667698036036e+01
1.071488178025034728e+02 6.406501715135277664e+01 5.413548730410965959e+01
1.076495132127955401e+02 6.408325970003829752e+01 5.415731303481592818e+01
1.081502086230876074e+02 6.410165907995292400e+01 5.417945995092212286e+01
1.086509040333796889e+02 6.412020874906488643e+01 5.420192361255942615e+01
1.091515994436717563e+02 6.413890199734055386e+01 5.422469920991090930e+01
1.096522948539638236e+02 6.415773191953235255e+01 5.424778153409135939e+01
1.101529902642559051e+02 6.417669140732073174e+01 5.427116488327391153e+01
1.106536856745479724e+02 6.419577319173299657e+01 5.429484311563305710e+01
1.111543810848400540e+02 6.421496982800931619e+01 5.431880974298314868e+01
1.116550764951321213e+02 6.423427367697627233e+01 5.434305771732207546e+01
1.121557719054241886e+02 6.425367696500074999e+01 5.436757967470649078e+01
1.126564673157162559e+02 6.427317172461812333e+01 5.439236774046487710e+01
1.131571627260083233e+02 6.429274986319455820e+01 5.441741361684699996e+01
1.136578581363004190e+02 6.431240311179521996e+01 5.444270863719731324e+01
1.141585535465924863e+02 6.433212307234157379e+01 5.446824362601483926e+01
1.146592489568845536e+02 6.435190120198626573e+01 5.449400900924894131e+01
1.151599443671766352e+02 6.437172883841071780e+01 5.451999487408834000e+01
1.156606397774686883e+02 6.439159717130337413e+01 5.454619083607035179e+01
1.161613351877607698e+02 6.441149729489211495e+01 5.457258611156980521e+01
1.166620305980528229e+02 6.443142016719889398e+01 5.459916954603436068e+01
1.171627260083449187e+02 6.445135666359078641e+01 5.462592963368281573e+01
1.176634214186370002e+02 6.447129754418369885e+01 5.465285444869353171e+01
1.181641168289290533e+02 6.449123348556554447e+01 5.467993179340540166e+01
1.186648122392211349e+02 6.451115507934105153e+01 5.470714904283087776e+01
1.191655076495132022e+02 6.453105282805722709e+01 5.473449329418802733e+01
1.196662030598052695e+02 6.455091717954587693e+01 5.476195129131810546e+01
1.201668984700973368e+02 6.457073850334950293e+01 5.478950955058145666e+01
1.206675938803894041e+02 6.459050711953409518e+01 5.481715421265882071e+01
1.211682892906814999e+02 6.461021329577874894e+01 5.484487122463953312e+01
1.216689847009735672e+02 6.462984725668889041e+01 5.487264623007696684e+01
1.221696801112656345e+02 6.464939918903496618e+01 5.490046465913250984e+01
1.226703755215577019e+02 6.466885925688643511e+01 5.492831171401262225e+01
1.231710709318497834e+02 6.468821758822400625e+01 5.495617240345522703e+01
1.236717663421418507e+02 6.470746430753592904e+01 5.498403151657525711e+01
1.241724617524339322e+02 6.472658952417646105e+01 5.501187372159306221e+01
1.246731571627260138e+02 6.474558334517155345e+01 5.503968348631728702e+01
1.251738525730180669e+02 6.476443588045754041e+01 5.506744517567993569e+01
1.256745479833101484e+02 6.478313724753775205e+01 5.509514301798616032e+01
1.261752433936022157e+02 6.480167758195989336e+01 5.512276113922551701e+01
1.266759388038942831e+02 6.482004703964435066e+01 5.515028360259519502e+01
1.271766342141863788e+02 6.483823580212288107e+01 5.517769436078877732e+01
1.276773296244784177e+02 6.485623408352353181e+01 5.520497735898742064e+01
1.281780250347705135e+02 6.487403213755555953e+01 5.523211647163178384e+01
1.286787204450625950e+02 6.489162025983773674e+01 5.525909557287148743e+01
1.291794158553546481e+02 6.490898879139081146e+01 5.528589852434150487e+01
1.296801112656467296e+02 6.492612812795073296e+01 5.531250920484806954e+01
1.301808066759387827e+02 6.494302872229695822e+01 5.533891150833140671e+01
1.306815020862308643e+02 6.495968108890906478e+01 5.536508937471579372e+01
1.311821974965229458e+02 6.497607580513090397e+01 5.539102679573032617e+01
1.316828929068149989e+02 6.499220352048382665e+01 5.541670782713252663e+01
1.321835883171070805e+02 6.500805496015914287e+01 5.544211660791687279e+01
1.326842837273991336e+02 6.502362092268981542e+01 5.546723736729971677e+01
1.331849791376912435e+02 6.503889228053253646e+01 5.549205443403251081e+01
1.336856745479833251e+02 6.505386000335079189e+01 5.551655225037164598e+01
1.341863699582753782e+02 6.506851513764217998e+01 5.554071539245113343e+01
1.346870653685674597e+02 6.508284881954409684e+01 5.556452856562599152e+01
1.351877607788595128e+02 6.509685227890827264e+01 5.558797662280736063e+01
1.356884561891515943e+02 6.511051683464415873e+01 5.561104456213539038e+01
1.361891515994436759e+02 6.512383391159914936e+01 5.563371755913837546e+01
1.366898470097357290e+02 6.513679501727551724e+01 5.565598093849845895e+01
1.371905424200278105e+02 6.514939176977009083e+01 5.567782022702746758e+01
1.376912378303198636e+02 6.516161588933414350e+01 5.569922110971535290e+01
1.381919332406119452e+02 6.517345918556770812e+01 5.572016947121343833e+01
1.386926286509039983e+02 6.518491358826963733e+01 5.574065140074569058e+01
1.391933240611960798e+02 6.519597111148982549e+01 5.576065319740197879e+01
1.396940194714881613e+02 6.520662389574795270e+01 5.578016133125717602e+01
1.401947148817802145e+02 6.521686416896926630e+01 5.579916251901383362e+01
1.406954102920723244e+02 6.522668428565310705e+01 5.581764363747285529e+01
1.411961057023643775e+02 6.523607667975875302e+01 5.583559186952558662e+01
1.416968011126564591e+02 6.524503391851021661e+01 5.585299453463309760e+01
1.421974965229485406e+02 6.525354866320549263e+01 5.586983921615544091e+01
1.426981919332405937e+02 6.526161367688609971e+01 5.588611370561723390e+01
1.431988873435326752e+02 6.526922183913166009e+01 5.590180604633135886e+01
1.436995827538247283e+02 6.527636613800177656e+01 5.591690447095973582e+01
1.442002781641168099e+02 6.528303964981796526e+01 5.593139745167493970e+01
1.447009735744088914e+02 6.528923558054566456e+01 5.594527370815458767e+01
1.452016689847009729e+02 6.529494722357094361e+01 5.595852217889674307e+01
1.457023643949930261e+02 6.530016798975020720e+01 5.597113204557732047e+01
1.462030598052851076e+02 6.530489136448204590e+01 5.598309266697302178e+01
1.467037552155771891e+02 6.530911097227681239e+01 5.599439370762243584e+01
1.472044506258692422e+02 6.531282051973130365e+01 5.600502499462723449e+01
1.477051460361613238e+02 6.531601381383688931e+01 5.601497660935197587e+01
1.482058414464534053e+02 6.531868476781846766e+01 5.602423888372247518e+01
1.487065368567454584e+02 6.532082736853362803e+01 5.603280228769395421e+01
1.492072322670375399e+02 6.532243574399353747e+01 5.604065764261864047e+01
1.497079276773296215e+02 6.532350407808871751e+01 5.604779587082514070e+01
1.502086230876216746e+02 6.532402667170708810e+01 5.605420821418003641e+01
1.507093184979137845e+02 6.532399789849614535e+01 5.605988598500327669e+01
1.512100139082058092e+02 6.532341224677247737e+01 5.606482092544676732e+01
1.517107093184979192e+02 6.532226426597071622e+01 5.606900478035451840e+01
1.522114047287899723e+02 6.532054861757524122e+01 5.607242966438018072e+01
1.527121001390820538e+02 6.531826004565255062e+01 5.607508776116003446e+01
1.532127955493741354e+02 6.531539337899766906e+01 5.607697159381824292e+01
1.537134909596661885e+02 6.531194351454951175e+01 5.607807383271175183e+01
1.542141863699582700e+02 6.530790544422097810e+01 5.607838726932423867e+01
1.547148817802503231e+02 6.530327425645418771e+01 5.607790501145775863e+01
1.552155771905424047e+02 6.529804508043207534e+01 5.607662031431874539e+01
1.557162726008344862e+02 6.529221316175289758e+01 5.607452664495392014e+01
1.562169680111265393e+02 6.528577380680553688e+01 5.607161764666849990e+01
1.567176634214186208e+02 6.527872237971359937e+01 5.606788715499712339e+01
1.572183588317106739e+02 6.527105433992689143e+01 5.606332915143258333e+01
1.577190542420027555e+02 6.526276521976684819e+01 5.605793783680684328e+01
1.582197496522948654e+02 6.525385059309627422e+01 5.605170766596830845e+01
1.587204450625868901e+02 6.524430614243755144e+01 5.604463311617416821e+01
1.592211404728790001e+02 6.523412758732405337e+01 5.603670893717956858e+01
1.597218358831710532e+02 6.522331073196795614e+01 5.602793006707382517e+01
1.602225312934631347e+02 6.521185142644839061e+01 5.601829158675337794e+01
1.607232267037552162e+02 6.519974559249106960e+01 5.600778874552787556e+01
1.612239221140472694e+02 6.518698922638662907e+01 5.599641694764585509e+01
1.617246175243393509e+02 6.517357836524837467e+01 5.598417174060584500e+01
1.622253129346314324e+02 6.515950910794430229e+01 5.597104895760337229e+01
1.627260083449234855e+02 6.514477764179076758e+01 5.595704445379594461e+01
1.632267037552155955e+02 6.512938016482706871e+01 5.594215429944235041e+01
1.637273991655076486e+02 6.511331295750181880e+01 5.592637476252640738e+01
1.642280945757997301e+02 6.509657236675585068e+01 5.590970215016278644e+01
1.647287899860917832e+02 6.507915475333894051e+01 5.589213303467396088e+01
1.652294853963838648e+02 6.506105659010947306e+01 5.587366412570837326e+01
1.657301808066759463e+02 6.504227433362549959e+01 5.585429225725066260e+01
1.662308762169679994e+02 6.502280454726380299e+01 5.583401442015140503e+01
1.667315716272600810e+02 6.500264382273846309e+01 5.581282773902496785e+01
1.672322670375521341e+02 6.498178880975294192e+01 5.579072952186545820e+01
1.677329624478442156e+02 6.496023618937007882e+01 5.576771724899900562e+01
1.682336578581363256e+02 6.493798270851377197e+01 5.574378843663143357e+01
1.687343532684283502e+02 6.491502517398450323e+01 5.571894085493258331e+01
1.692350486787204602e+02 6.489136041637513586e+01 5.569317242603719365e+01
1.697357440890125133e+02 6.486698530836994792e+01 5.566648109402369471e+01
1.702364394993045948e+02 6.484189681962354257e+01 5.563886505288080286e+01
1.707371349095966480e+02 6.481609190128108366e+01 5.561032263473150294e+01
1.712378303198887295e+02 6.478956761587267010e+01 5.558085231691029549e+01
1.717385257301808110e+02 6.476232101989535295e+01 5.555045263301778391e+01
1.722392211404728641e+02 6.473434925221019398e+01 5.551912240144062594e+01
1.727399165507649457e+02 6.470564947263275712e+01 5.548686051294338029e+01
1.732406119610569988e+02 6.467621891304381165e+01 5.545366592258118033e+01
1.737413073713490803e+02 6.464605484634168420e+01 5.541953795291192364e+01
1.742420027816411618e+02 6.461515458544246826e+01 5.538447576593112842e+01
1.747426981919332150e+02 6.458351550889139503e+01 5.534847895386809569e+01
1.752433936022252965e+02 6.455113500622039169e+01 5.531154711506424348e+01
1.757440890125173496e+02 6.451801057995700717e+01 5.527367996773465109e+01
1.762447844228094596e+02 6.448413973072169370e+01 5.523487741265101647e+01
1.767454798331015411e+02 6.444952003212242175e+01 5.519513961298046922e+01
1.772461752433935942e+02 6.441414909758357510e+01 5.515446666998444414e+01
1.777468706536856757e+02 6.437802461784492891e+01 5.511285896418634422e+01
1.782475660639777288e+02 6.434114431721071981e+01 5.507031710608244168e+01
1.787482614742698104e+02 6.430350598870690249e+01 5.502684158994084385e+01
1.792489568845618919e+02 6.426510747513647459e+01 5.498243340674868307e+01
1.797496522948539450e+02 6.422594667076454300e+01 5.493709341773843846e+01
1.802503477051460266e+02 6.418602154841836693e+01 5.489082278034628359e+01
1.807510431154380797e+02 6.414533013680456008e+01 5.484362275389001695e+01
1.812517385257301612e+02 6.410387053356943454e+01 5.479549481842508385e+01
1.817524339360222427e+02 6.406164086445728856e+01 5.474644056474819820e+01
1.822531293463142958e+02 6.401863936982495318e+01 5.469646175520067288e+01
1.827538247566063774e+02 6.397486434965772162e+01 5.464556025934909655e+01
1.832545201668984305e+02 6.393031415211312662e+01 5.459373826763879833e+01
1.837552155771905404e+02 6.388498722541130803e+01 5.454099787957504475e+01
1.842559109874825651e+02 6.383888207175091623e+01 5.448734170009774402e+01
1.847566063977746751e+02 6.379199729100123761e+01 5.443277218154517527e+01
1.852573018080667566e+02 6.374433154970661519e+01 5.437729210368243571e+01
1.857579972183588097e+02 6.369588361037693858e+01 5.432090445946370494e+01
1.862586926286508913e+02 6.364665230768531501e+01 5.426361225837306534e+01
1.867593880389429444e+02 6.359663657410800397e+01 5.420541886532143394e+01
1.872600834492350259e+02 6.354583544223368108e+01 5.414632761451460397e+01
1.877607788595271074e+02 6.349424803778327941e+01 5.408634219058464510e+01
1.882614742698191606e+02 6.344187355749107837e+01 5.402546634738804698e+01
1.887621696801112421e+02 6.338871134134231511e+01 5.396370412462978550e+01
1.892628650904032952e+02 6.333476081179676953e+01 5.390105961968777137e+01
1.897635605006953767e+02 6.328002150325326625e+01 5.383753722650699558e+01
1.902642559109874583e+02 6.322449307559716658e+01 5.377314140645479767e+01
1.907649513212795114e+02 6.316817527540686683e+01 5.370787689161730327e+01
1.912656467315716213e+02 6.311106800878613399e+01 5.364174847952432401e+01
1.917663421418636460e+02 6.305317127427068158e+01 5.357476130584458929e+01
1.922670375521557560e+02 6.299448521157708569e+01 5.350692064157550476e+01
1.927677329624478375e+02 6.293501012308504983e+01 5.343823184053684372e+01
1.932684283727398906e+02 6.287474637135554190e+01 5.336870048800544453e+01
1.937691237830319722e+02 6.281369454534444685e+01 5.329833251578445186e+01
1.942698191933240253e+02 6.275185532571074987e+01 5.322713381573153413e+01
1.947705146036161068e+02 6.268922957353086645e+01 5.315511051526717523e+01
1.952712100139081883e+02 6.262581828743012125e+01 5.308226910850839175e+01
1.957719054242002414e+02 6.256162263243484745e+01 5.300861595509530844e+01
1.962726008344923230e+02 6.249664393978409294e+01 5.293415789075334033e+01
1.967732962447844045e+02 6.243088371645998791e+01 5.285890177333264717e+01
1.972739916550764576e+02 6.236434363587167695e+01 5.278285472097984155e+01
1.977746870653685392e+02 6.229702555927283925e+01 5.270602399710121233e+01
1.982753824756605923e+02 6.222893150876112145e+01 5.262841700284040769e+01
1.987760778859527022e+02 6.216006374412160085e+01 5.255004140972400251e+01
1.992767732962447838e+02 6.209042469872571246e+01 5.247090500194846641e+01
1.997774687065368369e+02 6.202001696790745200e+01 5.239101579951392296e+01
2.002781641168289184e+02 6.194884342517021025e+01 5.231038196791058681e+01
2.007788595271209999e+02 6.187690710325973953e+01 5.222901173246707174e+01
2.012795549374130530e+02 6.180421126334245230e+01 5.214691379483366518e+01
2.017802503477051346e+02 6.173075942203418265e+01 5.206409670497353659e+01
2.022809457579971877e+02 6.165655527858868368e+01 5.198056929985997954e+01
2.027816411682892692e+02 6.158160279175896790e+01 5.189634069923785376e+01
2.032823365785813508e+02 6.150590616007544043e+01 5.181142008211469374e+01
2.037830319888734039e+02 6.142946980811980495e+01 5.172581672015614629e+01
2.042837273991654854e+02 6.135229843408747286e+01 5.163954024598017156e+01
2.047844228094575953e+02 6.127439699341489643e+01 5.155260021951191618e+01
2.052851182197496485e+02 6.119577067161567641e+01 5.146500659744053507e+01
2.057858136300417300e+02 6.111642495277460796e+01 5.137676932416478337e+01
2.062865090403338115e+02 6.103636559578713161e+01 5.128789853841799129e+01
2.067872044506258646e+02 6.095559858265450259e+01 5.119840458572643627e+01
2.072878998609179462e+02 6.087413026337334543e+01 5.110829782258963405e+01
2.077885952712099993e+02 6.079196721632787614e+01 5.101758900583706691e+01
2.082892906815020808e+02 6.070911630194122210e+01 5.092628885778113101e+01
2.087899860917941623e+02 6.062558473581692908e+01 5.083440823242121098e+01
2.092906815020862155e+02 6.054137996818998602e+01 5.074195818264264801e+01
2.097913769123782970e+02 6.045650982253381756e+01 5.064894999408758736e+01
2.102920723226703501e+02 6.037098237050476257e+01 5.055539487869916115e+01
2.107927677329624316e+02 6.028480603562447016e+01 5.046130438336554391e+01
2.112934631432545416e+02 6.019798957945558016e+01 5.036669013091744773e+01
2.117941585535465663e+02 6.011054203000630025e+01 5.027156392297382581e+01
2.122948539638386762e+02 6.002247277955565607e+01 5.017593753386701394e+01
2.127955493741307293e+02 5.993379155889660126e+01 5.007982312742716147e+01
2.132962447844228109e+02 5.984450839913610309e+01 4.998323278081204535e+01
2.137969401947148924e+02 5.975463372392252381e+01 4.988617881471577675e+01
2.142976356050069455e+02 5.966417822229115586e+01 4.978867374643701282e+01
2.147983310152990271e+02 5.957315299593457780e+01 4.969073008794696023e+01
2.152990264255910802e+02 5.948156946446826510e+01 4.959236061963963493e+01
2.157997218358831617e+02 5.938943937878204338e+01 4.949357813973107056e+01
2.163004172461752148e+02 5.929677488739682190e+01 4.939439574306958036e+01
2.168011126564672963e+02 5.920358844325957648e+01 4.929482644619780274e+01
2.173018080667593779e+02 5.910989288238023676e+01 4.919488358732790800e+01
2.178025034770514310e+02 5.901570138778933483e+01 4.909458059307665678e+01
2.183031988873435125e+02 5.892102751207002598e+01 4.899393106562796163e+01
2.188038942976355656e+02 5.882588513658501483e+01 4.889294862369510497e+01
2.193045897079276472e+02 5.873028854836829282e+01 4.879164717008038110e+01
2.198052851182197571e+02 5.863425235261328794e+01 4.869004075030474610e+01
2.203059805285118102e+02 5.853779155361789321e+01 4.858814348573774566e+01
2.208066759388038918e+02 5.844092147025602912e+01 4.848596964072139315e+01
2.213073713490959449e+02 5.834365784257042264e+01 4.838353377286055945e+01
2.218080667593880264e+02 5.824601672219668558e+01 4.828085039239496723e+01
2.223087621696801079e+02 5.814801452528679704e+01 4.817793439512271902e+01
2.228094575799721611e+02 5.804966807802027517e+01 4.807480070166020880e+01
2.233101529902642426e+02 5.795099450246016204e+01 4.797146438745512853e+01
2.238108484005562957e+02 5.785201132966722071e+01 4.786794078717854006e+01
2.243115438108483772e+02 5.775273642517095141e+01 4.776424533461600674e+01
2.248122392211404588e+02 5.765318801466310106e+01 4.766039365873062650e+01
2.253129346314325119e+02 5.755338468364473670e+01 4.755640159508308784e+01
2.258136300417245934e+02 5.745334537708234279e+01 4.745228513483829147e+01
2.263143254520166465e+02 5.735308937736820667e+01 4.734806044456672680e+01
2.268150208623087565e+02 5.725263635376452953e+01 4.724374390042468974e+01
2.273157162726008380e+02 5.715200628862933740e+01 4.713935208213766259e+01
2.278164116828928911e+02 5.705121953287292058e+01 4.703490177790595794e+01
2.283171070931849727e+02 5.695029678566075404e+01 4.693040991153762320e+01
2.288178025034770258e+02 5.684925909002974720e+01 4.682589363825454143e+01
2.293184979137691073e+02 5.674812783804615890e+01 4.672137039656564639e+01
2.298191933240611604e+02 5.664692475964808693e+01 4.661685771251842425e+01
2.303198887343532704e+02 5.654567193744266262e+01 4.651237343996737650e+01
2.308205841446453235e+02 5.644439177626306048e+01 4.640793557060169405e+01
2.313212795549373766e+02 5.634310705509530237e+01 4.630356237812890186e+01
2.318219749652294297e+02 5.624184085909770658e+01 4.619927230811669006e+01
2.323226703755215397e+02 5.614061661421881411e+01 4.609508411489883883e+01
2.328233657858135928e+02 5.603945810355806145e+01 4.599101673982707439e+01
2.333240611961056459e+02 5.593838942943700943e+01 4.588708937266395083e+01
2.338247566063977843e+02 5.583743503820012677e+01 4.578332146881506048e+01
2.343254520166898374e+02 5.573661970360997486e+01 4.567973271846879868e+01
2.348261474269818621e+02 5.563596853441420365e+01 4.557634310738761485e+01
2.353268428372740004e+02 5.553550698598708379e+01 4.547317283053529025e+01
2.358275382475660535e+02 5.543526083035256136e+01 4.537024242424080001e+01
2.363282336578581067e+02 5.533525617597486246e+01 4.526757266167690830e+01
2.368289290681501882e+02 5.523551948143729362e+01 4.516518462244560794e+01
2.373296244784422697e+02 5.513607751818933878e+01 4.506309970371136586e+01
2.378303198887343228e+02 5.503695741070994529e+01 4.496133954819003264e+01
2.383310152990264044e+02 5.493818660274708066e+01 4.485992616597274463e+01
2.388317107093184859e+02 5.483979288060079682e+01 4.475888187299675991e+01
2.393324061196105390e+02 5.474180437195907700e+01 4.465822934203335137e+01
2.398331015299026205e+02 5.464424953833083975e+01 4.455799154058969691e+01
2.403337969401946737e+02 5.454715717853839863e+01 4.445819182836477523e+01
2.408344923504867552e+02 5.445055643424718994e+01 4.435885394972548568e+01
2.413351877607788083e+02 5.435447678530915994e+01 4.426000199329838836e+01
2.418358831710709183e+02 5.425894804859861154e+01 4.416166046133231760e+01
2.423365785813629998e+02 5.416400038732543010e+01 4.406385424966221365e+01
2.428372739916550529e+02 5.406966431161716002e+01 4.396660868497794183e+01
2.433379694019471344e+02 5.397597066687747258e+01 4.386994953453769597e+01
2.438386648122392160e+02 5.388295064775600451e+01 4.377390299526997808e+01
2.443393602225312691e+02 5.379063579116343874e+01 4.367849575424590114e+01
2.448400556328233506e+02 5.369905797641702350e+01 4.358375496299960616e+01
2.453407510431154037e+02 5.360824942582264896e+01 4.348970828530401889e+01
2.458414464534074853e+02 5.351824270554796215e+01 4.339638387969718281e+01
2.463421418636995668e+02 5.342907072504029031e+01 4.330381045070500079e+01
2.468428372739916199e+02 5.334076671854570861e+01 4.321201724476669881e+01
2.473435326842837014e+02 5.325336426839210446e+01 4.312103407235373709e+01
2.478442280945758114e+02 5.316689728636272605e+01 4.303089132659626159e+01
2.483449235048678645e+02 5.308140000496503319e+01 4.294161999077734038e+01
2.488456189151599460e+02 5.299690698441561665e+01 4.285325166477652203e+01
2.493463143254520276e+02 5.291345310099866595e+01 4.276581858413284465e+01
2.498470097357440807e+02 5.283107353309613075e+01 4.267935360910361453e+01
2.503477051460361338e+02 5.274980376176979746e+01 4.259389025054862543e+01
2.508484005563282153e+02 5.266967955562729742e+01 4.250946273457249447e+01
2.513490959666202968e+02 5.259073696150888111e+01 4.242610592087022781e+01
2.518497913769123500e+02 5.251301228702511992e+01 4.234385536442535169e+01
2.523504867872044315e+02 5.243654209706444647e+01 4.226274736644958807e+01
2.528511821974965130e+02 5.236136318003271128e+01 4.218281886028384520e+01
2.533518776077885661e+02 5.228751255411050636e+01 4.210410756711175395e+01
2.538525730180806477e+02 5.221502741312004048e+01 4.202665186906492067e+01
2.543532684283727576e+02 5.214394514195016939e+01 4.195049092483336040e+01
2.548539638386647823e+02 5.207430325660250503e+01 4.187566455530563303e+01
2.553546592489568354e+02 5.200613941335912216e+01 4.180221333078094403e+01
2.558553546592489738e+02 5.193949135228469061e+01 4.173017849124022405e+01
2.563560500695410269e+02 5.187439687758161710e+01 4.165960206559844892e+01
2.568567454798330800e+02 5.181089382826759504e+01 4.159052661762558500e+01
2.573574408901251900e+02 5.174902001523879846e+01 4.152299553882116356e+01
2.578581363004172431e+02 5.168881323549432238e+01 4.145705274333963075e+01
2.583588317107092962e+02 5.163031118049549661e+01 4.139274285900214068e+01
2.588595271210013493e+02 5.157355140953588091e+01 4.133011107825481645e+01
2.593602225312934593e+02 5.151857131336147688e+01 4.126920314066850892e+01
2.598609179415855124e+02 5.146540805887345016e+01 4.121006535909586432e+01
2.603616133518775655e+02 5.141409852731887042e+01 4.115274448552085573e+01
2.608623087621696754e+02 5.136467926626939118e+01 4.109728775591506178e+01
2.613630041724617286e+02 5.131718644829381049e+01 4.104374274982987458e+01
2.618636995827537817e+02 5.127165579194117129e+01 4.099215746198154875e+01
2.623643949930458916e+02 5.122812249160081421e+01 4.094258008491436840e+01
2.628650904033379447e+02 5.118662120236724888e+01 4.089505908678825108e+01
2.633657858136299978e+02 5.114718588986609404e+01 4.084964303549918441e+01
2.638664812239220510e+02 5.110984985726450702e+01 4.080638055493326988e+01
2.643671766342141609e+02 5.107464560186404867e+01 4.076532029984409178e+01
2.648678720445062140e+02 5.104160478158097192e+01 4.072651078385705148e+01
2.653685674547982671e+02 5.101075812353461458e+01 4.069000035363886525e+01
2.658692628650904339e+02 5.098213534679904058e+01 4.065583703326939258e+01
2.663699582753824870e+02 5.095576510073020415e+01 4.062406847937910470e+01
2.668706536856744833e+02 5.093167490332722025e+01 4.059474184933294794e+01
2.673713490959666501e+02 5.090989099880549418e+01 4.056790366592703379e+01
2.678720445062587032e+02 5.089043834993422877e+01 4.054359977911656188e+01
2.683727399165507563e+02 5.087334053839218484e+01 4.052187512100783806e+01
2.688734353268428094e+02 5.085861966262233125e+01 4.050277369321986498e+01
2.693741307371349194e+02 5.084629629055631028e+01 4.048633840552159313e+01
2.698748261474269725e+02 5.083638938625004755e+01 4.047261092497595314e+01
2.703755215577190256e+02 5.082891620681981237e+01 4.046163155383058552e+01
2.708762169680111356e+02 5.082389226169685514e+01 4.045343910640956153e+01
2.713769123783031887e+02 5.082133122473383935e+01 4.044807071105030616e+01
2.718776077885952418e+02 5.082124488181794675e+01 4.044556176528719504e+01
2.723783031988873518e+02 5.082364305629231183e+01 4.044594575829766825e+01
2.728789986091794049e+02 5.082853355453185884e+01 4.044925408616624907e+01
2.733796940194714580e+02 5.083592208110563604e+01 4.045551592638761917e+01
2.738803894297635111e+02 5.084581227988597618e+01 4.046475817604037672e+01
2.743810848400556210e+02 5.085820554887537526e+01 4.047700515396384446e+01
2.748817802503476742e+02 5.087310112562623488e+01 4.049227868004193454e+01
2.753824756606397273e+02 5.089049596652903062e+01 4.051059774269772618e+01
2.758831710709318372e+02 5.091038477005672291e+01 4.053197851085526793e+01
2.763838664812238903e+02 5.093275990608849213e+01 4.055643411034209578e+01
2.768845618915159434e+02 5.095761145551254856e+01 4.058397459478540270e+01
2.773852573018079966e+02 5.098492713207410532e+01 4.061460678966126636e+01
2.778859527121001065e+02 5.101469233681886806e+01 4.064833416565546997e+01
2.783866481223921596e+02 5.104689011400073184e+01 4.068515683156839202e+01
2.788873435326842127e+02 5.108150120408713235e+01 4.072507136424938778e+01
2.793880389429763227e+02 5.111850400970756425e+01 4.076807075103680233e+01
2.798887343532683758e+02 5.115787467503427877e+01 4.081414438292959801e+01
2.803894297635604289e+02 5.119958706715583219e+01 4.086327793647761553e+01
2.808901251738525957e+02 5.124361286513480707e+01 4.091545336234467811e+01
2.813908205841446488e+02 5.128992153206813498e+01 4.097064890293616202e+01
2.818915159944367019e+02 5.133848043732318445e+01 4.102883898513603356e+01
2.823922114047287550e+02 5.138925487865667208e+01 4.108999428199815895e+01
2.828929068150208650e+02 5.144220815613839193e+01 4.115408174905162753e+01
2.833936022253129181e+02 5.149730163734379573e+01 4.122106461065989436e+01
2.838942976356049712e+02 5.155449483651641174e+01 4.129090242299419344e+01
2.843949930458970812e+02 5.161374549605856998e+01 4.136355110655706824e+01
2.848956884561891343e+02 5.167500967151458724e+01 4.143896309870463313e+01
2.853963838664811874e+02 5.173824181306149228e+01 4.151708734898996056e+01
2.858970792767732974e+02 5.180339489123757346e+01 4.159786946584638656e+01
2.863977746870653505e+02 5.187042045165757997e+01 4.168125184468529199e+01
2.868984700973574036e+02 5.193926874714411213e+01 4.176717375737219129e+01
2.873991655076494567e+02 5.200988883551649167e+01 4.185557154368446220e+01
2.878998609179415666e+02 5.208222867505132569e+01 4.194637871679454122e+01
2.884005563282336198e+02 5.215623524555444135e+01 4.203952616412728105e+01
2.889012517385257297e+02 5.223185464906013920e+01 4.213494229229702626e+01
2.894019471488177828e+02 5.230903221926159574e+01 4.223255323112546478e+01
2.899026425591098359e+02 5.238771263210541917e+01 4.233228301030187879e+01
2.904033379694019459e+02 5.246784001522205187e+01 4.243405375961749826e+01
2.909040333796939990e+02 5.254935805386371328e+01 4.253778590439772245e+01
2.914047287899860521e+02 5.263221009567818953e+01 4.264339838393489401e+01
2.919054242002781621e+02 5.271633925781092955e+01 4.275080884092012923e+01
2.924061196105702152e+02 5.280168852702222182e+01 4.285993384297462683e+01
2.929068150208622683e+02 5.288820086067748605e+01 4.297068906815248113e+01
2.934075104311543782e+02 5.297581928453614353e+01 4.308298957168581467e+01
2.939082058414464314e+02 5.306448697715272544e+01 4.319674990938501935e+01
2.944089012517384845e+02 5.315414737115820287e+01 4.331188440190153699e+01
2.949095966620305944e+02 5.324474424028043984e+01 4.342830728141116481e+01
2.954102920723226475e+02 5.333622176104431389e+01 4.354593295944206943e+01
2.959109874826147006e+02 5.342852461405304609e+01 4.366467608888255114e+01
2.964116828929068106e+02 5.352159804685247479e+01 4.378445186353841478e+01
2.969123783031988637e+02 5.361538794016045983e+01 4.390517615909542570e+01
2.974130737134909168e+02 5.370984087560604792e+01 4.402676559311570514e+01
2.979137691237830268e+02 5.380490421224533293e+01 4.414913781943963755e+01
2.984144645340750799e+02 5.390052610449640724e+01 4.427221158376468679e+01
2.989151599443671330e+02 5.399665557191622156e+01 4.439590689117594025e+01
2.994158553546592429e+02 5.409324257919945467e+01 4.452014504997806910e+01
2.999165507649512961e+02 5.419023801323791645e+01 4.464484894103495094e+01
3.004172461752433492e+02 5.428759376968091033e+01 4.476994294595650103e+01
3.009179415855354023e+02 5.438526276250203750e+01 4.489535312556093061e+01
3.014186369958275691e+02 5.448319898103849823e+01 4.502100734427934015e+01
3.019193324061196222e+02 5.458135746070669825e+01 4.514683521740501249e+01
3.024200278164116185e+02 5.467969437479527528e+01 4.527276829738532626e+01
3.029207232267037853e+02 5.477816698491128022e+01 4.539873994576176131e+01
3.034214186369958384e+02 5.487673369582384453e+01 4.552468563090607745e+01
3.039221140472878915e+02 5.497535406989786111e+01 4.565054276598736749e+01
3.044228094575799446e+02 5.507398879620640741e+01 4.577625074907864189e+01
3.049235048678720545e+02 5.517259973391819017e+01 4.590175110124660307e+01
3.054242002781641077e+02 5.527114988704315124e+01 4.602698733403094877e+01
3.059248956884561608e+02 5.536960343305881338e+01 4.615190501770099729e+01
3.064255910987482707e+02 5.546792566266421431e+01 4.627645177771752572e+01
3.069262865090403238e+02 5.556608303085712919e+01 4.640057729174102974e+01
3.074269819193323769e+02 5.566404315744338760e+01 4.652423317611307141e+01
3.079276773296244869e+02 5.576177472466187623e+01 4.664737322434872624e+01
3.084283727399165400e+02 5.585924757862048295e+01 4.676995294176869322e+01
3.089290681502085931e+02 5.595643265897851393e+01 4.689193003834537876e+01
3.094297635605006462e+02 5.605330196468602821e+01 4.701326394490699556e+01
3.099304589707927562e+02 5.614982855720451482e+01 4.713391604200971585e+01
3.104311543810848093e+02 5.624598660258494931e+01 4.725384954662096959e+01
3.109318497913768624e+02 5.634175122933380919e+01 4.737302943906563257e+01
3.114325452016689724e+02 5.643709860363311748e+01 4.749142246653711652e+01
3.119332406119610255e+02 5.653200592908288513e+01 4.760899705078335842e+01
3.124339360222530786e+02 5.662645130253898174e+01 4.772572328500885419e+01
3.129346314325451885e+02 5.672041381474221566e+01 4.784157292378198179e+01
3.134353268428372417e+02 5.681387346875956723e+01 4.795651918262076663e+01
3.139360222531292948e+02 5.690681118220524581e+01 4.807053678648352957e+01
3.144367176634213479e+02 5.699920875160857747e+01 4.818360202225264288e+01
3.149374130737134578e+02 5.709104881849741275e+01 4.829569254326108307e+01
3.154381084840055109e+02 5.718231488422206610e+01 4.840678725646189662e+01
3.159388038942975641e+02 5.727299123459560803e+01 4.851686658581753875e+01
3.164394993045897309e+02 5.736306296972394136e+01 4.862591206833100443e+01
3.169401947148817840e+02 5.745251596284866480e+01 4.873390654140465017e+01
3.174408901251737802e+02 5.754133679401918755e+01 4.884083388877415643e+01
3.179415855354659470e+02 5.762951281425532102e+01 4.894667923349767591e+01
3.184422809457580001e+02 5.771703203696947071e+01 4.905142879246523080e+01
3.189429763560500533e+02 5.780388319188918445e+01 4.915506978729328580e+01
3.194436717663421064e+02 5.789005564291787209e+01 4.925759040960630841e+01
3.199443671766342163e+02 5.797553939510893883e+01 4.935897979628948917e+01
3.204450625869262694e+02 5.806032509135968667e+01 4.945922808406018589e+01
3.209457579972183225e+02 5.814440392482049447e+01 4.955832621763259738e+01
3.214464534075104325e+02 5.822776768706228268e+01 4.965626595866248749e+01
3.219471488178024856e+02 5.831040875528253764e+01 4.975303996797457273e+01
3.224478442280945387e+02 5.839232001308539566e+01 4.984864159004443707e+01
3.229485396383865918e+02 5.847349486023142617e+01 4.994306482765037458e+01
3.234492350486787018e+02 5.855392723053648751e+01 5.003630463882639390e+01
3.239499304589707549e+02 5.863361153810240012e+01 5.012835641304197054e+01
3.244506258692628649e+02 5.871254261648533657e+01 5.021921628525311121e+01
3.249513212795549180e+02 5.879071579380469359e+01 5.030888094378487096e+01
3.254520166898469711e+02 5.886812680471849291e+01 5.039734777000879262e+01
3.259527121001390810e+02 5.894477184001516434e+01 5.048461451801861699e+01
3.264534075104311910e+02 5.902064745380585009e+01 5.057067969019790610e+01
3.269541029207232441e+02 5.909575065451308262e+01 5.065554220017311593e+01
3.274547983310152972e+02 5.917007870767365318e+01 5.073920135443422907e+01
3.279554937413073503e+02 5.924362936318020445e+01 5.082165708313235086e+01
3.284561891515994603e+02 5.931640064968478043e+01 5.090290964934732187e+01
3.289568845618915134e+02 5.938839093635424149e+01 5.098295987931329876e+01
3.294575799721835665e+02 5.945959892908676636e+01 5.106180885002748937e+01
3.299582753824756765e+02 5.953002363296791088e+01 5.113945811377169548e+01
3.304589707927677296e+02 5.959966435969208476e+01 5.121590955377302379e+01
3.309596662030597827e+02 5.966852069773339906e+01 5.129116537243805141e+01
3.314603616133518926e+02 5.973659247988095444e+01 5.136522830525969141e+01
3.319610570236439457e+02 5.980387990135611176e+01 5.143810118427752798e+01
3.324617524339359989e+02 5.987038333678712831e+01 5.150978726161092425e+01
3.329624478442280520e+02 5.993610337620695816e+01 5.158029009880758053e+01
3.334631432545201619e+02 6.000104088521668189e+01 5.164961342505900177e+01
3.339638386648122150e+02 6.006519701153290214e+01 5.171776147603979723e+01
3.344645340751042681e+02 6.012857301676983468e+01 5.178473850697756120e+01
3.349652294853963781e+02 6.019117042437054010e+01 5.185054928051754075e+01
3.354659248956884312e+02 6.025299095694415996e+01 5.191519843586999627e+01
3.359666203059804843e+02 6.031403652538054416e+01 5.197869127556029412e+01
3.364673157162726511e+02 6.037430920799047840e+01 5.204103298395918387e+01
3.369680111265647042e+02 6.043381126758427513e+01 5.210222920315457884e+01
3.374687065368567005e+02 6.049254516597068232e+01 5.216228557750950756e+01
3.379694019471487536e+02 6.055051347407207629e+01 5.222120811260906237e+01
3.384700973574409204e+02 6.060771899814172059e+01 5.227900295253247975e+01
3.389707927677329735e+02 6.066416459216102908e+01 5.233567639920150327e+01
3.394714881780250266e+02 6.071985332251475143e+01 5.239123498755726871e+01
3.399721835883171366e+02 6.077478836711848942e+01 5.244568544672235078e+01
3.404728789986091897e+02 6.082897306775615220e+01 5.249903454072639875e+01
3.409735744089012428e+02 6.088241085183747714e+01 5.255128926093392749e+01
3.414742698191932959e+02 6.093510528741811072e+01 5.260245688834906730e+01
3.419749652294854059e+02 6.098706006861110041e+01 5.265254462676743685e+01
3.424756606397774590e+02 6.103827896385271856e+01 5.270156005936593147e+01
3.429763560500695121e+02 6.108876585807871606e+01 5.274951065502018821e+01
3.434770514603616220e+02 6.113852478411268976e+01 5.279640419367028414e+01
3.439777468706536752e+02 6.118755981246346209e+01 5.284224859736170288e+01
3.444784422809457283e+02 6.123587510424152924e+01 5.288705191872324463e+01
3.449791376912378382e+02 6.128347499482511296e+01 5.293082206225264486e+01
3.454798331015298913e+02 6.133036377763718860e+01 5.297356753416907793e+01
3.459805285118219444e+02 6.137654593779801360e+01 5.301529652246345847e+01
3.464812239221139976e+02 6.142202596025344974e+01 5.305601744541507969e+01
3.469819193324061075e+02 6.146680843281319540e+01 5.309573905878654898e+01
3.474826147426981606e+02 6.151089798622524540e+01 5.313446993810308072e+01
3.479833101529902137e+02 6.155429938771520426e+01 5.317221874692894801e+01
3.484840055632823237e+02 6.159701741360252925e+01 5.320899458118252312e+01
3.489847009735743768e+02 6.163905688737644084e+01 5.324480626201419398e+01
3.494853963838664299e+02 6.168042265985704375e+01 5.327966287446798788e+01
3.499860917941585399e+02 6.172111976860051641e+01 5.331357354017805505e+01
3.504867872044505930e+02 6.176115314933917944e+01 5.334654746625271571e+01
3.509874826147426461e+02 6.180052787788804380e+01 5.337859388479270706e+01
3.514881780250346992e+02 6.183924901673087504e+01 5.340972244792509116e+01
3.519888734353268660e+02 6.187732174584304801e+01 5.343994225344602000e+01
3.524895688456189191e+02 6.191475119895434887e+01 5.346926304079205750e+01
3.529902642559109154e+02 6.195154261021272646e+01 5.349769430897541156e+01
3.534909596662030822e+02 6.198770120787598614e+01 5.352524558998742066e+01
3.539916550764951353e+02 6.202323228792451459e+01 5.355192678030586251e+01
3.544923504867871884e+02 6.205814114242897972e+01 5.357774764630829623e+01
3.549930458970792415e+02 6.209243311250688180e+01 5.360271774563368297e+01
3.554937413073713515e+02 6.212611356548663366e+01 5.362684726602535079e+01
3.559944367176634046e+02 6.215918789337509054e+01 5.365014589210863960e+01
3.564951321279554577e+02 6.219166150975156881e+01 5.367262364969907651e+01
3.569958275382475676e+02 6.222353982700811059e+01 5.369429054273736313e+01
3.574965229485396208e+02 6.225482832136408717e+01 5.371515663904962423e+01
3.579972183588316739e+02 6.228553242361017794e+01 5.373523189068170325e+01
3.584979137691237838e+02 6.231565765416094393e+01 5.375452659248328757e+01
3.589986091794158369e+02 6.234520950523661043e+01 5.377305075277922697e+01
3.594993045897078900e+02 6.237419349165153903e+01 5.379081460413672744e+01
3.600000000000000000e+02 6.240261511027799202e+01 5.380782827972622329e+01
